# NeutrinoAntineutrinoInteraction/NeutrinoAntineutrinoElastic interaction rates
# neutrino field: massive Cosmic Neutrino Background, T_CnuB = 1.94535456 K
# Produced with crpropa-data version: 60a1560e37035039ec25f414e0c42a2444bad49c
# log10(E/eV), 1/lambda [1/Mpc]
10.00	1.5830140e-11
10.03	1.7121937e-11
10.07	1.8519149e-11
10.10	2.0030379e-11
10.14	2.1664930e-11
10.17	2.3432867e-11
10.20	2.5345074e-11
10.24	2.7413325e-11
10.27	2.9650351e-11
10.31	3.2069928e-11
10.34	3.4686950e-11
10.37	3.7517531e-11
10.41	4.0579098e-11
10.44	4.3890500e-11
10.48	4.7472124e-11
10.51	5.1346021e-11
10.55	5.5536043e-11
10.58	6.0067986e-11
10.61	6.4969752e-11
10.65	7.0271519e-11
10.68	7.6005930e-11
10.72	8.2208290e-11
10.75	8.8916785e-11
10.78	9.6172717e-11
10.82	1.0402076e-10
10.85	1.1250923e-10
10.89	1.2169039e-10
10.92	1.3162077e-10
10.95	1.4236150e-10
10.99	1.5397872e-10
11.02	1.6654394e-10
11.06	1.8013453e-10
11.09	1.9483416e-10
11.12	2.1073334e-10
11.16	2.2792995e-10
11.19	2.4652986e-10
11.23	2.6664759e-10
11.26	2.8840700e-10
11.29	3.1194206e-10
11.33	3.3739766e-10
11.36	3.6493054e-10
11.40	3.9471019e-10
11.43	4.2691998e-10
11.46	4.6175820e-10
11.50	4.9943934e-10
11.53	5.4019540e-10
11.57	5.8427731e-10
11.60	6.3195646e-10
11.64	6.8352640e-10
11.67	7.3930464e-10
11.70	7.9963458e-10
11.74	8.6488766e-10
11.77	9.3546564e-10
11.81	1.0118030e-09
11.84	1.0943698e-09
11.87	1.1836744e-09
11.91	1.2802665e-09
11.94	1.3847409e-09
11.98	1.4977408e-09
12.01	1.6199619e-09
12.04	1.7521566e-09
12.08	1.8951390e-09
12.11	2.0497892e-09
12.15	2.2170594e-09
12.18	2.3979795e-09
12.21	2.5936634e-09
12.25	2.8053157e-09
12.28	3.0342397e-09
12.32	3.2818447e-09
12.35	3.5496551e-09
12.38	3.8393198e-09
12.42	4.1526223e-09
12.45	4.4914913e-09
12.49	4.8580133e-09
12.52	5.2544448e-09
12.56	5.6832266e-09
12.59	6.1469985e-09
12.62	6.6486159e-09
12.66	7.1911671e-09
12.69	7.7779925e-09
12.73	8.4127049e-09
12.76	9.0992122e-09
12.79	9.8417409e-09
12.83	1.0644863e-08
12.86	1.1513522e-08
12.90	1.2453067e-08
12.93	1.3469283e-08
12.96	1.4568425e-08
13.00	1.5757262e-08
13.03	1.7043111e-08
13.07	1.8433891e-08
13.10	1.9938164e-08
13.13	2.1565190e-08
13.17	2.3324988e-08
13.20	2.5228392e-08
13.24	2.7287120e-08
13.27	2.9513848e-08
13.30	3.1922285e-08
13.34	3.4527259e-08
13.37	3.7344809e-08
13.41	4.0392281e-08
13.44	4.3688438e-08
13.47	4.7253573e-08
13.51	5.1109636e-08
13.54	5.5280368e-08
13.58	5.9791447e-08
13.61	6.4670646e-08
13.65	6.9948005e-08
13.68	7.5656017e-08
13.71	8.1829822e-08
13.75	8.8507433e-08
13.78	9.5729961e-08
13.82	1.0354187e-07
13.85	1.1199127e-07
13.88	1.2113016e-07
13.92	1.3101482e-07
13.95	1.4170611e-07
13.99	1.5326984e-07
14.02	1.6577721e-07
14.05	1.7930524e-07
14.09	1.9393719e-07
14.12	2.0976317e-07
14.16	2.2688061e-07
14.19	2.4539489e-07
14.22	2.6542000e-07
14.26	2.8707924e-07
14.29	3.1050595e-07
14.33	3.3584436e-07
14.36	3.6325048e-07
14.39	3.9289304e-07
14.43	4.2495454e-07
14.46	4.5963237e-07
14.50	4.9714004e-07
14.53	5.3770847e-07
14.57	5.8158744e-07
14.60	6.2904708e-07
14.63	6.8037961e-07
14.67	7.3590105e-07
14.70	7.9595325e-07
14.74	8.6090593e-07
14.77	9.3115898e-07
14.80	1.0071449e-06
14.84	1.0893316e-06
14.87	1.1782250e-06
14.91	1.2743725e-06
14.94	1.3783659e-06
14.97	1.4908456e-06
15.01	1.6125040e-06
15.04	1.7440901e-06
15.08	1.8864142e-06
15.11	2.0403525e-06
15.14	2.2068527e-06
15.18	2.3869398e-06
15.21	2.5817228e-06
15.25	2.7924008e-06
15.28	3.0202708e-06
15.31	3.2667359e-06
15.35	3.5333134e-06
15.38	3.8216446e-06
15.42	4.1335047e-06
15.45	4.4708137e-06
15.48	4.8356483e-06
15.52	5.2302548e-06
15.55	5.6570626e-06
15.59	6.1186995e-06
15.62	6.6180076e-06
15.66	7.1580611e-06
15.69	7.7421849e-06
15.72	8.3739753e-06
15.76	9.0573221e-06
15.79	9.7964326e-06
15.83	1.0595857e-05
15.86	1.1460518e-05
15.89	1.2395738e-05
15.93	1.3407275e-05
15.96	1.4501357e-05
16.00	1.5684721e-05
16.03	1.6964651e-05
16.06	1.8349028e-05
16.10	1.9846376e-05
16.13	2.1465912e-05
16.17	2.3217609e-05
16.20	2.5112250e-05
16.23	2.7161500e-05
16.27	2.9377976e-05
16.30	3.1775323e-05
16.34	3.4368302e-05
16.37	3.7172876e-05
16.40	4.0206312e-05
16.44	4.3487287e-05
16.47	4.7036004e-05
16.51	5.0874313e-05
16.54	5.5025853e-05
16.58	5.9516188e-05
16.61	6.4372973e-05
16.64	6.9626118e-05
16.68	7.5307975e-05
16.71	8.1453529e-05
16.75	8.8100613e-05
16.78	9.5290142e-05
16.81	1.0306635e-04
16.85	1.1147707e-04
16.88	1.2057406e-04
16.92	1.3041331e-04
16.95	1.4105541e-04
16.98	1.5256590e-04
17.02	1.6501566e-04
17.05	1.7848134e-04
17.09	1.9304586e-04
17.12	2.0879891e-04
17.15	2.2583746e-04
17.19	2.4426643e-04
17.22	2.6419929e-04
17.26	2.8575877e-04
17.29	3.0907762e-04
17.32	3.3429942e-04
17.36	3.6157945e-04
17.39	3.9108567e-04
17.43	4.2299975e-04
17.46	4.5751815e-04
17.49	4.9485342e-04
17.53	5.3523541e-04
17.56	5.7891275e-04
17.60	6.2615436e-04
17.63	6.7725108e-04
17.67	7.3251753e-04
17.70	7.9229397e-04
17.73	8.5694844e-04
17.77	9.2687903e-04
17.80	1.0025163e-03
17.84	1.0843259e-03
17.87	1.1728117e-03
17.90	1.2685183e-03
17.94	1.3720351e-03
17.97	1.4839994e-03
18.01	1.6051007e-03
18.04	1.7360845e-03
18.07	1.8777573e-03
18.11	2.0309916e-03
18.14	2.1967307e-03
18.18	2.3759953e-03
18.21	2.5698890e-03
18.24	2.7796059e-03
18.28	3.0064372e-03
18.31	3.2517797e-03
18.35	3.5171440e-03
18.38	3.8041643e-03
18.41	4.1146080e-03
18.45	4.4503867e-03
18.48	4.8135682e-03
18.52	5.2063889e-03
18.55	5.6312680e-03
18.59	6.0908219e-03
18.62	6.5878809e-03
18.65	7.1255060e-03
18.69	7.7070084e-03
18.72	8.3359695e-03
18.76	9.0162631e-03
18.79	9.7520793e-03
18.82	1.0547950e-02
18.86	1.1408779e-02
18.89	1.2339867e-02
18.93	1.3346951e-02
18.96	1.4436234e-02
18.99	1.5614428e-02
19.03	1.6888791e-02
19.06	1.8267176e-02
19.10	1.9758075e-02
19.13	2.1370677e-02
19.16	2.3114919e-02
19.20	2.5001551e-02
19.23	2.7042203e-02
19.27	2.9249453e-02
19.30	3.1636908e-02
19.33	3.4219290e-02
19.37	3.7012522e-02
19.40	4.0033829e-02
19.44	4.3301848e-02
19.47	4.6836739e-02
19.51	5.0660311e-02
19.54	5.4796159e-02
19.57	5.9269810e-02
19.61	6.4108883e-02
19.64	6.9343256e-02
19.68	7.5005259e-02
19.71	8.1129870e-02
19.74	8.7754936e-02
19.78	9.4921410e-02
19.81	1.0267360e-01
19.85	1.1105947e-01
19.88	1.2013090e-01
19.91	1.2994406e-01
19.95	1.4055970e-01
19.98	1.5204363e-01
20.02	1.6446702e-01
20.05	1.7790695e-01
20.08	1.9244682e-01
20.12	2.0817696e-01
20.15	2.2519512e-01
20.19	2.4360717e-01
20.22	2.6352773e-01
20.25	2.8508093e-01
20.29	3.0840120e-01
20.32	3.3363415e-01
20.36	3.6093752e-01
20.39	3.9048220e-01
20.42	4.2245336e-01
20.46	4.5705167e-01
20.49	4.9449463e-01
20.53	5.3501803e-01
20.56	5.7887755e-01
20.60	6.2635045e-01
20.63	6.7773750e-01
20.66	7.3336503e-01
20.70	7.9358722e-01
20.73	8.5878854e-01
20.77	9.2938653e-01
20.80	1.0058347e+00
20.83	1.0886261e+00
20.87	1.1782963e+00
20.90	1.2754282e+00
20.94	1.3806558e+00
20.97	1.4946694e+00
21.00	1.6182209e+00
21.04	1.7521298e+00
21.07	1.8972897e+00
21.11	2.0546761e+00
21.14	2.2253542e+00
21.17	2.4104886e+00
21.21	2.6113535e+00
21.24	2.8293442e+00
21.28	3.0659909e+00
21.31	3.3229731e+00
21.34	3.6021369e+00
21.38	3.9055146e+00
21.41	4.2353463e+00
21.45	4.5941060e+00
21.48	4.9845312e+00
21.52	5.4096567e+00
21.55	5.8728547e+00
21.58	6.3778819e+00
21.62	6.9289347e+00
21.65	7.5307146e+00
21.69	8.1885070e+00
21.72	8.9082758e+00
21.75	9.6967779e+00
21.79	1.0561704e+01
21.82	1.1511854e+01
21.86	1.2557351e+01
21.89	1.3709923e+01
21.92	1.4983254e+01
21.96	1.6393450e+01
21.99	1.7959657e+01
22.03	1.9704917e+01
22.06	2.1657362e+01
22.09	2.3851929e+01
22.13	2.6332850e+01
22.16	2.9157151e+01
22.20	3.2399306e+01
22.23	3.6156710e+01
22.26	4.0554739e+01
22.30	4.5748798e+01
22.33	5.1919164e+01
22.37	5.9253259e+01
22.40	6.7909946e+01
22.43	7.7962331e+01
22.47	8.9319472e+01
22.50	1.0163313e+02
22.54	1.1420223e+02
22.57	1.2589430e+02
22.61	1.3510889e+02
22.64	1.3981409e+02
22.67	1.3769293e+02
22.71	1.2644241e+02
22.74	1.0426591e+02
22.78	7.0573790e+01
22.81	2.6821030e+01
22.84	-2.2764984e+01
22.88	-7.1059619e+01
22.91	-1.0927568e+02
22.95	-1.3223755e+02
22.98	-1.4457045e+02
23.01	-1.5064618e+02
23.05	-1.5270775e+02
23.08	-1.5209951e+02
23.12	-1.4969726e+02
23.15	-1.4609761e+02
23.18	-1.4171749e+02
23.22	-1.3685260e+02
23.25	-1.3171403e+02
23.29	-1.2645266e+02
23.32	-1.2117581e+02
23.35	-1.1595898e+02
23.39	-1.1085429e+02
23.42	-1.0589667e+02
23.46	-1.0110838e+02
23.49	-9.6502407e+01
23.53	-9.2084971e+01
23.56	-8.7857431e+01
23.59	-8.3817706e+01
23.63	-7.9961337e+01
23.66	-7.6282291e+01
23.70	-7.2773551e+01
23.73	-6.9427551e+01
23.76	-6.6236502e+01
23.80	-6.3192615e+01
23.83	-6.0288265e+01
23.87	-5.7516098e+01
23.90	-5.4869102e+01
23.93	-5.2340644e+01
23.97	-4.9924492e+01
24.00	-4.7614818e+01
24.04	-4.5406189e+01
24.07	-4.3293550e+01
24.10	-4.1272207e+01
24.14	-3.9337801e+01
24.17	-3.7486283e+01
24.21	-3.5713889e+01
24.24	-3.4017117e+01
24.27	-3.2392699e+01
24.31	-3.0837578e+01
24.34	-2.9348894e+01
24.38	-2.7923955e+01
24.41	-2.6560224e+01
24.44	-2.5255303e+01
24.48	-2.4006917e+01
24.51	-2.2812904e+01
24.55	-2.1671198e+01
24.58	-2.0579826e+01
24.62	-1.9536894e+01
24.65	-1.8540583e+01
24.68	-1.7589140e+01
24.72	-1.6680874e+01
24.75	-1.5814151e+01
24.79	-1.4987390e+01
24.82	-1.4199060e+01
24.85	-1.3447675e+01
24.89	-1.2731797e+01
24.92	-1.2050028e+01
24.96	-1.1401011e+01
24.99	-1.0783430e+01
25.02	-1.0196008e+01
25.06	-9.6375046e+00
25.09	-9.1067161e+00
25.13	-8.6024761e+00
25.16	-8.1236536e+00
25.19	-7.6691527e+00
25.23	-7.2379126e+00
25.26	-6.8289065e+00
25.30	-6.4411415e+00
25.33	-6.0736581e+00
25.36	-5.7255299e+00
25.40	-5.3958629e+00
25.43	-5.0837951e+00
25.47	-4.7884958e+00
25.50	-4.5091656e+00
25.54	-4.2450351e+00
25.57	-3.9953648e+00
25.60	-3.7594445e+00
25.64	-3.5365924e+00
25.67	-3.3261544e+00
25.71	-3.1275038e+00
25.74	-2.9400403e+00
25.77	-2.7631892e+00
25.81	-2.5964012e+00
25.84	-2.4391508e+00
25.88	-2.2909365e+00
25.91	-2.1512794e+00
25.94	-2.0197227e+00
25.98	-1.8958308e+00
26.01	-1.7791888e+00
26.05	-1.6694017e+00
26.08	-1.5660935e+00
26.11	-1.4689065e+00
26.15	-1.3775009e+00
26.18	-1.2915537e+00
26.22	-1.2107582e+00
26.25	-1.1348234e+00
26.28	-1.0634730e+00
26.32	-9.9644541e-01
26.35	-9.3349240e-01
26.39	-8.7437894e-01
26.42	-8.1888249e-01
26.45	-7.6679240e-01
26.49	-7.1790939e-01
26.52	-6.7204501e-01
26.56	-6.2902111e-01
26.59	-5.8866935e-01
26.63	-5.5083074e-01
26.66	-5.1535513e-01
26.69	-4.8210081e-01
26.73	-4.5093408e-01
26.76	-4.2172881e-01
26.80	-3.9436609e-01
26.83	-3.6873380e-01
26.86	-3.4472633e-01
26.90	-3.2224416e-01
26.93	-3.0119358e-01
26.97	-2.8148636e-01
27.00	-2.6303947e-01
