# NeutrinoAntineutrinoInteraction/NeutrinoAntineutrinoElastic interaction rates
# neutrino field: massive Cosmic Neutrino Background, T_CnuB = 1.94535456 K
# Produced with crpropa-data version: 60a1560e37035039ec25f414e0c42a2444bad49c
# log10(E/eV), 1/lambda [1/Mpc]
10.00	1.8350519e-21
10.03	1.9848122e-21
10.07	2.1467866e-21
10.10	2.3219666e-21
10.14	2.5114382e-21
10.17	2.7163609e-21
10.20	2.9380181e-21
10.24	3.1777578e-21
10.27	3.4370562e-21
10.31	3.7174898e-21
10.34	4.0208089e-21
10.37	4.3488579e-21
10.41	4.7036919e-21
10.44	5.0874733e-21
10.48	5.5026285e-21
10.51	5.9517542e-21
10.55	6.4375768e-21
10.58	6.9629843e-21
10.61	7.5312649e-21
10.65	8.1458532e-21
10.68	8.8105980e-21
10.72	9.5295228e-21
10.75	1.0307138e-20
10.78	1.1148179e-20
10.82	1.2057965e-20
10.85	1.3041908e-20
10.89	1.4106132e-20
10.92	1.5257118e-20
10.95	1.6502024e-20
10.99	1.7848474e-20
11.02	1.9304841e-20
11.06	2.0880124e-20
11.09	2.2584266e-20
11.12	2.4427819e-20
11.16	2.6421683e-20
11.19	2.8578135e-20
11.23	3.0910393e-20
11.26	3.3432869e-20
11.29	3.6161001e-20
11.33	3.9111710e-20
11.36	4.2303057e-20
11.40	4.5755062e-20
11.43	4.9488595e-20
11.46	5.3526728e-20
11.50	5.7894011e-20
11.53	6.2617709e-20
11.57	6.7726550e-20
11.60	7.3252552e-20
11.64	7.9229410e-20
11.67	8.5694993e-20
11.70	9.2689710e-20
11.74	1.0025556e-19
11.77	1.0843787e-19
11.81	1.1728787e-19
11.84	1.2685904e-19
11.87	1.3721133e-19
11.91	1.4840740e-19
11.94	1.6051753e-19
11.98	1.7361561e-19
12.01	1.8778411e-19
12.04	2.0310737e-19
12.08	2.1968085e-19
12.11	2.3760557e-19
12.15	2.5699296e-19
12.18	2.7796184e-19
12.21	3.0064263e-19
12.25	3.2517567e-19
12.28	3.5171666e-19
12.32	3.8042681e-19
12.35	4.1147777e-19
12.38	4.4506079e-19
12.42	4.8138169e-19
12.45	5.2066496e-19
12.49	5.6315101e-19
12.52	6.0910348e-19
12.56	6.5880375e-19
12.59	7.1256383e-19
12.62	7.7070718e-19
12.66	8.3359426e-19
12.69	9.0160738e-19
12.73	9.7517129e-19
12.76	1.0547334e-18
12.79	1.1407926e-18
12.83	1.2338740e-18
12.86	1.3345691e-18
12.90	1.4435039e-18
12.93	1.5613289e-18
12.96	1.6887544e-18
13.00	1.8265780e-18
13.03	1.9756327e-18
13.07	2.1368522e-18
13.10	2.3112129e-18
13.13	2.4998094e-18
13.17	2.7037960e-18
13.20	2.9244460e-18
13.24	3.1630799e-18
13.27	3.4211839e-18
13.30	3.7003320e-18
13.34	4.0022595e-18
13.37	4.3288178e-18
13.41	4.6820385e-18
13.44	5.0641110e-18
13.47	5.4774672e-18
13.51	5.9245782e-18
13.54	6.4081429e-18
13.58	6.9311407e-18
13.61	7.4967761e-18
13.65	8.1085463e-18
13.68	8.7701951e-18
13.71	9.4858303e-18
13.75	1.0259836e-17
13.78	1.1097070e-17
13.82	1.2002553e-17
13.85	1.2981913e-17
13.88	1.4041104e-17
13.92	1.5186743e-17
13.95	1.6425798e-17
13.99	1.7766043e-17
14.02	1.9215662e-17
14.05	2.0783919e-17
14.09	2.2480414e-17
14.12	2.4315336e-17
14.16	2.6299768e-17
14.19	2.8446134e-17
14.22	3.0767410e-17
14.26	3.3278136e-17
14.29	3.5993522e-17
14.33	3.8930622e-17
14.36	4.2107456e-17
14.39	4.5543701e-17
14.43	4.9260020e-17
14.46	5.3279557e-17
14.50	5.7626834e-17
14.53	6.2328872e-17
14.57	6.7414523e-17
14.60	7.2915438e-17
14.63	7.8865786e-17
14.67	8.5303439e-17
14.70	9.2266420e-17
14.74	9.9797099e-17
14.77	1.0794189e-16
14.80	1.1675069e-16
14.84	1.2627797e-16
14.87	1.3658205e-16
14.91	1.4772691e-16
14.94	1.5978092e-16
14.97	1.7281953e-16
15.01	1.8692088e-16
15.04	2.0217276e-16
15.08	2.1866790e-16
15.11	2.3650938e-16
15.14	2.5580573e-16
15.18	2.7667810e-16
15.21	2.9925406e-16
15.25	3.2367878e-16
15.28	3.5009875e-16
15.31	3.7867449e-16
15.35	4.0957862e-16
15.38	4.4300461e-16
15.42	4.7915456e-16
15.45	5.1825496e-16
15.48	5.6054274e-16
15.52	6.0628366e-16
15.55	6.5575865e-16
15.59	7.0927227e-16
15.62	7.6714768e-16
15.66	8.2974525e-16
15.69	8.9744702e-16
15.72	9.7067382e-16
15.76	1.0498752e-15
15.79	1.1355444e-15
15.83	1.2282151e-15
15.86	1.3284744e-15
15.89	1.4369109e-15
15.93	1.5541881e-15
15.96	1.6810292e-15
16.00	1.8182111e-15
16.03	1.9665825e-15
16.06	2.1270513e-15
16.10	2.3006148e-15
16.13	2.4883398e-15
16.17	2.6913940e-15
16.20	2.9109984e-15
16.23	3.1485210e-15
16.27	3.4054056e-15
16.30	3.6832581e-15
16.34	3.9837691e-15
16.37	4.3088264e-15
16.40	4.6604195e-15
16.44	5.0408175e-15
16.47	5.4522631e-15
16.51	5.8972812e-15
16.54	6.3785601e-15
16.58	6.8991131e-15
16.61	7.4620881e-15
16.64	8.0710125e-15
16.68	8.7295779e-15
16.71	9.4419398e-15
16.75	1.0212395e-14
16.78	1.1045849e-14
16.81	1.1946974e-14
16.85	1.2921828e-14
16.88	1.3976238e-14
16.92	1.5116725e-14
16.95	1.6350287e-14
16.98	1.7684595e-14
17.02	1.9127945e-14
17.05	2.0689317e-14
17.09	2.2378096e-14
17.12	2.4204478e-14
17.15	2.6179798e-14
17.19	2.8316124e-14
17.22	3.0626804e-14
17.26	3.3125817e-14
17.29	3.5828775e-14
17.32	3.8752335e-14
17.36	4.1914486e-14
17.39	4.5334424e-14
17.43	4.9033407e-14
17.46	5.3033968e-14
17.49	5.7361079e-14
17.53	6.2041083e-14
17.56	6.7103390e-14
17.60	7.2579064e-14
17.63	7.8503477e-14
17.67	8.4911085e-14
17.70	9.1841507e-14
17.73	9.9336652e-14
17.77	1.0744343e-13
17.80	1.1621091e-13
17.84	1.2569398e-13
17.87	1.3595019e-13
17.90	1.4704411e-13
17.94	1.5904371e-13
17.97	1.7202239e-13
18.01	1.8605900e-13
18.04	2.0124091e-13
18.07	2.1766090e-13
18.11	2.3542103e-13
18.14	2.5463048e-13
18.18	2.7540904e-13
18.21	2.9788775e-13
18.24	3.2220433e-13
18.28	3.4850372e-13
18.31	3.7694733e-13
18.35	4.0771063e-13
18.38	4.4098201e-13
18.41	4.7696750e-13
18.45	5.1588729e-13
18.48	5.5798363e-13
18.52	6.0351589e-13
18.55	6.5276438e-13
18.59	7.0602716e-13
18.62	7.6363631e-13
18.65	8.2594205e-13
18.69	8.9333424e-13
18.72	9.6622319e-13
18.76	1.0450676e-12
18.79	1.1303521e-12
18.82	1.2226261e-12
18.86	1.3224221e-12
18.89	1.4303619e-12
18.93	1.5470980e-12
18.96	1.6733616e-12
18.99	1.8099167e-12
19.03	1.9576194e-12
19.06	2.1173666e-12
19.10	2.2901670e-12
19.13	2.4770718e-12
19.16	2.6792287e-12
19.20	2.8978678e-12
19.23	3.1343508e-12
19.27	3.3901240e-12
19.30	3.6667782e-12
19.33	3.9660173e-12
19.37	4.2897105e-12
19.40	4.6399099e-12
19.44	5.0187255e-12
19.47	5.4284418e-12
19.51	5.8715756e-12
19.54	6.3508648e-12
19.57	6.8692479e-12
19.61	7.4299401e-12
19.64	8.0363779e-12
19.68	8.6923454e-12
19.71	9.4018897e-12
19.74	1.0169372e-11
19.78	1.0999460e-11
19.81	1.1897341e-11
19.85	1.2868487e-11
19.88	1.3918992e-11
19.91	1.5055273e-11
19.95	1.6284507e-11
19.98	1.7614307e-11
20.02	1.9053184e-11
20.05	2.0609478e-11
20.08	2.2292964e-11
20.12	2.4113864e-11
20.15	2.6083638e-11
20.19	2.8214274e-11
20.22	3.0519205e-11
20.25	3.3012523e-11
20.29	3.5710111e-11
20.32	3.8628366e-11
20.36	4.1785429e-11
20.39	4.5200684e-11
20.42	4.8895587e-11
20.46	5.2892974e-11
20.49	5.7217972e-11
20.53	6.1897549e-11
20.56	6.6961339e-11
20.60	7.2441916e-11
20.63	7.8372343e-11
20.66	8.4789290e-11
20.70	9.1732850e-11
20.73	9.9246735e-11
20.77	1.0737794e-10
20.80	1.1617801e-10
20.83	1.2570218e-10
20.87	1.3601144e-10
20.90	1.4717104e-10
20.94	1.5925157e-10
20.97	1.7232903e-10
21.00	1.8648804e-10
21.04	2.0181825e-10
21.07	2.1841980e-10
21.11	2.3639877e-10
21.14	2.5587425e-10
21.17	2.7697407e-10
21.21	2.9983805e-10
21.24	3.2460921e-10
21.28	3.5145352e-10
21.31	3.8054622e-10
21.34	4.1208481e-10
21.38	4.4627823e-10
21.41	4.8336208e-10
21.45	5.2358687e-10
21.48	5.6723692e-10
21.52	6.1460896e-10
21.55	6.6603749e-10
21.58	7.2188462e-10
21.62	7.8255574e-10
21.65	8.4849093e-10
21.69	9.2018159e-10
21.72	9.9816682e-10
21.75	1.0830503e-09
21.79	1.1755068e-09
21.82	1.2762456e-09
21.86	1.3860803e-09
21.89	1.5059202e-09
21.92	1.6367879e-09
21.96	1.7798248e-09
21.99	1.9363277e-09
22.03	2.1077507e-09
22.06	2.2957664e-09
22.09	2.5022574e-09
22.13	2.7293863e-09
22.16	2.9796331e-09
22.20	3.2559073e-09
22.23	3.5615625e-09
22.26	3.9005886e-09
22.30	4.2776578e-09
22.33	4.6984231e-09
22.37	5.1696746e-09
22.40	5.6996486e-09
22.43	6.2984075e-09
22.47	6.9787208e-09
22.50	7.7566990e-09
22.54	8.6533263e-09
22.57	9.6961767e-09
22.61	1.0922750e-08
22.64	1.2385132e-08
22.67	1.4158766e-08
22.71	1.6356979e-08
22.74	1.9160876e-08
22.78	2.2881402e-08
22.81	2.8111714e-08
22.84	3.6174663e-08
22.88	5.0893201e-08
22.91	8.1847807e-08
22.95	3.6778803e-08
22.98	6.4308988e-09
23.01	-9.6819947e-09
23.05	-1.9256627e-08
23.08	-2.5131340e-08
23.12	-2.8690397e-08
23.15	-3.0720804e-08
23.18	-3.1712600e-08
23.22	-3.1988522e-08
23.25	-3.1769599e-08
23.29	-3.1210353e-08
23.32	-3.0421065e-08
23.35	-2.9480929e-08
23.39	-2.8447552e-08
23.42	-2.7362309e-08
23.46	-2.6255401e-08
23.49	-2.5148117e-08
23.53	-2.4055872e-08
23.56	-2.2989176e-08
23.59	-2.1954713e-08
23.63	-2.0956552e-08
23.66	-1.9997422e-08
23.70	-1.9078313e-08
23.73	-1.8199565e-08
23.76	-1.7360490e-08
23.80	-1.6560226e-08
23.83	-1.5797325e-08
23.87	-1.5070421e-08
23.90	-1.4377593e-08
23.93	-1.3717241e-08
23.97	-1.3087622e-08
24.00	-1.2487166e-08
24.04	-1.1914261e-08
24.07	-1.1367458e-08
24.10	-1.0845341e-08
24.14	-1.0346688e-08
24.17	-9.8702041e-09
24.21	-9.4145394e-09
24.24	-8.9786456e-09
24.27	-8.5615316e-09
24.31	-8.1623093e-09
24.34	-7.7801171e-09
24.38	-7.4142056e-09
24.41	-7.0638283e-09
24.44	-6.7283681e-09
24.48	-6.4071219e-09
24.51	-6.0995177e-09
24.55	-5.8049706e-09
24.58	-5.5230038e-09
24.62	-5.2530933e-09
24.65	-4.9948201e-09
24.68	-4.7477138e-09
24.72	-4.5114108e-09
24.75	-4.2855137e-09
24.79	-4.0695643e-09
24.82	-3.8631481e-09
24.85	-3.6659484e-09
24.89	-3.4775946e-09
24.92	-3.2977909e-09
24.96	-3.1261924e-09
24.99	-2.9625201e-09
25.02	-2.8064585e-09
25.06	-2.6577401e-09
25.09	-2.5160372e-09
25.13	-2.3810925e-09
25.16	-2.2526286e-09
25.19	-2.1303984e-09
25.23	-2.0141444e-09
25.26	-1.9036303e-09
25.30	-1.7986194e-09
25.33	-1.6989008e-09
25.36	-1.6042262e-09
25.40	-1.5143566e-09
25.43	-1.4290858e-09
25.47	-1.3482103e-09
25.50	-1.2715383e-09
25.54	-1.1988777e-09
25.57	-1.1300510e-09
25.60	-1.0648787e-09
25.64	-1.0031993e-09
25.67	-9.4483558e-10
25.71	-8.8963375e-10
25.74	-8.3743690e-10
25.77	-7.8810504e-10
25.81	-7.4149271e-10
25.84	-6.9747149e-10
25.88	-6.5590776e-10
25.91	-6.1668593e-10
25.94	-5.7968517e-10
25.98	-5.4478112e-10
26.01	-5.1186075e-10
26.05	-4.8082541e-10
26.08	-4.5157221e-10
26.11	-4.2401108e-10
26.15	-3.9804855e-10
26.18	-3.7360254e-10
26.22	-3.5058953e-10
26.25	-3.2893296e-10
26.28	-3.0855401e-10
26.32	-2.8938423e-10
26.35	-2.7135527e-10
26.39	-2.5440481e-10
26.42	-2.3847168e-10
26.45	-2.2349939e-10
26.49	-2.0943364e-10
26.52	-1.9622507e-10
26.56	-1.8382048e-10
26.59	-1.7217196e-10
26.63	-1.6123604e-10
26.66	-1.5097113e-10
26.69	-1.4133848e-10
26.73	-1.3230065e-10
26.76	-1.2382319e-10
26.80	-1.1587263e-10
26.83	-1.0841853e-10
26.86	-1.0142979e-10
26.90	-9.4879095e-11
26.93	-8.8739587e-11
26.97	-8.2987091e-11
27.00	-7.7597647e-11
