# NeutrinoAntineutrinoInteraction/NeutrinoAntineutrinoElastic interaction rates
# neutrino field: massive Cosmic Neutrino Background, T_CnuB = 1.94535456 K
# Produced with crpropa-data version: 60a1560e37035039ec25f414e0c42a2444bad49c
# log10(E/eV), 1/lambda [1/Mpc]
10.00	3.6705297e-15
10.03	3.9700582e-15
10.07	4.2940294e-15
10.10	4.6444378e-15
10.14	5.0234407e-15
10.17	5.4333717e-15
10.20	5.8767546e-15
10.24	6.3563191e-15
10.27	6.8750178e-15
10.31	7.4360442e-15
10.34	8.0428524e-15
10.37	8.6991784e-15
10.41	9.4090629e-15
10.44	1.0176877e-14
10.48	1.1007347e-14
10.51	1.1905586e-14
10.55	1.2877125e-14
10.58	1.3927945e-14
10.61	1.5064516e-14
10.65	1.6293836e-14
10.68	1.7623472e-14
10.72	1.9061611e-14
10.75	2.0617108e-14
10.78	2.2299538e-14
10.82	2.4119262e-14
10.85	2.6087481e-14
10.89	2.8216314e-14
10.92	3.0518868e-14
10.95	3.3009318e-14
10.99	3.5702998e-14
11.02	3.8616493e-14
11.06	4.1767739e-14
11.09	4.5176138e-14
11.12	4.8862675e-14
11.16	5.2850046e-14
11.19	5.7162802e-14
11.23	6.1827494e-14
11.26	6.6872842e-14
11.29	7.2329909e-14
11.33	7.8232292e-14
11.36	8.4616331e-14
11.40	9.1521331e-14
11.43	9.8989803e-14
11.46	1.0706773e-13
11.50	1.1580485e-13
11.53	1.2525494e-13
11.57	1.3547620e-13
11.60	1.4653155e-13
11.64	1.5848906e-13
11.67	1.7142234e-13
11.70	1.8541102e-13
11.74	2.0054124e-13
11.77	2.1690613e-13
11.81	2.3460646e-13
11.84	2.5375120e-13
11.87	2.7445821e-13
11.91	2.9685500e-13
11.94	3.2107945e-13
11.98	3.4728070e-13
12.01	3.7562006e-13
12.04	4.0627202e-13
12.08	4.3942529e-13
12.11	4.7528399e-13
12.15	5.1406889e-13
12.18	5.5601878e-13
12.21	6.0139193e-13
12.25	6.5046769e-13
12.28	7.0354822e-13
12.32	7.6096031e-13
12.35	8.2305743e-13
12.38	8.9022191e-13
12.42	9.6286725e-13
12.45	1.0414407e-12
12.49	1.1264261e-12
12.52	1.2183465e-12
12.56	1.3177680e-12
12.59	1.4253027e-12
12.62	1.5416125e-12
12.66	1.6674137e-12
12.69	1.8034807e-12
12.73	1.9506513e-12
12.76	2.1098315e-12
12.79	2.2820014e-12
12.83	2.4682210e-12
12.86	2.6696368e-12
12.90	2.8874889e-12
12.93	3.1231185e-12
12.96	3.3779763e-12
13.00	3.6536314e-12
13.03	3.9517810e-12
13.07	4.2742607e-12
13.10	4.6230558e-12
13.13	5.0003140e-12
13.17	5.4083578e-12
13.20	5.8496994e-12
13.24	6.3270561e-12
13.27	6.8433668e-12
13.30	7.4018104e-12
13.34	8.0058250e-12
13.37	8.6591294e-12
13.41	9.3657458e-12
13.44	1.0130025e-11
13.47	1.0956671e-11
13.51	1.1850776e-11
13.54	1.2817842e-11
13.58	1.3863824e-11
13.61	1.4995163e-11
13.65	1.6218822e-11
13.68	1.7542337e-11
13.71	1.8973856e-11
13.75	2.0522191e-11
13.78	2.2196876e-11
13.82	2.4008222e-11
13.85	2.5967380e-11
13.88	2.8086413e-11
13.92	3.0378366e-11
13.95	3.2857351e-11
13.99	3.5538630e-11
14.02	3.8438711e-11
14.05	4.1575450e-11
14.09	4.4968157e-11
14.12	4.8637722e-11
14.16	5.2606737e-11
14.19	5.6899638e-11
14.22	6.1542855e-11
14.26	6.6564975e-11
14.29	7.1996919e-11
14.33	7.7872128e-11
14.36	8.4226777e-11
14.39	9.1099988e-11
14.43	9.8534077e-11
14.46	1.0657482e-10
14.50	1.1527171e-10
14.53	1.2467830e-10
14.57	1.3485250e-10
14.60	1.4585695e-10
14.63	1.5775941e-10
14.67	1.7063315e-10
14.70	1.8455743e-10
14.74	1.9961799e-10
14.77	2.1590754e-10
14.80	2.3352638e-10
14.84	2.5258298e-10
14.87	2.7319467e-10
14.91	2.9548835e-10
14.94	3.1960127e-10
14.97	3.4568190e-10
15.01	3.7389079e-10
15.04	4.0440164e-10
15.08	4.3740228e-10
15.11	4.7309590e-10
15.14	5.1170224e-10
15.18	5.5345900e-10
15.21	5.9862326e-10
15.25	6.4747310e-10
15.28	7.0030925e-10
15.31	7.5745703e-10
15.35	8.1926827e-10
15.38	8.8612354e-10
15.42	9.5843444e-10
15.45	1.0366462e-09
15.48	1.1212403e-09
15.52	1.2127375e-09
15.55	1.3117013e-09
15.59	1.4187409e-09
15.62	1.5345153e-09
15.66	1.6597373e-09
15.69	1.7951779e-09
15.72	1.9416710e-09
15.76	2.1001184e-09
15.79	2.2714957e-09
15.83	2.4568580e-09
15.86	2.6573465e-09
15.89	2.8741956e-09
15.93	3.1087404e-09
15.96	3.3624249e-09
16.00	3.6368110e-09
16.03	3.9335880e-09
16.06	4.2545831e-09
16.10	4.6017725e-09
16.13	4.9772939e-09
16.17	5.3834592e-09
16.20	5.8227690e-09
16.23	6.2979281e-09
16.27	6.8118619e-09
16.30	7.3677346e-09
16.34	7.9689686e-09
16.37	8.6192654e-09
16.40	9.3226288e-09
16.44	1.0083389e-08
16.47	1.0906230e-08
16.51	1.1796218e-08
16.54	1.2758833e-08
16.58	1.3800000e-08
16.61	1.4926130e-08
16.64	1.6144157e-08
16.68	1.7461579e-08
16.71	1.8886507e-08
16.75	2.0427714e-08
16.78	2.2094689e-08
16.81	2.3897695e-08
16.85	2.5847832e-08
16.88	2.7957108e-08
16.92	3.0238507e-08
16.95	3.2706078e-08
16.98	3.5375014e-08
17.02	3.8261746e-08
17.05	4.1384051e-08
17.09	4.4761153e-08
17.12	4.8413846e-08
17.15	5.2364620e-08
17.19	5.6637801e-08
17.22	6.1259699e-08
17.26	6.6258768e-08
17.29	7.1665787e-08
17.32	7.7514042e-08
17.36	8.3839537e-08
17.39	9.0681214e-08
17.43	9.8081190e-08
17.46	1.0608502e-07
17.49	1.1474198e-07
17.53	1.2410536e-07
17.56	1.3423282e-07
17.60	1.4518669e-07
17.63	1.5703442e-07
17.67	1.6984895e-07
17.70	1.8370917e-07
17.73	1.9870043e-07
17.77	2.1491502e-07
17.80	2.3245277e-07
17.84	2.5142167e-07
17.87	2.7193850e-07
17.90	2.9412959e-07
17.94	3.1813155e-07
17.97	3.4409219e-07
18.01	3.7217132e-07
18.04	4.0254183e-07
18.07	4.3539071e-07
18.11	4.7092021e-07
18.14	5.0934908e-07
18.18	5.5091391e-07
18.21	5.9587063e-07
18.24	6.4449602e-07
18.28	6.9708947e-07
18.31	7.5397479e-07
18.35	8.1550222e-07
18.38	8.8205059e-07
18.41	9.5402963e-07
18.45	1.0318825e-06
18.48	1.1160886e-06
18.52	1.2071663e-06
18.55	1.3056765e-06
18.59	1.4122256e-06
18.62	1.5274698e-06
18.65	1.6521185e-06
18.69	1.7869393e-06
18.72	1.9327623e-06
18.76	2.0904854e-06
18.79	2.2610797e-06
18.82	2.4455956e-06
18.86	2.6451694e-06
18.89	2.8610298e-06
18.93	3.0945060e-06
18.96	3.3470358e-06
18.99	3.6201741e-06
19.03	3.9156028e-06
19.06	4.2351412e-06
19.10	4.5807569e-06
19.13	4.9545783e-06
19.16	5.3589074e-06
19.20	5.7962343e-06
19.23	6.2692520e-06
19.27	6.7808739e-06
19.30	7.3342507e-06
19.33	7.9327907e-06
19.37	8.5801802e-06
19.40	9.2804067e-06
19.44	1.0037783e-05
19.47	1.0856975e-05
19.51	1.1743028e-05
19.54	1.2701400e-05
19.57	1.3737996e-05
19.61	1.4859201e-05
19.64	1.6071924e-05
19.68	1.7383636e-05
19.71	1.8802420e-05
19.74	2.0337018e-05
19.78	2.1996889e-05
19.81	2.3792261e-05
19.85	2.5734201e-05
19.88	2.7834679e-05
19.91	3.0106644e-05
19.95	3.2564104e-05
19.98	3.5222212e-05
20.02	3.8097360e-05
20.05	4.1207282e-05
20.08	4.4571161e-05
20.12	4.8209751e-05
20.15	5.2145505e-05
20.19	5.6402714e-05
20.22	6.1007658e-05
20.25	6.5988769e-05
20.29	7.1376809e-05
20.32	7.7205064e-05
20.36	8.3509546e-05
20.39	9.0329223e-05
20.42	9.7706260e-05
20.46	1.0568628e-04
20.49	1.1431867e-04
20.53	1.2365685e-04
20.56	1.3375866e-04
20.60	1.4468668e-04
20.63	1.5650865e-04
20.66	1.6929788e-04
20.70	1.8313376e-04
20.73	1.9810221e-04
20.77	2.1429623e-04
20.80	2.3181654e-04
20.83	2.5077220e-04
20.87	2.7128129e-04
20.90	2.9347171e-04
20.94	3.1748197e-04
20.97	3.4346214e-04
21.00	3.7157476e-04
21.04	4.0199599e-04
21.07	4.3491670e-04
21.11	4.7054378e-04
21.14	5.0910150e-04
21.17	5.5083303e-04
21.21	5.9600208e-04
21.24	6.4489468e-04
21.28	6.9782120e-04
21.31	7.5511843e-04
21.34	8.1715199e-04
21.38	8.8431891e-04
21.41	9.5705045e-04
21.45	1.0358152e-03
21.48	1.1211227e-03
21.52	1.2135269e-03
21.55	1.3136307e-03
21.58	1.4220902e-03
21.62	1.5396203e-03
21.65	1.6670000e-03
21.69	1.8050788e-03
21.72	1.9547840e-03
21.75	2.1171283e-03
21.79	2.2932189e-03
21.82	2.4842671e-03
21.86	2.6916000e-03
21.89	2.9166727e-03
21.92	3.1610828e-03
21.96	3.4265869e-03
21.99	3.7151193e-03
22.03	4.0288134e-03
22.06	4.3700266e-03
22.09	4.7413689e-03
22.13	5.1457370e-03
22.16	5.5863531e-03
22.20	6.0668122e-03
22.23	6.5911368e-03
22.26	7.1638444e-03
22.30	7.7900275e-03
22.33	8.4754524e-03
22.37	9.2266812e-03
22.40	1.0051225e-02
22.43	1.0957738e-02
22.47	1.1956271e-02
22.50	1.3058607e-02
22.54	1.4278719e-02
22.57	1.5633411e-02
22.61	1.7143228e-02
22.64	1.8833738e-02
22.67	2.0737253e-02
22.71	2.2894915e-02
22.74	2.5358772e-02
22.78	2.8192990e-02
22.81	3.1472796e-02
22.84	3.5279418e-02
22.88	3.9689463e-02
22.91	4.4758081e-02
22.95	5.0496973e-02
22.98	5.6850280e-02
23.01	6.3673130e-02
23.05	7.0718327e-02
23.08	7.7635987e-02
23.12	8.3988856e-02
23.15	8.9283098e-02
23.18	9.3011215e-02
23.22	9.4701358e-02
23.25	9.3965946e-02
23.29	9.0542706e-02
23.32	8.4322580e-02
23.35	7.5361229e-02
23.39	6.3873469e-02
23.42	5.0212430e-02
23.46	3.4837156e-02
23.49	1.8273442e-02
23.53	1.0729508e-03
23.56	-1.6224875e-02
23.59	-3.3124697e-02
23.63	-4.9198885e-02
23.66	-6.4102136e-02
23.70	-7.7577561e-02
23.73	-8.9455484e-02
23.76	-9.9646696e-02
23.80	-1.0813198e-01
23.83	-1.1494964e-01
23.87	-1.2018249e-01
23.90	-1.2394534e-01
23.93	-1.2637369e-01
23.97	-1.2761420e-01
24.00	-1.2781682e-01
24.04	-1.2712879e-01
24.07	-1.2569029e-01
24.10	-1.2363144e-01
24.14	-1.2107054e-01
24.17	-1.1811322e-01
24.21	-1.1485226e-01
24.24	-1.1136800e-01
24.27	-1.0772906e-01
24.31	-1.0399326e-01
24.34	-1.0020869e-01
24.38	-9.6414813e-02
24.41	-9.2643528e-02
24.44	-8.8920232e-02
24.48	-8.5264758e-02
24.51	-8.1692247e-02
24.55	-7.8213925e-02
24.58	-7.4837784e-02
24.62	-7.1569173e-02
24.65	-6.8411302e-02
24.68	-6.5365680e-02
24.72	-6.2432470e-02
24.75	-5.9610792e-02
24.79	-5.6898975e-02
24.82	-5.4294757e-02
24.85	-5.1795451e-02
24.89	-4.9398075e-02
24.92	-4.7099460e-02
24.96	-4.4896329e-02
24.99	-4.2785359e-02
25.02	-4.0763234e-02
25.06	-3.8826675e-02
25.09	-3.6972467e-02
25.13	-3.5197480e-02
25.16	-3.3498675e-02
25.19	-3.1873118e-02
25.23	-3.0317975e-02
25.26	-2.8830519e-02
25.30	-2.7408128e-02
25.33	-2.6048278e-02
25.36	-2.4748546e-02
25.40	-2.3506598e-02
25.43	-2.2320193e-02
25.47	-2.1187172e-02
25.50	-2.0105456e-02
25.54	-1.9073042e-02
25.57	-1.8088001e-02
25.60	-1.7148468e-02
25.64	-1.6252644e-02
25.67	-1.5398794e-02
25.71	-1.4585237e-02
25.74	-1.3810352e-02
25.77	-1.3072568e-02
25.81	-1.2370370e-02
25.84	-1.1702287e-02
25.88	-1.1066902e-02
25.91	-1.0462841e-02
25.94	-9.8887750e-03
25.98	-9.3434210e-03
26.01	-8.8255377e-03
26.05	-8.3339259e-03
26.08	-7.8674273e-03
26.11	-7.4249234e-03
26.15	-7.0053349e-03
26.18	-6.6076210e-03
26.22	-6.2307779e-03
26.25	-5.8738388e-03
26.28	-5.5358724e-03
26.32	-5.2159829e-03
26.35	-4.9133082e-03
26.39	-4.6270201e-03
26.42	-4.3563228e-03
26.45	-4.1004525e-03
26.49	-3.8586764e-03
26.52	-3.6302917e-03
26.56	-3.4146254e-03
26.59	-3.2110328e-03
26.63	-3.0188971e-03
26.66	-2.8376281e-03
26.69	-2.6666622e-03
26.73	-2.5054606e-03
26.76	-2.3535092e-03
26.80	-2.2103174e-03
26.83	-2.0754174e-03
26.86	-1.9483635e-03
26.90	-1.8287309e-03
26.93	-1.7161156e-03
26.97	-1.6101330e-03
27.00	-1.5104174e-03
