# NeutrinoAntineutrinoInteraction/NeutrinoiAntineutrinojTauAntielectron interaction rates
# neutrino field: massive Cosmic Neutrino Background, T_CnuB = 1.94535456 K
# Produced with crpropa-data version: 60a1560e37035039ec25f414e0c42a2444bad49c
# log10(E/eV), 1/lambda [1/Mpc]
15.31	0.0000000e+00
15.35	0.0000000e+00
15.38	0.0000000e+00
15.42	0.0000000e+00
15.45	0.0000000e+00
15.48	0.0000000e+00
15.52	0.0000000e+00
15.55	0.0000000e+00
15.59	0.0000000e+00
15.62	0.0000000e+00
15.66	0.0000000e+00
15.69	0.0000000e+00
15.72	0.0000000e+00
15.76	0.0000000e+00
15.79	0.0000000e+00
15.83	0.0000000e+00
15.86	0.0000000e+00
15.89	0.0000000e+00
15.93	0.0000000e+00
15.96	0.0000000e+00
16.00	0.0000000e+00
16.03	0.0000000e+00
16.06	0.0000000e+00
16.10	0.0000000e+00
16.13	0.0000000e+00
16.17	0.0000000e+00
16.20	0.0000000e+00
16.23	0.0000000e+00
16.27	0.0000000e+00
16.30	0.0000000e+00
16.34	0.0000000e+00
16.37	0.0000000e+00
16.40	0.0000000e+00
16.44	0.0000000e+00
16.47	0.0000000e+00
16.51	0.0000000e+00
16.54	0.0000000e+00
16.58	0.0000000e+00
16.61	0.0000000e+00
16.64	0.0000000e+00
16.68	0.0000000e+00
16.71	0.0000000e+00
16.75	0.0000000e+00
16.78	0.0000000e+00
16.81	0.0000000e+00
16.85	0.0000000e+00
16.88	0.0000000e+00
16.92	0.0000000e+00
16.95	0.0000000e+00
16.98	0.0000000e+00
17.02	0.0000000e+00
17.05	0.0000000e+00
17.09	0.0000000e+00
17.12	0.0000000e+00
17.15	0.0000000e+00
17.19	0.0000000e+00
17.22	0.0000000e+00
17.26	6.7399971e-276
17.29	4.5153082e-255
17.32	8.0706742e-236
17.36	5.0590158e-218
17.39	1.4319799e-201
17.43	2.3121765e-186
17.46	2.6433779e-172
17.49	2.6128411e-159
17.53	2.6859496e-147
17.56	3.4062592e-136
17.60	6.2405259e-126
17.63	1.9112785e-116
17.67	1.1199508e-107
17.70	1.4224502e-99
17.73	4.3948205e-92
17.77	3.6748031e-85
17.80	9.1779186e-79
17.84	7.5001329e-73
17.87	2.1818185e-67
17.90	2.4425401e-62
17.94	1.1309240e-57
17.97	2.3148787e-53
18.01	2.2278102e-49
18.04	1.0671301e-45
18.07	2.6817261e-42
18.11	3.7120441e-39
18.14	2.9604844e-36
18.18	1.4182029e-33
18.21	4.2408414e-31
18.24	8.2026802e-29
18.28	1.0605637e-26
18.31	9.4494183e-25
18.35	5.9672649e-23
18.38	2.7412055e-21
18.41	9.3831163e-20
18.45	2.4470816e-18
18.48	4.9633526e-17
18.52	7.9796600e-16
18.55	1.0349329e-14
18.59	1.1005761e-13
18.62	9.7417916e-13
18.65	7.2779399e-12
18.69	4.6485287e-11
18.72	2.5687830e-10
18.76	1.2417217e-09
18.79	5.3043015e-09
18.82	2.0212997e-08
18.86	6.9313474e-08
18.89	2.1562178e-07
18.93	6.1305342e-07
18.96	1.6041190e-06
18.99	3.8876456e-06
19.03	8.7785365e-06
19.06	1.8570622e-05
19.10	3.6991971e-05
19.13	6.9712462e-05
19.16	1.2483321e-04
19.20	2.1326631e-04
19.23	3.4890993e-04
19.27	5.4854300e-04
19.30	8.3140220e-04
19.33	1.2184558e-03
19.37	1.7314403e-03
19.40	2.3917685e-03
19.44	3.2194386e-03
19.47	4.2320767e-03
19.51	5.4442225e-03
19.54	6.8669327e-03
19.57	8.5077326e-03
19.61	1.0370901e-02
19.64	1.2458037e-02
19.68	1.4768835e-02
19.71	1.7301968e-02
19.74	2.0056014e-02
19.78	2.3030322e-02
19.81	2.6225793e-02
19.85	2.9645513e-02
19.88	3.3295247e-02
19.91	3.7183787e-02
19.95	4.1323175e-02
19.98	4.5728819e-02
20.02	5.0419542e-02
20.05	5.5417571e-02
20.08	6.0748519e-02
20.12	6.6441344e-02
20.15	7.2528337e-02
20.19	7.9045125e-02
20.22	8.6030710e-02
20.25	9.3527542e-02
20.29	1.0158164e-01
20.32	1.1024274e-01
20.36	1.1956450e-01
20.39	1.2960474e-01
20.42	1.4042572e-01
20.46	1.5209446e-01
20.49	1.6468308e-01
20.53	1.7826923e-01
20.56	1.9293652e-01
20.60	2.0877495e-01
20.63	2.2588150e-01
20.66	2.4436062e-01
20.70	2.6432487e-01
20.73	2.8589557e-01
20.77	3.0920345e-01
20.80	3.3438945e-01
20.83	3.6160550e-01
20.87	3.9101533e-01
20.90	4.2279545e-01
20.94	4.5713607e-01
20.97	4.9424218e-01
21.00	5.3433460e-01
21.04	5.7765122e-01
21.07	6.2444822e-01
21.11	6.7500140e-01
21.14	7.2960760e-01
21.17	7.8858619e-01
21.21	8.5228063e-01
21.24	9.2106018e-01
21.28	9.9532160e-01
21.31	1.0754910e+00
21.34	1.1620258e+00
21.38	1.2554167e+00
21.41	1.3561898e+00
21.45	1.4649087e+00
21.48	1.5821768e+00
21.52	1.7086396e+00
21.55	1.8449868e+00
21.58	1.9919553e+00
21.62	2.1503308e+00
21.65	2.3209508e+00
21.69	2.5047065e+00
21.72	2.7025455e+00
21.75	2.9154738e+00
21.79	3.1445579e+00
21.82	3.3909269e+00
21.86	3.6557738e+00
21.89	3.9403574e+00
21.92	4.2460032e+00
21.96	4.5741041e+00
21.99	4.9261208e+00
22.03	5.3035812e+00
22.06	5.7080802e+00
22.09	6.1412776e+00
22.13	6.6048960e+00
22.16	7.1007178e+00
22.20	7.6305809e+00
22.23	8.1963741e+00
22.26	8.8000307e+00
22.30	9.4435215e+00
22.33	1.0128846e+01
22.37	1.0858025e+01
22.40	1.1633085e+01
22.43	1.2456054e+01
22.47	1.3328939e+01
22.50	1.4253719e+01
22.54	1.5232328e+01
22.57	1.6266637e+01
22.61	1.7358438e+01
22.64	1.8509424e+01
22.67	1.9721174e+01
22.71	2.0995134e+01
22.74	2.2332595e+01
22.78	2.3734676e+01
22.81	2.5202306e+01
22.84	2.6736208e+01
22.88	2.8336878e+01
22.91	3.0004576e+01
22.95	3.1739304e+01
22.98	3.3540801e+01
23.01	3.5408532e+01
23.05	3.7341676e+01
23.08	3.9339124e+01
23.12	4.1399476e+01
23.15	4.3521043e+01
23.18	4.5701842e+01
23.22	4.7939613e+01
23.25	5.0231816e+01
23.29	5.2575652e+01
23.32	5.4968068e+01
23.35	5.7405778e+01
23.39	5.9885283e+01
23.42	6.2402884e+01
23.46	6.4954711e+01
23.49	6.7536744e+01
23.53	7.0144837e+01
23.56	7.2774744e+01
23.59	7.5422146e+01
23.63	7.8082677e+01
23.66	8.0751949e+01
23.70	8.3425579e+01
23.73	8.6099213e+01
23.76	8.8768553e+01
23.80	9.1429378e+01
23.83	9.4077564e+01
23.87	9.6709111e+01
23.90	9.9320152e+01
23.93	1.0190698e+02
23.97	1.0446605e+02
24.00	1.0699402e+02
24.04	1.0948771e+02
24.07	1.1194417e+02
24.10	1.1436065e+02
24.14	1.1673462e+02
24.17	1.1906376e+02
24.21	1.2134598e+02
24.24	1.2357941e+02
24.27	1.2576239e+02
24.31	1.2789350e+02
24.34	1.2997149e+02
24.38	1.3199537e+02
24.41	1.3396431e+02
24.44	1.3587769e+02
24.48	1.3773507e+02
24.51	1.3953620e+02
24.55	1.4128097e+02
24.58	1.4296947e+02
24.62	1.4460190e+02
24.65	1.4617861e+02
24.68	1.4770009e+02
24.72	1.4916694e+02
24.75	1.5057985e+02
24.79	1.5193964e+02
24.82	1.5324720e+02
24.85	1.5450350e+02
24.89	1.5570958e+02
24.92	1.5686655e+02
24.96	1.5797556e+02
24.99	1.5903780e+02
25.02	1.6005452e+02
25.06	1.6102699e+02
25.09	1.6195647e+02
25.13	1.6284430e+02
25.16	1.6369177e+02
25.19	1.6450021e+02
25.23	1.6527094e+02
25.26	1.6600528e+02
25.30	1.6670454e+02
25.33	1.6737001e+02
25.36	1.6800297e+02
25.40	1.6860468e+02
25.43	1.6917640e+02
25.47	1.6971932e+02
25.50	1.7023465e+02
25.54	1.7072355e+02
25.57	1.7118715e+02
25.60	1.7162657e+02
25.64	1.7204287e+02
25.67	1.7243710e+02
25.71	1.7281026e+02
25.74	1.7316335e+02
25.77	1.7349730e+02
25.81	1.7381302e+02
25.84	1.7411140e+02
25.88	1.7439328e+02
25.91	1.7465948e+02
25.94	1.7491078e+02
25.98	1.7514794e+02
26.01	1.7537166e+02
26.05	1.7558265e+02
26.08	1.7578157e+02
26.11	1.7596904e+02
26.15	1.7614568e+02
26.18	1.7631205e+02
26.22	1.7646872e+02
26.25	1.7661619e+02
26.28	1.7675499e+02
26.32	1.7688557e+02
26.35	1.7700840e+02
26.39	1.7712391e+02
26.42	1.7723250e+02
26.45	1.7733456e+02
26.49	1.7743047e+02
26.52	1.7752057e+02
26.56	1.7760520e+02
26.59	1.7768467e+02
26.63	1.7775928e+02
26.66	1.7782931e+02
26.69	1.7789503e+02
26.73	1.7795669e+02
26.76	1.7801454e+02
26.80	1.7806879e+02
26.83	1.7811966e+02
26.86	1.7816736e+02
26.90	1.7821207e+02
26.93	1.7825397e+02
26.97	1.7829323e+02
27.00	1.7833002e+02
