# NeutrinoAntineutrinoInteraction/NeutrinoiAntineutrinojTauAntielectron interaction rates
# neutrino field: massive Cosmic Neutrino Background, T_CnuB = 1.94535456 K
# Produced with crpropa-data version: 60a1560e37035039ec25f414e0c42a2444bad49c
# log10(E/eV), 1/lambda [1/Mpc]
15.96	0.0000000e+00
16.00	0.0000000e+00
16.03	0.0000000e+00
16.06	0.0000000e+00
16.10	0.0000000e+00
16.13	0.0000000e+00
16.17	0.0000000e+00
16.20	0.0000000e+00
16.23	0.0000000e+00
16.27	0.0000000e+00
16.30	0.0000000e+00
16.34	0.0000000e+00
16.37	0.0000000e+00
16.40	0.0000000e+00
16.44	0.0000000e+00
16.47	0.0000000e+00
16.51	0.0000000e+00
16.54	0.0000000e+00
16.58	0.0000000e+00
16.61	0.0000000e+00
16.64	0.0000000e+00
16.68	0.0000000e+00
16.71	0.0000000e+00
16.75	0.0000000e+00
16.78	0.0000000e+00
16.81	0.0000000e+00
16.85	0.0000000e+00
16.88	0.0000000e+00
16.92	0.0000000e+00
16.95	0.0000000e+00
16.98	0.0000000e+00
17.02	0.0000000e+00
17.05	0.0000000e+00
17.09	0.0000000e+00
17.12	0.0000000e+00
17.15	0.0000000e+00
17.19	0.0000000e+00
17.22	0.0000000e+00
17.26	0.0000000e+00
17.29	0.0000000e+00
17.32	0.0000000e+00
17.36	0.0000000e+00
17.39	0.0000000e+00
17.43	0.0000000e+00
17.46	0.0000000e+00
17.49	0.0000000e+00
17.53	0.0000000e+00
17.56	0.0000000e+00
17.60	0.0000000e+00
17.63	0.0000000e+00
17.67	0.0000000e+00
17.70	0.0000000e+00
17.73	0.0000000e+00
17.77	0.0000000e+00
17.80	0.0000000e+00
17.84	0.0000000e+00
17.87	0.0000000e+00
17.90	0.0000000e+00
17.94	1.0194038e-265
17.97	5.8416185e-246
18.01	1.0751779e-227
18.04	8.2385065e-211
18.07	3.3404036e-195
18.11	8.9461155e-181
18.14	1.9426409e-167
18.18	4.1342147e-155
18.21	1.0274139e-143
18.24	3.5060431e-133
18.28	1.9083902e-123
18.31	1.9030305e-114
18.35	3.9515322e-106
18.38	1.9232848e-98
18.41	2.4480376e-91
18.45	9.0165582e-85
18.48	1.0552318e-78
18.52	4.2786812e-73
18.55	6.5112349e-68
18.59	4.0042782e-63
18.62	1.0655799e-58
18.65	1.3070804e-54
18.69	7.8353059e-51
18.72	2.4227876e-47
18.76	4.0623635e-44
18.79	3.8681933e-41
18.82	2.1829936e-38
18.86	7.5955971e-36
18.89	1.6900271e-33
18.93	2.4871923e-31
18.96	2.4978442e-29
18.99	1.7619609e-27
19.03	8.9658633e-26
19.06	3.3734141e-24
19.10	9.6014841e-23
19.13	2.1113561e-21
19.16	3.6577361e-20
19.20	5.0830772e-19
19.23	5.7617008e-18
19.27	5.4098565e-17
19.30	4.2680511e-16
19.33	2.8669136e-15
19.37	1.6597508e-14
19.40	8.3756602e-14
19.44	3.7228909e-13
19.47	1.4717174e-12
19.51	5.2207810e-12
19.54	1.6757444e-11
19.57	4.9041969e-11
19.61	1.3179383e-10
19.64	3.2737095e-10
19.68	7.5621050e-10
19.71	1.6336063e-09
19.74	3.3175581e-09
19.78	6.3643435e-09
19.81	1.1584995e-08
19.85	2.0093041e-08
19.88	3.3332748e-08
19.91	5.3078406e-08
19.95	8.1398857e-08
19.98	1.2058690e-07
20.02	1.7305912e-07
20.05	2.4123695e-07
20.08	3.2742290e-07
20.12	4.3368696e-07
20.15	5.6177660e-07
20.19	7.1306001e-07
20.22	8.8850775e-07
20.25	1.0887128e-06
20.29	1.3139445e-06
20.32	1.5642284e-06
20.36	1.8394423e-06
20.39	2.1394194e-06
20.42	2.4640484e-06
20.46	2.8133638e-06
20.49	3.1876234e-06
20.53	3.5873681e-06
20.56	4.0134665e-06
20.60	4.4671438e-06
20.63	4.9499986e-06
20.66	5.4640104e-06
20.70	6.0115407e-06
20.73	6.5953304e-06
20.77	7.2184959e-06
20.80	7.8845271e-06
20.83	8.5972864e-06
20.87	9.3610119e-06
20.90	1.0180324e-05
20.94	1.1060239e-05
20.97	1.2006180e-05
21.00	1.3024005e-05
21.04	1.4120024e-05
21.07	1.5301035e-05
21.11	1.6574357e-05
21.14	1.7947866e-05
21.17	1.9430039e-05
21.21	2.1030005e-05
21.24	2.2757591e-05
21.28	2.4623382e-05
21.31	2.6638782e-05
21.34	2.8816076e-05
21.38	3.1168505e-05
21.41	3.3710340e-05
21.45	3.6456962e-05
21.48	3.9424952e-05
21.52	4.2632183e-05
21.55	4.6097917e-05
21.58	4.9842919e-05
21.62	5.3889561e-05
21.65	5.8261951e-05
21.69	6.2986059e-05
21.72	6.8089854e-05
21.75	7.3603451e-05
21.79	7.9559266e-05
21.82	8.5992177e-05
21.86	9.2939703e-05
21.89	1.0044218e-04
21.92	1.0854296e-04
21.96	1.1728862e-04
21.99	1.2672913e-04
22.03	1.3691816e-04
22.06	1.4791322e-04
22.09	1.5977596e-04
22.13	1.7257239e-04
22.16	1.8637314e-04
22.20	2.0125373e-04
22.23	2.1729481e-04
22.26	2.3458245e-04
22.30	2.5320842e-04
22.33	2.7327042e-04
22.37	2.9487234e-04
22.40	3.1812456e-04
22.43	3.4314413e-04
22.47	3.7005505e-04
22.50	3.9898840e-04
22.54	4.3008259e-04
22.57	4.6348342e-04
22.61	4.9934424e-04
22.64	5.3782596e-04
22.67	5.7909707e-04
22.71	6.2333353e-04
22.74	6.7071866e-04
22.78	7.2144291e-04
22.81	7.7570353e-04
22.84	8.3370414e-04
22.88	8.9565427e-04
22.91	9.6176863e-04
22.95	1.0322664e-03
22.98	1.1073705e-03
23.01	1.1873061e-03
23.05	1.2723000e-03
23.08	1.3625792e-03
23.12	1.4583691e-03
23.15	1.5598925e-03
23.18	1.6673675e-03
23.22	1.7810060e-03
23.25	1.9010115e-03
23.29	2.0275774e-03
23.32	2.1608850e-03
23.35	2.3011009e-03
23.39	2.4483756e-03
23.42	2.6028410e-03
23.46	2.7646081e-03
23.49	2.9337657e-03
23.53	3.1103779e-03
23.56	3.2944826e-03
23.59	3.4860897e-03
23.63	3.6851800e-03
23.66	3.8917038e-03
23.70	4.1055798e-03
23.73	4.3266946e-03
23.76	4.5549026e-03
23.80	4.7900252e-03
23.83	5.0318514e-03
23.87	5.2801386e-03
23.90	5.5346128e-03
23.93	5.7949702e-03
23.97	6.0608785e-03
24.00	6.3319784e-03
24.04	6.6078861e-03
24.07	6.8881949e-03
24.10	7.1724778e-03
24.14	7.4602903e-03
24.17	7.7511729e-03
24.21	8.0446539e-03
24.24	8.3402526e-03
24.27	8.6374818e-03
24.31	8.9358510e-03
24.34	9.2348694e-03
24.38	9.5340486e-03
24.41	9.8329053e-03
24.44	1.0130964e-02
24.48	1.0427760e-02
24.51	1.0722840e-02
24.55	1.1015767e-02
24.58	1.1306120e-02
24.62	1.1593497e-02
24.65	1.1877514e-02
24.68	1.2157812e-02
24.72	1.2434050e-02
24.75	1.2705915e-02
24.79	1.2973114e-02
24.82	1.3235381e-02
24.85	1.3492473e-02
24.89	1.3744172e-02
24.92	1.3990286e-02
24.96	1.4230646e-02
24.99	1.4465107e-02
25.02	1.4693548e-02
25.06	1.4915871e-02
25.09	1.5131998e-02
25.13	1.5341874e-02
25.16	1.5545464e-02
25.19	1.5742750e-02
25.23	1.5933736e-02
25.26	1.6118439e-02
25.30	1.6296894e-02
25.33	1.6469150e-02
25.36	1.6635270e-02
25.40	1.6795329e-02
25.43	1.6949414e-02
25.47	1.7097621e-02
25.50	1.7240057e-02
25.54	1.7376834e-02
25.57	1.7508076e-02
25.60	1.7633908e-02
25.64	1.7754464e-02
25.67	1.7869880e-02
25.71	1.7980298e-02
25.74	1.8085860e-02
25.77	1.8186712e-02
25.81	1.8283001e-02
25.84	1.8374875e-02
25.88	1.8462481e-02
25.91	1.8545967e-02
25.94	1.8625479e-02
25.98	1.8701163e-02
26.01	1.8773164e-02
26.05	1.8841622e-02
26.08	1.8906678e-02
26.11	1.8968469e-02
26.15	1.9027129e-02
26.18	1.9082789e-02
26.22	1.9135577e-02
26.25	1.9185619e-02
26.28	1.9233035e-02
26.32	1.9277944e-02
26.35	1.9320459e-02
26.39	1.9360692e-02
26.42	1.9398750e-02
26.45	1.9434735e-02
26.49	1.9468747e-02
26.52	1.9500883e-02
26.56	1.9531235e-02
26.59	1.9559892e-02
26.63	1.9586938e-02
26.66	1.9612455e-02
26.69	1.9636523e-02
26.73	1.9659216e-02
26.76	1.9680605e-02
26.80	1.9700760e-02
26.83	1.9719746e-02
26.86	1.9737626e-02
26.90	1.9754458e-02
26.93	1.9770301e-02
26.97	1.9785209e-02
27.00	1.9799232e-02
