# NeutrinoAntineutrinoInteraction/NeutrinoiAntineutrinojTauAntielectron interaction rates
# neutrino field: massive Cosmic Neutrino Background, T_CnuB = 1.94535456 K
# Produced with crpropa-data version: 60a1560e37035039ec25f414e0c42a2444bad49c
# log10(E/eV), 1/lambda [1/Mpc]
15.31	0.0000000e+00
15.35	0.0000000e+00
15.38	0.0000000e+00
15.42	0.0000000e+00
15.45	0.0000000e+00
15.48	0.0000000e+00
15.52	0.0000000e+00
15.55	0.0000000e+00
15.59	0.0000000e+00
15.62	0.0000000e+00
15.66	0.0000000e+00
15.69	0.0000000e+00
15.72	0.0000000e+00
15.76	0.0000000e+00
15.79	0.0000000e+00
15.83	0.0000000e+00
15.86	0.0000000e+00
15.89	0.0000000e+00
15.93	0.0000000e+00
15.96	0.0000000e+00
16.00	0.0000000e+00
16.03	0.0000000e+00
16.06	0.0000000e+00
16.10	0.0000000e+00
16.13	0.0000000e+00
16.17	0.0000000e+00
16.20	0.0000000e+00
16.23	0.0000000e+00
16.27	0.0000000e+00
16.30	0.0000000e+00
16.34	0.0000000e+00
16.37	0.0000000e+00
16.40	0.0000000e+00
16.44	0.0000000e+00
16.47	0.0000000e+00
16.51	0.0000000e+00
16.54	0.0000000e+00
16.58	0.0000000e+00
16.61	0.0000000e+00
16.64	0.0000000e+00
16.68	0.0000000e+00
16.71	0.0000000e+00
16.75	0.0000000e+00
16.78	0.0000000e+00
16.81	0.0000000e+00
16.85	0.0000000e+00
16.88	0.0000000e+00
16.92	0.0000000e+00
16.95	0.0000000e+00
16.98	0.0000000e+00
17.02	0.0000000e+00
17.05	0.0000000e+00
17.09	0.0000000e+00
17.12	0.0000000e+00
17.15	0.0000000e+00
17.19	0.0000000e+00
17.22	0.0000000e+00
17.26	6.8806369e-276
17.29	4.6172487e-255
17.32	8.2678218e-236
17.36	5.1927314e-218
17.39	1.4729343e-201
17.43	2.3837326e-186
17.46	2.7319022e-172
17.49	2.7075325e-159
17.53	2.7912930e-147
17.56	3.5508426e-136
17.60	6.5272166e-126
17.63	2.0063150e-116
17.67	1.1802293e-107
17.70	1.5053254e-99
17.73	4.6720114e-92
17.77	3.9257326e-85
17.80	9.8564555e-79
17.84	8.1005366e-73
17.87	2.3709544e-67
17.90	2.6718468e-62
17.94	1.2459163e-57
17.97	2.5698363e-53
18.01	2.4936184e-49
18.04	1.2050756e-45
18.07	3.0573528e-42
18.11	4.2755034e-39
18.14	3.4475391e-36
18.18	1.6711212e-33
18.21	5.0607872e-31
18.24	9.9223592e-29
18.28	1.3016968e-26
18.31	1.1779797e-24
18.35	7.5637795e-23
18.38	3.5369838e-21
18.41	1.2339281e-19
18.45	3.2839162e-18
18.48	6.8060514e-17
18.52	1.1196494e-15
18.55	1.4880345e-14
18.59	1.6239505e-13
18.62	1.4774517e-12
18.65	1.1363004e-11
18.69	7.4836634e-11
18.72	4.2712523e-10
18.76	2.1360056e-09
18.79	9.4553567e-09
18.82	3.7399515e-08
18.86	1.3333257e-07
18.89	4.3188257e-07
18.93	1.2804360e-06
18.96	3.4983301e-06
18.99	8.8630253e-06
19.03	2.0941229e-05
19.06	4.6385892e-05
19.10	9.6780905e-05
19.13	1.9101449e-04
19.16	3.5798503e-04
19.20	6.3918202e-04
19.23	1.0903379e-03
19.27	1.7809173e-03
19.30	2.7897326e-03
19.33	4.1945890e-03
19.37	6.0540751e-03
19.40	8.3816631e-03
19.44	1.1118411e-02
19.47	1.4122243e-02
19.51	1.7206180e-02
19.54	2.0272660e-02
19.57	2.3347788e-02
19.61	2.6467313e-02
19.64	2.9664808e-02
19.68	3.2972229e-02
19.71	3.6420417e-02
19.74	4.0039543e-02
19.78	4.3859517e-02
19.81	4.7910358e-02
19.85	5.2222542e-02
19.88	5.6827323e-02
19.91	6.1757045e-02
19.95	6.7045436e-02
19.98	7.2727902e-02
20.02	7.8841813e-02
20.05	8.5426793e-02
20.08	9.2525014e-02
20.12	1.0018149e-01
20.15	1.0844440e-01
20.19	1.1736539e-01
20.22	1.2699994e-01
20.25	1.3740767e-01
20.29	1.4865278e-01
20.32	1.6080440e-01
20.36	1.7393701e-01
20.39	1.8813094e-01
20.42	2.0347280e-01
20.46	2.2005601e-01
20.49	2.3798137e-01
20.53	2.5735763e-01
20.56	2.7830212e-01
20.60	3.0094144e-01
20.63	3.2541214e-01
20.66	3.5186157e-01
20.70	3.8044864e-01
20.73	4.1134472e-01
20.77	4.4473460e-01
20.80	4.8081750e-01
20.83	5.1980812e-01
20.87	5.6193780e-01
20.90	6.0745575e-01
20.94	6.5663032e-01
20.97	7.0975041e-01
21.00	7.6712686e-01
21.04	8.2909407e-01
21.07	8.9601155e-01
21.11	9.6826568e-01
21.14	1.0462714e+00
21.17	1.1304744e+00
21.21	1.2213524e+00
21.24	1.3194181e+00
21.28	1.4252205e+00
21.31	1.5393474e+00
21.34	1.6624277e+00
21.38	1.7951336e+00
21.41	1.9381826e+00
21.45	2.0923403e+00
21.48	2.2584223e+00
21.52	2.4372968e+00
21.55	2.6298861e+00
21.58	2.8371696e+00
21.62	3.0601849e+00
21.65	3.3000300e+00
21.69	3.5578644e+00
21.72	3.8349108e+00
21.75	4.1324551e+00
21.79	4.4518475e+00
21.82	4.7945017e+00
21.86	5.1618946e+00
21.89	5.5555644e+00
21.92	5.9771085e+00
21.96	6.4281805e+00
21.99	6.9104856e+00
22.03	7.4257762e+00
22.06	7.9758449e+00
22.09	8.5625170e+00
22.13	9.1876424e+00
22.16	9.8530846e+00
22.20	1.0560710e+01
22.23	1.1312374e+01
22.26	1.2109907e+01
22.30	1.2955101e+01
22.33	1.3849689e+01
22.37	1.4795332e+01
22.40	1.5793593e+01
22.43	1.6845927e+01
22.47	1.7953652e+01
22.50	1.9117934e+01
22.54	2.0339765e+01
22.57	2.1619944e+01
22.61	2.2959057e+01
22.64	2.4357458e+01
22.67	2.5815256e+01
22.71	2.7332296e+01
22.74	2.8908149e+01
22.78	3.0542104e+01
22.81	3.2233155e+01
22.84	3.3980003e+01
22.88	3.5781051e+01
22.91	3.7634410e+01
22.95	3.9537901e+01
22.98	4.1489067e+01
23.01	4.3485185e+01
23.05	4.5523281e+01
23.08	4.7600150e+01
23.12	4.9712376e+01
23.15	5.1856356e+01
23.18	5.4028325e+01
23.22	5.6224385e+01
23.25	5.8440530e+01
23.29	6.0672679e+01
23.32	6.2916700e+01
23.35	6.5168445e+01
23.39	6.7423773e+01
23.42	6.9678581e+01
23.46	7.1928827e+01
23.49	7.4170561e+01
23.53	7.6399940e+01
23.56	7.8613255e+01
23.59	8.0806947e+01
23.63	8.2977625e+01
23.66	8.5122080e+01
23.70	8.7237295e+01
23.73	8.9320460e+01
23.76	9.1368972e+01
23.80	9.3380446e+01
23.83	9.5352716e+01
23.87	9.7283836e+01
23.90	9.9172080e+01
23.93	1.0101594e+02
23.97	1.0281411e+02
24.00	1.0456552e+02
24.04	1.0626927e+02
24.07	1.0792468e+02
24.10	1.0953122e+02
24.14	1.1108858e+02
24.17	1.1259659e+02
24.21	1.1405525e+02
24.24	1.1546469e+02
24.27	1.1682518e+02
24.31	1.1813714e+02
24.34	1.1940108e+02
24.38	1.2061762e+02
24.41	1.2178747e+02
24.44	1.2291145e+02
24.48	1.2399041e+02
24.51	1.2502531e+02
24.55	1.2601714e+02
24.58	1.2696695e+02
24.62	1.2787582e+02
24.65	1.2874489e+02
24.68	1.2957529e+02
24.72	1.3036819e+02
24.75	1.3112478e+02
24.79	1.3184623e+02
24.82	1.3253375e+02
24.85	1.3318852e+02
24.89	1.3381173e+02
24.92	1.3440454e+02
24.96	1.3496813e+02
24.99	1.3550364e+02
25.02	1.3601219e+02
25.06	1.3649489e+02
25.09	1.3695282e+02
25.13	1.3738704e+02
25.16	1.3779857e+02
25.19	1.3818843e+02
25.23	1.3855758e+02
25.26	1.3890698e+02
25.30	1.3923753e+02
25.33	1.3955013e+02
25.36	1.3984564e+02
25.40	1.4012487e+02
25.43	1.4038862e+02
25.47	1.4063765e+02
25.50	1.4087271e+02
25.54	1.4109451e+02
25.57	1.4130370e+02
25.60	1.4150096e+02
25.64	1.4168689e+02
25.67	1.4186209e+02
25.71	1.4202714e+02
25.74	1.4218257e+02
25.77	1.4232890e+02
25.81	1.4246662e+02
25.84	1.4259621e+02
25.88	1.4271811e+02
25.91	1.4283275e+02
25.94	1.4294054e+02
25.98	1.4304185e+02
26.01	1.4313705e+02
26.05	1.4322650e+02
26.08	1.4331051e+02
26.11	1.4338941e+02
26.15	1.4346348e+02
26.18	1.4353301e+02
26.22	1.4359827e+02
26.25	1.4365949e+02
26.28	1.4371693e+02
26.32	1.4377079e+02
26.35	1.4382131e+02
26.39	1.4386867e+02
26.42	1.4391306e+02
26.45	1.4395467e+02
26.49	1.4399366e+02
26.52	1.4403019e+02
26.56	1.4406440e+02
26.59	1.4409645e+02
26.63	1.4412646e+02
26.66	1.4415456e+02
26.69	1.4418087e+02
26.73	1.4420549e+02
26.76	1.4422853e+02
26.80	1.4425010e+02
26.83	1.4427027e+02
26.86	1.4428915e+02
26.90	1.4430680e+02
26.93	1.4432331e+02
26.97	1.4433875e+02
27.00	1.4435319e+02
