# NeutrinoAntineutrinoInteraction/NeutrinoiAntineutrinojTauAntielectron interaction rates
# neutrino field: massive Cosmic Neutrino Background, T_CnuB = 1.94535456 K
# Produced with crpropa-data version: 60a1560e37035039ec25f414e0c42a2444bad49c
# log10(E/eV), 1/lambda [1/Mpc]
15.48	0.0000000e+00
15.52	0.0000000e+00
15.55	0.0000000e+00
15.59	0.0000000e+00
15.62	0.0000000e+00
15.66	0.0000000e+00
15.69	0.0000000e+00
15.72	0.0000000e+00
15.76	0.0000000e+00
15.79	0.0000000e+00
15.83	0.0000000e+00
15.86	0.0000000e+00
15.89	0.0000000e+00
15.93	0.0000000e+00
15.96	0.0000000e+00
16.00	0.0000000e+00
16.03	0.0000000e+00
16.06	0.0000000e+00
16.10	0.0000000e+00
16.13	0.0000000e+00
16.17	0.0000000e+00
16.20	0.0000000e+00
16.23	0.0000000e+00
16.27	0.0000000e+00
16.30	0.0000000e+00
16.34	0.0000000e+00
16.37	0.0000000e+00
16.40	0.0000000e+00
16.44	0.0000000e+00
16.47	0.0000000e+00
16.51	0.0000000e+00
16.54	0.0000000e+00
16.58	0.0000000e+00
16.61	0.0000000e+00
16.64	0.0000000e+00
16.68	0.0000000e+00
16.71	0.0000000e+00
16.75	0.0000000e+00
16.78	0.0000000e+00
16.81	0.0000000e+00
16.85	0.0000000e+00
16.88	0.0000000e+00
16.92	0.0000000e+00
16.95	0.0000000e+00
16.98	0.0000000e+00
17.02	0.0000000e+00
17.05	0.0000000e+00
17.09	0.0000000e+00
17.12	0.0000000e+00
17.15	0.0000000e+00
17.19	0.0000000e+00
17.22	0.0000000e+00
17.26	0.0000000e+00
17.29	0.0000000e+00
17.32	0.0000000e+00
17.36	0.0000000e+00
17.39	0.0000000e+00
17.43	0.0000000e+00
17.46	6.3801635e-273
17.49	2.0719682e-252
17.53	1.8961116e-233
17.56	6.4006380e-216
17.60	1.0223208e-199
17.63	9.7257765e-185
17.67	6.8180630e-171
17.70	4.2879622e-158
17.73	2.9020225e-146
17.77	2.5006717e-135
17.80	3.2051918e-125
17.84	7.0555885e-116
17.87	3.0466611e-107
17.90	2.9181081e-99
17.94	6.9456519e-92
17.97	4.5633568e-85
18.01	9.1200890e-79
18.04	6.0653843e-73
18.07	1.4585505e-67
18.11	1.3693920e-62
18.14	5.3889208e-58
18.18	9.4916775e-54
18.21	7.9506249e-50
18.24	3.3499574e-46
18.28	7.4779459e-43
18.31	9.2780553e-40
18.35	6.6883555e-37
18.38	2.9185944e-34
18.41	8.0072251e-32
18.45	1.4304254e-29
18.48	1.7186874e-27
18.52	1.4311664e-25
18.55	8.4913627e-24
18.59	3.6828549e-22
18.62	1.1956380e-20
18.65	2.9698596e-19
18.69	5.7595725e-18
18.72	8.8858230e-17
18.76	1.1096373e-15
18.79	1.1397185e-14
18.82	9.7719558e-14
18.86	7.0906074e-13
18.89	4.4096823e-12
18.93	2.3781755e-11
18.96	1.1243517e-10
18.99	4.7069359e-10
19.03	1.7610920e-09
19.06	5.9396633e-09
19.10	1.8202345e-08
19.13	5.1058812e-08
19.16	1.3199148e-07
19.20	3.1643662e-07
19.23	7.0765813e-07
19.27	1.4842194e-06
19.30	2.9341214e-06
19.33	5.4924930e-06
19.37	9.7775202e-06
19.40	1.6617786e-05
19.44	2.7063970e-05
19.47	4.2379213e-05
19.51	6.4005284e-05
19.54	9.3505376e-05
19.57	1.3248820e-04
19.61	1.8252123e-04
19.64	2.4504277e-04
19.68	3.2128310e-04
19.71	4.1220355e-04
19.74	5.1846021e-04
19.78	6.4039579e-04
19.81	7.7805973e-04
19.85	9.3125372e-04
19.88	1.0995971e-03
19.91	1.2826054e-03
19.95	1.4797743e-03
19.98	1.6906626e-03
20.02	1.9149676e-03
20.05	2.1525896e-03
20.08	2.4036823e-03
20.12	2.6686899e-03
20.15	2.9483701e-03
20.19	3.2438072e-03
20.22	3.5564181e-03
20.25	3.8879573e-03
20.29	4.2405495e-03
20.32	4.6166981e-03
20.36	5.0190675e-03
20.39	5.4504297e-03
20.42	5.9136881e-03
20.46	6.4119013e-03
20.49	6.9483077e-03
20.53	7.5263487e-03
20.56	8.1496943e-03
20.60	8.8222677e-03
20.63	9.5482720e-03
20.66	1.0332217e-02
20.70	1.1178950e-02
20.73	1.2093682e-02
20.77	1.3082025e-02
20.80	1.4150023e-02
20.83	1.5304186e-02
20.87	1.6551534e-02
20.90	1.7899635e-02
20.94	1.9356650e-02
20.97	2.0931377e-02
21.00	2.2633304e-02
21.04	2.4472664e-02
21.07	2.6460488e-02
21.11	2.8608667e-02
21.14	3.0930019e-02
21.17	3.3438358e-02
21.21	3.6148565e-02
21.24	3.9076670e-02
21.28	4.2239932e-02
21.31	4.5656930e-02
21.34	4.9347654e-02
21.38	5.3333609e-02
21.41	5.7637911e-02
21.45	6.2285405e-02
21.48	6.7302775e-02
21.52	7.2718667e-02
21.55	7.8563816e-02
21.58	8.4871174e-02
21.62	9.1676048e-02
21.65	9.9016240e-02
21.69	1.0693219e-01
21.72	1.1546712e-01
21.75	1.2466720e-01
21.79	1.3458168e-01
21.82	1.4526302e-01
21.86	1.5676710e-01
21.89	1.6915331e-01
21.92	1.8248469e-01
21.96	1.9682812e-01
21.99	2.1225434e-01
22.03	2.2883816e-01
22.06	2.4665847e-01
22.09	2.6579834e-01
22.13	2.8634507e-01
22.16	3.0839017e-01
22.20	3.3202938e-01
22.23	3.5736258e-01
22.26	3.8449369e-01
22.30	4.1353050e-01
22.33	4.4458451e-01
22.37	4.7777060e-01
22.40	5.1320672e-01
22.43	5.5101351e-01
22.47	5.9131379e-01
22.50	6.3423200e-01
22.54	6.7989359e-01
22.57	7.2842431e-01
22.61	7.7994940e-01
22.64	8.3459269e-01
22.67	8.9247571e-01
22.71	9.5371663e-01
22.74	1.0184292e+00
22.78	1.0867215e+00
22.81	1.1586950e+00
22.84	1.2344430e+00
22.88	1.3140497e+00
22.91	1.3975888e+00
22.95	1.4851223e+00
22.98	1.5766992e+00
23.01	1.6723548e+00
23.05	1.7721089e+00
23.08	1.8759655e+00
23.12	1.9839116e+00
23.15	2.0959165e+00
23.18	2.2119313e+00
23.22	2.3318885e+00
23.25	2.4557016e+00
23.29	2.5832652e+00
23.32	2.7144551e+00
23.35	2.8491284e+00
23.39	2.9871245e+00
23.42	3.1282654e+00
23.46	3.2723567e+00
23.49	3.4191889e+00
23.53	3.5685382e+00
23.56	3.7201682e+00
23.59	3.8738315e+00
23.63	4.0292708e+00
23.66	4.1862213e+00
23.70	4.3444119e+00
23.73	4.5035670e+00
23.76	4.6634089e+00
23.80	4.8236587e+00
23.83	4.9840389e+00
23.87	5.1442744e+00
23.90	5.3040948e+00
23.93	5.4632352e+00
23.97	5.6214385e+00
24.00	5.7784559e+00
24.04	5.9340486e+00
24.07	6.0879887e+00
24.10	6.2400604e+00
24.14	6.3900602e+00
24.17	6.5377982e+00
24.21	6.6830981e+00
24.24	6.8257978e+00
24.27	6.9657498e+00
24.31	7.1028209e+00
24.34	7.2368926e+00
24.38	7.3678608e+00
24.41	7.4956354e+00
24.44	7.6201405e+00
24.48	7.7413136e+00
24.51	7.8591051e+00
24.55	7.9734782e+00
24.58	8.0844081e+00
24.62	8.1918810e+00
24.65	8.2958944e+00
24.68	8.3964555e+00
24.72	8.4935810e+00
24.75	8.5872964e+00
24.79	8.6776350e+00
24.82	8.7646378e+00
24.85	8.8483522e+00
24.89	8.9288316e+00
24.92	9.0061350e+00
24.96	9.0803259e+00
24.99	9.1514720e+00
25.02	9.2196447e+00
25.06	9.2849181e+00
25.09	9.3473692e+00
25.13	9.4070768e+00
25.16	9.4641212e+00
25.19	9.5185840e+00
25.23	9.5705476e+00
25.26	9.6200944e+00
25.30	9.6673073e+00
25.33	9.7122688e+00
25.36	9.7550609e+00
25.40	9.7957646e+00
25.43	9.8344602e+00
25.47	9.8712268e+00
25.50	9.9061419e+00
25.54	9.9392817e+00
25.57	9.9707208e+00
25.60	1.0000532e+01
25.64	1.0028786e+01
25.67	1.0055552e+01
25.71	1.0080896e+01
25.74	1.0104885e+01
25.77	1.0127580e+01
25.81	1.0149043e+01
25.84	1.0169333e+01
25.88	1.0188506e+01
25.91	1.0206616e+01
25.94	1.0223717e+01
25.98	1.0239858e+01
26.01	1.0255089e+01
26.05	1.0269455e+01
26.08	1.0283002e+01
26.11	1.0295771e+01
26.15	1.0307804e+01
26.18	1.0319140e+01
26.22	1.0329816e+01
26.25	1.0339867e+01
26.28	1.0349327e+01
26.32	1.0358229e+01
26.35	1.0366603e+01
26.39	1.0374479e+01
26.42	1.0381884e+01
26.45	1.0388844e+01
26.49	1.0395386e+01
26.52	1.0401531e+01
26.56	1.0407304e+01
26.59	1.0412726e+01
26.63	1.0417816e+01
26.66	1.0422594e+01
26.69	1.0427078e+01
26.73	1.0431286e+01
26.76	1.0435233e+01
26.80	1.0438935e+01
26.83	1.0442407e+01
26.86	1.0445663e+01
26.90	1.0448714e+01
26.93	1.0451574e+01
26.97	1.0454254e+01
27.00	1.0456766e+01
