# NeutrinoAntineutrinoInteraction/NeutrinoiAntineutrinojTauAntielectron interaction rates
# neutrino field: massive Cosmic Neutrino Background, T_CnuB = 1.94535456 K
# Produced with crpropa-data version: 60a1560e37035039ec25f414e0c42a2444bad49c
# log10(E/eV), 1/lambda [1/Mpc]
15.42	0.0000000e+00
15.45	0.0000000e+00
15.48	0.0000000e+00
15.52	0.0000000e+00
15.55	0.0000000e+00
15.59	0.0000000e+00
15.62	0.0000000e+00
15.66	0.0000000e+00
15.69	0.0000000e+00
15.72	0.0000000e+00
15.76	0.0000000e+00
15.79	0.0000000e+00
15.83	0.0000000e+00
15.86	0.0000000e+00
15.89	0.0000000e+00
15.93	0.0000000e+00
15.96	0.0000000e+00
16.00	0.0000000e+00
16.03	0.0000000e+00
16.06	0.0000000e+00
16.10	0.0000000e+00
16.13	0.0000000e+00
16.17	0.0000000e+00
16.20	0.0000000e+00
16.23	0.0000000e+00
16.27	0.0000000e+00
16.30	0.0000000e+00
16.34	0.0000000e+00
16.37	0.0000000e+00
16.40	0.0000000e+00
16.44	0.0000000e+00
16.47	0.0000000e+00
16.51	0.0000000e+00
16.54	0.0000000e+00
16.58	0.0000000e+00
16.61	0.0000000e+00
16.64	0.0000000e+00
16.68	0.0000000e+00
16.71	0.0000000e+00
16.75	0.0000000e+00
16.78	0.0000000e+00
16.81	0.0000000e+00
16.85	0.0000000e+00
16.88	0.0000000e+00
16.92	0.0000000e+00
16.95	0.0000000e+00
16.98	0.0000000e+00
17.02	0.0000000e+00
17.05	0.0000000e+00
17.09	0.0000000e+00
17.12	0.0000000e+00
17.15	0.0000000e+00
17.19	0.0000000e+00
17.22	0.0000000e+00
17.26	0.0000000e+00
17.29	0.0000000e+00
17.32	0.0000000e+00
17.36	0.0000000e+00
17.39	2.4886614e-267
17.43	3.3272175e-247
17.46	1.3409192e-228
17.49	2.1217102e-211
17.53	1.6827947e-195
17.56	8.3856006e-181
17.60	3.2351329e-167
17.63	1.1720900e-154
17.67	4.7672942e-143
17.70	2.5674906e-132
17.73	2.1327959e-122
17.77	3.1468262e-113
17.80	9.3958883e-105
17.84	6.4051754e-97
17.87	1.1145233e-89
17.90	5.4877915e-83
17.94	8.4113545e-77
17.97	4.3831145e-71
18.01	8.4246453e-66
18.04	6.4403333e-61
18.07	2.0995346e-56
18.11	3.1130497e-52
18.14	2.2283339e-48
18.18	8.1365482e-45
18.21	1.5947746e-41
18.24	1.7588387e-38
18.28	1.1401169e-35
18.31	4.5224692e-33
18.35	1.1394502e-30
18.38	1.8874829e-28
18.41	2.1222121e-26
18.45	1.6681043e-24
18.48	9.4196709e-23
18.52	3.9191058e-21
18.55	1.2297468e-19
18.59	2.9737215e-18
18.62	5.6534814e-17
18.65	8.6076984e-16
18.69	1.0676659e-14
18.72	1.0960364e-13
18.76	9.4493686e-13
18.79	6.9348406e-12
18.82	4.3868093e-11
18.86	2.4196297e-10
18.89	1.1761465e-09
18.93	5.0880559e-09
18.96	1.9767433e-08
18.99	6.9545888e-08
19.03	2.2327135e-07
19.06	6.5867291e-07
19.10	1.7969887e-06
19.13	4.5599318e-06
19.16	1.0817912e-05
19.20	2.4102563e-05
19.23	5.0627527e-05
19.27	1.0056508e-04
19.30	1.8930723e-04
19.33	3.3801345e-04
19.37	5.7202006e-04
19.40	9.1475461e-04
19.44	1.3747679e-03
19.47	1.9282811e-03
19.51	2.5155871e-03
19.54	3.0931009e-03
19.57	3.6636625e-03
19.61	4.2345517e-03
19.64	4.8125022e-03
19.68	5.4038222e-03
19.71	6.0145013e-03
19.74	6.6503049e-03
19.78	7.3168598e-03
19.81	8.0197305e-03
19.85	8.7644898e-03
19.88	9.5567836e-03
19.91	1.0402392e-02
19.95	1.1307288e-02
19.98	1.2277690e-02
20.02	1.3320121e-02
20.05	1.4441458e-02
20.08	1.5648988e-02
20.12	1.6950462e-02
20.15	1.8354148e-02
20.19	1.9868892e-02
20.22	2.1504177e-02
20.25	2.3270182e-02
20.29	2.5177851e-02
20.32	2.7238960e-02
20.36	2.9466191e-02
20.39	3.1873210e-02
20.42	3.4474751e-02
20.46	3.7286701e-02
20.49	4.0326201e-02
20.53	4.3611741e-02
20.56	4.7163271e-02
20.60	5.1002320e-02
20.63	5.5152114e-02
20.66	5.9637716e-02
20.70	6.4486163e-02
20.73	6.9726623e-02
20.77	7.5390554e-02
20.80	8.1511881e-02
20.83	8.8127184e-02
20.87	9.5275892e-02
20.90	1.0300050e-01
20.94	1.1134678e-01
20.97	1.2036406e-01
21.00	1.3010542e-01
21.04	1.4062802e-01
21.07	1.5199334e-01
21.11	1.6426750e-01
21.14	1.7752161e-01
21.17	1.9183204e-01
21.21	2.0728081e-01
21.24	2.2395597e-01
21.28	2.4195193e-01
21.31	2.6136993e-01
21.34	2.8231838e-01
21.38	3.0491331e-01
21.41	3.2927881e-01
21.45	3.5554744e-01
21.48	3.8386071e-01
21.52	4.1436948e-01
21.55	4.4723442e-01
21.58	4.8262642e-01
21.62	5.2072703e-01
21.65	5.6172877e-01
21.69	6.0583557e-01
21.72	6.5326301e-01
21.75	7.0423861e-01
21.79	7.5900199e-01
21.82	8.1780501e-01
21.86	8.8091175e-01
21.89	9.4859844e-01
21.92	1.0211532e+00
21.96	1.0988758e+00
21.99	1.1820770e+00
22.03	1.2710777e+00
22.06	1.3662086e+00
22.09	1.4678085e+00
22.13	1.5762232e+00
22.16	1.6918038e+00
22.20	1.8149053e+00
22.23	1.9458837e+00
22.26	2.0850945e+00
22.30	2.2328893e+00
22.33	2.3896136e+00
22.37	2.5556030e+00
22.40	2.7311803e+00
22.43	2.9166519e+00
22.47	3.1123038e+00
22.50	3.3183979e+00
22.54	3.5351682e+00
22.57	3.7628169e+00
22.61	4.0015101e+00
22.64	4.2513745e+00
22.67	4.5124938e+00
22.71	4.7849050e+00
22.74	5.0685960e+00
22.78	5.3635025e+00
22.81	5.6695064e+00
22.84	5.9864338e+00
22.88	6.3140543e+00
22.91	6.6520808e+00
22.95	7.0001691e+00
22.98	7.3579199e+00
23.01	7.7248792e+00
23.05	8.1005417e+00
23.08	8.4843530e+00
23.12	8.8757130e+00
23.15	9.2739804e+00
23.18	9.6784768e+00
23.22	1.0088491e+01
23.25	1.0503287e+01
23.29	1.0922103e+01
23.32	1.1344165e+01
23.35	1.1768686e+01
23.39	1.2194877e+01
23.42	1.2621945e+01
23.46	1.3049107e+01
23.49	1.3475590e+01
23.53	1.3900635e+01
23.56	1.4323506e+01
23.59	1.4743490e+01
23.63	1.5159903e+01
23.66	1.5572090e+01
23.70	1.5979433e+01
23.73	1.6381351e+01
23.76	1.6777299e+01
23.80	1.7166773e+01
23.83	1.7549312e+01
23.87	1.7924494e+01
23.90	1.8291941e+01
23.93	1.8651317e+01
23.97	1.9002325e+01
24.00	1.9344712e+01
24.04	1.9678264e+01
24.07	2.0002804e+01
24.10	2.0318194e+01
24.14	2.0624332e+01
24.17	2.0921149e+01
24.21	2.1208607e+01
24.24	2.1486701e+01
24.27	2.1755451e+01
24.31	2.2014908e+01
24.34	2.2265142e+01
24.38	2.2506248e+01
24.41	2.2738341e+01
24.44	2.2961554e+01
24.48	2.3176037e+01
24.51	2.3381954e+01
24.55	2.3579481e+01
24.58	2.3768807e+01
24.62	2.3950130e+01
24.65	2.4123654e+01
24.68	2.4289591e+01
24.72	2.4448159e+01
24.75	2.4599579e+01
24.79	2.4744074e+01
24.82	2.4881871e+01
24.85	2.5013194e+01
24.89	2.5138271e+01
24.92	2.5257326e+01
24.96	2.5370583e+01
24.99	2.5478263e+01
25.02	2.5580582e+01
25.06	2.5677757e+01
25.09	2.5769996e+01
25.13	2.5857507e+01
25.16	2.5940490e+01
25.19	2.6019142e+01
25.23	2.6093655e+01
25.26	2.6164214e+01
25.30	2.6230999e+01
25.33	2.6294186e+01
25.36	2.6353943e+01
25.40	2.6410433e+01
25.43	2.6463814e+01
25.47	2.6514238e+01
25.50	2.6561851e+01
25.54	2.6606793e+01
25.57	2.6649199e+01
25.60	2.6689199e+01
25.64	2.6726916e+01
25.67	2.6762469e+01
25.71	2.6795972e+01
25.74	2.6827533e+01
25.77	2.6857256e+01
25.81	2.6885240e+01
25.84	2.6911578e+01
25.88	2.6936362e+01
25.91	2.6959675e+01
25.94	2.6981601e+01
25.98	2.7002216e+01
26.01	2.7021593e+01
26.05	2.7039802e+01
26.08	2.7056911e+01
26.11	2.7072980e+01
26.15	2.7088072e+01
26.18	2.7102240e+01
26.22	2.7115541e+01
26.25	2.7128022e+01
26.28	2.7139734e+01
26.32	2.7150721e+01
26.35	2.7161026e+01
26.39	2.7170689e+01
26.42	2.7179749e+01
26.45	2.7188242e+01
26.49	2.7196202e+01
26.52	2.7203661e+01
26.56	2.7210649e+01
26.59	2.7217196e+01
26.63	2.7223327e+01
26.66	2.7229069e+01
26.69	2.7234445e+01
26.73	2.7239478e+01
26.76	2.7244188e+01
26.80	2.7248597e+01
26.83	2.7252723e+01
26.86	2.7256583e+01
26.90	2.7260194e+01
26.93	2.7263572e+01
26.97	2.7266731e+01
27.00	2.7269686e+01
