# NeutrinoAntineutrinoInteraction/NeutrinoiAntineutrinojTauAntielectron interaction rates
# neutrino field: massive Cosmic Neutrino Background, T_CnuB = 1.94535456 K
# Produced with crpropa-data version: 60a1560e37035039ec25f414e0c42a2444bad49c
# log10(E/eV), 1/lambda [1/Mpc]
15.59	0.0000000e+00
15.62	0.0000000e+00
15.66	0.0000000e+00
15.69	0.0000000e+00
15.72	0.0000000e+00
15.76	0.0000000e+00
15.79	0.0000000e+00
15.83	0.0000000e+00
15.86	0.0000000e+00
15.89	0.0000000e+00
15.93	0.0000000e+00
15.96	0.0000000e+00
16.00	0.0000000e+00
16.03	0.0000000e+00
16.06	0.0000000e+00
16.10	0.0000000e+00
16.13	0.0000000e+00
16.17	0.0000000e+00
16.20	0.0000000e+00
16.23	0.0000000e+00
16.27	0.0000000e+00
16.30	0.0000000e+00
16.34	0.0000000e+00
16.37	0.0000000e+00
16.40	0.0000000e+00
16.44	0.0000000e+00
16.47	0.0000000e+00
16.51	0.0000000e+00
16.54	0.0000000e+00
16.58	0.0000000e+00
16.61	0.0000000e+00
16.64	0.0000000e+00
16.68	0.0000000e+00
16.71	0.0000000e+00
16.75	0.0000000e+00
16.78	0.0000000e+00
16.81	0.0000000e+00
16.85	0.0000000e+00
16.88	0.0000000e+00
16.92	0.0000000e+00
16.95	0.0000000e+00
16.98	0.0000000e+00
17.02	0.0000000e+00
17.05	0.0000000e+00
17.09	0.0000000e+00
17.12	0.0000000e+00
17.15	0.0000000e+00
17.19	0.0000000e+00
17.22	0.0000000e+00
17.26	0.0000000e+00
17.29	0.0000000e+00
17.32	0.0000000e+00
17.36	0.0000000e+00
17.39	0.0000000e+00
17.43	0.0000000e+00
17.46	0.0000000e+00
17.49	0.0000000e+00
17.53	0.0000000e+00
17.56	1.3657032e-267
17.60	1.6124513e-247
17.63	5.7961397e-229
17.67	8.2558695e-212
17.70	5.9453370e-196
17.73	2.7115483e-181
17.77	9.6459478e-168
17.80	3.2448706e-155
17.84	1.2334077e-143
17.87	6.2456032e-133
17.90	4.9058246e-123
17.94	6.8809413e-114
17.97	1.9629231e-105
18.01	1.2845195e-97
18.04	2.1551881e-90
18.07	1.0275946e-83
18.11	1.5313372e-77
18.14	7.7882830e-72
18.18	1.4664538e-66
18.21	1.1021139e-61
18.24	3.5443316e-57
18.28	5.2016228e-53
18.31	3.6973205e-49
18.35	1.3448853e-45
18.38	2.6341796e-42
18.41	2.9121994e-39
18.45	1.8981610e-36
18.48	7.5942466e-34
18.52	1.9358408e-31
18.55	3.2543958e-29
18.59	3.7252016e-27
18.62	2.9904428e-25
18.65	1.7302058e-23
18.69	7.3998211e-22
18.72	2.3948108e-20
18.76	5.9931420e-19
18.79	1.1832481e-17
18.82	1.8775367e-16
18.86	2.4358027e-15
18.89	2.6249770e-14
18.93	2.3845439e-13
18.96	1.8508075e-12
18.99	1.2428453e-11
19.03	7.3041146e-11
19.06	3.7966553e-10
19.10	1.7624510e-09
19.13	7.3711680e-09
19.16	2.7996547e-08
19.20	9.7248346e-08
19.23	3.1082642e-07
19.27	9.1873397e-07
19.30	2.5205397e-06
19.33	6.4302068e-06
19.37	1.5238721e-05
19.40	3.3353291e-05
19.44	6.6468197e-05
19.47	1.1743389e-04
19.51	1.7836799e-04
19.54	2.3814751e-04
19.57	2.9623621e-04
19.61	3.5344952e-04
19.64	4.1053091e-04
19.68	4.6816614e-04
19.71	5.2699566e-04
19.74	5.8762567e-04
19.78	6.5063780e-04
19.81	7.1659789e-04
19.85	7.8606385e-04
19.88	8.5959281e-04
19.91	9.3774776e-04
19.95	1.0211037e-03
19.98	1.1102537e-03
20.02	1.2058141e-03
20.05	1.3084305e-03
20.08	1.4187825e-03
20.12	1.5375898e-03
20.15	1.6656170e-03
20.19	1.8036797e-03
20.22	1.9526495e-03
20.25	2.1134605e-03
20.29	2.2871152e-03
20.32	2.4746910e-03
20.36	2.6773472e-03
20.39	2.8963320e-03
20.42	3.1329903e-03
20.46	3.3887720e-03
20.49	3.6652407e-03
20.53	3.9640829e-03
20.56	4.2871182e-03
20.60	4.6363101e-03
20.63	5.0137770e-03
20.66	5.4218052e-03
20.70	5.8628613e-03
20.73	6.3396069e-03
20.77	6.8549135e-03
20.80	7.4118783e-03
20.83	8.0138421e-03
20.87	8.6644073e-03
20.90	9.3674576e-03
20.94	1.0127179e-02
20.97	1.0948083e-02
21.00	1.1835029e-02
21.04	1.2793251e-02
21.07	1.3828383e-02
21.11	1.4946489e-02
21.14	1.6154092e-02
21.17	1.7458207e-02
21.21	1.8866374e-02
21.24	2.0386690e-02
21.28	2.2027851e-02
21.31	2.3799188e-02
21.34	2.5710707e-02
21.38	2.7773128e-02
21.41	2.9997933e-02
21.45	3.2397406e-02
21.48	3.4984676e-02
21.52	3.7773767e-02
21.55	4.0779640e-02
21.58	4.4018240e-02
21.62	4.7506537e-02
21.65	5.1262575e-02
21.69	5.5305505e-02
21.72	5.9655630e-02
21.75	6.4334435e-02
21.79	6.9364616e-02
21.82	7.4770107e-02
21.86	8.0576088e-02
21.89	8.6808999e-02
21.92	9.3496533e-02
21.96	1.0066762e-01
21.99	1.0835239e-01
22.03	1.1658216e-01
22.06	1.2538930e-01
22.09	1.3480724e-01
22.13	1.4487031e-01
22.16	1.5561360e-01
22.20	1.6707285e-01
22.23	1.7928427e-01
22.26	1.9228431e-01
22.30	2.0610941e-01
22.33	2.2079582e-01
22.37	2.3637921e-01
22.40	2.5289443e-01
22.43	2.7037516e-01
22.47	2.8885351e-01
22.50	3.0835968e-01
22.54	3.2892156e-01
22.57	3.5056431e-01
22.61	3.7330997e-01
22.64	3.9717706e-01
22.67	4.2218014e-01
22.71	4.4832951e-01
22.74	4.7563079e-01
22.78	5.0408461e-01
22.81	5.3368637e-01
22.84	5.6442595e-01
22.88	5.9628759e-01
22.91	6.2924969e-01
22.95	6.6328483e-01
22.98	6.9835974e-01
23.01	7.3443535e-01
23.05	7.7146699e-01
23.08	8.0940457e-01
23.12	8.4819286e-01
23.15	8.8777185e-01
23.18	9.2807712e-01
23.22	9.6904030e-01
23.25	1.0105896e+00
23.29	1.0526502e+00
23.32	1.0951449e+00
23.35	1.1379949e+00
23.39	1.1811198e+00
23.42	1.2244389e+00
23.46	1.2678711e+00
23.49	1.3113359e+00
23.53	1.3547540e+00
23.56	1.3980472e+00
23.59	1.4411396e+00
23.63	1.4839576e+00
23.66	1.5264303e+00
23.70	1.5684901e+00
23.73	1.6100728e+00
23.76	1.6511178e+00
23.80	1.6915687e+00
23.83	1.7313728e+00
23.87	1.7704819e+00
23.90	1.8088518e+00
23.93	1.8464430e+00
23.97	1.8832198e+00
24.00	1.9191512e+00
24.04	1.9542102e+00
24.07	1.9883739e+00
24.10	2.0216234e+00
24.14	2.0539439e+00
24.17	2.0853238e+00
24.21	2.1157554e+00
24.24	2.1452342e+00
24.27	2.1737588e+00
24.31	2.2013309e+00
24.34	2.2279548e+00
24.38	2.2536372e+00
24.41	2.2783874e+00
24.44	2.3022167e+00
24.48	2.3251381e+00
24.51	2.3471667e+00
24.55	2.3683188e+00
24.58	2.3886122e+00
24.62	2.4080659e+00
24.65	2.4266998e+00
24.68	2.4445347e+00
24.72	2.4615921e+00
24.75	2.4778940e+00
24.79	2.4934629e+00
24.82	2.5083216e+00
24.85	2.5224930e+00
24.89	2.5360002e+00
24.92	2.5488662e+00
24.96	2.5611140e+00
24.99	2.5727665e+00
25.02	2.5838461e+00
25.06	2.5943752e+00
25.09	2.6043757e+00
25.13	2.6138692e+00
25.16	2.6228767e+00
25.19	2.6314188e+00
25.23	2.6395158e+00
25.26	2.6471871e+00
25.30	2.6544519e+00
25.33	2.6613287e+00
25.36	2.6678354e+00
25.40	2.6739892e+00
25.43	2.6798070e+00
25.47	2.6853050e+00
25.50	2.6904987e+00
25.54	2.6954031e+00
25.57	2.7000327e+00
25.60	2.7044012e+00
25.64	2.7085221e+00
25.67	2.7124080e+00
25.71	2.7160712e+00
25.74	2.7195232e+00
25.77	2.7227753e+00
25.81	2.7258382e+00
25.84	2.7287219e+00
25.88	2.7314363e+00
25.91	2.7339904e+00
25.94	2.7363933e+00
25.98	2.7386531e+00
26.01	2.7407779e+00
26.05	2.7427752e+00
26.08	2.7446522e+00
26.11	2.7464158e+00
26.15	2.7480724e+00
26.18	2.7496281e+00
26.22	2.7510888e+00
26.25	2.7524600e+00
26.28	2.7537469e+00
26.32	2.7549544e+00
26.35	2.7560871e+00
26.39	2.7571496e+00
26.42	2.7581460e+00
26.45	2.7590802e+00
26.49	2.7599560e+00
26.52	2.7607768e+00
26.56	2.7615460e+00
26.59	2.7622667e+00
26.63	2.7629418e+00
26.66	2.7635741e+00
26.69	2.7641663e+00
26.73	2.7647207e+00
26.76	2.7652398e+00
26.80	2.7657256e+00
26.83	2.7661804e+00
26.86	2.7666059e+00
26.90	2.7670040e+00
26.93	2.7673765e+00
26.97	2.7677249e+00
27.00	2.7680508e+00
