# NeutrinoAntineutrinoInteraction/NeutrinoiAntineutrinojTauAntielectron interaction rates
# neutrino field: massive Cosmic Neutrino Background, T_CnuB = 1.94535456 K
# Produced with crpropa-data version: 60a1560e37035039ec25f414e0c42a2444bad49c
# log10(E/eV), 1/lambda [1/Mpc]
15.31	0.0000000e+00
15.35	0.0000000e+00
15.38	0.0000000e+00
15.42	0.0000000e+00
15.45	0.0000000e+00
15.48	0.0000000e+00
15.52	0.0000000e+00
15.55	0.0000000e+00
15.59	0.0000000e+00
15.62	0.0000000e+00
15.66	0.0000000e+00
15.69	0.0000000e+00
15.72	0.0000000e+00
15.76	0.0000000e+00
15.79	0.0000000e+00
15.83	0.0000000e+00
15.86	0.0000000e+00
15.89	0.0000000e+00
15.93	0.0000000e+00
15.96	0.0000000e+00
16.00	0.0000000e+00
16.03	0.0000000e+00
16.06	0.0000000e+00
16.10	0.0000000e+00
16.13	0.0000000e+00
16.17	0.0000000e+00
16.20	0.0000000e+00
16.23	0.0000000e+00
16.27	0.0000000e+00
16.30	0.0000000e+00
16.34	0.0000000e+00
16.37	0.0000000e+00
16.40	0.0000000e+00
16.44	0.0000000e+00
16.47	0.0000000e+00
16.51	0.0000000e+00
16.54	0.0000000e+00
16.58	0.0000000e+00
16.61	0.0000000e+00
16.64	0.0000000e+00
16.68	0.0000000e+00
16.71	0.0000000e+00
16.75	0.0000000e+00
16.78	0.0000000e+00
16.81	0.0000000e+00
16.85	0.0000000e+00
16.88	0.0000000e+00
16.92	0.0000000e+00
16.95	0.0000000e+00
16.98	0.0000000e+00
17.02	0.0000000e+00
17.05	0.0000000e+00
17.09	0.0000000e+00
17.12	0.0000000e+00
17.15	0.0000000e+00
17.19	0.0000000e+00
17.22	0.0000000e+00
17.26	6.7441162e-276
17.29	4.5182914e-255
17.32	8.0764386e-236
17.36	5.0629217e-218
17.39	1.4331750e-201
17.43	2.3142622e-186
17.46	2.6459551e-172
17.49	2.6155943e-159
17.53	2.6890083e-147
17.56	3.4104509e-136
17.60	6.2488239e-126
17.63	1.9140244e-116
17.67	1.1216891e-107
17.70	1.4248352e-99
17.73	4.4027799e-92
17.77	3.6819911e-85
17.80	9.1973055e-79
17.84	7.5172395e-73
17.87	2.1871911e-67
17.90	2.4490327e-62
17.94	1.1341685e-57
17.97	2.3220453e-53
18.01	2.2352514e-49
18.04	1.0709750e-45
18.07	2.6921463e-42
18.11	3.7275958e-39
18.14	2.9738539e-36
18.18	1.4251048e-33
18.21	4.2630758e-31
18.24	8.2489968e-29
18.28	1.0670109e-26
18.31	9.5112405e-25
18.35	6.0092643e-23
18.38	2.7619523e-21
18.41	9.4594472e-20
18.45	2.4684676e-18
18.48	5.0099276e-17
18.52	8.0600147e-16
18.55	1.0461097e-14
18.59	1.1133147e-13
18.62	9.8625514e-13
18.65	7.3744879e-12
18.69	4.7144681e-11
18.72	2.6077115e-10
18.76	1.2618064e-09
18.79	5.3957822e-09
18.82	2.0584292e-08
18.86	7.0668000e-08
18.89	2.2009892e-07
18.93	6.2656064e-07
18.96	1.6415682e-06
18.99	3.9836668e-06
19.03	9.0075533e-06
19.06	1.9081455e-05
19.10	3.8062887e-05
19.13	7.1832227e-05
19.16	1.2881162e-04
19.20	2.2037366e-04
19.23	3.6103933e-04
19.27	5.6838245e-04
19.30	8.6259751e-04
19.33	1.2657401e-03
19.37	1.8007051e-03
19.40	2.4900514e-03
19.44	3.3548122e-03
19.47	4.4134287e-03
19.51	5.6809331e-03
19.54	7.1684654e-03
19.57	8.8831674e-03
19.61	1.0828448e-02
19.64	1.3004569e-02
19.68	1.5409484e-02
19.71	1.8039817e-02
19.74	2.0891903e-02
19.78	2.3962793e-02
19.81	2.7251160e-02
19.85	3.0758051e-02
19.88	3.4487486e-02
19.91	3.8446873e-02
19.95	4.2647285e-02
19.98	4.7103592e-02
20.02	5.1834515e-02
20.05	5.6862594e-02
20.08	6.2214133e-02
20.12	6.7919125e-02
20.15	7.4011193e-02
20.19	8.0527555e-02
20.22	8.7509030e-02
20.25	9.5000115e-02
20.29	1.0304922e-01
20.32	1.1170886e-01
20.36	1.2103502e-01
20.39	1.3108731e-01
20.42	1.4192928e-01
20.46	1.5362897e-01
20.49	1.6625926e-01
20.53	1.7989842e-01
20.56	1.9463055e-01
20.60	2.1054613e-01
20.63	2.2774255e-01
20.66	2.4632472e-01
20.70	2.6640567e-01
20.73	2.8810725e-01
20.77	3.1156078e-01
20.80	3.3690785e-01
20.83	3.6430113e-01
20.87	3.9390517e-01
20.90	4.2589738e-01
20.94	4.6046899e-01
20.97	4.9782608e-01
21.00	5.3819067e-01
21.04	5.8180194e-01
21.07	6.2891749e-01
21.11	6.7981460e-01
21.14	7.3479172e-01
21.17	7.9416992e-01
21.21	8.5829448e-01
21.24	9.2753654e-01
21.28	1.0022949e+00
21.31	1.0829976e+00
21.34	1.1701044e+00
21.38	1.2641081e+00
21.41	1.3655371e+00
21.45	1.4749572e+00
21.48	1.5929743e+00
21.52	1.7202360e+00
21.55	1.8574345e+00
21.58	2.0053086e+00
21.62	2.1646461e+00
21.65	2.3362862e+00
21.69	2.5211219e+00
21.72	2.7201018e+00
21.75	2.9342327e+00
21.79	3.1645815e+00
21.82	3.4122765e+00
21.86	3.6785098e+00
21.89	3.9645379e+00
21.92	4.2716828e+00
21.96	4.6013327e+00
21.99	4.9549420e+00
22.03	5.3340305e+00
22.06	5.7401826e+00
22.09	6.1750452e+00
22.13	6.6403254e+00
22.16	7.1377866e+00
22.20	7.6692443e+00
22.23	8.2365606e+00
22.26	8.8416375e+00
22.30	9.4864097e+00
22.33	1.0172835e+01
22.37	1.0902885e+01
22.40	1.1678533e+01
22.43	1.2501743e+01
22.47	1.3374453e+01
22.50	1.4298563e+01
22.54	1.5275920e+01
22.57	1.6308296e+01
22.61	1.7397377e+01
22.64	1.8544737e+01
22.67	1.9751829e+01
22.71	2.1019957e+01
22.74	2.2350262e+01
22.78	2.3743701e+01
22.81	2.5201031e+01
22.84	2.6722791e+01
22.88	2.8309286e+01
22.91	2.9960569e+01
22.95	3.1676436e+01
22.98	3.3456406e+01
23.01	3.5299718e+01
23.05	3.7205323e+01
23.08	3.9171882e+01
23.12	4.1197763e+01
23.15	4.3281042e+01
23.18	4.5419512e+01
23.22	4.7610689e+01
23.25	4.9851820e+01
23.29	5.2139900e+01
23.32	5.4471687e+01
23.35	5.6843721e+01
23.39	5.9252342e+01
23.42	6.1693716e+01
23.46	6.4163856e+01
23.49	6.6658651e+01
23.53	6.9173889e+01
23.56	7.1705287e+01
23.59	7.4248513e+01
23.63	7.6799222e+01
23.66	7.9353073e+01
23.70	8.1905762e+01
23.73	8.4453045e+01
23.76	8.6990761e+01
23.80	8.9514855e+01
23.83	9.2021400e+01
23.87	9.4506613e+01
23.90	9.6966876e+01
23.93	9.9398746e+01
23.97	1.0179897e+02
24.00	1.0416451e+02
24.04	1.0649252e+02
24.07	1.0878037e+02
24.10	1.1102566e+02
24.14	1.1322623e+02
24.17	1.1538011e+02
24.21	1.1748558e+02
24.24	1.1954113e+02
24.27	1.2154546e+02
24.31	1.2349752e+02
24.34	1.2539641e+02
24.38	1.2724148e+02
24.41	1.2903223e+02
24.44	1.3076838e+02
24.48	1.3244979e+02
24.51	1.3407650e+02
24.55	1.3564869e+02
24.58	1.3716669e+02
24.62	1.3863097e+02
24.65	1.4004210e+02
24.68	1.4140077e+02
24.72	1.4270778e+02
24.75	1.4396399e+02
24.79	1.4517038e+02
24.82	1.4632796e+02
24.85	1.4743783e+02
24.89	1.4850113e+02
24.92	1.4951905e+02
24.96	1.5049281e+02
24.99	1.5142366e+02
25.02	1.5231287e+02
25.06	1.5316174e+02
25.09	1.5397156e+02
25.13	1.5474364e+02
25.16	1.5547927e+02
25.19	1.5617976e+02
25.23	1.5684640e+02
25.26	1.5748045e+02
25.30	1.5808317e+02
25.33	1.5865581e+02
25.36	1.5919958e+02
25.40	1.5971566e+02
25.43	1.6020524e+02
25.47	1.6066944e+02
25.50	1.6110937e+02
25.54	1.6152611e+02
25.57	1.6192071e+02
25.60	1.6229418e+02
25.64	1.6264750e+02
25.67	1.6298163e+02
25.71	1.6329749e+02
25.74	1.6359594e+02
25.77	1.6387785e+02
25.81	1.6414404e+02
25.84	1.6439529e+02
25.88	1.6463236e+02
25.91	1.6485598e+02
25.94	1.6506683e+02
25.98	1.6526558e+02
26.01	1.6545286e+02
26.05	1.6562930e+02
26.08	1.6579545e+02
26.11	1.6595189e+02
26.15	1.6609912e+02
26.18	1.6623767e+02
26.22	1.6636800e+02
26.25	1.6649057e+02
26.28	1.6660581e+02
26.32	1.6671414e+02
26.35	1.6681594e+02
26.39	1.6691159e+02
26.42	1.6700143e+02
26.45	1.6708580e+02
26.49	1.6716501e+02
26.52	1.6723937e+02
26.56	1.6730916e+02
26.59	1.6737464e+02
26.63	1.6743607e+02
26.66	1.6749369e+02
26.69	1.6754772e+02
26.73	1.6759838e+02
26.76	1.6764587e+02
26.80	1.6769038e+02
26.83	1.6773209e+02
26.86	1.6777117e+02
26.90	1.6780778e+02
26.93	1.6784207e+02
26.97	1.6787418e+02
27.00	1.6790424e+02
