# NeutrinoAntineutrinoInteraction/NeutrinoiAntineutrinojTauAntielectron interaction rates
# neutrino field: massive Cosmic Neutrino Background, T_CnuB = 1.94535456 K
# Produced with crpropa-data version: 60a1560e37035039ec25f414e0c42a2444bad49c
# log10(E/eV), 1/lambda [1/Mpc]
15.72	0.0000000e+00
15.76	0.0000000e+00
15.79	0.0000000e+00
15.83	0.0000000e+00
15.86	0.0000000e+00
15.89	0.0000000e+00
15.93	0.0000000e+00
15.96	0.0000000e+00
16.00	0.0000000e+00
16.03	0.0000000e+00
16.06	0.0000000e+00
16.10	0.0000000e+00
16.13	0.0000000e+00
16.17	0.0000000e+00
16.20	0.0000000e+00
16.23	0.0000000e+00
16.27	0.0000000e+00
16.30	0.0000000e+00
16.34	0.0000000e+00
16.37	0.0000000e+00
16.40	0.0000000e+00
16.44	0.0000000e+00
16.47	0.0000000e+00
16.51	0.0000000e+00
16.54	0.0000000e+00
16.58	0.0000000e+00
16.61	0.0000000e+00
16.64	0.0000000e+00
16.68	0.0000000e+00
16.71	0.0000000e+00
16.75	0.0000000e+00
16.78	0.0000000e+00
16.81	0.0000000e+00
16.85	0.0000000e+00
16.88	0.0000000e+00
16.92	0.0000000e+00
16.95	0.0000000e+00
16.98	0.0000000e+00
17.02	0.0000000e+00
17.05	0.0000000e+00
17.09	0.0000000e+00
17.12	0.0000000e+00
17.15	0.0000000e+00
17.19	0.0000000e+00
17.22	0.0000000e+00
17.26	0.0000000e+00
17.29	0.0000000e+00
17.32	0.0000000e+00
17.36	0.0000000e+00
17.39	0.0000000e+00
17.43	0.0000000e+00
17.46	0.0000000e+00
17.49	0.0000000e+00
17.53	0.0000000e+00
17.56	0.0000000e+00
17.60	0.0000000e+00
17.63	0.0000000e+00
17.67	2.9932148e-278
17.70	1.9720727e-257
17.73	3.4711312e-238
17.77	2.1452616e-220
17.80	5.9936806e-204
17.84	9.5625714e-189
17.87	1.0812658e-174
17.90	1.0580317e-161
17.94	1.0776106e-149
17.97	1.3550678e-138
18.01	2.4634404e-128
18.04	7.4916897e-119
18.07	4.3618230e-110
18.11	5.5078296e-102
18.14	1.6927940e-94
18.18	1.4087942e-87
18.21	3.5036947e-81
18.24	2.8525023e-75
18.28	8.2707837e-70
18.31	9.2326745e-65
18.35	4.2643769e-60
18.38	8.7108025e-56
18.41	8.3691439e-52
18.45	4.0036215e-48
18.48	1.0051670e-44
18.52	1.3905186e-41
18.55	1.1087027e-38
18.59	5.3116075e-36
18.62	1.5889854e-33
18.65	3.0757287e-31
18.69	3.9810449e-29
18.72	3.5520364e-27
18.76	2.2470056e-25
18.79	1.0343619e-23
18.82	3.5491719e-22
18.86	9.2816684e-21
18.89	1.8884301e-19
18.93	3.0465683e-18
18.96	3.9663776e-17
18.99	4.2355903e-16
19.03	3.7661974e-15
19.06	2.8275028e-14
19.10	1.8155216e-13
19.13	1.0089417e-12
19.16	4.9065561e-12
19.20	2.1093778e-11
19.23	8.0925958e-11
19.27	2.7948544e-10
19.30	8.7592397e-10
19.33	2.5098332e-09
19.37	6.6204384e-09
19.40	1.6179283e-08
19.44	3.6848616e-08
19.47	7.8639019e-08
19.51	1.5805069e-07
19.54	3.0054955e-07
19.57	5.4307819e-07
19.61	9.3617340e-07
19.64	1.5451996e-06
19.68	2.4502399e-06
19.71	3.7443193e-06
19.74	5.5298481e-06
19.78	7.9134281e-06
19.81	1.0999414e-05
19.85	1.4882826e-05
19.88	1.9642357e-05
19.91	2.5334234e-05
19.95	3.1987709e-05
19.98	3.9602793e-05
20.02	4.8150681e-05
20.05	5.7577098e-05
20.08	6.7808484e-05
20.12	7.8760660e-05
20.15	9.0349380e-05
20.19	1.0250196e-04
20.22	1.1516929e-04
20.25	1.2833816e-04
20.29	1.4204892e-04
20.32	1.5640643e-04
20.36	1.7153158e-04
20.39	1.8754528e-04
20.42	2.0456977e-04
20.46	2.2272995e-04
20.49	2.4215467e-04
20.53	2.6297793e-04
20.56	2.8534008e-04
20.60	3.0938895e-04
20.63	3.3528101e-04
20.66	3.6318261e-04
20.70	3.9327107e-04
20.73	4.2573599e-04
20.77	4.6078051e-04
20.80	4.9862260e-04
20.83	5.3949650e-04
20.87	5.8365418e-04
20.90	6.3136691e-04
20.94	6.8292689e-04
20.97	7.3864905e-04
21.00	7.9887288e-04
21.04	8.6396449e-04
21.07	9.3431871e-04
21.11	1.0103614e-03
21.14	1.0925519e-03
21.17	1.1813856e-03
21.21	1.2773967e-03
21.24	1.3811616e-03
21.28	1.4933013e-03
21.31	1.6144857e-03
21.34	1.7454363e-03
21.38	1.8869312e-03
21.41	2.0398079e-03
21.45	2.2049690e-03
21.48	2.3833857e-03
21.52	2.5761034e-03
21.55	2.7842470e-03
21.58	3.0090256e-03
21.62	3.2517393e-03
21.65	3.5137844e-03
21.69	3.7966606e-03
21.72	4.1019769e-03
21.75	4.4314590e-03
21.79	4.7869563e-03
21.82	5.1704497e-03
21.86	5.5840585e-03
21.89	6.0300491e-03
21.92	6.5108425e-03
21.96	7.0290220e-03
21.99	7.5873420e-03
22.03	8.1887354e-03
22.06	8.8363214e-03
22.09	9.5334132e-03
22.13	1.0283525e-02
22.16	1.1090378e-02
22.20	1.1957907e-02
22.23	1.2890266e-02
22.26	1.3891829e-02
22.30	1.4967195e-02
22.33	1.6121189e-02
22.37	1.7358861e-02
22.40	1.8685480e-02
22.43	2.0106532e-02
22.47	2.1627713e-02
22.50	2.3254912e-02
22.54	2.4994203e-02
22.57	2.6851825e-02
22.61	2.8834159e-02
22.64	3.0947704e-02
22.67	3.3199047e-02
22.71	3.5594827e-02
22.74	3.8141699e-02
22.78	4.0846288e-02
22.81	4.3715146e-02
22.84	4.6754693e-02
22.88	4.9971167e-02
22.91	5.3370563e-02
22.95	5.6958569e-02
22.98	6.0740500e-02
23.01	6.4721236e-02
23.05	6.8905147e-02
23.08	7.3296031e-02
23.12	7.7897042e-02
23.15	8.2710627e-02
23.18	8.7738464e-02
23.22	9.2981402e-02
23.25	9.8439412e-02
23.29	1.0411154e-01
23.32	1.0999586e-01
23.35	1.1608946e-01
23.39	1.2238841e-01
23.42	1.2888776e-01
23.46	1.3558153e-01
23.49	1.4246272e-01
23.53	1.4952335e-01
23.56	1.5675448e-01
23.59	1.6414625e-01
23.63	1.7168794e-01
23.66	1.7936803e-01
23.70	1.8717430e-01
23.73	1.9509386e-01
23.76	2.0311326e-01
23.80	2.1121859e-01
23.83	2.1939559e-01
23.87	2.2762969e-01
23.90	2.3590616e-01
23.93	2.4421021e-01
23.97	2.5252705e-01
24.00	2.6084201e-01
24.04	2.6914065e-01
24.07	2.7740879e-01
24.10	2.8563264e-01
24.14	2.9379887e-01
24.17	3.0189465e-01
24.21	3.0990773e-01
24.24	3.1782649e-01
24.27	3.2563997e-01
24.31	3.3333793e-01
24.34	3.4091086e-01
24.38	3.4835003e-01
24.41	3.5564744e-01
24.44	3.6279590e-01
24.48	3.6978900e-01
24.51	3.7662107e-01
24.55	3.8328725e-01
24.58	3.8978338e-01
24.62	3.9610605e-01
24.65	4.0225255e-01
24.68	4.0822084e-01
24.72	4.1400951e-01
24.75	4.1961778e-01
24.79	4.2504543e-01
24.82	4.3029278e-01
24.85	4.3536066e-01
24.89	4.4025036e-01
24.92	4.4496360e-01
24.96	4.4950250e-01
24.99	4.5386952e-01
25.02	4.5806746e-01
25.06	4.6209937e-01
25.09	4.6596859e-01
25.13	4.6967866e-01
25.16	4.7323331e-01
25.19	4.7663645e-01
25.23	4.7989208e-01
25.26	4.8300435e-01
25.30	4.8597747e-01
25.33	4.8881572e-01
25.36	4.9152341e-01
25.40	4.9410488e-01
25.43	4.9656445e-01
25.47	4.9890646e-01
25.50	5.0113521e-01
25.54	5.0325493e-01
25.57	5.0526985e-01
25.60	5.0718409e-01
25.64	5.0900173e-01
25.67	5.1072675e-01
25.71	5.1236305e-01
25.74	5.1391444e-01
25.77	5.1538463e-01
25.81	5.1677723e-01
25.84	5.1809574e-01
25.88	5.1934357e-01
25.91	5.2052401e-01
25.94	5.2164022e-01
25.98	5.2269530e-01
26.01	5.2369219e-01
26.05	5.2463376e-01
26.08	5.2552273e-01
26.11	5.2636176e-01
26.15	5.2715337e-01
26.18	5.2789998e-01
26.22	5.2860393e-01
26.25	5.2926743e-01
26.28	5.2989262e-01
26.32	5.3048153e-01
26.35	5.3103609e-01
26.39	5.3155816e-01
26.42	5.3204951e-01
26.45	5.3251181e-01
26.49	5.3294667e-01
26.52	5.3335561e-01
26.56	5.3374008e-01
26.59	5.3410144e-01
26.63	5.3444101e-01
26.66	5.3476003e-01
26.69	5.3505967e-01
26.73	5.3534105e-01
26.76	5.3560521e-01
26.80	5.3585317e-01
26.83	5.3608586e-01
26.86	5.3630419e-01
26.90	5.3650899e-01
26.93	5.3670107e-01
26.97	5.3688119e-01
27.00	5.3705005e-01
