# NeutrinoAntineutrinoInteraction/NeutrinoiAntineutrinojTauAntielectron interaction rates
# neutrino field: massive Cosmic Neutrino Background, T_CnuB = 1.94535456 K
# Produced with crpropa-data version: 60a1560e37035039ec25f414e0c42a2444bad49c
# log10(E/eV), 1/lambda [1/Mpc]
15.83	0.0000000e+00
15.86	0.0000000e+00
15.89	0.0000000e+00
15.93	0.0000000e+00
15.96	0.0000000e+00
16.00	0.0000000e+00
16.03	0.0000000e+00
16.06	0.0000000e+00
16.10	0.0000000e+00
16.13	0.0000000e+00
16.17	0.0000000e+00
16.20	0.0000000e+00
16.23	0.0000000e+00
16.27	0.0000000e+00
16.30	0.0000000e+00
16.34	0.0000000e+00
16.37	0.0000000e+00
16.40	0.0000000e+00
16.44	0.0000000e+00
16.47	0.0000000e+00
16.51	0.0000000e+00
16.54	0.0000000e+00
16.58	0.0000000e+00
16.61	0.0000000e+00
16.64	0.0000000e+00
16.68	0.0000000e+00
16.71	0.0000000e+00
16.75	0.0000000e+00
16.78	0.0000000e+00
16.81	0.0000000e+00
16.85	0.0000000e+00
16.88	0.0000000e+00
16.92	0.0000000e+00
16.95	0.0000000e+00
16.98	0.0000000e+00
17.02	0.0000000e+00
17.05	0.0000000e+00
17.09	0.0000000e+00
17.12	0.0000000e+00
17.15	0.0000000e+00
17.19	0.0000000e+00
17.22	0.0000000e+00
17.26	0.0000000e+00
17.29	0.0000000e+00
17.32	0.0000000e+00
17.36	0.0000000e+00
17.39	0.0000000e+00
17.43	0.0000000e+00
17.46	0.0000000e+00
17.49	0.0000000e+00
17.53	0.0000000e+00
17.56	0.0000000e+00
17.60	0.0000000e+00
17.63	0.0000000e+00
17.67	0.0000000e+00
17.70	0.0000000e+00
17.73	0.0000000e+00
17.77	0.0000000e+00
17.80	6.8588032e-272
17.84	1.3122089e-251
17.87	7.3630259e-233
17.90	1.5814285e-215
17.94	1.6630284e-199
17.97	1.0751216e-184
18.01	5.2737171e-171
18.04	2.3843834e-158
18.07	1.1894864e-146
18.11	7.7321005e-136
18.14	7.6378591e-126
18.18	1.3216781e-116
18.21	4.5692578e-108
18.24	3.5637843e-100
18.28	7.0165146e-93
18.31	3.8689524e-86
18.35	6.5772113e-80
18.38	3.7673407e-74
18.41	7.8928173e-69
18.45	6.5253418e-64
18.48	2.2836638e-59
18.52	3.6099709e-55
18.55	2.7370172e-51
18.59	1.0520794e-47
18.62	2.1582169e-44
18.65	2.4775143e-41
18.69	1.6628697e-38
18.72	6.7956681e-36
18.76	1.7555856e-33
18.79	2.9681435e-31
18.82	3.3911243e-29
18.86	2.6969493e-27
18.89	1.5345359e-25
18.93	6.4071548e-24
18.96	2.0096357e-22
18.99	4.8389093e-21
19.03	9.1256006e-20
19.06	1.3731255e-18
19.10	1.6770241e-17
19.13	1.6890185e-16
19.16	1.4235196e-15
19.20	1.0176905e-14
19.23	6.2493907e-14
19.27	3.3347722e-13
19.30	1.5630007e-12
19.33	6.4986635e-12
19.37	2.4190434e-11
19.40	8.1301859e-11
19.44	2.4865589e-10
19.47	6.9708381e-10
19.51	1.8032952e-09
19.54	4.3314186e-09
19.57	9.7152755e-09
19.61	2.0456456e-08
19.64	4.0631824e-08
19.68	7.6472740e-08
19.71	1.3694277e-07
19.74	2.3420966e-07
19.78	3.8388975e-07
19.81	6.0494563e-07
19.85	9.1914178e-07
19.88	1.3500069e-06
19.91	1.9213086e-06
19.95	2.6551135e-06
19.98	3.5695737e-06
20.02	4.6766585e-06
20.05	5.9801261e-06
20.08	7.4741047e-06
20.12	9.1427118e-06
20.15	1.0961143e-05
20.19	1.2898573e-05
20.22	1.4923022e-05
20.25	1.7008214e-05
20.29	1.9144149e-05
20.32	2.1345575e-05
20.36	2.3633564e-05
20.39	2.6028648e-05
20.42	2.8551074e-05
20.46	3.1221059e-05
20.49	3.4059034e-05
20.53	3.7085865e-05
20.56	4.0323069e-05
20.60	4.3793014e-05
20.63	4.7519118e-05
20.66	5.1526044e-05
20.70	5.5839897e-05
20.73	6.0488414e-05
20.77	6.5501170e-05
20.80	7.0909779e-05
20.83	7.6748113e-05
20.87	8.3052517e-05
20.90	8.9862049e-05
20.94	9.7218724e-05
20.97	1.0516778e-04
21.00	1.1375793e-04
21.04	1.2304172e-04
21.07	1.3307575e-04
21.11	1.4392110e-04
21.14	1.5564364e-04
21.17	1.6831440e-04
21.21	1.8201004e-04
21.24	1.9681324e-04
21.28	2.1281317e-04
21.31	2.3010602e-04
21.34	2.4879551e-04
21.38	2.6899348e-04
21.41	2.9082051e-04
21.45	3.1440653e-04
21.48	3.3989156e-04
21.52	3.6742645e-04
21.55	3.9717362e-04
21.58	4.2930793e-04
21.62	4.6401758e-04
21.65	5.0150498e-04
21.69	5.4198782e-04
21.72	5.8570003e-04
21.75	6.3289293e-04
21.79	6.8383633e-04
21.82	7.3881975e-04
21.86	7.9815364e-04
21.89	8.6217071e-04
21.92	9.3122718e-04
21.96	1.0057042e-03
21.99	1.0860093e-03
22.03	1.1725777e-03
22.06	1.2658737e-03
22.09	1.3663923e-03
22.13	1.4746602e-03
22.16	1.5912379e-03
22.20	1.7167201e-03
22.23	1.8517376e-03
22.26	1.9969580e-03
22.30	2.1530873e-03
22.33	2.3208697e-03
22.37	2.5010892e-03
22.40	2.6945693e-03
22.43	2.9021735e-03
22.47	3.1248046e-03
22.50	3.3634044e-03
22.54	3.6189522e-03
22.57	3.8924635e-03
22.61	4.1849877e-03
22.64	4.4976052e-03
22.67	4.8314243e-03
22.71	5.1875766e-03
22.74	5.5672127e-03
22.78	5.9714958e-03
22.81	6.4015960e-03
22.84	6.8586825e-03
22.88	7.3439156e-03
22.91	7.8584382e-03
22.95	8.4033656e-03
22.98	8.9797755e-03
23.01	9.5886969e-03
23.05	1.0231099e-02
23.08	1.0907878e-02
23.12	1.1619846e-02
23.15	1.2367720e-02
23.18	1.3152107e-02
23.22	1.3973494e-02
23.25	1.4832233e-02
23.29	1.5728537e-02
23.32	1.6662464e-02
23.35	1.7633910e-02
23.39	1.8642602e-02
23.42	1.9688093e-02
23.46	2.0769755e-02
23.49	2.1886778e-02
23.53	2.3038170e-02
23.56	2.4222757e-02
23.59	2.5439187e-02
23.63	2.6685937e-02
23.66	2.7961315e-02
23.70	2.9263478e-02
23.73	3.0590434e-02
23.76	3.1940060e-02
23.80	3.3310115e-02
23.83	3.4698255e-02
23.87	3.6102049e-02
23.90	3.7518997e-02
23.93	3.8946545e-02
23.97	4.0382105e-02
24.00	4.1823075e-02
24.04	4.3266851e-02
24.07	4.4710848e-02
24.10	4.6152514e-02
24.14	4.7589350e-02
24.17	4.9018917e-02
24.21	5.0438858e-02
24.24	5.1846903e-02
24.27	5.3240885e-02
24.31	5.4618743e-02
24.34	5.5978540e-02
24.38	5.7318459e-02
24.41	5.8636816e-02
24.44	5.9932057e-02
24.48	6.1202768e-02
24.51	6.2447671e-02
24.55	6.3665624e-02
24.58	6.4855625e-02
24.62	6.6016803e-02
24.65	6.7148422e-02
24.68	6.8249871e-02
24.72	6.9320664e-02
24.75	7.0360435e-02
24.79	7.1368931e-02
24.82	7.2346004e-02
24.85	7.3291610e-02
24.89	7.4205800e-02
24.92	7.5088713e-02
24.96	7.5940571e-02
24.99	7.6761669e-02
25.02	7.7552375e-02
25.06	7.8313117e-02
25.09	7.9044379e-02
25.13	7.9746696e-02
25.16	8.0420648e-02
25.19	8.1066852e-02
25.23	8.1685960e-02
25.26	8.2278650e-02
25.30	8.2845627e-02
25.33	8.3387610e-02
25.36	8.3905335e-02
25.40	8.4399550e-02
25.43	8.4871007e-02
25.47	8.5320462e-02
25.50	8.5748673e-02
25.54	8.6156395e-02
25.57	8.6544378e-02
25.60	8.6913364e-02
25.64	8.7264086e-02
25.67	8.7597267e-02
25.71	8.7913617e-02
25.74	8.8213832e-02
25.77	8.8498591e-02
25.81	8.8768560e-02
25.84	8.9024386e-02
25.88	8.9266698e-02
25.91	8.9496107e-02
25.94	8.9713207e-02
25.98	8.9918572e-02
26.01	9.0112755e-02
26.05	9.0296293e-02
26.08	9.0469702e-02
26.11	9.0633478e-02
26.15	9.0788100e-02
26.18	9.0934028e-02
26.22	9.1071702e-02
26.25	9.1201545e-02
26.28	9.1323963e-02
26.32	9.1439343e-02
26.35	9.1548055e-02
26.39	9.1650454e-02
26.42	9.1746878e-02
26.45	9.1837649e-02
26.49	9.1923075e-02
26.52	9.2003448e-02
26.56	9.2079047e-02
26.59	9.2150137e-02
26.63	9.2216970e-02
26.66	9.2279785e-02
26.69	9.2338811e-02
26.73	9.2394261e-02
26.76	9.2446342e-02
26.80	9.2495246e-02
26.83	9.2541158e-02
26.86	9.2584251e-02
26.90	9.2624691e-02
26.93	9.2662632e-02
26.97	9.2698222e-02
27.00	9.2731601e-02
