# NeutrinoAntineutrinoInteraction/NeutrinoiAntineutrinojTauAntielectron interaction rates
# neutrino field: massive Cosmic Neutrino Background, T_CnuB = 1.94535456 K
# Produced with crpropa-data version: 60a1560e37035039ec25f414e0c42a2444bad49c
# log10(E/eV), 1/lambda [1/Mpc]
16.92	0.0000000e+00
16.95	0.0000000e+00
16.98	0.0000000e+00
17.02	0.0000000e+00
17.05	0.0000000e+00
17.09	0.0000000e+00
17.12	0.0000000e+00
17.15	0.0000000e+00
17.19	0.0000000e+00
17.22	0.0000000e+00
17.26	0.0000000e+00
17.29	0.0000000e+00
17.32	0.0000000e+00
17.36	0.0000000e+00
17.39	0.0000000e+00
17.43	0.0000000e+00
17.46	0.0000000e+00
17.49	0.0000000e+00
17.53	0.0000000e+00
17.56	0.0000000e+00
17.60	0.0000000e+00
17.63	0.0000000e+00
17.67	0.0000000e+00
17.70	0.0000000e+00
17.73	0.0000000e+00
17.77	0.0000000e+00
17.80	0.0000000e+00
17.84	0.0000000e+00
17.87	0.0000000e+00
17.90	0.0000000e+00
17.94	0.0000000e+00
17.97	0.0000000e+00
18.01	0.0000000e+00
18.04	0.0000000e+00
18.07	0.0000000e+00
18.11	0.0000000e+00
18.14	0.0000000e+00
18.18	0.0000000e+00
18.21	0.0000000e+00
18.24	0.0000000e+00
18.28	0.0000000e+00
18.31	0.0000000e+00
18.35	0.0000000e+00
18.38	0.0000000e+00
18.41	0.0000000e+00
18.45	0.0000000e+00
18.48	0.0000000e+00
18.52	0.0000000e+00
18.55	0.0000000e+00
18.59	0.0000000e+00
18.62	0.0000000e+00
18.65	0.0000000e+00
18.69	0.0000000e+00
18.72	0.0000000e+00
18.76	0.0000000e+00
18.79	0.0000000e+00
18.82	0.0000000e+00
18.86	0.0000000e+00
18.89	1.2049744e-271
18.93	7.1519342e-252
18.96	1.3598098e-233
18.99	1.0737161e-216
19.03	4.4760919e-201
19.06	1.2299396e-186
19.10	2.7349531e-173
19.13	5.9495031e-161
19.16	1.5088441e-149
19.20	5.2464152e-139
19.23	2.9056574e-129
19.27	2.9443302e-120
19.30	6.2050376e-112
19.33	3.0617861e-104
19.37	3.9468677e-97
19.40	1.4708327e-90
19.44	1.7401010e-84
19.47	7.1266533e-79
19.51	1.0946115e-73
19.54	6.7895100e-69
19.57	1.8211142e-64
19.61	2.2502517e-60
19.64	1.3580713e-56
19.68	4.2256942e-53
19.71	7.1264394e-50
19.74	6.8221855e-47
19.78	3.8691371e-44
19.81	1.3524084e-41
19.85	3.0218581e-39
19.88	4.4646322e-37
19.91	4.4999691e-35
19.95	3.1848565e-33
19.98	1.6256447e-31
20.02	6.1339729e-30
20.05	1.7504738e-28
20.08	3.8586660e-27
20.12	6.6998717e-26
20.15	9.3300760e-25
20.19	1.0596076e-23
20.22	9.9667302e-23
20.25	7.8760883e-22
20.29	5.2985303e-21
20.32	3.0718036e-20
20.36	1.5521475e-19
20.39	6.9074026e-19
20.42	2.7336299e-18
20.46	9.7072206e-18
20.49	3.1187269e-17
20.53	9.1351604e-17
20.56	2.4569310e-16
20.60	6.1074603e-16
20.63	1.4117601e-15
20.66	3.0516883e-15
20.70	6.2010389e-15
20.73	1.1902354e-14
20.77	2.1676544e-14
20.80	3.7612982e-14
20.83	6.2423102e-14
20.87	9.9439659e-14
20.90	1.5255064e-13
20.94	2.2606704e-13
20.97	3.2453487e-13
21.00	4.5251154e-13
21.04	6.1433288e-13
21.07	8.1389921e-13
21.11	1.0545052e-12
21.14	1.3387328e-12
21.17	1.6684155e-12
21.21	2.0446756e-12
21.24	2.4680253e-12
21.28	2.9385162e-12
21.31	3.4559205e-12
21.34	4.0199239e-12
21.38	4.6303151e-12
21.41	5.2871558e-12
21.45	5.9909261e-12
21.48	6.7426384e-12
21.52	7.5439204e-12
21.55	8.3970709e-12
21.58	9.3050911e-12
21.62	1.0271699e-11
21.65	1.1301330e-11
21.69	1.2399135e-11
21.72	1.3570973e-11
21.75	1.4823401e-11
21.79	1.6163682e-11
21.82	1.7599783e-11
21.86	1.9140392e-11
21.89	2.0794938e-11
21.92	2.2573621e-11
21.96	2.4487452e-11
21.99	2.6548299e-11
22.03	2.8768944e-11
22.06	3.1163147e-11
22.09	3.3745717e-11
22.13	3.6532598e-11
22.16	3.9540951e-11
22.20	4.2789255e-11
22.23	4.6297414e-11
22.26	5.0086868e-11
22.30	5.4180720e-11
22.33	5.8603866e-11
22.37	6.3383138e-11
22.40	6.8547459e-11
22.43	7.4128004e-11
22.47	8.0158380e-11
22.50	8.6674807e-11
22.54	9.3716325e-11
22.57	1.0132500e-10
22.61	1.0954617e-10
22.64	1.1842867e-10
22.67	1.2802507e-10
22.71	1.3839201e-10
22.74	1.4959044e-10
22.78	1.6168594e-10
22.81	1.7474907e-10
22.84	1.8885566e-10
22.88	2.0408723e-10
22.91	2.2053135e-10
22.95	2.3828202e-10
22.98	2.5744013e-10
23.01	2.7811382e-10
23.05	3.0041903e-10
23.08	3.2447988e-10
23.12	3.5042918e-10
23.15	3.7840894e-10
23.18	4.0857084e-10
23.22	4.4107673e-10
23.25	4.7609917e-10
23.29	5.1382187e-10
23.32	5.5444024e-10
23.35	5.9816183e-10
23.39	6.4520680e-10
23.42	6.9580829e-10
23.46	7.5021287e-10
23.49	8.0868081e-10
23.53	8.7148634e-10
23.56	9.3891788e-10
23.59	1.0112781e-09
23.63	1.0888838e-09
23.66	1.1720660e-09
23.70	1.2611696e-09
23.73	1.3565527e-09
23.76	1.4585864e-09
23.80	1.5676537e-09
23.83	1.6841489e-09
23.87	1.8084757e-09
23.90	1.9410467e-09
23.93	2.0822810e-09
23.97	2.2326026e-09
24.00	2.3924381e-09
24.04	2.5622145e-09
24.07	2.7423562e-09
24.10	2.9332823e-09
24.14	3.1354036e-09
24.17	3.3491185e-09
24.21	3.5748106e-09
24.24	3.8128438e-09
24.27	4.0635592e-09
24.31	4.3272711e-09
24.34	4.6042627e-09
24.38	4.8947825e-09
24.41	5.1990400e-09
24.44	5.5172026e-09
24.48	5.8493914e-09
24.51	6.1956781e-09
24.55	6.5560822e-09
24.58	6.9305677e-09
24.62	7.3190418e-09
24.65	7.7213523e-09
24.68	8.1372863e-09
24.72	8.5665703e-09
24.75	9.0088689e-09
24.79	9.4637858e-09
24.82	9.9308649e-09
24.85	1.0409591e-08
24.89	1.0899394e-08
24.92	1.1399648e-08
24.96	1.1909678e-08
24.99	1.2428762e-08
25.02	1.2956134e-08
25.06	1.3490993e-08
25.09	1.4032502e-08
25.13	1.4579797e-08
25.16	1.5131989e-08
25.19	1.5688176e-08
25.23	1.6247439e-08
25.26	1.6808857e-08
25.30	1.7371505e-08
25.33	1.7934465e-08
25.36	1.8496827e-08
25.40	1.9057696e-08
25.43	1.9616198e-08
25.47	2.0171479e-08
25.50	2.0722717e-08
25.54	2.1269118e-08
25.57	2.1809926e-08
25.60	2.2344421e-08
25.64	2.2871922e-08
25.67	2.3391792e-08
25.71	2.3903437e-08
25.74	2.4406308e-08
25.77	2.4899903e-08
25.81	2.5383764e-08
25.84	2.5857483e-08
25.88	2.6320695e-08
25.91	2.6773082e-08
25.94	2.7214372e-08
25.98	2.7644337e-08
26.01	2.8062789e-08
26.05	2.8469585e-08
26.08	2.8864620e-08
26.11	2.9247826e-08
26.15	2.9619173e-08
26.18	2.9978662e-08
26.22	3.0326330e-08
26.25	3.0662239e-08
26.28	3.0986484e-08
26.32	3.1299181e-08
26.35	3.1600471e-08
26.39	3.1890519e-08
26.42	3.2169504e-08
26.45	3.2437627e-08
26.49	3.2695102e-08
26.52	3.2942157e-08
26.56	3.3179032e-08
26.59	3.3405975e-08
26.63	3.3623245e-08
26.66	3.3831107e-08
26.69	3.4029829e-08
26.73	3.4219686e-08
26.76	3.4400954e-08
26.80	3.4573910e-08
26.83	3.4738834e-08
26.86	3.4896001e-08
26.90	3.5045690e-08
26.93	3.5188173e-08
26.97	3.5323722e-08
27.00	3.5452603e-08
