# NeutrinoAntineutrinoInteraction/NeutrinoiAntineutrinojTauAntielectron interaction rates
# neutrino field: massive Cosmic Neutrino Background, T_CnuB = 1.94535456 K
# Produced with crpropa-data version: 60a1560e37035039ec25f414e0c42a2444bad49c
# log10(E/eV), 1/lambda [1/Mpc]
16.44	0.0000000e+00
16.47	0.0000000e+00
16.51	0.0000000e+00
16.54	0.0000000e+00
16.58	0.0000000e+00
16.61	0.0000000e+00
16.64	0.0000000e+00
16.68	0.0000000e+00
16.71	0.0000000e+00
16.75	0.0000000e+00
16.78	0.0000000e+00
16.81	0.0000000e+00
16.85	0.0000000e+00
16.88	0.0000000e+00
16.92	0.0000000e+00
16.95	0.0000000e+00
16.98	0.0000000e+00
17.02	0.0000000e+00
17.05	0.0000000e+00
17.09	0.0000000e+00
17.12	0.0000000e+00
17.15	0.0000000e+00
17.19	0.0000000e+00
17.22	0.0000000e+00
17.26	0.0000000e+00
17.29	0.0000000e+00
17.32	0.0000000e+00
17.36	0.0000000e+00
17.39	0.0000000e+00
17.43	0.0000000e+00
17.46	0.0000000e+00
17.49	0.0000000e+00
17.53	0.0000000e+00
17.56	0.0000000e+00
17.60	0.0000000e+00
17.63	0.0000000e+00
17.67	0.0000000e+00
17.70	0.0000000e+00
17.73	0.0000000e+00
17.77	0.0000000e+00
17.80	0.0000000e+00
17.84	0.0000000e+00
17.87	0.0000000e+00
17.90	0.0000000e+00
17.94	0.0000000e+00
17.97	0.0000000e+00
18.01	0.0000000e+00
18.04	0.0000000e+00
18.07	0.0000000e+00
18.11	0.0000000e+00
18.14	0.0000000e+00
18.18	0.0000000e+00
18.21	0.0000000e+00
18.24	0.0000000e+00
18.28	0.0000000e+00
18.31	0.0000000e+00
18.35	0.0000000e+00
18.38	0.0000000e+00
18.41	1.2499044e-268
18.45	7.3607243e-249
18.48	1.3915184e-230
18.52	1.0947456e-213
18.55	4.5564176e-198
18.59	1.2525383e-183
18.62	2.7920349e-170
18.65	6.1009947e-158
18.69	1.5574276e-146
18.72	5.4623382e-136
18.76	3.0580253e-126
18.79	3.1391838e-117
18.82	6.7172376e-109
18.86	3.3732971e-101
18.89	4.4363249e-94
18.93	1.6909402e-87
18.96	2.0515771e-81
18.99	8.6408873e-76
19.03	1.3688798e-70
19.06	8.7845138e-66
19.10	2.4457159e-61
19.13	3.1476397e-57
19.16	1.9858355e-53
19.20	6.4842451e-50
19.23	1.1522502e-46
19.27	1.1673124e-43
19.30	7.0380755e-41
19.33	2.6280085e-38
19.37	6.3051667e-36
19.40	1.0056875e-33
19.44	1.1005870e-31
19.47	8.5086427e-30
19.51	4.7742849e-28
19.54	1.9935827e-26
19.57	6.3401083e-25
19.61	1.5689405e-23
19.64	3.0816342e-22
19.68	4.8932115e-21
19.71	6.3888042e-20
19.74	6.9674407e-19
19.78	6.4394242e-18
19.81	5.1113976e-17
19.85	3.5276181e-16
19.88	2.1406845e-15
19.91	1.1539621e-14
19.95	5.5768987e-14
19.98	2.4360495e-13
20.02	9.6847445e-13
20.05	3.5237532e-12
20.08	1.1777353e-11
20.12	3.6195467e-11
20.15	1.0192898e-10
20.19	2.5983257e-10
20.22	5.8216651e-10
20.25	1.0846468e-09
20.29	1.6289626e-09
20.32	2.1519765e-09
20.36	2.6610075e-09
20.39	3.1631385e-09
20.42	3.6648354e-09
20.46	4.1720706e-09
20.49	4.6904304e-09
20.53	5.2252108e-09
20.56	5.7815013e-09
20.60	6.3642611e-09
20.63	6.9783873e-09
20.66	7.6287771e-09
20.70	8.3203859e-09
20.73	9.0582809e-09
20.77	9.8476925e-09
20.80	1.0694064e-08
20.83	1.1603097e-08
20.87	1.2580803e-08
20.90	1.3633547e-08
20.94	1.4768095e-08
20.97	1.5991667e-08
21.00	1.7311981e-08
21.04	1.8737311e-08
21.07	2.0276538e-08
21.11	2.1939207e-08
21.14	2.3735591e-08
21.17	2.5676751e-08
21.21	2.7774606e-08
21.24	3.0042007e-08
21.28	3.2492812e-08
21.31	3.5141970e-08
21.34	3.8005611e-08
21.38	4.1101137e-08
21.41	4.4447329e-08
21.45	4.8064452e-08
21.48	5.1974372e-08
21.52	5.6200685e-08
21.55	6.0768842e-08
21.58	6.5706303e-08
21.62	7.1042681e-08
21.65	7.6809910e-08
21.69	8.3042421e-08
21.72	8.9777322e-08
21.75	9.7054603e-08
21.79	1.0491735e-07
21.82	1.1341195e-07
21.86	1.2258835e-07
21.89	1.3250032e-07
21.92	1.4320567e-07
21.96	1.5476659e-07
21.99	1.6724991e-07
22.03	1.8072743e-07
22.06	1.9527622e-07
22.09	2.1097901e-07
22.13	2.2792448e-07
22.16	2.4620768e-07
22.20	2.6593037e-07
22.23	2.8720144e-07
22.26	3.1013729e-07
22.30	3.3486222e-07
22.33	3.6150884e-07
22.37	3.9021848e-07
22.40	4.2114158e-07
22.43	4.5443805e-07
22.47	4.9027763e-07
22.50	5.2884027e-07
22.54	5.7031638e-07
22.57	6.1490711e-07
22.61	6.6282453e-07
22.64	7.1429180e-07
22.67	7.6954318e-07
22.71	8.2882405e-07
22.74	8.9239070e-07
22.78	9.6051008e-07
22.81	1.0334594e-06
22.84	1.1115257e-06
22.88	1.1950047e-06
22.91	1.2842003e-06
22.95	1.3794233e-06
22.98	1.4809900e-06
23.01	1.5892207e-06
23.05	1.7044376e-06
23.08	1.8269632e-06
23.12	1.9571175e-06
23.15	2.0952158e-06
23.18	2.2415658e-06
23.22	2.3964643e-06
23.25	2.5601944e-06
23.29	2.7330221e-06
23.32	2.9151924e-06
23.35	3.1069262e-06
23.39	3.3084162e-06
23.42	3.5198238e-06
23.46	3.7412753e-06
23.49	3.9728588e-06
23.53	4.2146208e-06
23.56	4.4665634e-06
23.59	4.7286423e-06
23.63	5.0007639e-06
23.66	5.2827846e-06
23.70	5.5745094e-06
23.73	5.8756913e-06
23.76	6.1860315e-06
23.80	6.5051803e-06
23.83	6.8327384e-06
23.87	7.1682586e-06
23.90	7.5112486e-06
23.93	7.8611739e-06
23.97	8.2174614e-06
24.00	8.5795036e-06
24.04	8.9466625e-06
24.07	9.3182749e-06
24.10	9.6936568e-06
24.14	1.0072109e-05
24.17	1.0452920e-05
24.21	1.0835377e-05
24.24	1.1218763e-05
24.27	1.1602366e-05
24.31	1.1985486e-05
24.34	1.2367435e-05
24.38	1.2747543e-05
24.41	1.3125162e-05
24.44	1.3499668e-05
24.48	1.3870468e-05
24.51	1.4236996e-05
24.55	1.4598721e-05
24.58	1.4955149e-05
24.62	1.5305817e-05
24.65	1.5650304e-05
24.68	1.5988225e-05
24.72	1.6319232e-05
24.75	1.6643018e-05
24.79	1.6959309e-05
24.82	1.7267874e-05
24.85	1.7568512e-05
24.89	1.7861063e-05
24.92	1.8145397e-05
24.96	1.8421417e-05
24.99	1.8689058e-05
25.02	1.8948283e-05
25.06	1.9199085e-05
25.09	1.9441479e-05
25.13	1.9675507e-05
25.16	1.9901232e-05
25.19	2.0118736e-05
25.23	2.0328122e-05
25.26	2.0529508e-05
25.30	2.0723028e-05
25.33	2.0908827e-05
25.36	2.1087064e-05
25.40	2.1257908e-05
25.43	2.1421536e-05
25.47	2.1578132e-05
25.50	2.1727886e-05
25.54	2.1870994e-05
25.57	2.2007655e-05
25.60	2.2138069e-05
25.64	2.2262440e-05
25.67	2.2380973e-05
25.71	2.2493869e-05
25.74	2.2601332e-05
25.77	2.2703563e-05
25.81	2.2800761e-05
25.84	2.2893123e-05
25.88	2.2980841e-05
25.91	2.3064106e-05
25.94	2.3143103e-05
25.98	2.3218015e-05
26.01	2.3289017e-05
26.05	2.3356283e-05
26.08	2.3419981e-05
26.11	2.3480272e-05
26.15	2.3537315e-05
26.18	2.3591261e-05
26.22	2.3642260e-05
26.25	2.3690451e-05
26.28	2.3735974e-05
26.32	2.3778958e-05
26.35	2.3819532e-05
26.39	2.3857816e-05
26.42	2.3893928e-05
26.45	2.3927980e-05
26.49	2.3960078e-05
26.52	2.3990325e-05
26.56	2.4018819e-05
26.59	2.4045654e-05
26.63	2.4070918e-05
26.66	2.4094698e-05
26.69	2.4117073e-05
26.73	2.4138121e-05
26.76	2.4157916e-05
26.80	2.4176528e-05
26.83	2.4194022e-05
26.86	2.4210462e-05
26.90	2.4225908e-05
26.93	2.4240417e-05
26.97	2.4254041e-05
27.00	2.4266834e-05
