# NeutrinoAntineutrinoInteraction/NeutrinoiAntineutrinojMuonAntielectron interaction rates
# neutrino field: massive Cosmic Neutrino Background, T_CnuB = 1.94535456 K
# Produced with crpropa-data version: 60a1560e37035039ec25f414e0c42a2444bad49c
# log10(E/eV), 1/lambda [1/Mpc]
12.86	0.0000000e+00
12.90	0.0000000e+00
12.93	0.0000000e+00
12.96	0.0000000e+00
13.00	0.0000000e+00
13.03	0.0000000e+00
13.07	0.0000000e+00
13.10	0.0000000e+00
13.13	0.0000000e+00
13.17	0.0000000e+00
13.20	0.0000000e+00
13.24	0.0000000e+00
13.27	0.0000000e+00
13.30	0.0000000e+00
13.34	0.0000000e+00
13.37	0.0000000e+00
13.41	0.0000000e+00
13.44	0.0000000e+00
13.47	0.0000000e+00
13.51	0.0000000e+00
13.54	0.0000000e+00
13.58	0.0000000e+00
13.61	0.0000000e+00
13.65	0.0000000e+00
13.68	0.0000000e+00
13.71	0.0000000e+00
13.75	0.0000000e+00
13.78	0.0000000e+00
13.82	0.0000000e+00
13.85	0.0000000e+00
13.88	0.0000000e+00
13.92	0.0000000e+00
13.95	0.0000000e+00
13.99	0.0000000e+00
14.02	0.0000000e+00
14.05	0.0000000e+00
14.09	0.0000000e+00
14.12	0.0000000e+00
14.16	0.0000000e+00
14.19	0.0000000e+00
14.22	0.0000000e+00
14.26	0.0000000e+00
14.29	0.0000000e+00
14.33	0.0000000e+00
14.36	0.0000000e+00
14.39	0.0000000e+00
14.43	0.0000000e+00
14.46	0.0000000e+00
14.50	0.0000000e+00
14.53	0.0000000e+00
14.57	0.0000000e+00
14.60	0.0000000e+00
14.63	0.0000000e+00
14.67	0.0000000e+00
14.70	0.0000000e+00
14.74	0.0000000e+00
14.77	0.0000000e+00
14.80	0.0000000e+00
14.84	1.2796003e-260
14.87	3.9228818e-241
14.91	4.0493685e-223
14.94	1.8177590e-206
14.97	4.4955699e-191
15.01	7.6227996e-177
15.04	1.0847794e-163
15.08	1.5619106e-151
15.11	2.7047300e-140
15.14	6.6091664e-130
15.18	2.6417424e-120
15.21	1.9800693e-111
15.25	3.1576639e-103
15.28	1.2040887e-95
15.31	1.2230492e-88
15.35	3.6565445e-82
15.38	3.5287245e-76
15.42	1.1971253e-70
15.45	1.5448850e-65
15.48	8.1576051e-61
15.52	1.8854940e-56
15.55	2.0303013e-52
15.59	1.0789547e-48
15.62	2.9846924e-45
15.66	4.5149217e-42
15.69	3.9087848e-39
15.72	2.0200804e-36
15.76	6.4795658e-34
15.79	1.3372515e-31
15.83	1.8358226e-29
15.86	1.7288976e-27
15.89	1.1491892e-25
15.93	5.5351391e-24
15.96	1.9794759e-22
16.00	5.3756410e-21
16.03	1.1318956e-19
16.06	1.8838046e-18
16.10	2.5225929e-17
16.13	2.7630414e-16
16.17	2.5134268e-15
16.20	1.9257364e-14
16.23	1.2590216e-13
16.27	7.1089444e-13
16.30	3.5055031e-12
16.34	1.5252617e-11
16.37	5.9119098e-11
16.40	2.0593587e-10
16.44	6.4998387e-10
16.47	1.8729280e-09
16.51	4.9616390e-09
16.54	1.2162622e-08
16.58	2.7754370e-08
16.61	5.9285637e-08
16.64	1.1915589e-07
16.68	2.2641171e-07
16.71	4.0852336e-07
16.75	7.0282285e-07
16.78	1.1572619e-06
16.81	1.8302032e-06
16.85	2.7890877e-06
16.88	4.1079995e-06
16.92	5.8643377e-06
16.95	8.1349611e-06
16.98	1.0992266e-05
17.02	1.4500666e-05
17.05	1.8713895e-05
17.09	2.3673399e-05
17.12	2.9407980e-05
17.15	3.5934637e-05
17.19	4.3260448e-05
17.22	5.1385245e-05
17.26	6.0304736e-05
17.29	7.0013790e-05
17.32	8.0509600e-05
17.36	9.1794509e-05
17.39	1.0387837e-04
17.43	1.1678040e-04
17.46	1.3053046e-04
17.49	1.4516999e-04
17.53	1.6075241e-04
17.56	1.7734340e-04
17.60	1.9502084e-04
17.63	2.1387478e-04
17.67	2.3400735e-04
17.70	2.5553263e-04
17.73	2.7857677e-04
17.77	3.0327803e-04
17.80	3.2978714e-04
17.84	3.5826764e-04
17.87	3.8889651e-04
17.90	4.2186488e-04
17.94	4.5737887e-04
17.97	4.9566068e-04
18.01	5.3694972e-04
18.04	5.8150398e-04
18.07	6.2960147e-04
18.11	6.8154189e-04
18.14	7.3764841e-04
18.18	7.9826962e-04
18.21	8.6378167e-04
18.24	9.3459058e-04
18.28	1.0111347e-03
18.31	1.0938875e-03
18.35	1.1833604e-03
18.38	1.2801060e-03
18.41	1.3847215e-03
18.45	1.4978522e-03
18.48	1.6201960e-03
18.52	1.7525069e-03
18.55	1.8956006e-03
18.59	2.0503586e-03
18.62	2.2177344e-03
18.65	2.3987590e-03
18.69	2.5945473e-03
18.72	2.8063049e-03
18.76	3.0353357e-03
18.79	3.2830499e-03
18.82	3.5509725e-03
18.86	3.8407530e-03
18.89	4.1541752e-03
18.93	4.4931684e-03
18.96	4.8598191e-03
18.99	5.2563842e-03
19.03	5.6853045e-03
19.06	6.1492196e-03
19.10	6.6509846e-03
19.13	7.1936875e-03
19.16	7.7806678e-03
19.20	8.4155376e-03
19.23	9.1022032e-03
19.27	9.8448895e-03
19.30	1.0648166e-02
19.33	1.1516975e-02
19.37	1.2456660e-02
19.40	1.3473002e-02
19.44	1.4572252e-02
19.47	1.5761172e-02
19.51	1.7047073e-02
19.54	1.8437861e-02
19.57	1.9942090e-02
19.61	2.1569006e-02
19.64	2.3328612e-02
19.68	2.5231721e-02
19.71	2.7290031e-02
19.74	2.9516190e-02
19.78	3.1923873e-02
19.81	3.4527872e-02
19.85	3.7344180e-02
19.88	4.0390088e-02
19.91	4.3684297e-02
19.95	4.7247026e-02
19.98	5.1100135e-02
20.02	5.5267260e-02
20.05	5.9773958e-02
20.08	6.4647857e-02
20.12	6.9918828e-02
20.15	7.5619160e-02
20.19	8.1783761e-02
20.22	8.8450365e-02
20.25	9.5659759e-02
20.29	1.0345603e-01
20.32	1.1188682e-01
20.36	1.2100364e-01
20.39	1.3086212e-01
20.42	1.4152240e-01
20.46	1.5304946e-01
20.49	1.6551350e-01
20.53	1.7899035e-01
20.56	1.9356195e-01
20.60	2.0931678e-01
20.63	2.2635041e-01
20.66	2.4476604e-01
20.70	2.6467508e-01
20.73	2.8619784e-01
20.77	3.0946416e-01
20.80	3.3461415e-01
20.83	3.6179904e-01
20.87	3.9118194e-01
20.90	4.2293879e-01
20.94	4.5725934e-01
20.97	4.9434813e-01
21.00	5.3442563e-01
21.04	5.7772940e-01
21.07	6.2451534e-01
21.11	6.7505901e-01
21.14	7.2965702e-01
21.17	7.8862858e-01
21.21	8.5231699e-01
21.24	9.2109135e-01
21.28	9.9534832e-01
21.31	1.0755139e+00
21.34	1.1620454e+00
21.38	1.2554335e+00
21.41	1.3562042e+00
21.45	1.4649210e+00
21.48	1.5821874e+00
21.52	1.7086486e+00
21.55	1.8449946e+00
21.58	1.9919619e+00
21.62	2.1503365e+00
21.65	2.3209556e+00
21.69	2.5047106e+00
21.72	2.7025490e+00
21.75	2.9154768e+00
21.79	3.1445605e+00
21.82	3.3909291e+00
21.86	3.6557757e+00
21.89	3.9403591e+00
21.92	4.2460046e+00
21.96	4.5741053e+00
21.99	4.9261218e+00
22.03	5.3035821e+00
22.06	5.7080810e+00
22.09	6.1412783e+00
22.13	6.6048966e+00
22.16	7.1007182e+00
22.20	7.6305813e+00
22.23	8.1963744e+00
22.26	8.8000310e+00
22.30	9.4435217e+00
22.33	1.0128847e+01
22.37	1.0858025e+01
22.40	1.1633086e+01
22.43	1.2456054e+01
22.47	1.3328939e+01
22.50	1.4253719e+01
22.54	1.5232328e+01
22.57	1.6266637e+01
22.61	1.7358438e+01
22.64	1.8509424e+01
22.67	1.9721174e+01
22.71	2.0995134e+01
22.74	2.2332595e+01
22.78	2.3734676e+01
22.81	2.5202306e+01
22.84	2.6736208e+01
22.88	2.8336879e+01
22.91	3.0004576e+01
22.95	3.1739304e+01
22.98	3.3540801e+01
23.01	3.5408532e+01
23.05	3.7341676e+01
23.08	3.9339124e+01
23.12	4.1399476e+01
23.15	4.3521043e+01
23.18	4.5701842e+01
23.22	4.7939613e+01
23.25	5.0231816e+01
23.29	5.2575652e+01
23.32	5.4968068e+01
23.35	5.7405778e+01
23.39	5.9885283e+01
23.42	6.2402884e+01
23.46	6.4954711e+01
23.49	6.7536744e+01
23.53	7.0144837e+01
23.56	7.2774744e+01
23.59	7.5422146e+01
23.63	7.8082677e+01
23.66	8.0751949e+01
23.70	8.3425579e+01
23.73	8.6099213e+01
23.76	8.8768553e+01
23.80	9.1429378e+01
23.83	9.4077564e+01
23.87	9.6709111e+01
23.90	9.9320152e+01
23.93	1.0190698e+02
23.97	1.0446605e+02
24.00	1.0699402e+02
24.04	1.0948771e+02
24.07	1.1194417e+02
24.10	1.1436065e+02
24.14	1.1673462e+02
24.17	1.1906376e+02
24.21	1.2134598e+02
24.24	1.2357941e+02
24.27	1.2576239e+02
24.31	1.2789350e+02
24.34	1.2997149e+02
24.38	1.3199537e+02
24.41	1.3396431e+02
24.44	1.3587769e+02
24.48	1.3773507e+02
24.51	1.3953620e+02
24.55	1.4128097e+02
24.58	1.4296947e+02
24.62	1.4460190e+02
24.65	1.4617861e+02
24.68	1.4770009e+02
24.72	1.4916694e+02
24.75	1.5057985e+02
24.79	1.5193964e+02
24.82	1.5324720e+02
24.85	1.5450350e+02
24.89	1.5570958e+02
24.92	1.5686655e+02
24.96	1.5797556e+02
24.99	1.5903780e+02
25.02	1.6005452e+02
25.06	1.6102699e+02
25.09	1.6195647e+02
25.13	1.6284430e+02
25.16	1.6369177e+02
25.19	1.6450021e+02
25.23	1.6527094e+02
25.26	1.6600528e+02
25.30	1.6670454e+02
25.33	1.6737001e+02
25.36	1.6800297e+02
25.40	1.6860468e+02
25.43	1.6917640e+02
25.47	1.6971932e+02
25.50	1.7023465e+02
25.54	1.7072355e+02
25.57	1.7118715e+02
25.60	1.7162657e+02
25.64	1.7204287e+02
25.67	1.7243710e+02
25.71	1.7281026e+02
25.74	1.7316335e+02
25.77	1.7349730e+02
25.81	1.7381302e+02
25.84	1.7411140e+02
25.88	1.7439328e+02
25.91	1.7465948e+02
25.94	1.7491078e+02
25.98	1.7514794e+02
26.01	1.7537166e+02
26.05	1.7558265e+02
26.08	1.7578157e+02
26.11	1.7596904e+02
26.15	1.7614568e+02
26.18	1.7631205e+02
26.22	1.7646872e+02
26.25	1.7661619e+02
26.28	1.7675499e+02
26.32	1.7688557e+02
26.35	1.7700840e+02
26.39	1.7712391e+02
26.42	1.7723250e+02
26.45	1.7733456e+02
26.49	1.7743047e+02
26.52	1.7752057e+02
26.56	1.7760520e+02
26.59	1.7768467e+02
26.63	1.7775928e+02
26.66	1.7782931e+02
26.69	1.7789503e+02
26.73	1.7795669e+02
26.76	1.7801454e+02
26.80	1.7806879e+02
26.83	1.7811966e+02
26.86	1.7816736e+02
26.90	1.7821207e+02
26.93	1.7825397e+02
26.97	1.7829323e+02
27.00	1.7833002e+02
