# NeutrinoAntineutrinoInteraction/NeutrinoiAntineutrinojMuonAntielectron interaction rates
# neutrino field: massive Cosmic Neutrino Background, T_CnuB = 1.94535456 K
# Produced with crpropa-data version: 60a1560e37035039ec25f414e0c42a2444bad49c
# log10(E/eV), 1/lambda [1/Mpc]
13.68	0.0000000e+00
13.71	0.0000000e+00
13.75	0.0000000e+00
13.78	0.0000000e+00
13.82	0.0000000e+00
13.85	0.0000000e+00
13.88	0.0000000e+00
13.92	0.0000000e+00
13.95	0.0000000e+00
13.99	0.0000000e+00
14.02	0.0000000e+00
14.05	0.0000000e+00
14.09	0.0000000e+00
14.12	0.0000000e+00
14.16	0.0000000e+00
14.19	0.0000000e+00
14.22	0.0000000e+00
14.26	0.0000000e+00
14.29	0.0000000e+00
14.33	0.0000000e+00
14.36	0.0000000e+00
14.39	0.0000000e+00
14.43	0.0000000e+00
14.46	0.0000000e+00
14.50	0.0000000e+00
14.53	0.0000000e+00
14.57	0.0000000e+00
14.60	0.0000000e+00
14.63	0.0000000e+00
14.67	0.0000000e+00
14.70	0.0000000e+00
14.74	0.0000000e+00
14.77	0.0000000e+00
14.80	0.0000000e+00
14.84	0.0000000e+00
14.87	0.0000000e+00
14.91	0.0000000e+00
14.94	0.0000000e+00
14.97	0.0000000e+00
15.01	0.0000000e+00
15.04	0.0000000e+00
15.08	0.0000000e+00
15.11	0.0000000e+00
15.14	0.0000000e+00
15.18	0.0000000e+00
15.21	0.0000000e+00
15.25	0.0000000e+00
15.28	0.0000000e+00
15.31	0.0000000e+00
15.35	0.0000000e+00
15.38	0.0000000e+00
15.42	0.0000000e+00
15.45	0.0000000e+00
15.48	0.0000000e+00
15.52	0.0000000e+00
15.55	0.0000000e+00
15.59	0.0000000e+00
15.62	0.0000000e+00
15.66	6.3383959e-276
15.69	1.1713685e-255
15.72	6.3670399e-237
15.76	1.3282791e-219
15.79	1.3601564e-203
15.83	8.5825533e-189
15.86	4.1181426e-175
15.89	1.8250863e-162
15.93	8.9419715e-151
15.96	5.7191716e-140
16.00	5.5682771e-130
16.03	9.5126379e-121
16.06	3.2518057e-112
16.10	2.5115424e-104
16.13	4.9036570e-97
16.17	2.6850803e-90
16.20	4.5388564e-84
16.23	2.5884442e-78
16.27	5.4060479e-73
16.30	4.4609650e-68
16.34	1.5601314e-63
16.37	2.4674969e-59
16.40	1.8740109e-55
16.44	7.2244107e-52
16.47	1.4880866e-48
16.51	1.7173270e-45
16.54	1.1601925e-42
16.58	4.7783642e-40
16.61	1.2456484e-37
16.64	2.1278870e-35
16.68	2.4596648e-33
16.71	1.9818368e-31
16.75	1.1440544e-29
16.78	4.8533254e-28
16.81	1.5489789e-26
16.85	3.8010087e-25
16.88	7.3168701e-24
16.92	1.1256302e-22
16.95	1.4079096e-21
16.98	1.4546749e-20
17.02	1.2599500e-19
17.05	9.2734108e-19
17.09	5.8732812e-18
17.12	3.2383173e-17
17.15	1.5711327e-16
17.19	6.7742453e-16
17.22	2.6195695e-15
17.26	9.1616749e-15
17.29	2.9205123e-14
17.32	8.5461633e-14
17.36	2.3106825e-13
17.39	5.8069386e-13
17.43	1.3637449e-12
17.46	3.0074807e-12
17.49	6.2549300e-12
17.53	1.2314234e-11
17.56	2.3019596e-11
17.60	4.0955650e-11
17.63	6.9452363e-11
17.67	1.1229488e-10
17.70	1.7293039e-10
17.73	2.5298408e-10
17.77	3.5027960e-10
17.80	4.5768537e-10
17.84	5.6611862e-10
17.87	6.7314506e-10
17.90	7.8007264e-10
17.94	8.8817584e-10
17.97	9.9864689e-10
18.01	1.1126161e-09
18.04	1.2311700e-09
18.07	1.3553674e-09
18.11	1.4862541e-09
18.14	1.6248763e-09
18.18	1.7722929e-09
18.21	1.9295871e-09
18.24	2.0978775e-09
18.28	2.2783285e-09
18.31	2.4721607e-09
18.35	2.6806612e-09
18.38	2.9051939e-09
18.41	3.1472096e-09
18.45	3.4082569e-09
18.48	3.6899929e-09
18.52	3.9941951e-09
18.55	4.3227728e-09
18.59	4.6777802e-09
18.62	5.0614298e-09
18.65	5.4761062e-09
18.69	5.9243819e-09
18.72	6.4090333e-09
18.76	6.9330586e-09
18.79	7.4996960e-09
18.82	8.1124444e-09
18.86	8.7750851e-09
18.89	9.4917050e-09
18.93	1.0266722e-08
18.96	1.1104914e-08
18.99	1.2011445e-08
19.03	1.2991901e-08
19.06	1.4052319e-08
19.10	1.5199233e-08
19.13	1.6439703e-08
19.16	1.7781370e-08
19.20	1.9232494e-08
19.23	2.0802009e-08
19.27	2.2499579e-08
19.30	2.4335655e-08
19.33	2.6321540e-08
19.37	2.8469459e-08
19.40	3.0792634e-08
19.44	3.3305366e-08
19.47	3.6023122e-08
19.51	3.8962631e-08
19.54	4.2141986e-08
19.57	4.5580756e-08
19.61	4.9300105e-08
19.64	5.3322925e-08
19.68	5.7673975e-08
19.71	6.2380031e-08
19.74	6.7470055e-08
19.78	7.2975370e-08
19.81	7.8929854e-08
19.85	8.5370145e-08
19.88	9.2335871e-08
19.91	9.9869890e-08
19.95	1.0801855e-07
19.98	1.1683199e-07
20.02	1.2636443e-07
20.05	1.3667449e-07
20.08	1.4782559e-07
20.12	1.5988632e-07
20.15	1.7293084e-07
20.19	1.8703937e-07
20.22	2.0229866e-07
20.25	2.1880251e-07
20.29	2.3665238e-07
20.32	2.5595797e-07
20.36	2.7683794e-07
20.39	2.9942058e-07
20.42	3.2384463e-07
20.46	3.5026012e-07
20.49	3.7882926e-07
20.53	4.0972749e-07
20.56	4.4314447e-07
20.60	4.7928530e-07
20.63	5.1837172e-07
20.66	5.6064350e-07
20.70	6.0635984e-07
20.73	6.5580100e-07
20.77	7.0926995e-07
20.80	7.6709422e-07
20.83	8.2962788e-07
20.87	8.9725366e-07
20.90	9.7038524e-07
20.94	1.0494698e-06
20.97	1.1349905e-06
21.00	1.2274698e-06
21.04	1.3274720e-06
21.07	1.4356069e-06
21.11	1.5525336e-06
21.14	1.6789639e-06
21.17	1.8156671e-06
21.21	1.9634738e-06
21.24	2.1232815e-06
21.28	2.2960592e-06
21.31	2.4828533e-06
21.34	2.6847936e-06
21.38	2.9030999e-06
21.41	3.1390884e-06
21.45	3.3941799e-06
21.48	3.6699072e-06
21.52	3.9679239e-06
21.55	4.2900135e-06
21.58	4.6380988e-06
21.62	5.0142531e-06
21.65	5.4207104e-06
21.69	5.8598779e-06
21.72	6.3343481e-06
21.75	6.8469124e-06
21.79	7.4005754e-06
21.82	7.9985693e-06
21.86	8.6443703e-06
21.89	9.3417150e-06
21.92	1.0094618e-05
21.96	1.0907389e-05
21.99	1.1784655e-05
22.03	1.2731378e-05
22.06	1.3752874e-05
22.09	1.4854838e-05
22.13	1.6043364e-05
22.16	1.7324968e-05
22.20	1.8706610e-05
22.23	2.0195717e-05
22.26	2.1800207e-05
22.30	2.3528510e-05
22.33	2.5389590e-05
22.37	2.7392968e-05
22.40	2.9548739e-05
22.43	3.1867591e-05
22.47	3.4360821e-05
22.50	3.7040346e-05
22.54	3.9918715e-05
22.57	4.3009111e-05
22.61	4.6325353e-05
22.64	4.9881888e-05
22.67	5.3693782e-05
22.71	5.7776696e-05
22.74	6.2146862e-05
22.78	6.6821041e-05
22.81	7.1816477e-05
22.84	7.7150840e-05
22.88	8.2842152e-05
22.91	8.8908701e-05
22.95	9.5368951e-05
22.98	1.0224143e-04
23.01	1.0954459e-04
23.05	1.1729669e-04
23.08	1.2551565e-04
23.12	1.3421885e-04
23.15	1.4342300e-04
23.18	1.5314391e-04
23.22	1.6339635e-04
23.25	1.7419378e-04
23.29	1.8554823e-04
23.32	1.9747003e-04
23.35	2.0996762e-04
23.39	2.2304740e-04
23.42	2.3671351e-04
23.46	2.5096766e-04
23.49	2.6580898e-04
23.53	2.8123390e-04
23.56	2.9723606e-04
23.59	3.1380618e-04
23.63	3.3093206e-04
23.66	3.4859854e-04
23.70	3.6678753e-04
23.73	3.8547805e-04
23.76	4.0464633e-04
23.80	4.2426591e-04
23.83	4.4430780e-04
23.87	4.6474067e-04
23.90	4.8553105e-04
23.93	5.0664354e-04
23.97	5.2804110e-04
24.00	5.4968531e-04
24.04	5.7153660e-04
24.07	5.9355462e-04
24.10	6.1569846e-04
24.14	6.3792697e-04
24.17	6.6019906e-04
24.21	6.8247393e-04
24.24	7.0471139e-04
24.27	7.2687207e-04
24.31	7.4891766e-04
24.34	7.7081113e-04
24.38	7.9251694e-04
24.41	8.1400115e-04
24.44	8.3523164e-04
24.48	8.5617818e-04
24.51	8.7681255e-04
24.55	8.9710861e-04
24.58	9.1704237e-04
24.62	9.3659200e-04
24.65	9.5573787e-04
24.68	9.7446252e-04
24.72	9.9275065e-04
24.75	1.0105891e-03
24.79	1.0279667e-03
24.82	1.0448745e-03
24.85	1.0613052e-03
24.89	1.0772536e-03
24.92	1.0927161e-03
24.96	1.1076908e-03
24.99	1.1221775e-03
25.02	1.1361773e-03
25.06	1.1496928e-03
25.09	1.1627277e-03
25.13	1.1752870e-03
25.16	1.1873768e-03
25.19	1.1990039e-03
25.23	1.2101761e-03
25.26	1.2209021e-03
25.30	1.2311911e-03
25.33	1.2410529e-03
25.36	1.2504976e-03
25.40	1.2595362e-03
25.43	1.2681796e-03
25.47	1.2764391e-03
25.50	1.2843262e-03
25.54	1.2918527e-03
25.57	1.2990302e-03
25.60	1.3058706e-03
25.64	1.3123856e-03
25.67	1.3185870e-03
25.71	1.3244863e-03
25.74	1.3300951e-03
25.77	1.3354248e-03
25.81	1.3404864e-03
25.84	1.3452910e-03
25.88	1.3498493e-03
25.91	1.3541718e-03
25.94	1.3582687e-03
25.98	1.3621499e-03
26.01	1.3658253e-03
26.05	1.3693041e-03
26.08	1.3725954e-03
26.11	1.3757081e-03
26.15	1.3786506e-03
26.18	1.3814312e-03
26.22	1.3840578e-03
26.25	1.3865379e-03
26.28	1.3888790e-03
26.32	1.3910879e-03
26.35	1.3931715e-03
26.39	1.3951362e-03
26.42	1.3969882e-03
26.45	1.3987334e-03
26.49	1.4003774e-03
26.52	1.4019257e-03
26.56	1.4033834e-03
26.59	1.4047554e-03
26.63	1.4060464e-03
26.66	1.4072609e-03
26.69	1.4084030e-03
26.73	1.4094768e-03
26.76	1.4104862e-03
26.80	1.4114348e-03
26.83	1.4123260e-03
26.86	1.4131631e-03
26.90	1.4139493e-03
26.93	1.4146873e-03
26.97	1.4153802e-03
27.00	1.4160304e-03
