# NeutrinoAntineutrinoInteraction/NeutrinoiAntineutrinojMuonAntielectron interaction rates
# neutrino field: massive Cosmic Neutrino Background, T_CnuB = 1.94535456 K
# Produced with crpropa-data version: 60a1560e37035039ec25f414e0c42a2444bad49c
# log10(E/eV), 1/lambda [1/Mpc]
13.13	0.0000000e+00
13.17	0.0000000e+00
13.20	0.0000000e+00
13.24	0.0000000e+00
13.27	0.0000000e+00
13.30	0.0000000e+00
13.34	0.0000000e+00
13.37	0.0000000e+00
13.41	0.0000000e+00
13.44	0.0000000e+00
13.47	0.0000000e+00
13.51	0.0000000e+00
13.54	0.0000000e+00
13.58	0.0000000e+00
13.61	0.0000000e+00
13.65	0.0000000e+00
13.68	0.0000000e+00
13.71	0.0000000e+00
13.75	0.0000000e+00
13.78	0.0000000e+00
13.82	0.0000000e+00
13.85	0.0000000e+00
13.88	0.0000000e+00
13.92	0.0000000e+00
13.95	0.0000000e+00
13.99	0.0000000e+00
14.02	0.0000000e+00
14.05	0.0000000e+00
14.09	0.0000000e+00
14.12	0.0000000e+00
14.16	0.0000000e+00
14.19	0.0000000e+00
14.22	0.0000000e+00
14.26	0.0000000e+00
14.29	0.0000000e+00
14.33	0.0000000e+00
14.36	0.0000000e+00
14.39	0.0000000e+00
14.43	0.0000000e+00
14.46	0.0000000e+00
14.50	0.0000000e+00
14.53	0.0000000e+00
14.57	0.0000000e+00
14.60	0.0000000e+00
14.63	0.0000000e+00
14.67	0.0000000e+00
14.70	0.0000000e+00
14.74	0.0000000e+00
14.77	0.0000000e+00
14.80	0.0000000e+00
14.84	0.0000000e+00
14.87	0.0000000e+00
14.91	0.0000000e+00
14.94	0.0000000e+00
14.97	0.0000000e+00
15.01	0.0000000e+00
15.04	0.0000000e+00
15.08	0.0000000e+00
15.11	2.6408571e-273
15.14	5.4365461e-253
15.18	3.2641249e-234
15.21	7.4627589e-217
15.25	8.3139274e-201
15.28	5.6688296e-186
15.31	2.9207720e-172
15.35	1.3818147e-159
15.38	7.1877973e-148
15.42	4.8559986e-137
15.45	4.9703059e-127
15.48	8.8868677e-118
15.52	3.1662801e-109
15.55	2.5389010e-101
15.59	5.1275636e-94
15.62	2.8942187e-87
15.66	5.0267137e-81
15.69	2.9362667e-75
15.72	6.2629334e-70
15.76	5.2631969e-65
15.79	1.8695585e-60
15.83	2.9955161e-56
15.86	2.2990272e-52
15.89	8.9348041e-49
15.93	1.8509872e-45
15.96	2.1435124e-42
16.00	1.4498539e-39
16.03	5.9652926e-37
16.06	1.5500752e-34
16.10	2.6336775e-32
16.13	3.0213450e-30
16.17	2.4107639e-28
16.20	1.3751285e-26
16.23	5.7515656e-25
16.27	1.8058139e-23
16.30	4.3493745e-22
16.34	8.1990006e-21
16.37	1.2323472e-19
16.40	1.5024323e-18
16.44	1.5095156e-17
16.47	1.2683361e-16
16.51	9.0339890e-16
16.54	5.5236331e-15
16.58	2.9330035e-14
16.61	1.3671209e-13
16.64	5.6496592e-13
16.68	2.0890536e-12
16.71	6.9707755e-12
16.75	2.1155952e-11
16.78	5.8825317e-11
16.81	1.5086907e-10
16.85	3.5912515e-10
16.88	7.9800261e-10
16.92	1.6641470e-09
16.95	3.2730340e-09
16.98	6.0990551e-09
17.02	1.0813352e-08
17.05	1.8312084e-08
17.09	2.9727615e-08
17.12	4.6416545e-08
17.15	6.9921503e-08
17.19	1.0190748e-07
17.22	1.4407758e-07
17.26	1.9807645e-07
17.29	2.6539181e-07
17.32	3.4726528e-07
17.36	4.4462240e-07
17.39	5.5803006e-07
17.43	6.8768584e-07
17.46	8.3344060e-07
17.49	9.9485183e-07
17.53	1.1712626e-06
17.56	1.3618983e-06
17.60	1.5659730e-06
17.63	1.7827956e-06
17.67	2.0118703e-06
17.70	2.2529829e-06
17.73	2.5062720e-06
17.77	2.7722845e-06
17.80	3.0520227e-06
17.84	3.3470186e-06
17.87	3.6594194e-06
17.90	3.9916107e-06
17.94	4.3460354e-06
17.97	4.7252155e-06
18.01	5.1317762e-06
18.04	5.5684690e-06
18.07	6.0381948e-06
18.11	6.5440271e-06
18.14	7.0892351e-06
18.18	7.6773082e-06
18.21	8.3119803e-06
18.24	8.9972556e-06
18.28	9.7374359e-06
18.31	1.0537149e-05
18.35	1.1401379e-05
18.38	1.2335497e-05
18.41	1.3345300e-05
18.45	1.4437042e-05
18.48	1.5617475e-05
18.52	1.6893896e-05
18.55	1.8274185e-05
18.59	1.9766860e-05
18.62	2.1381128e-05
18.65	2.3126942e-05
18.69	2.5015061e-05
18.72	2.7057119e-05
18.76	2.9265697e-05
18.79	3.1654399e-05
18.82	3.4237937e-05
18.86	3.7032219e-05
18.89	4.0054453e-05
18.93	4.3323245e-05
18.96	4.6858722e-05
18.99	5.0682650e-05
19.03	5.4818569e-05
19.06	5.9291939e-05
19.10	6.4130297e-05
19.13	6.9363425e-05
19.16	7.5023536e-05
19.20	8.1145467e-05
19.23	8.7766898e-05
19.27	9.4928582e-05
19.30	1.0267459e-04
19.33	1.1105261e-04
19.37	1.2011418e-04
19.40	1.2991507e-04
19.44	1.4051560e-04
19.47	1.5198098e-04
19.51	1.6438178e-04
19.54	1.7779427e-04
19.57	1.9230099e-04
19.61	2.0799117e-04
19.64	2.2496134e-04
19.68	2.4331588e-04
19.71	2.6316768e-04
19.74	2.8463884e-04
19.78	3.0786139e-04
19.81	3.3297814e-04
19.85	3.6014350e-04
19.88	3.8952450e-04
19.91	4.2130172e-04
19.95	4.5567049e-04
19.98	4.9284201e-04
20.02	5.3304468e-04
20.05	5.7652547e-04
20.08	6.2355148e-04
20.12	6.7441148e-04
20.15	7.2941777e-04
20.19	7.8890799e-04
20.22	8.5324723e-04
20.25	9.2283026e-04
20.29	9.9808388e-04
20.32	1.0794695e-03
20.36	1.1674861e-03
20.39	1.2626729e-03
20.42	1.3656130e-03
20.46	1.4769366e-03
20.49	1.5973251e-03
20.53	1.7275149e-03
20.56	1.8683018e-03
20.60	2.0205463e-03
20.63	2.1851778e-03
20.66	2.3632012e-03
20.70	2.5557019e-03
20.73	2.7638529e-03
20.77	2.9889214e-03
20.80	3.2322765e-03
20.83	3.4953968e-03
20.87	3.7798796e-03
20.90	4.0874496e-03
20.94	4.4199693e-03
20.97	4.7794496e-03
21.00	5.1680611e-03
21.04	5.5881469e-03
21.07	6.0422352e-03
21.11	6.5330541e-03
21.14	7.0635463e-03
21.17	7.6368857e-03
21.21	8.2564943e-03
21.24	8.9260613e-03
21.28	9.6495623e-03
21.31	1.0431281e-02
21.34	1.1275830e-02
21.38	1.2188177e-02
21.41	1.3173667e-02
21.45	1.4238053e-02
21.48	1.5387519e-02
21.52	1.6628714e-02
21.55	1.7968780e-02
21.58	1.9415388e-02
21.62	2.0976768e-02
21.65	2.2661750e-02
21.69	2.4479793e-02
21.72	2.6441033e-02
21.75	2.8556314e-02
21.79	3.0837232e-02
21.82	3.3296176e-02
21.86	3.5946368e-02
21.89	3.8801905e-02
21.92	4.1877802e-02
21.96	4.5190026e-02
21.99	4.8755542e-02
22.03	5.2592347e-02
22.06	5.6719504e-02
22.09	6.1157170e-02
22.13	6.5926628e-02
22.16	7.1050303e-02
22.20	7.6551777e-02
22.23	8.2455797e-02
22.26	8.8788270e-02
22.30	9.5576251e-02
22.33	1.0284792e-01
22.37	1.1063253e-01
22.40	1.1896040e-01
22.43	1.2786276e-01
22.47	1.3737176e-01
22.50	1.4752030e-01
22.54	1.5834192e-01
22.57	1.6987068e-01
22.61	1.8214095e-01
22.64	1.9518723e-01
22.67	2.0904397e-01
22.71	2.2374527e-01
22.74	2.3932469e-01
22.78	2.5581493e-01
22.81	2.7324753e-01
22.84	2.9165258e-01
22.88	3.1105837e-01
22.91	3.3149109e-01
22.95	3.5297443e-01
22.98	3.7552927e-01
23.01	3.9917332e-01
23.05	4.2392082e-01
23.08	4.4978215e-01
23.12	4.7676361e-01
23.15	5.0486707e-01
23.18	5.3408976e-01
23.22	5.6442407e-01
23.25	5.9585734e-01
23.29	6.2837176e-01
23.32	6.6194430e-01
23.35	6.9654664e-01
23.39	7.3214529e-01
23.42	7.6870156e-01
23.46	8.0617180e-01
23.49	8.4450751e-01
23.53	8.8365567e-01
23.56	9.2355895e-01
23.59	9.6415611e-01
23.63	1.0053824e+00
23.66	1.0471698e+00
23.70	1.0894479e+00
23.73	1.1321437e+00
23.76	1.1751829e+00
23.80	1.2184896e+00
23.83	1.2619874e+00
23.87	1.3055997e+00
23.90	1.3492501e+00
23.93	1.3928629e+00
23.97	1.4363638e+00
24.00	1.4796799e+00
24.04	1.5227406e+00
24.07	1.5654774e+00
24.10	1.6078249e+00
24.14	1.6497204e+00
24.17	1.6911047e+00
24.21	1.7319220e+00
24.24	1.7721203e+00
24.27	1.8116513e+00
24.31	1.8504708e+00
24.34	1.8885383e+00
24.38	1.9258177e+00
24.41	1.9622764e+00
24.44	1.9978864e+00
24.48	2.0326230e+00
24.51	2.0664658e+00
24.55	2.0993978e+00
24.58	2.1314058e+00
24.62	2.1624800e+00
24.65	2.1926137e+00
24.68	2.2218036e+00
24.72	2.2500492e+00
24.75	2.2773527e+00
24.79	2.3037189e+00
24.82	2.3291551e+00
24.85	2.3536706e+00
24.89	2.3772769e+00
24.92	2.3999871e+00
24.96	2.4218161e+00
24.99	2.4427800e+00
25.02	2.4628966e+00
25.06	2.4821844e+00
25.09	2.5006630e+00
25.13	2.5183530e+00
25.16	2.5352753e+00
25.19	2.5514517e+00
25.23	2.5669041e+00
25.26	2.5816549e+00
25.30	2.5957267e+00
25.33	2.6091421e+00
25.36	2.6219236e+00
25.40	2.6340938e+00
25.43	2.6456752e+00
25.47	2.6566898e+00
25.50	2.6671596e+00
25.54	2.6771061e+00
25.57	2.6865505e+00
25.60	2.6955135e+00
25.64	2.7040154e+00
25.67	2.7120761e+00
25.71	2.7197147e+00
25.74	2.7269502e+00
25.77	2.7338008e+00
25.81	2.7402840e+00
25.84	2.7464170e+00
25.88	2.7522164e+00
25.91	2.7576981e+00
25.94	2.7628775e+00
25.98	2.7677694e+00
26.01	2.7723881e+00
26.05	2.7767473e+00
26.08	2.7808601e+00
26.11	2.7847391e+00
26.15	2.7883965e+00
26.18	2.7918437e+00
26.22	2.7950919e+00
26.25	2.7981516e+00
26.28	2.8010329e+00
26.32	2.8037454e+00
26.35	2.8062982e+00
26.39	2.8087002e+00
26.42	2.8109595e+00
26.45	2.8130842e+00
26.49	2.8150818e+00
26.52	2.8169593e+00
26.56	2.8187237e+00
26.59	2.8203812e+00
26.63	2.8219381e+00
26.66	2.8234000e+00
26.69	2.8247726e+00
26.73	2.8260609e+00
26.76	2.8272700e+00
26.80	2.8284044e+00
26.83	2.8294685e+00
26.86	2.8304665e+00
26.90	2.8314024e+00
26.93	2.8322798e+00
26.97	2.8331023e+00
27.00	2.8338731e+00
