# NeutrinoAntineutrinoInteraction/NeutrinoiAntineutrinojMuonAntielectron interaction rates
# neutrino field: massive Cosmic Neutrino Background, T_CnuB = 1.94535456 K
# Produced with crpropa-data version: 60a1560e37035039ec25f414e0c42a2444bad49c
# log10(E/eV), 1/lambda [1/Mpc]
13.07	0.0000000e+00
13.10	0.0000000e+00
13.13	0.0000000e+00
13.17	0.0000000e+00
13.20	0.0000000e+00
13.24	0.0000000e+00
13.27	0.0000000e+00
13.30	0.0000000e+00
13.34	0.0000000e+00
13.37	0.0000000e+00
13.41	0.0000000e+00
13.44	0.0000000e+00
13.47	0.0000000e+00
13.51	0.0000000e+00
13.54	0.0000000e+00
13.58	0.0000000e+00
13.61	0.0000000e+00
13.65	0.0000000e+00
13.68	0.0000000e+00
13.71	0.0000000e+00
13.75	0.0000000e+00
13.78	0.0000000e+00
13.82	0.0000000e+00
13.85	0.0000000e+00
13.88	0.0000000e+00
13.92	0.0000000e+00
13.95	0.0000000e+00
13.99	0.0000000e+00
14.02	0.0000000e+00
14.05	0.0000000e+00
14.09	0.0000000e+00
14.12	0.0000000e+00
14.16	0.0000000e+00
14.19	0.0000000e+00
14.22	0.0000000e+00
14.26	0.0000000e+00
14.29	0.0000000e+00
14.33	0.0000000e+00
14.36	0.0000000e+00
14.39	0.0000000e+00
14.43	0.0000000e+00
14.46	0.0000000e+00
14.50	0.0000000e+00
14.53	0.0000000e+00
14.57	0.0000000e+00
14.60	0.0000000e+00
14.63	0.0000000e+00
14.67	0.0000000e+00
14.70	0.0000000e+00
14.74	0.0000000e+00
14.77	0.0000000e+00
14.80	0.0000000e+00
14.84	0.0000000e+00
14.87	0.0000000e+00
14.91	0.0000000e+00
14.94	0.0000000e+00
14.97	0.0000000e+00
15.01	1.0653635e-278
15.04	6.5401730e-258
15.08	1.0182251e-238
15.11	5.6177326e-221
15.14	1.4131288e-204
15.18	2.0459252e-189
15.21	2.1146340e-175
15.25	1.9041905e-162
15.28	1.7959002e-150
15.31	2.1032194e-139
15.35	3.5799228e-129
15.38	1.0243505e-119
15.42	5.6369036e-111
15.45	6.7557403e-103
15.48	1.9783049e-95
15.52	1.5742768e-88
15.55	3.7560600e-82
15.59	2.9425415e-76
15.62	8.2328211e-71
15.66	8.8910895e-66
15.69	3.9823590e-61
15.72	7.9058865e-57
15.76	7.3969969e-53
15.79	3.4523391e-49
15.83	8.4707800e-46
15.86	1.1470036e-42
15.89	8.9645287e-40
15.93	4.2153326e-37
15.96	1.2391950e-34
16.00	2.3596988e-32
16.03	3.0076481e-30
16.06	2.6449770e-28
16.10	1.6505156e-26
16.13	7.5003430e-25
16.17	2.5422545e-23
16.20	6.5714602e-22
16.23	1.3222492e-20
16.27	2.1106043e-19
16.30	2.7199219e-18
16.34	2.8760970e-17
16.37	2.5331455e-16
16.40	1.8842952e-15
16.44	1.1990584e-14
16.47	6.6052097e-14
16.51	3.1845903e-13
16.54	1.3575312e-12
16.58	5.1648038e-12
16.61	1.7690447e-11
16.64	5.4991549e-11
16.68	1.5629882e-10
16.71	4.0898510e-10
16.75	9.9155756e-10
16.78	2.2405137e-09
16.81	4.7442380e-09
16.85	9.4616757e-09
16.88	1.7855931e-08
16.92	3.2024950e-08
16.95	5.4805497e-08
16.98	8.9825023e-08
17.02	1.4148001e-07
17.05	2.1482875e-07
17.09	3.1539930e-07
17.12	4.4892747e-07
17.15	6.2105097e-07
17.19	8.3699411e-07
17.22	1.1012792e-06
17.26	1.4174974e-06
17.29	1.7881650e-06
17.32	2.2146784e-06
17.36	2.6973706e-06
17.39	3.2356615e-06
17.43	3.8282813e-06
17.46	4.4735455e-06
17.49	5.1696540e-06
17.53	5.9149883e-06
17.56	6.7083870e-06
17.60	7.5493817e-06
17.63	8.4383868e-06
17.67	9.3768377e-06
17.70	1.0367282e-05
17.73	1.1413431e-05
17.77	1.2520184e-05
17.80	1.3693645e-05
17.84	1.4941212e-05
17.87	1.6271697e-05
17.90	1.7694603e-05
17.94	1.9219816e-05
17.97	2.0857690e-05
18.01	2.2619132e-05
18.04	2.4515689e-05
18.07	2.6559640e-05
18.11	2.8764082e-05
18.14	3.1143027e-05
18.18	3.3711497e-05
18.21	3.6485624e-05
18.24	3.9482764e-05
18.28	4.2721601e-05
18.31	4.6222278e-05
18.35	5.0006515e-05
18.38	5.4097758e-05
18.41	5.8521319e-05
18.45	6.3304538e-05
18.48	6.8476952e-05
18.52	7.4070485e-05
18.55	8.0119636e-05
18.59	8.6661704e-05
18.62	9.3737010e-05
18.65	1.0138915e-04
18.69	1.0966528e-04
18.72	1.1861636e-04
18.76	1.2829752e-04
18.79	1.3876839e-04
18.82	1.5009344e-04
18.86	1.6234240e-04
18.89	1.7559069e-04
18.93	1.8991986e-04
18.96	2.0541812e-04
18.99	2.2218089e-04
19.03	2.4031135e-04
19.06	2.5992110e-04
19.10	2.8113084e-04
19.13	3.0407112e-04
19.16	3.2888313e-04
19.20	3.5571958e-04
19.23	3.8474563e-04
19.27	4.1613992e-04
19.30	4.5009564e-04
19.33	4.8682174e-04
19.37	5.2654421e-04
19.40	5.6950748e-04
19.44	6.1597589e-04
19.47	6.6623534e-04
19.51	7.2059502e-04
19.54	7.7938935e-04
19.57	8.4298000e-04
19.61	9.1175810e-04
19.64	9.8614668e-04
19.68	1.0666032e-03
19.71	1.1536225e-03
19.74	1.2477395e-03
19.78	1.3495329e-03
19.81	1.4596286e-03
19.85	1.5787031e-03
19.88	1.7074884e-03
19.91	1.8467757e-03
19.95	1.9974210e-03
19.98	2.1603495e-03
20.02	2.3365620e-03
20.05	2.5271406e-03
20.08	2.7332552e-03
20.12	2.9561709e-03
20.15	3.1972557e-03
20.19	3.4579885e-03
20.22	3.7399684e-03
20.25	4.0449241e-03
20.29	4.3747248e-03
20.32	4.7313909e-03
20.36	5.1171068e-03
20.39	5.5342335e-03
20.42	5.9853234e-03
20.46	6.4731351e-03
20.49	7.0006502e-03
20.53	7.5710911e-03
20.56	8.1879400e-03
20.60	8.8549601e-03
20.63	9.5762174e-03
20.66	1.0356105e-02
20.70	1.1199369e-02
20.73	1.2111137e-02
20.77	1.3096945e-02
20.80	1.4162776e-02
20.83	1.5315087e-02
20.87	1.6560853e-02
20.90	1.7907601e-02
20.94	1.9363459e-02
20.97	2.0937197e-02
21.00	2.2638280e-02
21.04	2.4476917e-02
21.07	2.6464123e-02
21.11	2.8611774e-02
21.14	3.0932675e-02
21.17	3.3440629e-02
21.21	3.6150506e-02
21.24	3.9078329e-02
21.28	4.2241350e-02
21.31	4.5658142e-02
21.34	4.9348691e-02
21.38	5.3334494e-02
21.41	5.7638668e-02
21.45	6.2286052e-02
21.48	6.7303328e-02
21.52	7.2719140e-02
21.55	7.8564221e-02
21.58	8.4871520e-02
21.62	9.1676343e-02
21.65	9.9016492e-02
21.69	1.0693241e-01
21.72	1.1546731e-01
21.75	1.2466736e-01
21.79	1.3458181e-01
21.82	1.4526314e-01
21.86	1.5676720e-01
21.89	1.6915339e-01
21.92	1.8248477e-01
21.96	1.9682818e-01
21.99	2.1225440e-01
22.03	2.2883821e-01
22.06	2.4665851e-01
22.09	2.6579837e-01
22.13	2.8634509e-01
22.16	3.0839019e-01
22.20	3.3202940e-01
22.23	3.5736260e-01
22.26	3.8449370e-01
22.30	4.1353051e-01
22.33	4.4458452e-01
22.37	4.7777061e-01
22.40	5.1320673e-01
22.43	5.5101352e-01
22.47	5.9131379e-01
22.50	6.3423200e-01
22.54	6.7989360e-01
22.57	7.2842432e-01
22.61	7.7994940e-01
22.64	8.3459269e-01
22.67	8.9247572e-01
22.71	9.5371664e-01
22.74	1.0184292e+00
22.78	1.0867215e+00
22.81	1.1586950e+00
22.84	1.2344430e+00
22.88	1.3140497e+00
22.91	1.3975888e+00
22.95	1.4851223e+00
22.98	1.5766992e+00
23.01	1.6723548e+00
23.05	1.7721089e+00
23.08	1.8759655e+00
23.12	1.9839116e+00
23.15	2.0959165e+00
23.18	2.2119313e+00
23.22	2.3318885e+00
23.25	2.4557016e+00
23.29	2.5832652e+00
23.32	2.7144551e+00
23.35	2.8491284e+00
23.39	2.9871245e+00
23.42	3.1282654e+00
23.46	3.2723567e+00
23.49	3.4191889e+00
23.53	3.5685382e+00
23.56	3.7201682e+00
23.59	3.8738315e+00
23.63	4.0292708e+00
23.66	4.1862213e+00
23.70	4.3444119e+00
23.73	4.5035670e+00
23.76	4.6634089e+00
23.80	4.8236587e+00
23.83	4.9840389e+00
23.87	5.1442744e+00
23.90	5.3040948e+00
23.93	5.4632352e+00
23.97	5.6214385e+00
24.00	5.7784559e+00
24.04	5.9340486e+00
24.07	6.0879887e+00
24.10	6.2400604e+00
24.14	6.3900602e+00
24.17	6.5377982e+00
24.21	6.6830981e+00
24.24	6.8257978e+00
24.27	6.9657498e+00
24.31	7.1028209e+00
24.34	7.2368926e+00
24.38	7.3678608e+00
24.41	7.4956354e+00
24.44	7.6201405e+00
24.48	7.7413136e+00
24.51	7.8591051e+00
24.55	7.9734782e+00
24.58	8.0844081e+00
24.62	8.1918810e+00
24.65	8.2958944e+00
24.68	8.3964555e+00
24.72	8.4935810e+00
24.75	8.5872964e+00
24.79	8.6776350e+00
24.82	8.7646378e+00
24.85	8.8483522e+00
24.89	8.9288316e+00
24.92	9.0061350e+00
24.96	9.0803259e+00
24.99	9.1514720e+00
25.02	9.2196447e+00
25.06	9.2849181e+00
25.09	9.3473692e+00
25.13	9.4070768e+00
25.16	9.4641212e+00
25.19	9.5185840e+00
25.23	9.5705476e+00
25.26	9.6200944e+00
25.30	9.6673073e+00
25.33	9.7122688e+00
25.36	9.7550609e+00
25.40	9.7957646e+00
25.43	9.8344602e+00
25.47	9.8712268e+00
25.50	9.9061419e+00
25.54	9.9392817e+00
25.57	9.9707208e+00
25.60	1.0000532e+01
25.64	1.0028786e+01
25.67	1.0055552e+01
25.71	1.0080896e+01
25.74	1.0104885e+01
25.77	1.0127580e+01
25.81	1.0149043e+01
25.84	1.0169333e+01
25.88	1.0188506e+01
25.91	1.0206616e+01
25.94	1.0223717e+01
25.98	1.0239858e+01
26.01	1.0255089e+01
26.05	1.0269455e+01
26.08	1.0283002e+01
26.11	1.0295771e+01
26.15	1.0307804e+01
26.18	1.0319140e+01
26.22	1.0329816e+01
26.25	1.0339867e+01
26.28	1.0349327e+01
26.32	1.0358229e+01
26.35	1.0366603e+01
26.39	1.0374479e+01
26.42	1.0381884e+01
26.45	1.0388844e+01
26.49	1.0395386e+01
26.52	1.0401531e+01
26.56	1.0407304e+01
26.59	1.0412726e+01
26.63	1.0417816e+01
26.66	1.0422594e+01
26.69	1.0427078e+01
26.73	1.0431286e+01
26.76	1.0435233e+01
26.80	1.0438935e+01
26.83	1.0442407e+01
26.86	1.0445663e+01
26.90	1.0448714e+01
26.93	1.0451574e+01
26.97	1.0454254e+01
27.00	1.0456766e+01
