# NeutrinoAntineutrinoInteraction/NeutrinoiAntineutrinojMuonAntielectron interaction rates
# neutrino field: massive Cosmic Neutrino Background, T_CnuB = 1.94535456 K
# Produced with crpropa-data version: 60a1560e37035039ec25f414e0c42a2444bad49c
# log10(E/eV), 1/lambda [1/Mpc]
13.27	0.0000000e+00
13.30	0.0000000e+00
13.34	0.0000000e+00
13.37	0.0000000e+00
13.41	0.0000000e+00
13.44	0.0000000e+00
13.47	0.0000000e+00
13.51	0.0000000e+00
13.54	0.0000000e+00
13.58	0.0000000e+00
13.61	0.0000000e+00
13.65	0.0000000e+00
13.68	0.0000000e+00
13.71	0.0000000e+00
13.75	0.0000000e+00
13.78	0.0000000e+00
13.82	0.0000000e+00
13.85	0.0000000e+00
13.88	0.0000000e+00
13.92	0.0000000e+00
13.95	0.0000000e+00
13.99	0.0000000e+00
14.02	0.0000000e+00
14.05	0.0000000e+00
14.09	0.0000000e+00
14.12	0.0000000e+00
14.16	0.0000000e+00
14.19	0.0000000e+00
14.22	0.0000000e+00
14.26	0.0000000e+00
14.29	0.0000000e+00
14.33	0.0000000e+00
14.36	0.0000000e+00
14.39	0.0000000e+00
14.43	0.0000000e+00
14.46	0.0000000e+00
14.50	0.0000000e+00
14.53	0.0000000e+00
14.57	0.0000000e+00
14.60	0.0000000e+00
14.63	0.0000000e+00
14.67	0.0000000e+00
14.70	0.0000000e+00
14.74	0.0000000e+00
14.77	0.0000000e+00
14.80	0.0000000e+00
14.84	0.0000000e+00
14.87	0.0000000e+00
14.91	0.0000000e+00
14.94	0.0000000e+00
14.97	0.0000000e+00
15.01	0.0000000e+00
15.04	0.0000000e+00
15.08	0.0000000e+00
15.11	0.0000000e+00
15.14	0.0000000e+00
15.18	0.0000000e+00
15.21	0.0000000e+00
15.25	6.4484463e-263
15.28	1.9686758e-243
15.31	2.0280357e-225
15.35	9.1047505e-209
15.38	2.2567455e-193
15.42	3.8433054e-179
15.45	5.5050351e-166
15.48	7.9956425e-154
15.52	1.3998126e-142
15.55	3.4660676e-132
15.59	1.4071864e-122
15.62	1.0739282e-113
15.66	1.7482335e-105
15.69	6.8231293e-98
15.72	7.1132370e-91
15.76	2.1890668e-84
15.79	2.1812395e-78
15.83	7.6652752e-73
15.86	1.0281840e-67
15.89	5.6636132e-63
15.93	1.3708006e-58
15.96	1.5519910e-54
16.00	8.7092162e-51
16.03	2.5556631e-47
16.06	4.1208214e-44
16.10	3.8223782e-41
16.13	2.1280508e-38
16.17	7.3957936e-36
16.20	1.6639067e-33
16.23	2.5062729e-31
16.27	2.6074260e-29
16.30	1.9284379e-27
16.34	1.0413745e-25
16.37	4.2087613e-24
16.40	1.3025375e-22
16.44	3.1529673e-21
16.47	6.0878156e-20
16.51	9.5476926e-19
16.54	1.2368521e-17
16.58	1.3441566e-16
16.61	1.2430824e-15
16.64	9.9122817e-15
16.68	6.8975510e-14
16.71	4.2346116e-13
16.75	2.3163200e-12
16.78	1.1387002e-11
16.81	5.0679558e-11
16.85	2.0537982e-10
16.88	7.6056045e-10
16.92	2.5744143e-09
16.95	7.9211210e-09
16.98	2.1773167e-08
17.02	5.1243647e-08
17.05	9.5610725e-08
17.09	1.4096259e-07
17.12	1.8456331e-07
17.15	2.2706125e-07
17.19	2.6904325e-07
17.22	3.1104567e-07
17.26	3.5356469e-07
17.29	3.9706526e-07
17.32	4.4198849e-07
17.36	4.8875949e-07
17.39	5.3779303e-07
17.43	5.8949945e-07
17.46	6.4428971e-07
17.49	7.0258030e-07
17.53	7.6479789e-07
17.56	8.3138339e-07
17.60	9.0279621e-07
17.63	9.7951832e-07
17.67	1.0620582e-06
17.70	1.1509550e-06
17.73	1.2467823e-06
17.77	1.3501526e-06
17.80	1.4617217e-06
17.84	1.5821931e-06
17.87	1.7123225e-06
17.90	1.8529231e-06
17.94	2.0048709e-06
17.97	2.1691100e-06
18.01	2.3466592e-06
18.04	2.5386180e-06
18.07	2.7461736e-06
18.11	2.9706086e-06
18.14	3.2133086e-06
18.18	3.4757714e-06
18.21	3.7596157e-06
18.24	4.0665915e-06
18.28	4.3985907e-06
18.31	4.7576589e-06
18.35	5.1460084e-06
18.38	5.5660311e-06
18.41	6.0203140e-06
18.45	6.5116546e-06
18.48	7.0430785e-06
18.52	7.6178579e-06
18.55	8.2395317e-06
18.59	8.9119273e-06
18.62	9.6391843e-06
18.65	1.0425780e-05
18.69	1.1276556e-05
18.72	1.2196751e-05
18.76	1.3192028e-05
18.79	1.4268515e-05
18.82	1.5432837e-05
18.86	1.6692161e-05
18.89	1.8054239e-05
18.93	1.9527453e-05
18.96	2.1120871e-05
18.99	2.2844299e-05
19.03	2.4708345e-05
19.06	2.6724480e-05
19.10	2.8905111e-05
19.13	3.1263658e-05
19.16	3.3814633e-05
19.20	3.6573732e-05
19.23	3.9557933e-05
19.27	4.2785596e-05
19.30	4.6276578e-05
19.33	5.0052355e-05
19.37	5.4136154e-05
19.40	5.8553095e-05
19.44	6.3330345e-05
19.47	6.8497282e-05
19.51	7.4085682e-05
19.54	8.0129907e-05
19.57	8.6667118e-05
19.61	9.3737504e-05
19.64	1.0138452e-04
19.68	1.0965518e-04
19.71	1.1860029e-04
19.74	1.2827483e-04
19.78	1.3873821e-04
19.81	1.5005472e-04
19.85	1.6229383e-04
19.88	1.7553070e-04
19.91	1.8984658e-04
19.95	2.0532932e-04
19.98	2.2207391e-04
20.02	2.4018305e-04
20.05	2.5976776e-04
20.08	2.8094810e-04
20.12	3.0385384e-04
20.15	3.2862526e-04
20.19	3.5541403e-04
20.22	3.8438406e-04
20.25	4.1571254e-04
20.29	4.4959100e-04
20.32	4.8622639e-04
20.36	5.2584241e-04
20.39	5.6868075e-04
20.42	6.1500260e-04
20.46	6.6509016e-04
20.49	7.1924829e-04
20.53	7.7780634e-04
20.56	8.4112005e-04
20.60	9.0957363e-04
20.63	9.8358199e-04
20.66	1.0635931e-03
20.70	1.1500907e-03
20.73	1.2435969e-03
20.77	1.3446751e-03
20.80	1.4539334e-03
20.83	1.5720279e-03
20.87	1.6996663e-03
20.90	1.8376116e-03
20.94	1.9866868e-03
20.97	2.1477786e-03
21.00	2.3218429e-03
21.04	2.5099092e-03
21.07	2.7130862e-03
21.11	2.9325677e-03
21.14	3.1696381e-03
21.17	3.4256791e-03
21.21	3.7021764e-03
21.24	4.0007266e-03
21.28	4.3230446e-03
21.31	4.6709714e-03
21.34	5.0464823e-03
21.38	5.4516950e-03
21.41	5.8888787e-03
21.45	6.3604624e-03
21.48	6.8690447e-03
21.52	7.4174029e-03
21.55	8.0085022e-03
21.58	8.6455054e-03
21.62	9.3317822e-03
21.65	1.0070918e-02
21.69	1.0866724e-02
21.72	1.1723244e-02
21.75	1.2644763e-02
21.79	1.3635813e-02
21.82	1.4701181e-02
21.86	1.5845910e-02
21.89	1.7075304e-02
21.92	1.8394931e-02
21.96	1.9810616e-02
21.99	2.1328441e-02
22.03	2.2954736e-02
22.06	2.4696072e-02
22.09	2.6559242e-02
22.13	2.8551244e-02
22.16	3.0679259e-02
22.20	3.2950625e-02
22.23	3.5372800e-02
22.26	3.7953324e-02
22.30	4.0699776e-02
22.33	4.3619726e-02
22.37	4.6720674e-02
22.40	5.0009991e-02
22.43	5.3494853e-02
22.47	5.7182166e-02
22.50	6.1078492e-02
22.54	6.5189970e-02
22.57	6.9522230e-02
22.61	7.4080308e-02
22.64	7.8868564e-02
22.67	8.3890600e-02
22.71	8.9149169e-02
22.74	9.4646109e-02
22.78	1.0038226e-01
22.81	1.0635742e-01
22.84	1.1257025e-01
22.88	1.1901829e-01
22.91	1.2569784e-01
22.95	1.3260403e-01
22.98	1.3973076e-01
23.01	1.4707070e-01
23.05	1.5461534e-01
23.08	1.6235501e-01
23.12	1.7027893e-01
23.15	1.7837527e-01
23.18	1.8663125e-01
23.22	1.9503318e-01
23.25	2.0356659e-01
23.29	2.1221633e-01
23.32	2.2096669e-01
23.35	2.2980148e-01
23.39	2.3870420e-01
23.42	2.4765811e-01
23.46	2.5664641e-01
23.49	2.6565228e-01
23.53	2.7465908e-01
23.56	2.8365039e-01
23.59	2.9261016e-01
23.63	3.0152275e-01
23.66	3.1037308e-01
23.70	3.1914669e-01
23.73	3.2782977e-01
23.76	3.3640927e-01
23.80	3.4487291e-01
23.83	3.5320925e-01
23.87	3.6140771e-01
23.90	3.6945858e-01
23.93	3.7735304e-01
23.97	3.8508317e-01
24.00	3.9264195e-01
24.04	4.0002324e-01
24.07	4.0722175e-01
24.10	4.1423306e-01
24.14	4.2105356e-01
24.17	4.2768041e-01
24.21	4.3411154e-01
24.24	4.4034560e-01
24.27	4.4638189e-01
24.31	4.5222038e-01
24.34	4.5786161e-01
24.38	4.6330668e-01
24.41	4.6855720e-01
24.44	4.7361525e-01
24.48	4.7848331e-01
24.51	4.8316426e-01
24.55	4.8766132e-01
24.58	4.9197801e-01
24.62	4.9611810e-01
24.65	5.0008562e-01
24.68	5.0388478e-01
24.72	5.0751995e-01
24.75	5.1099563e-01
24.79	5.1431643e-01
24.82	5.1748703e-01
24.85	5.2051219e-01
24.89	5.2339666e-01
24.92	5.2614524e-01
24.96	5.2876270e-01
24.99	5.3125381e-01
25.02	5.3362327e-01
25.06	5.3587574e-01
25.09	5.3801582e-01
25.13	5.4004802e-01
25.16	5.4197678e-01
25.19	5.4380643e-01
25.23	5.4554123e-01
25.26	5.4718529e-01
25.30	5.4874265e-01
25.33	5.5021722e-01
25.36	5.5161278e-01
25.40	5.5293299e-01
25.43	5.5418142e-01
25.47	5.5536148e-01
25.50	5.5647649e-01
25.54	5.5752963e-01
25.57	5.5852396e-01
25.60	5.5946242e-01
25.64	5.6034786e-01
25.67	5.6118298e-01
25.71	5.6197038e-01
25.74	5.6271253e-01
25.77	5.6341184e-01
25.81	5.6407055e-01
25.84	5.6469086e-01
25.88	5.6527482e-01
25.91	5.6582443e-01
25.94	5.6634154e-01
25.98	5.6682796e-01
26.01	5.6728538e-01
26.05	5.6771542e-01
26.08	5.6811962e-01
26.11	5.6849944e-01
26.15	5.6885627e-01
26.18	5.6919142e-01
26.22	5.6950613e-01
26.25	5.6980160e-01
26.28	5.7007894e-01
26.32	5.7033920e-01
26.35	5.7058338e-01
26.39	5.7081244e-01
26.42	5.7102727e-01
26.45	5.7122871e-01
26.49	5.7141758e-01
26.52	5.7159462e-01
26.56	5.7176054e-01
26.59	5.7191601e-01
26.63	5.7206166e-01
26.66	5.7219809e-01
26.69	5.7232587e-01
26.73	5.7244552e-01
26.76	5.7255754e-01
26.80	5.7266241e-01
26.83	5.7276057e-01
26.86	5.7285243e-01
26.90	5.7293839e-01
26.93	5.7301881e-01
26.97	5.7309404e-01
27.00	5.7316440e-01
