# NeutrinoAntineutrinoInteraction/NeutrinoiAntineutrinojMuonAntielectron interaction rates
# neutrino field: massive Cosmic Neutrino Background, T_CnuB = 1.94535456 K
# Produced with crpropa-data version: 60a1560e37035039ec25f414e0c42a2444bad49c
# log10(E/eV), 1/lambda [1/Mpc]
14.46	0.0000000e+00
14.50	0.0000000e+00
14.53	0.0000000e+00
14.57	0.0000000e+00
14.60	0.0000000e+00
14.63	0.0000000e+00
14.67	0.0000000e+00
14.70	0.0000000e+00
14.74	0.0000000e+00
14.77	0.0000000e+00
14.80	0.0000000e+00
14.84	0.0000000e+00
14.87	0.0000000e+00
14.91	0.0000000e+00
14.94	0.0000000e+00
14.97	0.0000000e+00
15.01	0.0000000e+00
15.04	0.0000000e+00
15.08	0.0000000e+00
15.11	0.0000000e+00
15.14	0.0000000e+00
15.18	0.0000000e+00
15.21	0.0000000e+00
15.25	0.0000000e+00
15.28	0.0000000e+00
15.31	0.0000000e+00
15.35	0.0000000e+00
15.38	0.0000000e+00
15.42	0.0000000e+00
15.45	0.0000000e+00
15.48	0.0000000e+00
15.52	0.0000000e+00
15.55	0.0000000e+00
15.59	0.0000000e+00
15.62	0.0000000e+00
15.66	0.0000000e+00
15.69	0.0000000e+00
15.72	0.0000000e+00
15.76	0.0000000e+00
15.79	0.0000000e+00
15.83	0.0000000e+00
15.86	0.0000000e+00
15.89	0.0000000e+00
15.93	0.0000000e+00
15.96	0.0000000e+00
16.00	0.0000000e+00
16.03	0.0000000e+00
16.06	0.0000000e+00
16.10	0.0000000e+00
16.13	0.0000000e+00
16.17	0.0000000e+00
16.20	0.0000000e+00
16.23	0.0000000e+00
16.27	0.0000000e+00
16.30	0.0000000e+00
16.34	0.0000000e+00
16.37	0.0000000e+00
16.40	0.0000000e+00
16.44	8.1920743e-277
16.47	9.2277054e-257
16.51	3.2155039e-238
16.54	4.5105894e-221
16.58	3.2494721e-205
16.61	1.5059593e-190
16.64	5.5299539e-177
16.68	1.9509339e-164
16.71	7.9034033e-153
16.75	4.3359382e-142
16.78	3.7527164e-132
16.81	5.9014048e-123
16.85	1.9217602e-114
16.88	1.4626711e-106
16.92	2.9105319e-99
16.95	1.6797863e-92
16.98	3.0956279e-86
17.02	1.9913524e-80
17.05	4.8563995e-75
17.09	4.8472895e-70
17.12	2.1259059e-65
17.15	4.3759210e-61
17.19	4.4941218e-57
17.22	2.4375216e-53
17.26	7.3606071e-50
17.29	1.2997588e-46
17.32	1.4048499e-43
17.36	9.6977555e-41
17.39	4.4479846e-38
17.43	1.4063301e-35
17.46	3.1717322e-33
17.49	5.2669774e-31
17.53	6.6310459e-29
17.56	6.5005125e-27
17.60	5.0816586e-25
17.63	3.2326313e-23
17.67	1.6989702e-21
17.70	7.4258688e-20
17.73	2.6699223e-18
17.77	7.4626685e-17
17.80	1.2663404e-15
17.84	5.1986985e-15
17.87	9.0822036e-15
17.90	1.2780367e-14
17.94	1.6350929e-14
17.97	1.9845841e-14
18.01	2.3312224e-14
18.04	2.6793279e-14
18.07	3.0329217e-14
18.11	3.3957713e-14
18.14	3.7714815e-14
18.18	4.1635325e-14
18.21	4.5753395e-14
18.24	5.0102910e-14
18.28	5.4717925e-14
18.31	5.9633102e-14
18.35	6.4884032e-14
18.38	7.0507597e-14
18.41	7.6542323e-14
18.45	8.3028676e-14
18.48	9.0009465e-14
18.52	9.7530093e-14
18.55	1.0563892e-13
18.59	1.1438767e-13
18.62	1.2383171e-13
18.65	1.3403049e-13
18.69	1.4504791e-13
18.72	1.5695276e-13
18.76	1.6981912e-13
18.79	1.8372692e-13
18.82	1.9876241e-13
18.86	2.1501864e-13
18.89	2.3259609e-13
18.93	2.5160335e-13
18.96	2.7215775e-13
18.99	2.9438610e-13
19.03	3.1842548e-13
19.06	3.4442408e-13
19.10	3.7254213e-13
19.13	4.0295290e-13
19.16	4.3584369e-13
19.20	4.7141711e-13
19.23	5.0989221e-13
19.27	5.5150595e-13
19.30	5.9651455e-13
19.33	6.4519519e-13
19.37	6.9784757e-13
19.40	7.5479595e-13
19.44	8.1639098e-13
19.47	8.8301172e-13
19.51	9.5506820e-13
19.54	1.0330041e-12
19.57	1.1172990e-12
19.61	1.2084719e-12
19.64	1.3070839e-12
19.68	1.4137422e-12
19.71	1.5291031e-12
19.74	1.6538769e-12
19.78	1.7888312e-12
19.81	1.9347967e-12
19.85	2.0926716e-12
19.88	2.2634277e-12
19.91	2.4481157e-12
19.95	2.6478722e-12
19.98	2.8639265e-12
20.02	3.0976085e-12
20.05	3.3503556e-12
20.08	3.6237225e-12
20.12	3.9193910e-12
20.15	4.2391799e-12
20.19	4.5850564e-12
20.22	4.9591479e-12
20.25	5.3637555e-12
20.29	5.8013672e-12
20.32	6.2746749e-12
20.36	6.7865878e-12
20.39	7.3402539e-12
20.42	7.9390761e-12
20.46	8.5867360e-12
20.49	9.2872134e-12
20.53	1.0044814e-11
20.56	1.0864191e-11
20.60	1.1750382e-11
20.63	1.2708828e-11
20.66	1.3745413e-11
20.70	1.4866501e-11
20.73	1.6078973e-11
20.77	1.7390269e-11
20.80	1.8808435e-11
20.83	2.0342167e-11
20.87	2.2000871e-11
20.90	2.3794712e-11
20.94	2.5734682e-11
20.97	2.7832660e-11
21.00	3.0101489e-11
21.04	3.2555052e-11
21.07	3.5208355e-11
21.11	3.8077617e-11
21.14	4.1180367e-11
21.17	4.4535550e-11
21.21	4.8163642e-11
21.24	5.2086753e-11
21.28	5.6328776e-11
21.31	6.0915528e-11
21.34	6.5874898e-11
21.38	7.1237012e-11
21.41	7.7034400e-11
21.45	8.3302202e-11
21.48	9.0078350e-11
21.52	9.7403809e-11
21.55	1.0532277e-10
21.58	1.1388296e-10
21.62	1.2313585e-10
21.65	1.3313700e-10
21.69	1.4394632e-10
21.72	1.5562842e-10
21.75	1.6825296e-10
21.79	1.8189507e-10
21.82	1.9663562e-10
21.86	2.1256177e-10
21.89	2.2976733e-10
21.92	2.4835338e-10
21.96	2.6842860e-10
21.99	2.9010996e-10
22.03	3.1352316e-10
22.06	3.3880335e-10
22.09	3.6609565e-10
22.13	3.9555581e-10
22.16	4.2735093e-10
22.20	4.6166018e-10
22.23	4.9867547e-10
22.26	5.3860230e-10
22.30	5.8166040e-10
22.33	6.2808464e-10
22.37	6.7812577e-10
22.40	7.3205125e-10
22.43	7.9014573e-10
22.47	8.5271217e-10
22.50	9.2007255e-10
22.54	9.9256841e-10
22.57	1.0705616e-09
22.61	1.1544348e-09
22.64	1.2445921e-09
22.67	1.3414588e-09
22.71	1.4454827e-09
22.74	1.5571328e-09
22.78	1.6769001e-09
22.81	1.8052970e-09
22.84	1.9428565e-09
22.88	2.0901314e-09
22.91	2.2476931e-09
22.95	2.4161297e-09
22.98	2.5960447e-09
23.01	2.7880531e-09
23.05	2.9927799e-09
23.08	3.2108560e-09
23.12	3.4429155e-09
23.15	3.6895898e-09
23.18	3.9515045e-09
23.22	4.2292724e-09
23.25	4.5234895e-09
23.29	4.8347274e-09
23.32	5.1635274e-09
23.35	5.5103935e-09
23.39	5.8757861e-09
23.42	6.2601139e-09
23.46	6.6637279e-09
23.49	7.0869132e-09
23.53	7.5298832e-09
23.56	7.9927730e-09
23.59	8.4756333e-09
23.63	8.9784225e-09
23.66	9.5010064e-09
23.70	1.0043153e-08
23.73	1.0604531e-08
23.76	1.1184706e-08
23.80	1.1783140e-08
23.83	1.2399199e-08
23.87	1.3032144e-08
23.90	1.3681142e-08
23.93	1.4345268e-08
23.97	1.5023512e-08
24.00	1.5714783e-08
24.04	1.6417920e-08
24.07	1.7131697e-08
24.10	1.7854835e-08
24.14	1.8586007e-08
24.17	1.9323859e-08
24.21	2.0066997e-08
24.24	2.0814022e-08
24.27	2.1563525e-08
24.31	2.2314107e-08
24.34	2.3064380e-08
24.38	2.3812980e-08
24.41	2.4558576e-08
24.44	2.5299876e-08
24.48	2.6035635e-08
24.51	2.6764657e-08
24.55	2.7485807e-08
24.58	2.8198014e-08
24.62	2.8900272e-08
24.65	2.9591649e-08
24.68	3.0271282e-08
24.72	3.0938384e-08
24.75	3.1592245e-08
24.79	3.2232225e-08
24.82	3.2857753e-08
24.85	3.3468338e-08
24.89	3.4063563e-08
24.92	3.4643077e-08
24.96	3.5206601e-08
24.99	3.5753916e-08
25.02	3.6284872e-08
25.06	3.6799371e-08
25.09	3.7297375e-08
25.13	3.7778892e-08
25.16	3.8243985e-08
25.19	3.8692757e-08
25.23	3.9125358e-08
25.26	3.9541970e-08
25.30	3.9942816e-08
25.33	4.0328143e-08
25.36	4.0698238e-08
25.40	4.1053387e-08
25.43	4.1393915e-08
25.47	4.1720158e-08
25.50	4.2032476e-08
25.54	4.2331234e-08
25.57	4.2616815e-08
25.60	4.2889603e-08
25.64	4.3149997e-08
25.67	4.3398390e-08
25.71	4.3635179e-08
25.74	4.3860763e-08
25.77	4.4075540e-08
25.81	4.4279906e-08
25.84	4.4474255e-08
25.88	4.4658974e-08
25.91	4.4834446e-08
25.94	4.5001052e-08
25.98	4.5159154e-08
26.01	4.5309104e-08
26.05	4.5451252e-08
26.08	4.5585943e-08
26.11	4.5713508e-08
26.15	4.5834270e-08
26.18	4.5948543e-08
26.22	4.6056632e-08
26.25	4.6158829e-08
26.28	4.6255417e-08
26.32	4.6346665e-08
26.35	4.6432838e-08
26.39	4.6514186e-08
26.42	4.6590957e-08
26.45	4.6663378e-08
26.49	4.6731681e-08
26.52	4.6796076e-08
26.56	4.6856777e-08
26.59	4.6913962e-08
26.63	4.6967823e-08
26.66	4.7018533e-08
26.69	4.7066267e-08
26.73	4.7111184e-08
26.76	4.7153442e-08
26.80	4.7193185e-08
26.83	4.7230560e-08
26.86	4.7265694e-08
26.90	4.7298714e-08
26.93	4.7329736e-08
26.97	4.7358878e-08
27.00	4.7386246e-08
