# NeutrinoAntineutrinoInteraction/NeutrinoiAntineutrinojMuonAntielectron interaction rates
# neutrino field: massive Cosmic Neutrino Background, T_CnuB = 1.94535456 K
# Produced with crpropa-data version: 60a1560e37035039ec25f414e0c42a2444bad49c
# log10(E/eV), 1/lambda [1/Mpc]
12.76	0.0000000e+00
12.79	0.0000000e+00
12.83	0.0000000e+00
12.86	0.0000000e+00
12.90	0.0000000e+00
12.93	0.0000000e+00
12.96	0.0000000e+00
13.00	0.0000000e+00
13.03	0.0000000e+00
13.07	0.0000000e+00
13.10	0.0000000e+00
13.13	0.0000000e+00
13.17	0.0000000e+00
13.20	0.0000000e+00
13.24	0.0000000e+00
13.27	0.0000000e+00
13.30	0.0000000e+00
13.34	0.0000000e+00
13.37	0.0000000e+00
13.41	0.0000000e+00
13.44	0.0000000e+00
13.47	0.0000000e+00
13.51	0.0000000e+00
13.54	0.0000000e+00
13.58	0.0000000e+00
13.61	0.0000000e+00
13.65	0.0000000e+00
13.68	0.0000000e+00
13.71	0.0000000e+00
13.75	0.0000000e+00
13.78	0.0000000e+00
13.82	0.0000000e+00
13.85	0.0000000e+00
13.88	0.0000000e+00
13.92	0.0000000e+00
13.95	0.0000000e+00
13.99	0.0000000e+00
14.02	0.0000000e+00
14.05	0.0000000e+00
14.09	0.0000000e+00
14.12	0.0000000e+00
14.16	0.0000000e+00
14.19	0.0000000e+00
14.22	0.0000000e+00
14.26	0.0000000e+00
14.29	0.0000000e+00
14.33	0.0000000e+00
14.36	0.0000000e+00
14.39	0.0000000e+00
14.43	0.0000000e+00
14.46	0.0000000e+00
14.50	0.0000000e+00
14.53	0.0000000e+00
14.57	0.0000000e+00
14.60	0.0000000e+00
14.63	0.0000000e+00
14.67	0.0000000e+00
14.70	0.0000000e+00
14.74	1.6822570e-264
14.77	1.1186904e-244
14.80	2.3626891e-226
14.84	2.0559489e-209
14.87	9.3762556e-194
14.91	2.7994715e-179
14.94	6.7217268e-166
14.97	1.5697596e-153
15.01	4.2510019e-142
15.04	1.5705539e-131
15.08	9.2000291e-122
15.11	9.8185518e-113
15.14	2.1708103e-104
15.18	1.1196894e-96
15.21	1.5037233e-89
15.25	5.8200720e-83
15.28	7.1309546e-77
15.31	3.0166100e-71
15.35	4.7741129e-66
15.38	3.0443118e-61
15.42	8.3771996e-57
15.45	1.0599006e-52
15.48	6.5381319e-49
15.52	2.0759141e-45
15.55	3.5669857e-42
15.59	3.4742174e-39
15.62	2.0020999e-36
15.66	7.1022149e-34
15.69	1.6087555e-31
15.72	2.4070430e-29
15.76	2.4545724e-27
15.79	1.7560687e-25
15.83	9.0533349e-24
15.86	3.4476947e-22
15.89	9.9230209e-21
15.93	2.2046872e-19
15.96	3.8560173e-18
16.00	5.4060628e-17
16.03	6.1779317e-16
16.06	5.8445112e-15
16.10	4.6431668e-14
16.13	3.1390072e-13
16.17	1.8281070e-12
16.20	9.2760419e-12
16.23	4.1440738e-11
16.27	1.6459146e-10
16.30	5.8640646e-10
16.34	1.8897648e-09
16.37	5.5510045e-09
16.40	1.4968538e-08
16.44	3.7298474e-08
16.47	8.6408160e-08
16.51	1.8716423e-07
16.54	3.8103677e-07
16.58	7.3264072e-07
16.61	1.3364255e-06
16.64	2.3223843e-06
16.68	3.8595126e-06
16.71	6.1558847e-06
16.75	9.4546405e-06
16.78	1.4025812e-05
16.81	2.0154616e-05
16.85	2.8127460e-05
16.88	3.8217317e-05
16.92	5.0670218e-05
16.95	6.5694483e-05
16.98	8.3453834e-05
17.02	1.0406505e-04
17.05	1.2760013e-04
17.09	1.5409257e-04
17.12	1.8354661e-04
17.15	2.1594867e-04
17.19	2.5127938e-04
17.22	2.8952553e-04
17.26	3.3069083e-04
17.29	3.7480508e-04
17.32	4.2193141e-04
17.36	4.7217156e-04
17.39	5.2566948e-04
17.43	5.8261334e-04
17.46	6.4323647e-04
17.49	7.0781758e-04
17.53	7.7668049e-04
17.56	8.5019376e-04
17.60	9.2877041e-04
17.63	1.0128679e-03
17.67	1.1029887e-03
17.70	1.1996809e-03
17.73	1.3035399e-03
17.77	1.4152102e-03
17.80	1.5353881e-03
17.84	1.6648248e-03
17.87	1.8043302e-03
17.90	1.9547767e-03
17.94	2.1171047e-03
17.97	2.2923274e-03
18.01	2.4815370e-03
18.04	2.6859110e-03
18.07	2.9067196e-03
18.11	3.1453334e-03
18.14	3.4032314e-03
18.18	3.6820108e-03
18.21	3.9833960e-03
18.24	4.3092501e-03
18.28	4.6615858e-03
18.31	5.0425783e-03
18.35	5.4545783e-03
18.38	5.9001267e-03
18.41	6.3819707e-03
18.45	6.9030801e-03
18.48	7.4666659e-03
18.52	8.0762005e-03
18.55	8.7354382e-03
18.59	9.4484395e-03
18.62	1.0219595e-02
18.65	1.1053653e-02
18.69	1.1955750e-02
18.72	1.2931439e-02
18.76	1.3986726e-02
18.79	1.5128108e-02
18.82	1.6362611e-02
18.86	1.7697834e-02
18.89	1.9141996e-02
18.93	2.0703984e-02
18.96	2.2393412e-02
18.99	2.4220677e-02
19.03	2.6197025e-02
19.06	2.8334617e-02
19.10	3.0646607e-02
19.13	3.3147222e-02
19.16	3.5851847e-02
19.20	3.8777123e-02
19.23	4.1941046e-02
19.27	4.5363081e-02
19.30	4.9064277e-02
19.33	5.3067401e-02
19.37	5.7397074e-02
19.40	6.2079924e-02
19.44	6.7144746e-02
19.47	7.2622684e-02
19.51	7.8547418e-02
19.54	8.4955368e-02
19.57	9.1885923e-02
19.61	9.9381678e-02
19.64	1.0748869e-01
19.68	1.1625678e-01
19.71	1.2573980e-01
19.74	1.3599600e-01
19.78	1.4708835e-01
19.81	1.5908496e-01
19.85	1.7205947e-01
19.88	1.8609148e-01
19.91	2.0126708e-01
19.95	2.1767936e-01
19.98	2.3542892e-01
20.02	2.5462455e-01
20.05	2.7538387e-01
20.08	2.9783401e-01
20.12	3.2211240e-01
20.15	3.4836759e-01
20.19	3.7676016e-01
20.22	4.0746365e-01
20.25	4.4066562e-01
20.29	4.7656877e-01
20.32	5.1539212e-01
20.36	5.5737236e-01
20.39	6.0276519e-01
20.42	6.5184688e-01
20.46	7.0491585e-01
20.49	7.6229444e-01
20.53	8.2433079e-01
20.56	8.9140084e-01
20.60	9.6391054e-01
20.63	1.0422981e+00
20.66	1.1270366e+00
20.70	1.2186367e+00
20.73	1.3176491e+00
20.77	1.4246684e+00
20.80	1.5403356e+00
20.83	1.6653422e+00
20.87	1.8004336e+00
20.90	1.9464133e+00
20.94	2.1041472e+00
20.97	2.2745679e+00
21.00	2.4586801e+00
21.04	2.6575650e+00
21.07	2.8723864e+00
21.11	3.1043961e+00
21.14	3.3549400e+00
21.17	3.6254647e+00
21.21	3.9175241e+00
21.24	4.2327863e+00
21.28	4.5730414e+00
21.31	4.9402086e+00
21.34	5.3363447e+00
21.38	5.7636519e+00
21.41	6.2244864e+00
21.45	6.7213672e+00
21.48	7.2569844e+00
21.52	7.8342086e+00
21.55	8.4560995e+00
21.58	9.1259145e+00
21.62	9.8471176e+00
21.65	1.0623388e+01
21.69	1.1458626e+01
21.72	1.2356963e+01
21.75	1.3322768e+01
21.79	1.4360649e+01
21.82	1.5475463e+01
21.86	1.6672315e+01
21.89	1.7956561e+01
21.92	1.9333807e+01
21.96	2.0809908e+01
21.99	2.2390960e+01
22.03	2.4083295e+01
22.06	2.5893469e+01
22.09	2.7828246e+01
22.13	2.9894585e+01
22.16	3.2099612e+01
22.20	3.4450601e+01
22.23	3.6954940e+01
22.26	3.9620097e+01
22.30	4.2453582e+01
22.33	4.5462907e+01
22.37	4.8655529e+01
22.40	5.2038811e+01
22.43	5.5619954e+01
22.47	5.9405944e+01
22.50	6.3403488e+01
22.54	6.7618947e+01
22.57	7.2058270e+01
22.61	7.6726921e+01
22.64	8.1629814e+01
22.67	8.6771241e+01
22.71	9.2154804e+01
22.74	9.7783349e+01
22.78	1.0365890e+02
22.81	1.0978262e+02
22.84	1.1615473e+02
22.88	1.2277448e+02
22.91	1.2964010e+02
22.95	1.3674878e+02
22.98	1.4409667e+02
23.01	1.5167880e+02
23.05	1.5948914e+02
23.08	1.6752059e+02
23.12	1.7576500e+02
23.15	1.8421319e+02
23.18	1.9285498e+02
23.22	2.0167927e+02
23.25	2.1067407e+02
23.29	2.1982658e+02
23.32	2.2912325e+02
23.35	2.3854988e+02
23.39	2.4809169e+02
23.42	2.5773342e+02
23.46	2.6745941e+02
23.49	2.7725371e+02
23.53	2.8710018e+02
23.56	2.9698256e+02
23.59	3.0688462e+02
23.63	3.1679019e+02
23.66	3.2668330e+02
23.70	3.3654825e+02
23.73	3.4636966e+02
23.76	3.5613262e+02
23.80	3.6582270e+02
23.83	3.7542601e+02
23.87	3.8492932e+02
23.90	3.9432003e+02
23.93	4.0358627e+02
23.97	4.1271691e+02
24.00	4.2170159e+02
24.04	4.3053077e+02
24.07	4.3919569e+02
24.10	4.4768841e+02
24.14	4.5600183e+02
24.17	4.6412964e+02
24.21	4.7206636e+02
24.24	4.7980728e+02
24.27	4.8734846e+02
24.31	4.9468673e+02
24.34	5.0181963e+02
24.38	5.0874539e+02
24.41	5.1546291e+02
24.44	5.2197172e+02
24.48	5.2827193e+02
24.51	5.3436423e+02
24.55	5.4024981e+02
24.58	5.4593036e+02
24.62	5.5140800e+02
24.65	5.5668525e+02
24.68	5.6176504e+02
24.72	5.6665060e+02
24.75	5.7134547e+02
24.79	5.7585344e+02
24.82	5.8017857e+02
24.85	5.8432509e+02
24.89	5.8829741e+02
24.92	5.9210007e+02
24.96	5.9573775e+02
24.99	5.9921520e+02
25.02	6.0253725e+02
25.06	6.0570875e+02
25.09	6.0873461e+02
25.13	6.1161971e+02
25.16	6.1436894e+02
25.19	6.1698715e+02
25.23	6.1947916e+02
25.26	6.2184972e+02
25.30	6.2410352e+02
25.33	6.2624519e+02
25.36	6.2827924e+02
25.40	6.3021012e+02
25.43	6.3204215e+02
25.47	6.3377958e+02
25.50	6.3542651e+02
25.54	6.3698697e+02
25.57	6.3846482e+02
25.60	6.3986386e+02
25.64	6.4118773e+02
25.67	6.4243995e+02
25.71	6.4362394e+02
25.74	6.4474297e+02
25.77	6.4580022e+02
25.81	6.4679873e+02
25.84	6.4774143e+02
25.88	6.4863112e+02
25.91	6.4947050e+02
25.94	6.5026215e+02
25.98	6.5100855e+02
26.01	6.5171206e+02
26.05	6.5237495e+02
26.08	6.5299936e+02
26.11	6.5358737e+02
26.15	6.5414094e+02
26.18	6.5466194e+02
26.22	6.5515215e+02
26.25	6.5561328e+02
26.28	6.5604693e+02
26.32	6.5645464e+02
26.35	6.5683787e+02
26.39	6.5719801e+02
26.42	6.5753636e+02
26.45	6.5785417e+02
26.49	6.5815262e+02
26.52	6.5843283e+02
26.56	6.5869586e+02
26.59	6.5894271e+02
26.63	6.5917433e+02
26.66	6.5939162e+02
26.69	6.5959542e+02
26.73	6.5978653e+02
26.76	6.5996572e+02
26.80	6.6013369e+02
26.83	6.6029112e+02
26.86	6.6043865e+02
26.90	6.6057687e+02
26.93	6.6070636e+02
26.97	6.6082763e+02
27.00	6.6094121e+02
