# NeutrinoAntineutrinoInteraction/NeutrinoiAntineutrinojMuonAntielectron interaction rates
# neutrino field: massive Cosmic Neutrino Background, T_CnuB = 1.94535456 K
# Produced with crpropa-data version: 60a1560e37035039ec25f414e0c42a2444bad49c
# log10(E/eV), 1/lambda [1/Mpc]
13.99	0.0000000e+00
14.02	0.0000000e+00
14.05	0.0000000e+00
14.09	0.0000000e+00
14.12	0.0000000e+00
14.16	0.0000000e+00
14.19	0.0000000e+00
14.22	0.0000000e+00
14.26	0.0000000e+00
14.29	0.0000000e+00
14.33	0.0000000e+00
14.36	0.0000000e+00
14.39	0.0000000e+00
14.43	0.0000000e+00
14.46	0.0000000e+00
14.50	0.0000000e+00
14.53	0.0000000e+00
14.57	0.0000000e+00
14.60	0.0000000e+00
14.63	0.0000000e+00
14.67	0.0000000e+00
14.70	0.0000000e+00
14.74	0.0000000e+00
14.77	0.0000000e+00
14.80	0.0000000e+00
14.84	0.0000000e+00
14.87	0.0000000e+00
14.91	0.0000000e+00
14.94	0.0000000e+00
14.97	0.0000000e+00
15.01	0.0000000e+00
15.04	0.0000000e+00
15.08	0.0000000e+00
15.11	0.0000000e+00
15.14	0.0000000e+00
15.18	0.0000000e+00
15.21	0.0000000e+00
15.25	0.0000000e+00
15.28	0.0000000e+00
15.31	0.0000000e+00
15.35	0.0000000e+00
15.38	0.0000000e+00
15.42	0.0000000e+00
15.45	0.0000000e+00
15.48	0.0000000e+00
15.52	0.0000000e+00
15.55	0.0000000e+00
15.59	0.0000000e+00
15.62	0.0000000e+00
15.66	0.0000000e+00
15.69	0.0000000e+00
15.72	0.0000000e+00
15.76	0.0000000e+00
15.79	0.0000000e+00
15.83	0.0000000e+00
15.86	0.0000000e+00
15.89	0.0000000e+00
15.93	0.0000000e+00
15.96	1.4376055e-272
16.00	2.0195845e-252
16.03	8.9592952e-234
16.06	1.6354928e-216
16.10	1.5697194e-200
16.13	9.9390779e-186
16.17	5.1226502e-172
16.20	2.6111032e-159
16.23	1.5764907e-147
16.27	1.3327103e-136
16.30	1.8421384e-126
16.34	4.8078911e-117
16.37	2.7080488e-108
16.40	3.7267043e-100
16.44	1.4062344e-92
16.47	1.6197814e-85
16.51	6.2937061e-79
16.54	9.0539094e-73
16.58	5.2596245e-67
16.61	1.3380446e-61
16.64	1.6080092e-56
16.68	9.7990744e-52
16.71	3.2356161e-47
16.75	6.1593666e-43
16.78	7.1623144e-39
16.81	5.3681274e-35
16.85	2.7238160e-31
16.88	9.7727002e-28
16.92	2.5684673e-24
16.95	5.0476614e-21
16.98	7.3166997e-18
17.02	6.8836380e-15
17.05	1.4624030e-12
17.09	5.4227160e-12
17.12	9.1486099e-12
17.15	1.2701795e-11
17.19	1.6137407e-11
17.22	1.9505009e-11
17.26	2.2849637e-11
17.29	2.6212661e-11
17.32	2.9632571e-11
17.36	3.3145554e-11
17.39	3.6786223e-11
17.43	4.0588069e-11
17.46	4.4584005e-11
17.49	4.8806728e-11
17.53	5.3289135e-11
17.56	5.8064806e-11
17.60	6.3168170e-11
17.63	6.8635082e-11
17.67	7.4502785e-11
17.70	8.0810559e-11
17.73	8.7599934e-11
17.77	9.4915036e-11
17.80	1.0280281e-10
17.84	1.1131359e-10
17.87	1.2050116e-10
17.90	1.3042339e-10
17.94	1.4114241e-10
17.97	1.5272509e-10
18.01	1.6524344e-10
18.04	1.7877523e-10
18.07	1.9340433e-10
18.11	2.0922130e-10
18.14	2.2632394e-10
18.18	2.4481797e-10
18.21	2.6481771e-10
18.24	2.8644650e-10
18.28	3.0983747e-10
18.31	3.3513477e-10
18.35	3.6249433e-10
18.38	3.9208465e-10
18.41	4.2408809e-10
18.45	4.5870168e-10
18.48	4.9613875e-10
18.52	5.3662983e-10
18.55	5.8042426e-10
18.59	6.2779139e-10
18.62	6.7902311e-10
18.65	7.3443456e-10
18.69	7.9436723e-10
18.72	8.5918981e-10
18.76	9.2930188e-10
18.79	1.0051350e-09
18.82	1.0871573e-09
18.86	1.1758716e-09
18.89	1.2718246e-09
18.93	1.3756060e-09
18.96	1.4878554e-09
18.99	1.6092629e-09
19.03	1.7405765e-09
19.06	1.8826038e-09
19.10	2.0362200e-09
19.13	2.2023700e-09
19.16	2.3820759e-09
19.20	2.5764428e-09
19.23	2.7866675e-09
19.27	3.0140431e-09
19.30	3.2599691e-09
19.33	3.5259589e-09
19.37	3.8136499e-09
19.40	4.1248153e-09
19.44	4.4613663e-09
19.47	4.8253706e-09
19.51	5.2190662e-09
19.54	5.6448749e-09
19.57	6.1054141e-09
19.61	6.6035168e-09
19.64	7.1422440e-09
19.68	7.7249102e-09
19.71	8.3550966e-09
19.74	9.0366756e-09
19.78	9.7738316e-09
19.81	1.0571097e-08
19.85	1.1433367e-08
19.88	1.2365941e-08
19.91	1.3374543e-08
19.95	1.4465373e-08
19.98	1.5645128e-08
20.02	1.6921063e-08
20.05	1.8300975e-08
20.08	1.9793336e-08
20.12	2.1407285e-08
20.15	2.3152723e-08
20.19	2.5040333e-08
20.22	2.7081689e-08
20.25	2.9289275e-08
20.29	3.1676623e-08
20.32	3.4258313e-08
20.36	3.7050128e-08
20.39	4.0069109e-08
20.42	4.3333697e-08
20.46	4.6863801e-08
20.49	5.0680951e-08
20.53	5.4808401e-08
20.56	5.9271289e-08
20.60	6.4096801e-08
20.63	6.9314179e-08
20.66	7.4955054e-08
20.70	8.1053596e-08
20.73	8.7646722e-08
20.77	9.4774260e-08
20.80	1.0247924e-07
20.83	1.1080805e-07
20.87	1.1981083e-07
20.90	1.2954160e-07
20.94	1.4005863e-07
20.97	1.5142472e-07
21.00	1.6370768e-07
21.04	1.7698050e-07
21.07	1.9132195e-07
21.11	2.0681675e-07
21.14	2.2355633e-07
21.17	2.4163900e-07
21.21	2.6117061e-07
21.24	2.8226451e-07
21.28	3.0504310e-07
21.31	3.2963761e-07
21.34	3.5618931e-07
21.38	3.8484951e-07
21.41	4.1578089e-07
21.45	4.4915747e-07
21.48	4.8516623e-07
21.52	5.2400652e-07
21.55	5.6589203e-07
21.58	6.1105085e-07
21.62	6.5972679e-07
21.65	7.1217957e-07
21.69	7.6868611e-07
21.72	8.2954084e-07
21.75	8.9505692e-07
21.79	9.6556684e-07
21.82	1.0414208e-06
21.86	1.1229902e-06
21.89	1.2106671e-06
21.92	1.3048648e-06
21.96	1.4060172e-06
21.99	1.5145800e-06
22.03	1.6310293e-06
22.06	1.7558626e-06
22.09	1.8895962e-06
22.13	2.0327660e-06
22.16	2.1859246e-06
22.20	2.3496426e-06
22.23	2.5245028e-06
22.26	2.7111023e-06
22.30	2.9100448e-06
22.33	3.1219426e-06
22.37	3.3474091e-06
22.40	3.5870541e-06
22.43	3.8414765e-06
22.47	4.1112692e-06
22.50	4.3970034e-06
22.54	4.6992312e-06
22.57	5.0184703e-06
22.61	5.3552069e-06
22.64	5.7098793e-06
22.67	6.0828821e-06
22.71	6.4745429e-06
22.74	6.8851321e-06
22.78	7.3148467e-06
22.81	7.7638109e-06
22.84	8.2320637e-06
22.88	8.7195602e-06
22.91	9.2261626e-06
22.95	9.7516424e-06
22.98	1.0295674e-05
23.01	1.0857815e-05
23.05	1.1437536e-05
23.08	1.2034211e-05
23.12	1.2647120e-05
23.15	1.3275447e-05
23.18	1.3918293e-05
23.22	1.4574672e-05
23.25	1.5243530e-05
23.29	1.5923732e-05
23.32	1.6614089e-05
23.35	1.7313353e-05
23.39	1.8020247e-05
23.42	1.8733448e-05
23.46	1.9451623e-05
23.49	2.0173413e-05
23.53	2.0897475e-05
23.56	2.1622463e-05
23.59	2.2347026e-05
23.63	2.3069828e-05
23.66	2.3789599e-05
23.70	2.4505081e-05
23.73	2.5215089e-05
23.76	2.5918464e-05
23.80	2.6614131e-05
23.83	2.7301053e-05
23.87	2.7978287e-05
23.90	2.8644908e-05
23.93	2.9300101e-05
23.97	2.9943104e-05
24.00	3.0573244e-05
24.04	3.1189909e-05
24.07	3.1792569e-05
24.10	3.2380760e-05
24.14	3.2954107e-05
24.17	3.3512276e-05
24.21	3.4054962e-05
24.24	3.4581966e-05
24.27	3.5093141e-05
24.31	3.5588408e-05
24.34	3.6067727e-05
24.38	3.6531126e-05
24.41	3.6978662e-05
24.44	3.7410462e-05
24.48	3.7826650e-05
24.51	3.8227413e-05
24.55	3.8612954e-05
24.58	3.8983534e-05
24.62	3.9339409e-05
24.65	3.9680894e-05
24.68	4.0008291e-05
24.72	4.0321961e-05
24.75	4.0622260e-05
24.79	4.0909506e-05
24.82	4.1184038e-05
24.85	4.1446253e-05
24.89	4.1696511e-05
24.92	4.1935219e-05
24.96	4.2162744e-05
24.99	4.2379496e-05
25.02	4.2585850e-05
25.06	4.2782210e-05
25.09	4.2968915e-05
25.13	4.3146354e-05
25.16	4.3314885e-05
25.19	4.3474883e-05
25.23	4.3626698e-05
25.26	4.3770687e-05
25.30	4.3907194e-05
25.33	4.4036582e-05
25.36	4.4159142e-05
25.40	4.4275146e-05
25.43	4.4384901e-05
25.47	4.4488695e-05
25.50	4.4586819e-05
25.54	4.4679539e-05
25.57	4.4767129e-05
25.60	4.4849837e-05
25.64	4.4927931e-05
25.67	4.5001611e-05
25.71	4.5071113e-05
25.74	4.5136639e-05
25.77	4.5198413e-05
25.81	4.5256618e-05
25.84	4.5311466e-05
25.88	4.5363124e-05
25.91	4.5411804e-05
25.94	4.5457668e-05
25.98	4.5500825e-05
26.01	4.5541402e-05
26.05	4.5579563e-05
26.08	4.5615423e-05
26.11	4.5649134e-05
26.15	4.5680798e-05
26.18	4.5710558e-05
26.22	4.5738515e-05
26.25	4.5764785e-05
26.28	4.5789432e-05
26.32	4.5812567e-05
26.35	4.5834266e-05
26.39	4.5854627e-05
26.42	4.5873726e-05
26.45	4.5891649e-05
26.49	4.5908474e-05
26.52	4.5924305e-05
26.56	4.5939154e-05
26.59	4.5953055e-05
26.63	4.5966070e-05
26.66	4.5978248e-05
26.69	4.5989649e-05
26.73	4.6000312e-05
26.76	4.6010298e-05
26.80	4.6019640e-05
26.83	4.6028404e-05
26.86	4.6036589e-05
26.90	4.6044247e-05
26.93	4.6051397e-05
26.97	4.6058089e-05
27.00	4.6064338e-05
