# NeutrinoAntineutrinoInteraction/NeutrinoiAntineutrinojMuonAntielectron interaction rates
# neutrino field: massive Cosmic Neutrino Background, T_CnuB = 1.94535456 K
# Produced with crpropa-data version: 60a1560e37035039ec25f414e0c42a2444bad49c
# log10(E/eV), 1/lambda [1/Mpc]
13.51	0.0000000e+00
13.54	0.0000000e+00
13.58	0.0000000e+00
13.61	0.0000000e+00
13.65	0.0000000e+00
13.68	0.0000000e+00
13.71	0.0000000e+00
13.75	0.0000000e+00
13.78	0.0000000e+00
13.82	0.0000000e+00
13.85	0.0000000e+00
13.88	0.0000000e+00
13.92	0.0000000e+00
13.95	0.0000000e+00
13.99	0.0000000e+00
14.02	0.0000000e+00
14.05	0.0000000e+00
14.09	0.0000000e+00
14.12	0.0000000e+00
14.16	0.0000000e+00
14.19	0.0000000e+00
14.22	0.0000000e+00
14.26	0.0000000e+00
14.29	0.0000000e+00
14.33	0.0000000e+00
14.36	0.0000000e+00
14.39	0.0000000e+00
14.43	0.0000000e+00
14.46	0.0000000e+00
14.50	0.0000000e+00
14.53	0.0000000e+00
14.57	0.0000000e+00
14.60	0.0000000e+00
14.63	0.0000000e+00
14.67	0.0000000e+00
14.70	0.0000000e+00
14.74	0.0000000e+00
14.77	0.0000000e+00
14.80	0.0000000e+00
14.84	0.0000000e+00
14.87	0.0000000e+00
14.91	0.0000000e+00
14.94	0.0000000e+00
14.97	0.0000000e+00
15.01	0.0000000e+00
15.04	0.0000000e+00
15.08	0.0000000e+00
15.11	0.0000000e+00
15.14	0.0000000e+00
15.18	0.0000000e+00
15.21	0.0000000e+00
15.25	0.0000000e+00
15.28	0.0000000e+00
15.31	0.0000000e+00
15.35	0.0000000e+00
15.38	0.0000000e+00
15.42	0.0000000e+00
15.45	0.0000000e+00
15.48	3.7413420e-271
15.52	3.8669863e-251
15.55	1.2347916e-232
15.59	1.5842407e-215
15.62	1.0413345e-199
15.66	4.3902595e-185
15.69	1.4613861e-171
15.72	4.6544550e-159
15.76	1.6942592e-147
15.79	8.3075858e-137
15.83	6.3880533e-127
15.86	8.8658371e-118
15.89	2.5293381e-109
15.93	1.6729203e-101
15.96	2.8672018e-94
16.00	1.4114788e-87
16.03	2.1953400e-81
16.06	1.1782365e-75
16.10	2.3675926e-70
16.13	1.9210191e-65
16.17	6.7496235e-61
16.20	1.0956600e-56
16.23	8.7250835e-53
16.27	3.6032333e-49
16.30	8.1246502e-46
16.34	1.0491343e-42
16.37	8.1093359e-40
16.40	3.9091722e-37
16.44	1.2208349e-34
16.47	2.5587969e-32
16.51	3.7192127e-30
16.54	3.8646318e-28
16.58	2.9529832e-26
16.61	1.7032374e-24
16.64	7.5976994e-23
16.68	2.6805331e-21
16.71	7.6360226e-20
16.75	1.7899321e-18
16.78	3.5120484e-17
16.81	5.8560509e-16
16.85	8.4041390e-15
16.88	1.0479602e-13
16.92	1.1405617e-12
16.95	1.0787248e-11
16.98	8.6580085e-11
17.02	5.4421893e-10
17.05	2.0323556e-09
17.09	3.8055262e-09
17.12	5.4900430e-09
17.15	7.1125087e-09
17.19	8.6968412e-09
17.22	1.0264687e-08
17.26	1.1835860e-08
17.29	1.3428751e-08
17.32	1.5060570e-08
17.36	1.6747725e-08
17.39	1.8506029e-08
17.43	2.0350952e-08
17.46	2.2297822e-08
17.49	2.4362007e-08
17.53	2.6559119e-08
17.56	2.8905164e-08
17.60	3.1416702e-08
17.63	3.4111009e-08
17.67	3.7006217e-08
17.70	4.0121473e-08
17.73	4.3477093e-08
17.77	4.7094690e-08
17.80	5.0997368e-08
17.84	5.5209863e-08
17.87	5.9758714e-08
17.90	6.4672443e-08
17.94	6.9981743e-08
17.97	7.5719675e-08
18.01	8.1921884e-08
18.04	8.8626835e-08
18.07	9.5876039e-08
18.11	1.0371433e-07
18.14	1.1219013e-07
18.18	1.2135577e-07
18.21	1.3126782e-07
18.24	1.4198739e-07
18.28	1.5358057e-07
18.31	1.6611881e-07
18.35	1.7967936e-07
18.38	1.9434577e-07
18.41	2.1020836e-07
18.45	2.2736484e-07
18.48	2.4592086e-07
18.52	2.6599068e-07
18.55	2.8769789e-07
18.59	3.1117611e-07
18.62	3.3656991e-07
18.65	3.6403561e-07
18.69	3.9374232e-07
18.72	4.2587289e-07
18.76	4.6062514e-07
18.79	4.9821298e-07
18.82	5.3886783e-07
18.86	5.8283989e-07
18.89	6.3039981e-07
18.93	6.8184031e-07
18.96	7.3747804e-07
18.99	7.9765539e-07
19.03	8.6274277e-07
19.06	9.3314072e-07
19.10	1.0092825e-06
19.13	1.0916367e-06
19.16	1.1807101e-06
19.20	1.2770507e-06
19.23	1.3812515e-06
19.27	1.4939534e-06
19.30	1.6158500e-06
19.33	1.7476912e-06
19.37	1.8902880e-06
19.40	2.0445178e-06
19.44	2.2113292e-06
19.47	2.3917480e-06
19.51	2.5868838e-06
19.54	2.7979366e-06
19.57	3.0262043e-06
19.61	3.2730901e-06
19.64	3.5401119e-06
19.68	3.8289111e-06
19.71	4.1412627e-06
19.74	4.4790860e-06
19.78	4.8444567e-06
19.81	5.2396193e-06
19.85	5.6670010e-06
19.88	6.1292264e-06
19.91	6.6291333e-06
19.95	7.1697904e-06
19.98	7.7545157e-06
20.02	8.3868969e-06
20.05	9.0708119e-06
20.08	9.8104542e-06
20.12	1.0610357e-05
20.15	1.1475422e-05
20.19	1.2410947e-05
20.22	1.3422659e-05
20.25	1.4516750e-05
20.29	1.5699912e-05
20.32	1.6979377e-05
20.36	1.8362962e-05
20.39	1.9859114e-05
20.42	2.1476962e-05
20.46	2.3226370e-05
20.49	2.5117995e-05
20.53	2.7163353e-05
20.56	2.9374880e-05
20.60	3.1766015e-05
20.63	3.4351266e-05
20.66	3.7146302e-05
20.70	4.0168043e-05
20.73	4.3434756e-05
20.77	4.6966159e-05
20.80	5.0783535e-05
20.83	5.4909849e-05
20.87	5.9369879e-05
20.90	6.4190352e-05
20.94	6.9400088e-05
20.97	7.5030165e-05
21.00	8.1114078e-05
21.04	8.7687924e-05
21.07	9.4790589e-05
21.11	1.0246395e-04
21.14	1.1075309e-04
21.17	1.1970652e-04
21.21	1.2937644e-04
21.24	1.3981894e-04
21.28	1.5109434e-04
21.31	1.6326739e-04
21.34	1.7640764e-04
21.38	1.9058969e-04
21.41	2.0589354e-04
21.45	2.2240486e-04
21.48	2.4021544e-04
21.52	2.5942341e-04
21.55	2.8013365e-04
21.58	3.0245818e-04
21.62	3.2651644e-04
21.65	3.5243572e-04
21.69	3.8035146e-04
21.72	4.1040756e-04
21.75	4.4275680e-04
21.79	4.7756101e-04
21.82	5.1499134e-04
21.86	5.5522856e-04
21.89	5.9846315e-04
21.92	6.4489545e-04
21.96	6.9473564e-04
21.99	7.4820374e-04
22.03	8.0552938e-04
22.06	8.6695163e-04
22.09	9.3271848e-04
22.13	1.0030864e-03
22.16	1.0783194e-03
22.20	1.1586887e-03
22.23	1.2444710e-03
22.26	1.3359477e-03
22.30	1.4334032e-03
22.33	1.5371232e-03
22.37	1.6473931e-03
22.40	1.7644954e-03
22.43	1.8887075e-03
22.47	2.0202995e-03
22.50	2.1595310e-03
22.54	2.3066486e-03
22.57	2.4618824e-03
22.61	2.6254435e-03
22.64	2.7975199e-03
22.67	2.9782744e-03
22.71	3.1678403e-03
22.74	3.3663190e-03
22.78	3.5737770e-03
22.81	3.7902431e-03
22.84	4.0157060e-03
22.88	4.2501123e-03
22.91	4.4933646e-03
22.95	4.7453207e-03
22.98	5.0057924e-03
23.01	5.2745450e-03
23.05	5.5512984e-03
23.08	5.8357273e-03
23.12	6.1274631e-03
23.15	6.4260953e-03
23.18	6.7311746e-03
23.22	7.0422148e-03
23.25	7.3586973e-03
23.29	7.6800735e-03
23.32	8.0057699e-03
23.35	8.3351915e-03
23.39	8.6677273e-03
23.42	9.0027535e-03
23.46	9.3396393e-03
23.49	9.6777504e-03
23.53	1.0016454e-02
23.56	1.0355125e-02
23.59	1.0693144e-02
23.63	1.1029908e-02
23.66	1.1364830e-02
23.70	1.1697344e-02
23.73	1.2026909e-02
23.76	1.2353008e-02
23.80	1.2675152e-02
23.83	1.2992882e-02
23.87	1.3305773e-02
23.90	1.3613428e-02
23.93	1.3915487e-02
23.97	1.4211621e-02
24.00	1.4501537e-02
24.04	1.4784974e-02
24.07	1.5061706e-02
24.10	1.5331537e-02
24.14	1.5594307e-02
24.17	1.5849881e-02
24.21	1.6098158e-02
24.24	1.6339061e-02
24.27	1.6572545e-02
24.31	1.6798585e-02
24.34	1.7017185e-02
24.38	1.7228367e-02
24.41	1.7432176e-02
24.44	1.7628674e-02
24.48	1.7817942e-02
24.51	1.8000076e-02
24.55	1.8175185e-02
24.58	1.8343393e-02
24.62	1.8504834e-02
24.65	1.8659651e-02
24.68	1.8807997e-02
24.72	1.8950031e-02
24.75	1.9085920e-02
24.79	1.9215832e-02
24.82	1.9339941e-02
24.85	1.9458424e-02
24.89	1.9571459e-02
24.92	1.9679226e-02
24.96	1.9781906e-02
24.99	1.9879679e-02
25.02	1.9972723e-02
25.06	2.0061215e-02
25.09	2.0145331e-02
25.13	2.0225242e-02
25.16	2.0301118e-02
25.19	2.0373126e-02
25.23	2.0441429e-02
25.26	2.0506186e-02
25.30	2.0567551e-02
25.33	2.0625678e-02
25.36	2.0680710e-02
25.40	2.0732789e-02
25.43	2.0782054e-02
25.47	2.0828635e-02
25.50	2.0872663e-02
25.54	2.0914261e-02
25.57	2.0953549e-02
25.60	2.0990640e-02
25.64	2.1025645e-02
25.67	2.1058671e-02
25.71	2.1089817e-02
25.74	2.1119182e-02
25.77	2.1146859e-02
25.81	2.1172935e-02
25.84	2.1197497e-02
25.88	2.1220626e-02
25.91	2.1242400e-02
25.94	2.1262893e-02
25.98	2.1282173e-02
26.01	2.1300307e-02
26.05	2.1317360e-02
26.08	2.1333390e-02
26.11	2.1348457e-02
26.15	2.1362614e-02
26.18	2.1375914e-02
26.22	2.1388405e-02
26.25	2.1400135e-02
26.28	2.1411146e-02
26.32	2.1421481e-02
26.35	2.1431179e-02
26.39	2.1440278e-02
26.42	2.1448813e-02
26.45	2.1456818e-02
26.49	2.1464324e-02
26.52	2.1471363e-02
26.56	2.1477960e-02
26.59	2.1484143e-02
26.63	2.1489936e-02
26.66	2.1495362e-02
26.69	2.1500445e-02
26.73	2.1505205e-02
26.76	2.1509661e-02
26.80	2.1513834e-02
26.83	2.1517741e-02
26.86	2.1521397e-02
26.90	2.1524818e-02
26.93	2.1528019e-02
26.97	2.1531013e-02
27.00	2.1533814e-02
