# NeutrinoAntineutrinoInteraction/NeutrinoiAntineutrinojMuonAntielectron interaction rates
# neutrino field: massive Cosmic Neutrino Background, T_CnuB = 1.94535456 K
# Produced with crpropa-data version: 60a1560e37035039ec25f414e0c42a2444bad49c
# log10(E/eV), 1/lambda [1/Mpc]
14.46	0.0000000e+00
14.50	0.0000000e+00
14.53	0.0000000e+00
14.57	0.0000000e+00
14.60	0.0000000e+00
14.63	0.0000000e+00
14.67	0.0000000e+00
14.70	0.0000000e+00
14.74	0.0000000e+00
14.77	0.0000000e+00
14.80	0.0000000e+00
14.84	0.0000000e+00
14.87	0.0000000e+00
14.91	0.0000000e+00
14.94	0.0000000e+00
14.97	0.0000000e+00
15.01	0.0000000e+00
15.04	0.0000000e+00
15.08	0.0000000e+00
15.11	0.0000000e+00
15.14	0.0000000e+00
15.18	0.0000000e+00
15.21	0.0000000e+00
15.25	0.0000000e+00
15.28	0.0000000e+00
15.31	0.0000000e+00
15.35	0.0000000e+00
15.38	0.0000000e+00
15.42	0.0000000e+00
15.45	0.0000000e+00
15.48	0.0000000e+00
15.52	0.0000000e+00
15.55	0.0000000e+00
15.59	0.0000000e+00
15.62	0.0000000e+00
15.66	0.0000000e+00
15.69	0.0000000e+00
15.72	0.0000000e+00
15.76	0.0000000e+00
15.79	0.0000000e+00
15.83	0.0000000e+00
15.86	0.0000000e+00
15.89	0.0000000e+00
15.93	0.0000000e+00
15.96	0.0000000e+00
16.00	0.0000000e+00
16.03	0.0000000e+00
16.06	0.0000000e+00
16.10	0.0000000e+00
16.13	0.0000000e+00
16.17	0.0000000e+00
16.20	0.0000000e+00
16.23	0.0000000e+00
16.27	0.0000000e+00
16.30	0.0000000e+00
16.34	0.0000000e+00
16.37	0.0000000e+00
16.40	0.0000000e+00
16.44	2.8141348e-277
16.47	2.9074998e-257
16.51	9.2269110e-239
16.54	1.1699299e-221
16.58	7.5568213e-206
16.61	3.1127413e-191
16.64	1.0063768e-177
16.68	3.0944019e-165
16.71	1.0806505e-153
16.75	5.0508415e-143
16.78	3.6771581e-133
16.81	4.7979895e-124
16.85	1.2774280e-115
16.88	7.8239428e-108
16.92	1.2316286e-100
16.95	5.5210137e-94
16.98	7.7482629e-88
17.02	3.7161453e-82
17.05	6.6049463e-77
17.09	4.6888399e-72
17.12	1.4248144e-67
17.15	1.9758614e-63
17.19	1.3266943e-59
17.22	4.5558887e-56
17.26	8.4167023e-53
17.29	8.7659415e-50
17.32	5.3744195e-47
17.36	2.0188906e-44
17.39	4.8217449e-42
17.43	7.5762953e-40
17.46	8.0835523e-38
17.49	6.0302703e-36
17.53	3.2314700e-34
17.56	1.2754029e-32
17.60	3.7941625e-31
17.63	8.6913492e-30
17.67	1.5636655e-28
17.70	2.2502074e-27
17.73	2.6342861e-26
17.77	2.5483126e-25
17.80	2.0666615e-24
17.84	1.4240295e-23
17.87	8.4405713e-23
17.90	4.3530688e-22
17.94	1.9741741e-21
17.97	7.9504754e-21
18.01	2.8691435e-20
18.04	9.3562791e-20
18.07	2.7785279e-19
18.11	7.5684241e-19
18.14	1.9035410e-18
18.18	4.4479327e-18
18.21	9.7111103e-18
18.24	1.9915313e-17
18.28	3.8551111e-17
18.31	7.0759683e-17
18.35	1.2366793e-16
18.38	2.0660444e-16
18.41	3.3113006e-16
18.45	5.1083931e-16
18.48	7.6092357e-16
18.52	1.0975272e-15
18.55	1.5369633e-15
18.59	2.0948816e-15
18.62	2.7854880e-15
18.65	3.6209090e-15
18.69	4.6107713e-15
18.72	5.7620357e-15
18.76	7.0790906e-15
18.79	8.5640806e-15
18.82	1.0217418e-14
18.86	1.2038417e-14
18.89	1.4025981e-14
18.93	1.6179282e-14
18.96	1.8498382e-14
18.99	2.0984771e-14
19.03	2.3641785e-14
19.06	2.6474927e-14
19.10	2.9492075e-14
19.13	3.2703612e-14
19.16	3.6122484e-14
19.20	3.9764215e-14
19.23	4.3646896e-14
19.27	4.7791163e-14
19.30	5.2220178e-14
19.33	5.6959632e-14
19.37	6.2037762e-14
19.40	6.7485397e-14
19.44	7.3336038e-14
19.47	7.9625967e-14
19.51	8.6394387e-14
19.54	9.3683597e-14
19.57	1.0153920e-13
19.61	1.1001033e-13
19.64	1.1914994e-13
19.68	1.2901508e-13
19.71	1.3966726e-13
19.74	1.5117279e-13
19.78	1.6360319e-13
19.81	1.7703561e-13
19.85	1.9155334e-13
19.88	2.0724629e-13
19.91	2.2421155e-13
19.95	2.4255400e-13
19.98	2.6238694e-13
20.02	2.8383283e-13
20.05	3.0702399e-13
20.08	3.3210346e-13
20.12	3.5922587e-13
20.15	3.8855840e-13
20.19	4.2028180e-13
20.22	4.5459153e-13
20.25	4.9169891e-13
20.29	5.3183251e-13
20.32	5.7523948e-13
20.36	6.2218710e-13
20.39	6.7296443e-13
20.42	7.2788411e-13
20.46	7.8728422e-13
20.49	8.5153045e-13
20.53	9.2101827e-13
20.56	9.9617539e-13
20.60	1.0774644e-12
20.63	1.1653857e-12
20.66	1.2604803e-12
20.70	1.3633336e-12
20.73	1.4745784e-12
20.77	1.5948993e-12
20.80	1.7250369e-12
20.83	1.8657917e-12
20.87	2.0180299e-12
20.90	2.1826881e-12
20.94	2.3607794e-12
20.97	2.5533993e-12
21.00	2.7617328e-12
21.04	2.9870612e-12
21.07	3.2307706e-12
21.11	3.4943597e-12
21.14	3.7794494e-12
21.17	4.0877928e-12
21.21	4.4212856e-12
21.24	4.7819780e-12
21.28	5.1720871e-12
21.31	5.5940104e-12
21.34	6.0503409e-12
21.38	6.5438821e-12
21.41	7.0776662e-12
21.45	7.6549714e-12
21.48	8.2793431e-12
21.52	8.9546145e-12
21.55	9.6849306e-12
21.58	1.0474773e-11
21.62	1.1328988e-11
21.65	1.2252813e-11
21.69	1.3251914e-11
21.72	1.4332414e-11
21.75	1.5500934e-11
21.79	1.6764630e-11
21.82	1.8131238e-11
21.86	1.9609120e-11
21.89	2.1207317e-11
21.92	2.2935597e-11
21.96	2.4804518e-11
21.99	2.6825492e-11
22.03	2.9010848e-11
22.06	3.1373911e-11
22.09	3.3929075e-11
22.13	3.6691893e-11
22.16	3.9679165e-11
22.20	4.2909038e-11
22.23	4.6401113e-11
22.26	5.0176555e-11
22.30	5.4258217e-11
22.33	5.8670773e-11
22.37	6.3440858e-11
22.40	6.8597218e-11
22.43	7.4170873e-11
22.47	8.0195289e-11
22.50	8.6706568e-11
22.54	9.3743643e-11
22.57	1.0134849e-10
22.61	1.0956635e-10
22.64	1.1844600e-10
22.67	1.2803995e-10
22.71	1.3840478e-10
22.74	1.4960140e-10
22.78	1.6169535e-10
22.81	1.7475713e-10
22.84	1.8886257e-10
22.88	2.0409316e-10
22.91	2.2053643e-10
22.95	2.3828638e-10
22.98	2.5744385e-10
23.01	2.7811702e-10
23.05	3.0042176e-10
23.08	3.2448222e-10
23.12	3.5043119e-10
23.15	3.7841066e-10
23.18	4.0857231e-10
23.22	4.4107799e-10
23.25	4.7610024e-10
23.29	5.1382279e-10
23.32	5.5444103e-10
23.35	5.9816251e-10
23.39	6.4520737e-10
23.42	6.9580878e-10
23.46	7.5021329e-10
23.49	8.0868117e-10
23.53	8.7148665e-10
23.56	9.3891814e-10
23.59	1.0112783e-09
23.63	1.0888840e-09
23.66	1.1720662e-09
23.70	1.2611697e-09
23.73	1.3565528e-09
23.76	1.4585865e-09
23.80	1.5676538e-09
23.83	1.6841489e-09
23.87	1.8084758e-09
23.90	1.9410468e-09
23.93	2.0822811e-09
23.97	2.2326026e-09
24.00	2.3924381e-09
24.04	2.5622145e-09
24.07	2.7423562e-09
24.10	2.9332824e-09
24.14	3.1354036e-09
24.17	3.3491186e-09
24.21	3.5748106e-09
24.24	3.8128438e-09
24.27	4.0635593e-09
24.31	4.3272712e-09
24.34	4.6042628e-09
24.38	4.8947825e-09
24.41	5.1990401e-09
24.44	5.5172026e-09
24.48	5.8493914e-09
24.51	6.1956781e-09
24.55	6.5560822e-09
24.58	6.9305678e-09
24.62	7.3190418e-09
24.65	7.7213523e-09
24.68	8.1372863e-09
24.72	8.5665703e-09
24.75	9.0088689e-09
24.79	9.4637858e-09
24.82	9.9308649e-09
24.85	1.0409591e-08
24.89	1.0899394e-08
24.92	1.1399648e-08
24.96	1.1909678e-08
24.99	1.2428762e-08
25.02	1.2956134e-08
25.06	1.3490993e-08
25.09	1.4032502e-08
25.13	1.4579797e-08
25.16	1.5131989e-08
25.19	1.5688176e-08
25.23	1.6247439e-08
25.26	1.6808857e-08
25.30	1.7371505e-08
25.33	1.7934465e-08
25.36	1.8496827e-08
25.40	1.9057696e-08
25.43	1.9616198e-08
25.47	2.0171479e-08
25.50	2.0722717e-08
25.54	2.1269118e-08
25.57	2.1809926e-08
25.60	2.2344421e-08
25.64	2.2871922e-08
25.67	2.3391792e-08
25.71	2.3903437e-08
25.74	2.4406308e-08
25.77	2.4899903e-08
25.81	2.5383764e-08
25.84	2.5857483e-08
25.88	2.6320695e-08
25.91	2.6773082e-08
25.94	2.7214372e-08
25.98	2.7644337e-08
26.01	2.8062789e-08
26.05	2.8469585e-08
26.08	2.8864620e-08
26.11	2.9247826e-08
26.15	2.9619173e-08
26.18	2.9978662e-08
26.22	3.0326330e-08
26.25	3.0662239e-08
26.28	3.0986484e-08
26.32	3.1299181e-08
26.35	3.1600471e-08
26.39	3.1890519e-08
26.42	3.2169504e-08
26.45	3.2437627e-08
26.49	3.2695102e-08
26.52	3.2942157e-08
26.56	3.3179032e-08
26.59	3.3405975e-08
26.63	3.3623245e-08
26.66	3.3831107e-08
26.69	3.4029829e-08
26.73	3.4219686e-08
26.76	3.4400954e-08
26.80	3.4573910e-08
26.83	3.4738834e-08
26.86	3.4896001e-08
26.90	3.5045690e-08
26.93	3.5188173e-08
26.97	3.5323722e-08
27.00	3.5452603e-08
