# NeutrinoAntineutrinoInteraction/NeutrinoiAntineutrinojMuonAntielectron interaction rates
# neutrino field: massive Cosmic Neutrino Background, T_CnuB = 1.94535456 K
# Produced with crpropa-data version: 60a1560e37035039ec25f414e0c42a2444bad49c
# log10(E/eV), 1/lambda [1/Mpc]
13.07	0.0000000e+00
13.10	0.0000000e+00
13.13	0.0000000e+00
13.17	0.0000000e+00
13.20	0.0000000e+00
13.24	0.0000000e+00
13.27	0.0000000e+00
13.30	0.0000000e+00
13.34	0.0000000e+00
13.37	0.0000000e+00
13.41	0.0000000e+00
13.44	0.0000000e+00
13.47	0.0000000e+00
13.51	0.0000000e+00
13.54	0.0000000e+00
13.58	0.0000000e+00
13.61	0.0000000e+00
13.65	0.0000000e+00
13.68	0.0000000e+00
13.71	0.0000000e+00
13.75	0.0000000e+00
13.78	0.0000000e+00
13.82	0.0000000e+00
13.85	0.0000000e+00
13.88	0.0000000e+00
13.92	0.0000000e+00
13.95	0.0000000e+00
13.99	0.0000000e+00
14.02	0.0000000e+00
14.05	0.0000000e+00
14.09	0.0000000e+00
14.12	0.0000000e+00
14.16	0.0000000e+00
14.19	0.0000000e+00
14.22	0.0000000e+00
14.26	0.0000000e+00
14.29	0.0000000e+00
14.33	0.0000000e+00
14.36	0.0000000e+00
14.39	0.0000000e+00
14.43	0.0000000e+00
14.46	0.0000000e+00
14.50	0.0000000e+00
14.53	0.0000000e+00
14.57	0.0000000e+00
14.60	0.0000000e+00
14.63	0.0000000e+00
14.67	0.0000000e+00
14.70	0.0000000e+00
14.74	0.0000000e+00
14.77	0.0000000e+00
14.80	0.0000000e+00
14.84	0.0000000e+00
14.87	0.0000000e+00
14.91	0.0000000e+00
14.94	0.0000000e+00
14.97	0.0000000e+00
15.01	1.0653635e-278
15.04	6.5294070e-258
15.08	1.0164133e-238
15.11	5.6069281e-221
15.14	1.4101913e-204
15.18	2.0413289e-189
15.21	2.1095000e-175
15.25	1.8991947e-162
15.28	1.7908091e-150
15.31	2.0967775e-139
15.35	3.5680768e-129
15.38	1.0206889e-119
15.42	5.6151395e-111
15.45	6.7275690e-103
15.48	1.9693963e-95
15.52	1.5666222e-88
15.55	3.7363430e-82
15.59	2.9258678e-76
15.62	8.1824718e-71
15.66	8.8324140e-66
15.69	3.9540047e-61
15.72	7.8451683e-57
15.76	7.3357309e-53
15.79	3.4215093e-49
15.83	8.3892409e-46
15.86	1.1351056e-42
15.89	8.8643497e-40
15.93	4.1646003e-37
15.96	1.2231386e-34
16.00	2.3267937e-32
16.03	2.9625289e-30
16.06	2.6023092e-28
16.10	1.6218972e-26
16.13	7.3606277e-25
16.17	2.4914045e-23
16.20	6.4304017e-22
16.23	1.2918085e-20
16.27	2.0585242e-19
16.30	2.6480359e-18
16.34	2.7947404e-17
16.37	2.4565142e-16
16.40	1.8233860e-15
16.44	1.1576805e-14
16.47	6.3621076e-14
16.51	3.0597140e-13
16.54	1.3008784e-12
16.58	4.9356851e-12
16.61	1.6857272e-11
16.64	5.2245517e-11
16.68	1.4803537e-10
16.71	3.8612620e-10
16.75	9.3306333e-10
16.78	2.1012454e-09
16.81	4.4340697e-09
16.85	8.8123029e-09
16.88	1.6572061e-08
16.92	2.9617813e-08
16.95	5.0509033e-08
16.98	8.2498574e-08
17.02	1.2950540e-07
17.05	1.9601355e-07
17.09	2.8690106e-07
17.12	4.0721481e-07
17.15	5.6191653e-07
17.19	7.5563038e-07
17.22	9.9242263e-07
17.26	1.2756386e-06
17.29	1.6078138e-06
17.32	1.9906661e-06
17.36	2.4251645e-06
17.39	2.9116634e-06
17.43	3.4500833e-06
17.46	4.0401180e-06
17.49	4.6814475e-06
17.53	5.3739406e-06
17.56	6.1178333e-06
17.60	6.9138760e-06
17.63	7.7634466e-06
17.67	8.6686302e-06
17.70	9.6322700e-06
17.73	1.0657995e-05
17.77	1.1750228e-05
17.80	1.2914191e-05
17.84	1.4155891e-05
17.87	1.5482120e-05
17.90	1.6900450e-05
17.94	1.8419236e-05
17.97	2.0047625e-05
18.01	2.1795578e-05
18.04	2.3673897e-05
18.07	2.5694267e-05
18.11	2.7869300e-05
18.14	3.0212599e-05
18.18	3.2738824e-05
18.21	3.5463772e-05
18.24	3.8404465e-05
18.28	4.1579249e-05
18.31	4.5007899e-05
18.35	4.8711743e-05
18.38	5.2713786e-05
18.41	5.7038855e-05
18.45	6.1713748e-05
18.48	6.6767403e-05
18.52	7.2231072e-05
18.55	7.8138517e-05
18.59	8.4526219e-05
18.62	9.1433603e-05
18.65	9.8903280e-05
18.69	1.0698131e-04
18.72	1.1571750e-04
18.76	1.2516568e-04
18.79	1.3538407e-04
18.82	1.4643562e-04
18.86	1.5838839e-04
18.89	1.7131601e-04
18.93	1.8529808e-04
18.96	2.0042070e-04
18.99	2.1677697e-04
19.03	2.3446758e-04
19.06	2.5360145e-04
19.10	2.7429637e-04
19.13	2.9667971e-04
19.16	3.2088925e-04
19.20	3.4707401e-04
19.23	3.7539514e-04
19.27	4.0602695e-04
19.30	4.3915794e-04
19.33	4.7499201e-04
19.37	5.1374966e-04
19.40	5.5566939e-04
19.44	6.0100913e-04
19.47	6.5004785e-04
19.51	7.0308725e-04
19.54	7.6045363e-04
19.57	8.2249990e-04
19.61	8.8960771e-04
19.64	9.6218982e-04
19.68	1.0406926e-03
19.71	1.1255990e-03
19.74	1.2174308e-03
19.78	1.3167530e-03
19.81	1.4241759e-03
19.85	1.5403600e-03
19.88	1.6660195e-03
19.91	1.8019265e-03
19.95	1.9489161e-03
19.98	2.1078914e-03
20.02	2.2798289e-03
20.05	2.4657846e-03
20.08	2.6669002e-03
20.12	2.8844103e-03
20.15	3.1196500e-03
20.19	3.3740625e-03
20.22	3.6492085e-03
20.25	3.9467752e-03
20.29	4.2685868e-03
20.32	4.6166153e-03
20.36	4.9929927e-03
20.39	5.4000236e-03
20.42	5.8401993e-03
20.46	6.3162125e-03
20.49	6.8309738e-03
20.53	7.3876289e-03
20.56	7.9895773e-03
20.60	8.6404929e-03
20.63	9.3443456e-03
20.66	1.0105425e-02
20.70	1.0928364e-02
20.73	1.1818171e-02
20.77	1.2780254e-02
20.80	1.3820452e-02
20.83	1.4945075e-02
20.87	1.6160935e-02
20.90	1.7475386e-02
20.94	1.8896367e-02
20.97	2.0432449e-02
21.00	2.2092881e-02
21.04	2.3887640e-02
21.07	2.5827493e-02
21.11	2.7924051e-02
21.14	3.0189833e-02
21.17	3.2638338e-02
21.21	3.5284112e-02
21.24	3.8142829e-02
21.28	4.1231371e-02
21.31	4.4567918e-02
21.34	4.8172036e-02
21.38	5.2064779e-02
21.41	5.6268790e-02
21.45	6.0808411e-02
21.48	6.5709798e-02
21.52	7.1001040e-02
21.55	7.6712289e-02
21.58	8.2875885e-02
21.62	8.9526499e-02
21.65	9.6701271e-02
21.69	1.0443996e-01
21.72	1.1278508e-01
21.75	1.2178208e-01
21.79	1.3147947e-01
21.82	1.4192898e-01
21.86	1.5318576e-01
21.89	1.6530844e-01
21.92	1.7835939e-01
21.96	1.9240478e-01
21.99	2.0751474e-01
22.03	2.2376350e-01
22.06	2.4122947e-01
22.09	2.5999534e-01
22.13	2.8014816e-01
22.16	3.0177937e-01
22.20	3.2498481e-01
22.23	3.4986470e-01
22.26	3.7652358e-01
22.30	4.0507021e-01
22.33	4.3561737e-01
22.37	4.6828171e-01
22.40	5.0318342e-01
22.43	5.4044593e-01
22.47	5.8019547e-01
22.50	6.2256064e-01
22.54	6.6767177e-01
22.57	7.1566039e-01
22.61	7.6665844e-01
22.64	8.2079749e-01
22.67	8.7820792e-01
22.71	9.3901791e-01
22.74	1.0033525e+00
22.78	1.0713324e+00
22.81	1.1430731e+00
22.84	1.2186833e+00
22.88	1.2982642e+00
22.91	1.3819078e+00
22.95	1.4696961e+00
22.98	1.5616997e+00
23.01	1.6579763e+00
23.05	1.7585702e+00
23.08	1.8635108e+00
23.12	1.9728117e+00
23.15	2.0864700e+00
23.18	2.2044652e+00
23.22	2.3267589e+00
23.25	2.4532941e+00
23.29	2.5839951e+00
23.32	2.7187672e+00
23.35	2.8574967e+00
23.39	3.0000513e+00
23.42	3.1462803e+00
23.46	3.2960154e+00
23.49	3.4490710e+00
23.53	3.6052458e+00
23.56	3.7643232e+00
23.59	3.9260730e+00
23.63	4.0902524e+00
23.66	4.2566077e+00
23.70	4.4248758e+00
23.73	4.5947857e+00
23.76	4.7660601e+00
23.80	4.9384175e+00
23.83	5.1115734e+00
23.87	5.2852426e+00
23.90	5.4591401e+00
23.93	5.6329834e+00
23.97	5.8064938e+00
24.00	5.9793980e+00
24.04	6.1514293e+00
24.07	6.3223289e+00
24.10	6.4918476e+00
24.14	6.6597460e+00
24.17	6.8257963e+00
24.21	6.9897825e+00
24.24	7.1515017e+00
24.27	7.3107638e+00
24.31	7.4673929e+00
24.34	7.6212270e+00
24.38	7.7721183e+00
24.41	7.9199335e+00
24.44	8.0645537e+00
24.48	8.2058740e+00
24.51	8.3438039e+00
24.55	8.4782664e+00
24.58	8.6091978e+00
24.62	8.7365477e+00
24.65	8.8602779e+00
24.68	8.9803623e+00
24.72	9.0967863e+00
24.75	9.2095457e+00
24.79	9.3186469e+00
24.82	9.4241056e+00
24.85	9.5259463e+00
24.89	9.6242020e+00
24.92	9.7189128e+00
24.96	9.8101262e+00
24.99	9.8978955e+00
25.02	9.9822799e+00
25.06	1.0063344e+01
25.09	1.0141155e+01
25.13	1.0215787e+01
25.16	1.0287314e+01
25.19	1.0355816e+01
25.23	1.0421373e+01
25.26	1.0484067e+01
25.30	1.0543984e+01
25.33	1.0601207e+01
25.36	1.0655823e+01
25.40	1.0707917e+01
25.43	1.0757575e+01
25.47	1.0804883e+01
25.50	1.0849926e+01
25.54	1.0892788e+01
25.57	1.0933552e+01
25.60	1.0972299e+01
25.64	1.1009111e+01
25.67	1.1044066e+01
25.71	1.1077240e+01
25.74	1.1108711e+01
25.77	1.1138550e+01
25.81	1.1166831e+01
25.84	1.1193621e+01
25.88	1.1218988e+01
25.91	1.1242999e+01
25.94	1.1265716e+01
25.98	1.1287199e+01
26.01	1.1307509e+01
26.05	1.1326702e+01
26.08	1.1344832e+01
26.11	1.1361952e+01
26.15	1.1378113e+01
26.18	1.1393363e+01
26.22	1.1407749e+01
26.25	1.1421315e+01
26.28	1.1434104e+01
26.32	1.1446157e+01
26.35	1.1457512e+01
26.39	1.1468207e+01
26.42	1.1478277e+01
26.45	1.1487756e+01
26.49	1.1496676e+01
26.52	1.1505069e+01
26.56	1.1512962e+01
26.59	1.1520385e+01
26.63	1.1527363e+01
26.66	1.1533921e+01
26.69	1.1540083e+01
26.73	1.1545872e+01
26.76	1.1551310e+01
26.80	1.1556415e+01
26.83	1.1561208e+01
26.86	1.1565707e+01
26.90	1.1569928e+01
26.93	1.1573889e+01
26.97	1.1577605e+01
27.00	1.1581089e+01
