# NeutrinoAntineutrinoInteraction/NeutrinoiAntineutrinojMuonAntielectron interaction rates
# neutrino field: massive Cosmic Neutrino Background, T_CnuB = 1.94535456 K
# Produced with crpropa-data version: 60a1560e37035039ec25f414e0c42a2444bad49c
# log10(E/eV), 1/lambda [1/Mpc]
13.37	0.0000000e+00
13.41	0.0000000e+00
13.44	0.0000000e+00
13.47	0.0000000e+00
13.51	0.0000000e+00
13.54	0.0000000e+00
13.58	0.0000000e+00
13.61	0.0000000e+00
13.65	0.0000000e+00
13.68	0.0000000e+00
13.71	0.0000000e+00
13.75	0.0000000e+00
13.78	0.0000000e+00
13.82	0.0000000e+00
13.85	0.0000000e+00
13.88	0.0000000e+00
13.92	0.0000000e+00
13.95	0.0000000e+00
13.99	0.0000000e+00
14.02	0.0000000e+00
14.05	0.0000000e+00
14.09	0.0000000e+00
14.12	0.0000000e+00
14.16	0.0000000e+00
14.19	0.0000000e+00
14.22	0.0000000e+00
14.26	0.0000000e+00
14.29	0.0000000e+00
14.33	0.0000000e+00
14.36	0.0000000e+00
14.39	0.0000000e+00
14.43	0.0000000e+00
14.46	0.0000000e+00
14.50	0.0000000e+00
14.53	0.0000000e+00
14.57	0.0000000e+00
14.60	0.0000000e+00
14.63	0.0000000e+00
14.67	0.0000000e+00
14.70	0.0000000e+00
14.74	0.0000000e+00
14.77	0.0000000e+00
14.80	0.0000000e+00
14.84	0.0000000e+00
14.87	0.0000000e+00
14.91	0.0000000e+00
14.94	0.0000000e+00
14.97	0.0000000e+00
15.01	0.0000000e+00
15.04	0.0000000e+00
15.08	0.0000000e+00
15.11	0.0000000e+00
15.14	0.0000000e+00
15.18	0.0000000e+00
15.21	0.0000000e+00
15.25	0.0000000e+00
15.28	0.0000000e+00
15.31	0.0000000e+00
15.35	1.6771877e-277
15.38	5.7921014e-257
15.42	5.6117837e-238
15.45	2.0035936e-220
15.48	3.3824894e-204
15.52	3.4001311e-189
15.55	2.5185930e-175
15.59	1.6742504e-162
15.62	1.1984861e-150
15.66	1.0934181e-139
15.69	1.4858036e-129
15.72	3.4733374e-120
15.76	1.5959674e-111
15.79	1.6305052e-103
15.83	4.1509637e-96
15.86	2.9261341e-89
15.89	6.2966843e-83
15.93	4.5266840e-77
15.96	1.1817952e-71
16.00	1.2104000e-66
16.03	5.2235352e-62
16.06	1.0147454e-57
16.10	9.4335289e-54
16.13	4.4412553e-50
16.17	1.1158713e-46
16.20	1.5706271e-43
16.23	1.2953767e-40
16.27	6.5261136e-38
16.30	2.0873135e-35
16.34	4.3924051e-33
16.37	6.2858928e-31
16.40	6.3080642e-29
16.44	4.5669815e-27
16.47	2.4490762e-25
16.51	9.9681074e-24
16.54	3.1497653e-22
16.58	7.8902163e-21
16.61	1.5975432e-19
16.64	2.6615330e-18
16.68	3.7091269e-17
16.71	4.3894951e-16
16.75	4.4719562e-15
16.78	3.9702882e-14
16.81	3.1044097e-13
16.85	2.1562340e-12
16.88	1.3382424e-11
16.92	7.4349748e-11
16.95	3.6775818e-10
16.98	1.5857631e-09
17.02	5.6008795e-09
17.05	1.3842655e-08
17.09	2.2754940e-08
17.12	3.1264547e-08
17.15	3.9502544e-08
17.19	4.7587071e-08
17.22	5.5625488e-08
17.26	6.3716519e-08
17.29	7.1952127e-08
17.32	8.0418900e-08
17.36	8.9199755e-08
17.39	9.8375039e-08
17.43	1.0802372e-07
17.46	1.1822441e-07
17.49	1.2905631e-07
17.53	1.4060015e-07
17.56	1.5293901e-07
17.60	1.6615911e-07
17.63	1.8035060e-07
17.67	1.9560834e-07
17.70	2.1203268e-07
17.73	2.2973022e-07
17.77	2.4881455e-07
17.80	2.6940721e-07
17.84	2.9163838e-07
17.87	3.1564787e-07
17.90	3.4158600e-07
17.94	3.6961458e-07
17.97	3.9990800e-07
18.01	4.3265430e-07
18.04	4.6805644e-07
18.07	5.0633350e-07
18.11	5.4772212e-07
18.14	5.9247792e-07
18.18	6.4087716e-07
18.21	6.9321843e-07
18.24	7.4982448e-07
18.28	8.1104423e-07
18.31	8.7725493e-07
18.35	9.4886453e-07
18.38	1.0263141e-06
18.41	1.1100808e-06
18.45	1.2006804e-06
18.48	1.2986708e-06
18.52	1.4046555e-06
18.55	1.5192869e-06
18.59	1.6432709e-06
18.62	1.7773708e-06
18.65	1.9224121e-06
18.69	2.0792877e-06
18.72	2.2489634e-06
18.76	2.4324837e-06
18.79	2.6309782e-06
18.82	2.8456689e-06
18.86	3.0778772e-06
18.89	3.3290323e-06
18.93	3.6006800e-06
18.96	3.8944924e-06
18.99	4.2122778e-06
19.03	4.5559919e-06
19.06	4.9277501e-06
19.10	5.3298402e-06
19.13	5.7647367e-06
19.16	6.2351156e-06
19.20	6.7438714e-06
19.23	7.2941345e-06
19.27	7.8892905e-06
19.30	8.5330011e-06
19.33	9.2292264e-06
19.37	9.9822496e-06
19.40	1.0796703e-05
19.44	1.1677596e-05
19.47	1.2630346e-05
19.51	1.3660812e-05
19.54	1.4775331e-05
19.57	1.5980756e-05
19.61	1.7284498e-05
19.64	1.8694570e-05
19.68	2.0219642e-05
19.71	2.1869084e-05
19.74	2.3653032e-05
19.78	2.5582448e-05
19.81	2.7669181e-05
19.85	2.9926049e-05
19.88	3.2366910e-05
19.91	3.5006747e-05
19.95	3.7861765e-05
19.98	4.0949481e-05
20.02	4.4288837e-05
20.05	4.7900311e-05
20.08	5.1806044e-05
20.12	5.6029971e-05
20.15	6.0597969e-05
20.19	6.5538010e-05
20.22	7.0880333e-05
20.25	7.6657621e-05
20.29	8.2905205e-05
20.32	8.9661265e-05
20.36	9.6967067e-05
20.39	1.0486720e-04
20.42	1.1340986e-04
20.46	1.2264711e-04
20.49	1.3263520e-04
20.53	1.4343490e-04
20.56	1.5511188e-04
20.60	1.6773702e-04
20.63	1.8138692e-04
20.66	1.9614426e-04
20.70	2.1209832e-04
20.73	2.2934548e-04
20.77	2.4798980e-04
20.80	2.6814355e-04
20.83	2.8992787e-04
20.87	3.1347348e-04
20.90	3.3892133e-04
20.94	3.6642343e-04
20.97	3.9614366e-04
21.00	4.2825863e-04
21.04	4.6295866e-04
21.07	5.0044872e-04
21.11	5.4094952e-04
21.14	5.8469866e-04
21.17	6.3195174e-04
21.21	6.8298368e-04
21.24	7.3809001e-04
21.28	7.9758825e-04
21.31	8.6181942e-04
21.34	9.3114949e-04
21.38	1.0059710e-03
21.41	1.0867048e-03
21.45	1.1738014e-03
21.48	1.2677433e-03
21.52	1.3690462e-03
21.55	1.4782610e-03
21.58	1.5959760e-03
21.62	1.7228179e-03
21.65	1.8594545e-03
21.69	2.0065959e-03
21.72	2.1649961e-03
21.75	2.3354550e-03
21.79	2.5188196e-03
21.82	2.7159849e-03
21.86	2.9278954e-03
21.89	3.1555457e-03
21.92	3.3999806e-03
21.96	3.6622955e-03
21.99	3.9436354e-03
22.03	4.2451945e-03
22.06	4.5682139e-03
22.09	4.9139798e-03
22.13	5.2838198e-03
22.16	5.6790998e-03
22.20	6.1012182e-03
22.23	6.5516009e-03
22.26	7.0316940e-03
22.30	7.5429557e-03
22.33	8.0868477e-03
22.37	8.6648247e-03
22.40	9.2783231e-03
22.43	9.9287483e-03
22.47	1.0617462e-02
22.50	1.1345767e-02
22.54	1.2114894e-02
22.57	1.2925983e-02
22.61	1.3780068e-02
22.64	1.4678063e-02
22.67	1.5620743e-02
22.71	1.6608728e-02
22.74	1.7642469e-02
22.78	1.8722231e-02
22.81	1.9848084e-02
22.84	2.1019887e-02
22.88	2.2237282e-02
22.91	2.3499681e-02
22.95	2.4806268e-02
22.98	2.6155987e-02
23.01	2.7547551e-02
23.05	2.8979436e-02
23.08	3.0449894e-02
23.12	3.1956957e-02
23.15	3.3498448e-02
23.18	3.5071994e-02
23.22	3.6675045e-02
23.25	3.8304888e-02
23.29	3.9958666e-02
23.32	4.1633403e-02
23.35	4.3326021e-02
23.39	4.5033369e-02
23.42	4.6752239e-02
23.46	4.8479396e-02
23.49	5.0211597e-02
23.53	5.1945616e-02
23.56	5.3678261e-02
23.59	5.5406401e-02
23.63	5.7126977e-02
23.66	5.8837028e-02
23.70	6.0533704e-02
23.73	6.2214277e-02
23.76	6.3876158e-02
23.80	6.5516905e-02
23.83	6.7134232e-02
23.87	6.8726015e-02
23.90	7.0290297e-02
23.93	7.1825293e-02
23.97	7.3329391e-02
24.00	7.4801151e-02
24.04	7.6239305e-02
24.07	7.7642752e-02
24.10	7.9010560e-02
24.14	8.0341954e-02
24.17	8.1636315e-02
24.21	8.2893170e-02
24.24	8.4112189e-02
24.27	8.5293178e-02
24.31	8.6436067e-02
24.34	8.7540908e-02
24.38	8.8607860e-02
24.41	8.9637184e-02
24.44	9.0629239e-02
24.48	9.1584464e-02
24.51	9.2503377e-02
24.55	9.3386566e-02
24.58	9.4234682e-02
24.62	9.5048429e-02
24.65	9.5828561e-02
24.68	9.6575869e-02
24.72	9.7291182e-02
24.75	9.7975357e-02
24.79	9.8629270e-02
24.82	9.9253816e-02
24.85	9.9849904e-02
24.89	1.0041845e-01
24.92	1.0096038e-01
24.96	1.0147660e-01
24.99	1.0196805e-01
25.02	1.0243563e-01
25.06	1.0288025e-01
25.09	1.0330279e-01
25.13	1.0370413e-01
25.16	1.0408514e-01
25.19	1.0444666e-01
25.23	1.0478951e-01
25.26	1.0511451e-01
25.30	1.0542244e-01
25.33	1.0571406e-01
25.36	1.0599011e-01
25.40	1.0625132e-01
25.43	1.0649836e-01
25.47	1.0673193e-01
25.50	1.0695265e-01
25.54	1.0716117e-01
25.57	1.0735808e-01
25.60	1.0754396e-01
25.64	1.0771936e-01
25.67	1.0788482e-01
25.71	1.0804085e-01
25.74	1.0818794e-01
25.77	1.0832656e-01
25.81	1.0845715e-01
25.84	1.0858014e-01
25.88	1.0869594e-01
25.91	1.0880494e-01
25.94	1.0890752e-01
25.98	1.0900402e-01
26.01	1.0909478e-01
26.05	1.0918011e-01
26.08	1.0926033e-01
26.11	1.0933571e-01
26.15	1.0940654e-01
26.18	1.0947307e-01
26.22	1.0953556e-01
26.25	1.0959423e-01
26.28	1.0964930e-01
26.32	1.0970099e-01
26.35	1.0974949e-01
26.39	1.0979499e-01
26.42	1.0983766e-01
26.45	1.0987769e-01
26.49	1.0991521e-01
26.52	1.0995039e-01
26.56	1.0998337e-01
26.59	1.1001427e-01
26.63	1.1004322e-01
26.66	1.1007034e-01
26.69	1.1009574e-01
26.73	1.1011953e-01
26.76	1.1014180e-01
26.80	1.1016265e-01
26.83	1.1018217e-01
26.86	1.1020043e-01
26.90	1.1021753e-01
26.93	1.1023352e-01
26.97	1.1024848e-01
27.00	1.1026248e-01
