# NeutrinoAntineutrinoInteraction/NeutrinoAntineutrinoResonanceCharm interaction rates
# neutrino field: massive Cosmic Neutrino Background, T_CnuB = 1.94535456 K
# Produced with crpropa-data version: 60a1560e37035039ec25f414e0c42a2444bad49c
# log10(E/eV), 1/lambda [1/Mpc]
16.13	0.0000000e+00
16.17	0.0000000e+00
16.20	0.0000000e+00
16.23	0.0000000e+00
16.27	0.0000000e+00
16.30	0.0000000e+00
16.34	0.0000000e+00
16.37	0.0000000e+00
16.40	0.0000000e+00
16.44	0.0000000e+00
16.47	0.0000000e+00
16.51	0.0000000e+00
16.54	0.0000000e+00
16.58	0.0000000e+00
16.61	0.0000000e+00
16.64	0.0000000e+00
16.68	0.0000000e+00
16.71	0.0000000e+00
16.75	0.0000000e+00
16.78	0.0000000e+00
16.81	0.0000000e+00
16.85	0.0000000e+00
16.88	0.0000000e+00
16.92	0.0000000e+00
16.95	0.0000000e+00
16.98	0.0000000e+00
17.02	0.0000000e+00
17.05	0.0000000e+00
17.09	0.0000000e+00
17.12	0.0000000e+00
17.15	0.0000000e+00
17.19	0.0000000e+00
17.22	0.0000000e+00
17.26	0.0000000e+00
17.29	0.0000000e+00
17.32	0.0000000e+00
17.36	0.0000000e+00
17.39	0.0000000e+00
17.43	0.0000000e+00
17.46	0.0000000e+00
17.49	0.0000000e+00
17.53	0.0000000e+00
17.56	0.0000000e+00
17.60	0.0000000e+00
17.63	0.0000000e+00
17.67	0.0000000e+00
17.70	0.0000000e+00
17.73	0.0000000e+00
17.77	0.0000000e+00
17.80	0.0000000e+00
17.84	0.0000000e+00
17.87	0.0000000e+00
17.90	0.0000000e+00
17.94	0.0000000e+00
17.97	0.0000000e+00
18.01	0.0000000e+00
18.04	0.0000000e+00
18.07	0.0000000e+00
18.11	1.0330300e-276
18.14	4.1611227e-256
18.18	4.6469863e-237
18.21	1.8857193e-219
18.24	3.5706368e-203
18.28	3.9755832e-188
18.31	3.2232185e-174
18.35	2.3187544e-161
18.38	1.7768958e-149
18.41	1.7174726e-138
18.45	2.4478272e-128
18.48	5.9437297e-119
18.52	2.8100681e-110
18.55	2.9266528e-102
18.59	7.5265214e-95
18.62	5.3115159e-88
18.65	1.1340144e-81
18.69	8.0162746e-76
18.72	2.0394035e-70
18.76	2.0169744e-65
18.79	8.3277574e-61
18.82	1.5332547e-56
18.86	1.3379129e-52
18.89	5.8538407e-49
18.93	1.3529445e-45
18.96	1.7332655e-42
18.99	1.2868813e-39
19.03	5.7701076e-37
19.06	1.6230674e-34
19.10	2.9667772e-32
19.13	3.6405330e-30
19.16	3.0906305e-28
19.20	1.8664511e-26
19.23	8.2271271e-25
19.27	2.7106576e-23
19.30	6.8241809e-22
19.33	1.3397103e-20
19.37	2.0899017e-19
19.40	2.6360322e-18
19.44	2.7319486e-17
19.47	2.3613108e-16
19.51	1.7257147e-15
19.54	1.0800597e-14
19.57	5.8573679e-14
19.61	2.7826790e-13
19.64	1.1697831e-12
19.68	4.3921562e-12
19.71	1.4856848e-11
19.74	4.5637204e-11
19.78	1.2825190e-10
19.81	3.3199506e-10
19.85	7.9665979e-10
19.88	1.7825207e-09
19.91	3.7391734e-09
19.95	7.3906230e-09
19.98	1.3828502e-08
20.02	2.4599900e-08
20.05	4.1772766e-08
20.08	6.7961796e-08
20.12	1.0630168e-07
20.15	1.6036213e-07
20.19	2.3400861e-07
20.22	3.3122215e-07
20.25	4.5589852e-07
20.29	6.1165127e-07
20.32	8.0164187e-07
20.36	1.0284568e-06
20.39	1.2940440e-06
20.42	1.5997128e-06
20.46	1.9461940e-06
20.49	2.3337504e-06
20.53	2.7623219e-06
20.56	3.2316908e-06
20.60	3.7416495e-06
20.63	4.2921600e-06
20.66	4.8834931e-06
20.70	5.5163427e-06
20.73	6.1919142e-06
20.77	6.9119869e-06
20.80	7.6789537e-06
20.83	8.4958441e-06
20.87	9.3663337e-06
20.90	1.0294747e-05
20.94	1.1286058e-05
20.97	1.2345886e-05
21.00	1.3480504e-05
21.04	1.4696846e-05
21.07	1.6002523e-05
21.11	1.7405847e-05
21.14	1.8915870e-05
21.17	2.0542422e-05
21.21	2.2296170e-05
21.24	2.4188680e-05
21.28	2.6232491e-05
21.31	2.8441205e-05
21.34	3.0829584e-05
21.38	3.3413657e-05
21.41	3.6210855e-05
21.45	3.9240139e-05
21.48	4.2522169e-05
21.52	4.6079469e-05
21.55	4.9936633e-05
21.58	5.4120540e-05
21.62	5.8660603e-05
21.65	6.3589051e-05
21.69	6.8941242e-05
21.72	7.4756020e-05
21.75	8.1076118e-05
21.79	8.7948624e-05
21.82	9.5425502e-05
21.86	1.0356419e-04
21.89	1.1242832e-04
21.92	1.2208848e-04
21.96	1.3262317e-04
21.99	1.4411986e-04
22.03	1.5667629e-04
22.06	1.7040193e-04
22.09	1.8541971e-04
22.13	2.0186816e-04
22.16	2.1990384e-04
22.20	2.3970436e-04
22.23	2.6147196e-04
22.26	2.8543793e-04
22.30	3.1186802e-04
22.33	3.4106908e-04
22.37	3.7339744e-04
22.40	4.0926946e-04
22.43	4.4917505e-04
22.47	4.9369517e-04
22.50	5.4352495e-04
22.54	5.9950483e-04
22.57	6.6266397e-04
22.61	7.3428345e-04
22.64	8.1599633e-04
22.67	9.0996433e-04
22.71	1.0192275e-03
22.74	1.1484445e-03
22.78	1.3054672e-03
22.81	1.5045294e-03
22.84	1.7722072e-03
22.88	2.1574996e-03
22.91	2.7470345e-03
22.95	3.6851944e-03
22.98	5.1967922e-03
23.01	7.6072477e-03
23.05	1.1352972e-02
23.08	1.6974036e-02
23.12	2.5083044e-02
23.15	3.6308562e-02
23.18	5.1217388e-02
23.22	7.0225947e-02
23.25	9.3515131e-02
23.29	1.2096389e-01
23.32	1.5211443e-01
23.35	1.8617670e-01
23.39	2.2207305e-01
23.42	2.5851737e-01
23.46	2.9411788e-01
23.49	3.2748956e-01
23.53	3.5736190e-01
23.56	3.8266972e-01
23.59	4.0261807e-01
23.63	4.1671690e-01
23.66	4.2478576e-01
23.70	4.2693213e-01
23.73	4.2350981e-01
23.76	4.1506497e-01
23.80	4.0227699e-01
23.83	3.8590074e-01
23.87	3.6671481e-01
23.90	3.4547868e-01
23.93	3.2290032e-01
23.97	2.9961395e-01
24.00	2.7616719e-01
24.04	2.5301597e-01
24.07	2.3052561e-01
24.10	2.0897616e-01
24.14	1.8857069e-01
24.17	1.6944504e-01
24.21	1.5167818e-01
24.24	1.3530242e-01
24.27	1.2031290e-01
24.31	1.0667617e-01
24.34	9.4337674e-02
24.38	8.3228070e-02
24.41	7.3268473e-02
24.44	6.4374672e-02
24.48	5.6460452e-02
24.51	4.9440129e-02
24.55	4.3230429e-02
24.58	3.7751814e-02
24.62	3.2929372e-02
24.65	2.8693354e-02
24.68	2.4979435e-02
24.72	2.1728776e-02
24.75	1.8887924e-02
24.79	1.6408615e-02
24.82	1.4247493e-02
24.85	1.2365789e-02
24.89	1.0728980e-02
24.92	9.3064265e-03
24.96	8.0710274e-03
24.99	6.9988755e-03
25.02	6.0689358e-03
25.06	5.2627413e-03
25.09	4.5641128e-03
25.13	3.9589009e-03
25.16	3.4347516e-03
25.19	2.9808941e-03
25.23	2.5879508e-03
25.26	2.2477659e-03
25.30	1.9532546e-03
25.33	1.6982676e-03
25.36	1.4774725e-03
25.40	1.2862487e-03
25.43	1.1205948e-03
25.47	9.7704794e-04
25.50	8.5261286e-04
25.54	7.4469968e-04
25.57	6.5107002e-04
25.60	5.6978988e-04
25.64	4.9918867e-04
25.67	4.3782361e-04
25.71	3.8444886e-04
25.74	3.3798872e-04
25.77	2.9751443e-04
25.81	2.6222410e-04
25.84	2.3142533e-04
25.88	2.0452020e-04
25.91	1.8099229e-04
25.94	1.6039549e-04
25.98	1.4234434e-04
26.01	1.2650565e-04
26.05	1.1259135e-04
26.08	1.0035226e-04
26.11	8.9572768e-05
26.15	8.0066182e-05
26.18	7.1670792e-05
26.22	6.4246437e-05
26.25	5.7671552e-05
26.28	5.1840634e-05
26.32	4.6662047e-05
26.35	4.2056142e-05
26.39	3.7953627e-05
26.42	3.4294168e-05
26.45	3.1025182e-05
26.49	2.8100794e-05
26.52	2.5480944e-05
26.56	2.3130608e-05
26.59	2.1019130e-05
26.63	1.9119650e-05
26.66	1.7408600e-05
26.69	1.5865279e-05
26.73	1.4471478e-05
26.76	1.3211159e-05
26.80	1.2070178e-05
26.83	1.1036044e-05
26.86	1.0097707e-05
26.90	9.2453829e-06
26.93	8.4703925e-06
26.97	7.7650259e-06
27.00	7.1224251e-06
