# NeutrinoAntineutrinoInteraction/NeutrinoAntineutrinoResonanceCharm interaction rates
# neutrino field: massive Cosmic Neutrino Background, T_CnuB = 1.94535456 K
# Produced with crpropa-data version: 60a1560e37035039ec25f414e0c42a2444bad49c
# log10(E/eV), 1/lambda [1/Mpc]
16.03	0.0000000e+00
16.06	0.0000000e+00
16.10	0.0000000e+00
16.13	0.0000000e+00
16.17	0.0000000e+00
16.20	0.0000000e+00
16.23	0.0000000e+00
16.27	0.0000000e+00
16.30	0.0000000e+00
16.34	0.0000000e+00
16.37	0.0000000e+00
16.40	0.0000000e+00
16.44	0.0000000e+00
16.47	0.0000000e+00
16.51	0.0000000e+00
16.54	0.0000000e+00
16.58	0.0000000e+00
16.61	0.0000000e+00
16.64	0.0000000e+00
16.68	0.0000000e+00
16.71	0.0000000e+00
16.75	0.0000000e+00
16.78	0.0000000e+00
16.81	0.0000000e+00
16.85	0.0000000e+00
16.88	0.0000000e+00
16.92	0.0000000e+00
16.95	0.0000000e+00
16.98	0.0000000e+00
17.02	0.0000000e+00
17.05	0.0000000e+00
17.09	0.0000000e+00
17.12	0.0000000e+00
17.15	0.0000000e+00
17.19	0.0000000e+00
17.22	0.0000000e+00
17.26	0.0000000e+00
17.29	0.0000000e+00
17.32	0.0000000e+00
17.36	0.0000000e+00
17.39	0.0000000e+00
17.43	0.0000000e+00
17.46	0.0000000e+00
17.49	0.0000000e+00
17.53	0.0000000e+00
17.56	0.0000000e+00
17.60	0.0000000e+00
17.63	0.0000000e+00
17.67	0.0000000e+00
17.70	0.0000000e+00
17.73	0.0000000e+00
17.77	0.0000000e+00
17.80	0.0000000e+00
17.84	0.0000000e+00
17.87	0.0000000e+00
17.90	0.0000000e+00
17.94	0.0000000e+00
17.97	3.4792353e-283
18.01	4.9509461e-262
18.04	1.7673824e-242
18.07	2.1002175e-224
18.11	1.0739408e-207
18.14	2.9961156e-192
18.18	5.6793944e-178
18.21	8.9603287e-165
18.24	1.4193519e-152
18.28	2.6848518e-141
18.31	7.1195465e-131
18.35	3.0695188e-121
18.38	2.4677508e-112
18.41	4.1993477e-104
18.45	1.7005781e-96
18.48	1.8263824e-89
18.52	5.7499563e-83
18.55	5.8214515e-77
18.59	2.0647841e-71
18.62	2.7769803e-66
18.65	1.5237401e-61
18.69	3.6498660e-57
18.72	4.0629590e-53
18.76	2.2270501e-49
18.79	6.3411449e-46
18.82	9.8544449e-43
18.86	8.7494533e-40
18.89	4.6299294e-37
18.93	1.5184097e-34
18.96	3.1997916e-32
18.99	4.4800881e-30
19.03	4.2983721e-28
19.06	2.9079268e-26
19.10	1.4242941e-24
19.13	5.1756307e-23
19.16	1.4272040e-21
19.20	3.0495888e-20
19.23	5.1477736e-19
19.27	6.9884333e-18
19.30	7.7570780e-17
19.33	7.1484298e-16
19.37	5.5469561e-15
19.40	3.6720332e-14
19.44	2.0990177e-13
19.47	1.0477045e-12
19.51	4.6138729e-12
19.54	1.8098825e-11
19.57	6.3802109e-11
19.61	2.0378541e-10
19.64	5.9422539e-10
19.68	1.5929757e-09
19.71	3.9514647e-09
19.74	9.1242594e-09
19.78	1.9721100e-08
19.81	4.0103303e-08
19.85	7.7089869e-08
19.88	1.4069485e-07
19.91	2.4477794e-07
19.95	4.0746720e-07
19.98	6.5121654e-07
20.02	1.0023933e-06
20.05	1.4903494e-06
20.08	2.1460027e-06
20.12	3.0000275e-06
20.15	4.0808187e-06
20.19	5.4124367e-06
20.22	7.0127574e-06
20.25	8.8920521e-06
20.29	1.1052185e-05
20.32	1.3486578e-05
20.36	1.6181009e-05
20.39	1.9115253e-05
20.42	2.2265476e-05
20.46	2.5607208e-05
20.49	2.9118690e-05
20.53	3.2784359e-05
20.56	3.6598401e-05
20.60	4.0569288e-05
20.63	4.4725132e-05
20.66	4.9101697e-05
20.70	5.3734923e-05
20.73	5.8661210e-05
20.77	6.3917830e-05
20.80	6.9543330e-05
20.83	7.5577923e-05
20.87	8.2063875e-05
20.90	8.9045889e-05
20.94	9.6571502e-05
20.97	1.0469149e-04
21.00	1.1346029e-04
21.04	1.2293645e-04
21.07	1.3318311e-04
21.11	1.4426849e-04
21.14	1.5626648e-04
21.17	1.6925720e-04
21.21	1.8332768e-04
21.24	1.9857257e-04
21.28	2.1509493e-04
21.31	2.3300712e-04
21.34	2.5243176e-04
21.38	2.7350282e-04
21.41	2.9636681e-04
21.45	3.2118419e-04
21.48	3.4813084e-04
21.52	3.7739981e-04
21.55	4.0920325e-04
21.58	4.4377460e-04
21.62	4.8137114e-04
21.65	5.2227679e-04
21.69	5.6680545e-04
21.72	6.1530469e-04
21.75	6.6816015e-04
21.79	7.2580049e-04
21.82	7.8870329e-04
21.86	8.5740182e-04
21.89	9.3249299e-04
21.92	1.0146468e-03
21.96	1.1046173e-03
21.99	1.2032561e-03
22.03	1.3115278e-03
22.06	1.4305293e-03
22.09	1.5615126e-03
22.13	1.7059130e-03
22.16	1.8653835e-03
22.20	2.0418376e-03
22.23	2.2375027e-03
22.26	2.4549875e-03
22.30	2.6973680e-03
22.33	2.9682993e-03
22.37	3.2721617e-03
22.40	3.6142577e-03
22.43	4.0010813e-03
22.47	4.4407045e-03
22.50	4.9433650e-03
22.54	5.5224548e-03
22.57	6.1963838e-03
22.61	6.9924309e-03
22.64	7.9549608e-03
22.67	9.1624982e-03
22.71	1.0760946e-02
22.74	1.3022679e-02
22.78	1.6441247e-02
22.81	2.1866311e-02
22.84	3.0671312e-02
22.88	4.4928010e-02
22.91	6.7542100e-02
22.95	1.0229019e-01
22.98	1.5369862e-01
23.01	2.2672348e-01
23.05	3.2622695e-01
23.08	4.5629005e-01
23.12	6.1944450e-01
23.15	8.1593497e-01
23.18	1.0431317e+00
23.22	1.2951999e+00
23.25	1.5631017e+00
23.29	1.8349652e+00
23.32	2.0968116e+00
23.35	2.3335885e+00
23.39	2.5304251e+00
23.42	2.6739937e+00
23.46	2.7538490e+00
23.49	2.7636047e+00
23.53	2.7018189e+00
23.56	2.5724871e+00
23.59	2.3851019e+00
23.63	2.1543542e+00
23.66	1.8998279e+00
23.70	1.6468359e+00
23.73	1.4191815e+00
23.76	1.2210252e+00
23.80	1.0497252e+00
23.83	9.0206052e-01
23.87	7.7496564e-01
23.90	6.6567868e-01
23.93	5.7176301e-01
23.97	4.9109094e-01
24.00	4.2181531e-01
24.04	3.6233820e-01
24.07	3.1128055e-01
24.10	2.6745409e-01
24.14	2.2983616e-01
24.17	1.9754738e-01
24.21	1.6983205e-01
24.24	1.4604109e-01
24.27	1.2561723e-01
24.31	1.0808212e-01
24.34	9.3025322e-02
24.38	8.0094666e-02
24.41	6.8988064e-02
24.44	5.9446402e-02
24.48	5.1247445e-02
24.51	4.4200605e-02
24.55	3.8142432e-02
24.58	3.2932759e-02
24.62	2.8451381e-02
24.65	2.4595211e-02
24.68	2.1275840e-02
24.72	1.8417445e-02
24.75	1.5954987e-02
24.79	1.3832682e-02
24.82	1.2002671e-02
24.85	1.0423896e-02
24.89	9.0611260e-03
24.92	7.8841264e-03
24.96	6.8669476e-03
24.99	5.9873131e-03
25.02	5.2260965e-03
25.06	4.5668724e-03
25.09	3.9955323e-03
25.13	3.4999546e-03
25.16	3.0697224e-03
25.19	2.6958808e-03
25.23	2.3707300e-03
25.26	2.0876469e-03
25.30	1.8409324e-03
25.33	1.6256812e-03
25.36	1.4376691e-03
25.40	1.2732568e-03
25.43	1.1293079e-03
25.47	1.0031179e-03
25.50	8.9235315e-04
25.54	7.9499951e-04
25.57	7.0931707e-04
25.60	6.3380211e-04
25.64	5.6715409e-04
25.67	5.0824742e-04
25.71	4.5610721e-04
25.74	4.0988842e-04
25.77	3.6885793e-04
25.81	3.3237921e-04
25.84	2.9989904e-04
25.88	2.7093617e-04
25.91	2.4507153e-04
25.94	2.2193981e-04
25.98	2.0122221e-04
26.01	1.8264021e-04
26.05	1.6595019e-04
26.08	1.5093879e-04
26.11	1.3741894e-04
26.15	1.2522636e-04
26.18	1.1421666e-04
26.22	1.0426268e-04
26.25	9.5252334e-05
26.28	8.7086675e-05
26.32	7.9678211e-05
26.35	7.2949475e-05
26.39	6.6831777e-05
26.42	6.1264119e-05
26.45	5.6192251e-05
26.49	5.1567852e-05
26.52	4.7347821e-05
26.56	4.3493657e-05
26.59	3.9970911e-05
26.63	3.6748724e-05
26.66	3.3799406e-05
26.69	3.1098081e-05
26.73	2.8622366e-05
26.76	2.6352096e-05
26.80	2.4269083e-05
26.83	2.2356896e-05
26.86	2.0600677e-05
26.90	1.8986972e-05
26.93	1.7503585e-05
26.97	1.6139449e-05
27.00	1.4884510e-05
