# NeutrinoAntineutrinoInteraction/NeutrinoAntineutrinoResonanceCharm interaction rates
# neutrino field: massive Cosmic Neutrino Background, T_CnuB = 1.94535456 K
# Produced with crpropa-data version: 60a1560e37035039ec25f414e0c42a2444bad49c
# log10(E/eV), 1/lambda [1/Mpc]
15.62	0.0000000e+00
15.66	0.0000000e+00
15.69	0.0000000e+00
15.72	0.0000000e+00
15.76	0.0000000e+00
15.79	0.0000000e+00
15.83	0.0000000e+00
15.86	0.0000000e+00
15.89	0.0000000e+00
15.93	0.0000000e+00
15.96	0.0000000e+00
16.00	0.0000000e+00
16.03	0.0000000e+00
16.06	0.0000000e+00
16.10	0.0000000e+00
16.13	0.0000000e+00
16.17	0.0000000e+00
16.20	0.0000000e+00
16.23	0.0000000e+00
16.27	0.0000000e+00
16.30	0.0000000e+00
16.34	0.0000000e+00
16.37	0.0000000e+00
16.40	0.0000000e+00
16.44	0.0000000e+00
16.47	0.0000000e+00
16.51	0.0000000e+00
16.54	0.0000000e+00
16.58	0.0000000e+00
16.61	0.0000000e+00
16.64	0.0000000e+00
16.68	0.0000000e+00
16.71	0.0000000e+00
16.75	0.0000000e+00
16.78	0.0000000e+00
16.81	0.0000000e+00
16.85	0.0000000e+00
16.88	0.0000000e+00
16.92	0.0000000e+00
16.95	0.0000000e+00
16.98	0.0000000e+00
17.02	0.0000000e+00
17.05	0.0000000e+00
17.09	0.0000000e+00
17.12	0.0000000e+00
17.15	0.0000000e+00
17.19	0.0000000e+00
17.22	0.0000000e+00
17.26	0.0000000e+00
17.29	0.0000000e+00
17.32	0.0000000e+00
17.36	0.0000000e+00
17.39	0.0000000e+00
17.43	0.0000000e+00
17.46	0.0000000e+00
17.49	0.0000000e+00
17.53	0.0000000e+00
17.56	7.8478304e-281
17.60	1.1299017e-259
17.63	4.0970232e-240
17.67	4.9391501e-222
17.70	2.5593021e-205
17.73	7.2275591e-190
17.77	1.3854736e-175
17.80	2.2084351e-162
17.84	3.5313771e-150
17.87	6.7378573e-139
17.90	1.8008546e-128
17.94	7.8202382e-119
17.97	6.3283767e-110
18.01	1.0833027e-101
18.04	4.4105547e-94
18.07	4.7597405e-87
18.11	1.5049792e-80
18.14	1.5295475e-74
18.18	5.4434473e-69
18.21	7.3426246e-64
18.24	4.0391358e-59
18.28	9.6957346e-55
18.31	1.0812002e-50
18.35	5.9346173e-47
18.38	1.6915047e-43
18.41	2.6304384e-40
18.45	2.3362429e-37
18.48	1.2362479e-34
18.52	4.0529294e-32
18.55	8.5350560e-30
18.59	1.1938014e-27
18.62	1.1438434e-25
18.65	7.7253597e-24
18.69	3.7762634e-22
18.72	1.3690099e-20
18.76	3.7649725e-19
18.79	8.0204610e-18
18.82	1.3492973e-16
18.86	1.8249207e-15
18.89	2.0173538e-14
18.93	1.8507862e-13
18.96	1.4292307e-12
18.99	9.4122920e-12
19.03	5.3503808e-11
19.06	2.6547641e-10
19.10	1.1617460e-09
19.13	4.5268537e-09
19.16	1.5846279e-08
19.20	5.0241479e-08
19.23	1.4537693e-07
19.27	3.8661206e-07
19.30	9.5109714e-07
19.33	2.1774977e-06
19.37	4.6654612e-06
19.40	9.4032431e-06
19.44	1.7913649e-05
19.47	3.2399484e-05
19.51	5.5862794e-05
19.54	9.2170027e-05
19.57	1.4603938e-04
19.61	2.2293697e-04
19.64	3.2888272e-04
19.68	4.7018247e-04
19.71	6.5311549e-04
19.74	8.8361467e-04
19.78	1.1669779e-03
19.81	1.5076445e-03
19.85	1.9090607e-03
19.88	2.3736457e-03
19.91	2.9028566e-03
19.95	3.4973387e-03
19.98	4.1571414e-03
20.02	4.8819726e-03
20.05	5.6714674e-03
20.08	6.5254480e-03
20.12	7.4441567e-03
20.15	8.4284529e-03
20.19	9.4799667e-03
20.22	1.0601212e-02
20.25	1.1795661e-02
20.29	1.3067789e-02
20.32	1.4423096e-02
20.36	1.5868113e-02
20.39	1.7410404e-02
20.42	1.9058562e-02
20.46	2.0822215e-02
20.49	2.2712037e-02
20.53	2.4739766e-02
20.56	2.6918246e-02
20.60	2.9261473e-02
20.63	3.1784657e-02
20.66	3.4504309e-02
20.70	3.7438332e-02
20.73	4.0606137e-02
20.77	4.4028777e-02
20.80	4.7729091e-02
20.83	5.1731881e-02
20.87	5.6064097e-02
20.90	6.0755058e-02
20.94	6.5836687e-02
20.97	7.1343783e-02
21.00	7.7314322e-02
21.04	8.3789795e-02
21.07	9.0815587e-02
21.11	9.8441404e-02
21.14	1.0672176e-01
21.17	1.1571650e-01
21.21	1.2549144e-01
21.24	1.3611908e-01
21.28	1.4767935e-01
21.31	1.6026059e-01
21.34	1.7396055e-01
21.38	1.8888764e-01
21.41	2.0516231e-01
21.45	2.2291871e-01
21.48	2.4230656e-01
21.52	2.6349341e-01
21.55	2.8666727e-01
21.58	3.1203974e-01
21.62	3.3984970e-01
21.65	3.7036783e-01
21.69	4.0390192e-01
21.72	4.4080346e-01
21.75	4.8147564e-01
21.79	5.2638321e-01
21.82	5.7606479e-01
21.86	6.3114841e-01
21.89	6.9237120e-01
21.92	7.6060491e-01
21.96	8.3688930e-01
21.99	9.2247685e-01
22.03	1.0188942e+00
22.06	1.1280301e+00
22.09	1.2522703e+00
22.13	1.3947263e+00
22.16	1.5596727e+00
22.20	1.7534585e+00
22.23	1.9864550e+00
22.26	2.2770859e+00
22.30	2.6595861e+00
22.33	3.1975969e+00
22.37	4.0055148e+00
22.40	5.2780904e+00
22.43	7.3258147e+00
22.47	1.0609511e+01
22.50	1.5763539e+01
22.54	2.3594946e+01
22.57	3.5047445e+01
22.61	5.1124789e+01
22.64	7.2777089e+01
22.67	1.0076338e+02
22.71	1.3551155e+02
22.74	1.7700002e+02
22.78	2.2468364e+02
22.81	2.7747895e+02
22.84	3.3381428e+02
22.88	3.9173867e+02
22.91	4.4907507e+02
22.95	5.0359656e+02
22.98	5.5320277e+02
23.01	5.9607526e+02
23.05	6.3079583e+02
23.08	6.5641825e+02
23.12	6.7249132e+02
23.15	6.7903762e+02
23.18	6.7649672e+02
23.22	6.6564461e+02
23.25	6.4750114e+02
23.29	6.2323650e+02
23.32	5.9408489e+02
23.35	5.6127137e+02
23.39	5.2595455e+02
23.42	4.8918588e+02
23.46	4.5188443e+02
23.49	4.1482494e+02
23.53	3.7863647e+02
23.56	3.4380900e+02
23.59	3.1070520e+02
23.63	2.7957539e+02
23.66	2.5057389e+02
23.70	2.2377535e+02
23.73	1.9919036e+02
23.76	1.7677965e+02
23.80	1.5646653e+02
23.83	1.3814760e+02
23.87	1.2170167e+02
23.90	1.0699697e+02
23.93	9.3896916e+01
23.97	8.2264536e+01
24.00	7.1965789e+01
24.04	6.2871953e+01
24.07	5.4861255e+01
24.10	4.7819902e+01
24.14	4.1642634e+01
24.17	3.6232912e+01
24.21	3.1502843e+01
24.24	2.7372910e+01
24.27	2.3771561e+01
24.31	2.0634726e+01
24.34	1.7905269e+01
24.38	1.5532428e+01
24.41	1.3471256e+01
24.44	1.1682066e+01
24.48	1.0129911e+01
24.51	8.7840868e+00
24.55	7.6176771e+00
24.58	6.6071275e+00
24.62	5.7318615e+00
24.65	4.9739313e+00
24.68	4.3177035e+00
24.72	3.7495768e+00
24.75	3.2577316e+00
24.79	2.8319060e+00
24.82	2.4631989e+00
24.85	2.1438952e+00
24.89	1.8673127e+00
24.92	1.6276673e+00
24.96	1.4199549e+00
24.99	1.2398482e+00
25.02	1.0836068e+00
25.06	9.4799853e-01
25.09	8.3023128e-01
25.13	7.2789352e-01
25.16	6.3890277e-01
25.19	5.6146095e-01
25.23	4.9401557e-01
25.26	4.3522622e-01
25.30	3.8393553e-01
25.33	3.3914413e-01
25.36	2.9998888e-01
25.40	2.6572426e-01
25.43	2.3570609e-01
25.47	2.0937768e-01
25.50	1.8625774e-01
25.54	1.6593002e-01
25.57	1.4803440e-01
25.60	1.3225913e-01
25.64	1.1833420e-01
25.67	1.0602566e-01
25.71	9.5130620e-02
25.74	8.5473046e-02
25.77	7.6900084e-02
25.81	6.9278908e-02
25.84	6.2493996e-02
25.88	5.6444793e-02
25.91	5.1043691e-02
25.94	4.6214284e-02
25.98	4.1889871e-02
26.01	3.8012161e-02
26.05	3.4530154e-02
26.08	3.1399178e-02
26.11	2.8580057e-02
26.15	2.6038394e-02
26.18	2.3743944e-02
26.22	2.1670084e-02
26.25	1.9793342e-02
26.28	1.8092999e-02
26.32	1.6550740e-02
26.35	1.5150350e-02
26.39	1.3877456e-02
26.42	1.2719295e-02
26.45	1.1664520e-02
26.49	1.0703026e-02
26.52	9.8258037e-03
26.56	9.0248059e-03
26.59	8.2928362e-03
26.63	7.6234488e-03
26.66	7.0108625e-03
26.69	6.4498850e-03
26.73	5.9358461e-03
26.76	5.4645397e-03
26.80	5.0321728e-03
26.83	4.6353206e-03
26.86	4.2708867e-03
26.90	3.9360683e-03
26.93	3.6283257e-03
26.97	3.3453546e-03
27.00	3.0850622e-03
