# NeutrinoAntineutrinoInteraction/NeutrinoAntineutrinoResonanceCharm interaction rates
# neutrino field: massive Cosmic Neutrino Background, T_CnuB = 1.94535456 K
# Produced with crpropa-data version: 60a1560e37035039ec25f414e0c42a2444bad49c
# log10(E/eV), 1/lambda [1/Mpc]
15.72	0.0000000e+00
15.76	0.0000000e+00
15.79	0.0000000e+00
15.83	0.0000000e+00
15.86	0.0000000e+00
15.89	0.0000000e+00
15.93	0.0000000e+00
15.96	0.0000000e+00
16.00	0.0000000e+00
16.03	0.0000000e+00
16.06	0.0000000e+00
16.10	0.0000000e+00
16.13	0.0000000e+00
16.17	0.0000000e+00
16.20	0.0000000e+00
16.23	0.0000000e+00
16.27	0.0000000e+00
16.30	0.0000000e+00
16.34	0.0000000e+00
16.37	0.0000000e+00
16.40	0.0000000e+00
16.44	0.0000000e+00
16.47	0.0000000e+00
16.51	0.0000000e+00
16.54	0.0000000e+00
16.58	0.0000000e+00
16.61	0.0000000e+00
16.64	0.0000000e+00
16.68	0.0000000e+00
16.71	0.0000000e+00
16.75	0.0000000e+00
16.78	0.0000000e+00
16.81	0.0000000e+00
16.85	0.0000000e+00
16.88	0.0000000e+00
16.92	0.0000000e+00
16.95	0.0000000e+00
16.98	0.0000000e+00
17.02	0.0000000e+00
17.05	0.0000000e+00
17.09	0.0000000e+00
17.12	0.0000000e+00
17.15	0.0000000e+00
17.19	0.0000000e+00
17.22	0.0000000e+00
17.26	0.0000000e+00
17.29	0.0000000e+00
17.32	0.0000000e+00
17.36	0.0000000e+00
17.39	0.0000000e+00
17.43	0.0000000e+00
17.46	0.0000000e+00
17.49	0.0000000e+00
17.53	0.0000000e+00
17.56	0.0000000e+00
17.60	0.0000000e+00
17.63	0.0000000e+00
17.67	0.0000000e+00
17.70	3.9294817e-272
17.73	1.0971812e-251
17.77	8.7316927e-233
17.80	2.5904256e-215
17.84	3.6717836e-199
17.87	3.1279919e-184
17.90	1.9800131e-170
17.94	1.1330917e-157
17.97	7.0276624e-146
18.01	5.5862245e-135
18.04	6.6451867e-125
18.07	1.3652688e-115
18.11	5.5309110e-107
18.14	4.9939794e-99
18.18	1.1255343e-91
18.21	7.0309186e-85
18.24	1.3410821e-78
18.28	8.5421104e-73
18.31	1.9737195e-67
18.35	1.7858653e-62
18.38	6.7917351e-58
18.41	1.1590169e-53
18.45	9.4284703e-50
18.48	3.8665146e-46
18.52	8.4174005e-43
18.55	1.0204130e-39
18.59	7.1995916e-37
18.62	3.0797865e-34
18.65	8.2951290e-32
18.69	1.4567578e-29
18.72	1.7228264e-27
18.76	1.4136978e-25
18.79	8.2742024e-24
18.82	3.5435625e-22
18.86	1.1369806e-20
18.89	2.7934914e-19
18.93	5.3627975e-18
18.96	8.1958455e-17
18.99	1.0145020e-15
19.03	1.0334830e-14
19.06	8.7934313e-14
19.10	6.3350414e-13
19.13	3.9134759e-12
19.16	2.0973573e-11
19.20	9.8576344e-11
19.23	4.1039854e-10
19.27	1.5275275e-09
19.30	5.1267169e-09
19.33	1.5638535e-08
19.37	4.3675920e-08
19.40	1.1244057e-07
19.44	2.6851320e-07
19.47	5.9826524e-07
19.51	1.2503858e-06
19.54	2.4636536e-06
19.57	4.5973033e-06
19.61	8.1595919e-06
19.64	1.3829021e-05
19.68	2.2462609e-05
19.71	3.5086850e-05
19.74	5.2869343e-05
19.78	7.7072155e-05
19.81	1.0899099e-04
19.85	1.4988673e-04
19.88	2.0091713e-04
19.91	2.6307686e-04
19.95	3.3715241e-04
19.98	4.2369699e-04
20.02	5.2302738e-04
20.05	6.3524234e-04
20.08	7.6025975e-04
20.12	8.9786797e-04
20.15	1.0477858e-03
20.19	1.2097253e-03
20.22	1.3834529e-03
20.25	1.5688436e-03
20.29	1.7659272e-03
20.32	1.9749238e-03
20.36	2.1962695e-03
20.39	2.4306321e-03
20.42	2.6789199e-03
20.46	2.9422843e-03
20.49	3.2221187e-03
20.53	3.5200565e-03
20.56	3.8379708e-03
20.60	4.1779856e-03
20.63	4.5424976e-03
20.66	4.9340869e-03
20.70	5.3554799e-03
20.73	5.8095729e-03
20.77	6.2994570e-03
20.80	6.8284452e-03
20.83	7.4000998e-03
20.87	8.0182624e-03
20.90	8.6870856e-03
20.94	9.4110676e-03
20.97	1.0195090e-02
21.00	1.1044457e-02
21.04	1.1964945e-02
21.07	1.2962847e-02
21.11	1.4045033e-02
21.14	1.5219008e-02
21.17	1.6492984e-02
21.21	1.7875955e-02
21.24	1.9377785e-02
21.28	2.1009307e-02
21.31	2.2782433e-02
21.34	2.4710282e-02
21.38	2.6807320e-02
21.41	2.9089532e-02
21.45	3.1574602e-02
21.48	3.4282138e-02
21.52	3.7233921e-02
21.55	4.0454196e-02
21.58	4.3970015e-02
21.62	4.7811636e-02
21.65	5.2012992e-02
21.69	5.6612246e-02
21.72	6.1652455e-02
21.75	6.7182358e-02
21.79	7.3257325e-02
21.82	7.9940516e-02
21.86	8.7304281e-02
21.89	9.5431891e-02
21.92	1.0441968e-01
21.96	1.1437975e-01
21.99	1.2544334e-01
22.03	1.3776521e-01
22.06	1.5152931e-01
22.09	1.6695627e-01
22.13	1.8431354e-01
22.16	2.0392956e-01
22.20	2.2621449e-01
22.23	2.5169328e-01
22.26	2.8106460e-01
22.30	3.1531800e-01
22.33	3.5598258e-01
22.37	4.0565416e-01
22.40	4.6905824e-01
22.43	5.5502543e-01
22.47	6.7981263e-01
22.50	8.7208541e-01
22.54	1.1794766e+00
22.57	1.6759369e+00
22.61	2.4682324e+00
22.64	3.6992294e+00
22.67	5.5454088e+00
22.71	8.2066412e+00
22.74	1.1887655e+01
22.78	1.6772530e+01
22.81	2.2995461e+01
22.84	3.0612359e+01
22.88	3.9578259e+01
22.91	4.9734801e+01
22.95	6.0810490e+01
22.98	7.2434353e+01
23.01	8.4161517e+01
23.05	9.5507444e+01
23.08	1.0598646e+02
23.12	1.1514988e+02
23.15	1.2261936e+02
23.18	1.2811215e+02
23.22	1.3145624e+02
23.25	1.3259477e+02
23.29	1.3158063e+02
23.32	1.2856297e+02
23.35	1.2376816e+02
23.39	1.1747780e+02
23.42	1.1000626e+02
23.46	1.0167980e+02
23.49	9.2818626e+01
23.53	8.3722873e+01
23.56	7.4662755e+01
23.59	6.5873024e+01
23.63	5.7551881e+01
23.66	4.9865717e+01
23.70	4.2965825e+01
23.73	3.6949816e+01
23.76	3.1758384e+01
23.80	2.7289537e+01
23.83	2.3446986e+01
23.87	2.0145050e+01
23.90	1.7308780e+01
23.93	1.4873113e+01
23.97	1.2781791e+01
24.00	1.0986288e+01
24.04	9.4448162e+00
24.07	8.1214283e+00
24.10	6.9852251e+00
24.14	6.0096624e+00
24.17	5.1719467e+00
24.21	4.4525121e+00
24.24	3.8345672e+00
24.27	3.3037045e+00
24.31	2.8475638e+00
24.34	2.4555425e+00
24.38	2.1185464e+00
24.41	1.8287750e+00
24.44	1.5795385e+00
24.48	1.3650989e+00
24.51	1.1805349e+00
24.55	1.0216256e+00
24.58	8.8475031e-01
24.62	7.6680333e-01
24.65	6.6512032e-01
24.68	5.7741543e-01
24.72	5.0172727e-01
24.75	4.3637272e-01
24.79	3.7990717e-01
24.82	3.3109056e-01
24.85	2.8885827e-01
24.89	2.5229606e-01
24.92	2.2061872e-01
24.96	1.9315166e-01
24.99	1.6931523e-01
25.02	1.4861119e-01
25.06	1.3061118e-01
25.09	1.1494677e-01
25.13	1.0130100e-01
25.16	8.9401084e-02
25.19	7.9012154e-02
25.23	6.9931910e-02
25.26	6.1986028e-02
25.30	5.5024218e-02
25.33	4.8916847e-02
25.36	4.3552036e-02
25.40	3.8833174e-02
25.43	3.4676786e-02
25.47	3.1010695e-02
25.50	2.7772455e-02
25.54	2.4907997e-02
25.57	2.2370468e-02
25.60	2.0119239e-02
25.64	1.8119044e-02
25.67	1.6339247e-02
25.71	1.4753208e-02
25.74	1.3337738e-02
25.77	1.2072635e-02
25.81	1.0940275e-02
25.84	9.9252693e-03
25.88	9.0141644e-03
25.91	8.1951844e-03
25.94	7.4580092e-03
25.98	6.7935826e-03
26.01	6.1939475e-03
26.05	5.6521027e-03
26.08	5.1618795e-03
26.11	4.7178354e-03
26.15	4.3151616e-03
26.18	3.9496028e-03
26.22	3.6173882e-03
26.25	3.3151716e-03
26.28	3.0399786e-03
26.32	2.7891619e-03
26.35	2.5603616e-03
26.39	2.3514708e-03
26.42	2.1606058e-03
26.45	1.9860802e-03
26.49	1.8263817e-03
26.52	1.6801524e-03
26.56	1.5461715e-03
26.59	1.4233394e-03
26.63	1.3106652e-03
26.66	1.2072542e-03
26.69	1.1122975e-03
26.73	1.0250632e-03
26.76	9.4488839e-04
26.80	8.7117145e-04
26.83	8.0336623e-04
26.86	7.4097626e-04
26.90	6.8354979e-04
26.93	6.3067539e-04
26.97	5.8197800e-04
27.00	5.3711539e-04
