# NeutrinoAntineutrinoInteraction/NeutrinoAntineutrinoResonanceCharm interaction rates
# neutrino field: massive Cosmic Neutrino Background, T_CnuB = 1.94535456 K
# Produced with crpropa-data version: 60a1560e37035039ec25f414e0c42a2444bad49c
# log10(E/eV), 1/lambda [1/Mpc]
17.22	0.0000000e+00
17.26	0.0000000e+00
17.29	0.0000000e+00
17.32	0.0000000e+00
17.36	0.0000000e+00
17.39	0.0000000e+00
17.43	0.0000000e+00
17.46	0.0000000e+00
17.49	0.0000000e+00
17.53	0.0000000e+00
17.56	0.0000000e+00
17.60	0.0000000e+00
17.63	0.0000000e+00
17.67	0.0000000e+00
17.70	0.0000000e+00
17.73	0.0000000e+00
17.77	0.0000000e+00
17.80	0.0000000e+00
17.84	0.0000000e+00
17.87	0.0000000e+00
17.90	0.0000000e+00
17.94	0.0000000e+00
17.97	0.0000000e+00
18.01	0.0000000e+00
18.04	0.0000000e+00
18.07	0.0000000e+00
18.11	0.0000000e+00
18.14	0.0000000e+00
18.18	0.0000000e+00
18.21	0.0000000e+00
18.24	0.0000000e+00
18.28	0.0000000e+00
18.31	0.0000000e+00
18.35	0.0000000e+00
18.38	0.0000000e+00
18.41	0.0000000e+00
18.45	0.0000000e+00
18.48	0.0000000e+00
18.52	0.0000000e+00
18.55	0.0000000e+00
18.59	0.0000000e+00
18.62	0.0000000e+00
18.65	0.0000000e+00
18.69	0.0000000e+00
18.72	0.0000000e+00
18.76	0.0000000e+00
18.79	0.0000000e+00
18.82	0.0000000e+00
18.86	0.0000000e+00
18.89	0.0000000e+00
18.93	0.0000000e+00
18.96	0.0000000e+00
18.99	0.0000000e+00
19.03	0.0000000e+00
19.06	0.0000000e+00
19.10	0.0000000e+00
19.13	0.0000000e+00
19.16	1.2362733e-283
19.20	9.8929819e-261
19.23	2.2418755e-239
19.27	1.9478920e-219
19.30	8.6058669e-201
19.33	2.5169742e-183
19.37	6.2381641e-167
19.40	1.6514665e-151
19.44	5.8043103e-137
19.47	3.3232476e-123
19.51	3.7590715e-110
19.54	1.0078551e-97
19.57	7.6073127e-86
19.61	1.9012810e-74
19.64	1.8316755e-63
19.68	7.8201227e-53
19.71	1.6684101e-42
19.74	1.9234851e-32
19.78	1.1226232e-22
19.81	5.7414999e-14
19.85	8.1021653e-13
19.88	1.5170678e-12
19.91	2.1886738e-12
19.95	2.8356985e-12
19.98	3.4677038e-12
20.02	4.0934133e-12
20.05	4.7206486e-12
20.08	5.3567934e-12
20.12	6.0087120e-12
20.15	6.6830359e-12
20.19	7.3860759e-12
20.22	8.1241296e-12
20.25	8.9033403e-12
20.29	9.7300530e-12
20.32	1.0610518e-11
20.36	1.1551262e-11
20.39	1.2558991e-11
20.42	1.3640845e-11
20.46	1.4804242e-11
20.49	1.6057149e-11
20.53	1.7407984e-11
20.56	1.8865863e-11
20.60	2.0440702e-11
20.63	2.2142538e-11
20.66	2.3982428e-11
20.70	2.5972418e-11
20.73	2.8125612e-11
20.77	3.0456098e-11
20.80	3.2979331e-11
20.83	3.5711904e-11
20.87	3.8672175e-11
20.90	4.1879851e-11
20.94	4.5356337e-11
20.97	4.9124803e-11
21.00	5.3211120e-11
21.04	5.7642904e-11
21.07	6.2451137e-11
21.11	6.7668914e-11
21.14	7.3333579e-11
21.17	7.9485568e-11
21.21	8.6169487e-11
21.24	9.3431689e-11
21.28	1.0132613e-10
21.31	1.0991062e-10
21.34	1.1925077e-10
21.38	1.2941718e-10
21.41	1.4049013e-10
21.45	1.5255658e-10
21.48	1.6571611e-10
21.52	1.8007524e-10
21.55	1.9575549e-10
21.58	2.1289119e-10
21.62	2.3163508e-10
21.65	2.5215692e-10
21.69	2.7464985e-10
21.72	2.9933106e-10
21.75	3.2644891e-10
21.79	3.5628753e-10
21.82	3.8915898e-10
21.86	4.2542811e-10
21.89	4.6551501e-10
21.92	5.0990648e-10
21.96	5.5916545e-10
21.99	6.1395192e-10
22.03	6.7503620e-10
22.06	7.4333366e-10
22.09	8.1992267e-10
22.13	9.0609330e-10
22.16	1.0033940e-09
22.20	1.1137148e-09
22.23	1.2393533e-09
22.26	1.3831637e-09
22.30	1.5486865e-09
22.33	1.7404128e-09
22.37	1.9640665e-09
22.40	2.2270405e-09
22.43	2.5390114e-09
22.47	2.9129953e-09
22.50	3.3667026e-09
22.54	3.9249198e-09
22.57	4.6231201e-09
22.61	5.5138777e-09
22.64	6.6778995e-09
22.67	8.2452192e-09
22.71	1.0437358e-08
22.74	1.3661806e-08
22.78	1.8747546e-08
22.81	2.7645602e-08
22.84	4.6128433e-08
22.88	1.0035106e-07
22.91	5.0102707e-07
22.95	1.0735360e-06
22.98	1.0014613e-06
23.01	8.8315177e-07
23.05	7.6818108e-07
23.08	6.6447509e-07
23.12	5.7314865e-07
23.15	4.9356508e-07
23.18	4.2459662e-07
23.22	3.6501808e-07
23.25	3.1365800e-07
23.29	2.6944031e-07
23.32	2.3140778e-07
23.35	1.9871622e-07
23.39	1.7063077e-07
23.42	1.4651030e-07
23.46	1.2580176e-07
23.49	1.0802533e-07
23.53	9.2769105e-08
23.56	7.9677194e-08
23.59	6.8442238e-08
23.63	5.8800097e-08
23.66	5.0525455e-08
23.70	4.3423804e-08
23.73	3.7328947e-08
23.76	3.2097512e-08
23.80	2.7607054e-08
23.83	2.3752036e-08
23.87	2.0442348e-08
23.90	1.7600077e-08
23.93	1.5158893e-08
23.97	1.3061731e-08
24.00	1.1259791e-08
24.04	9.7111226e-09
24.07	8.3798235e-09
24.10	7.2350639e-09
24.14	6.2504692e-09
24.17	5.4033193e-09
24.21	4.6740678e-09
24.24	4.0460736e-09
24.27	3.5050523e-09
24.31	3.0387624e-09
24.34	2.6366858e-09
24.38	2.2898150e-09
24.41	1.9904032e-09
24.44	1.7318240e-09
24.48	1.5083550e-09
24.51	1.3151070e-09
24.55	1.1478714e-09
24.58	1.0030487e-09
24.62	8.7753266e-10
24.65	7.6866777e-10
24.68	6.7415990e-10
24.72	5.9204907e-10
24.75	5.2064230e-10
24.79	4.5847453e-10
24.82	4.0428943e-10
24.85	3.5701451e-10
24.89	3.1571952e-10
24.92	2.7960879e-10
24.96	2.4799140e-10
24.99	2.2027593e-10
25.02	1.9594864e-10
25.06	1.7456874e-10
25.09	1.5575104e-10
25.13	1.3916658e-10
25.16	1.2452915e-10
25.19	1.1159231e-10
25.23	1.0014163e-10
25.26	8.9991949e-11
25.30	8.0982250e-11
25.33	7.2973529e-11
25.36	6.5843110e-11
25.40	5.9484419e-11
25.43	5.3805657e-11
25.47	4.8726656e-11
25.50	4.4177629e-11
25.54	4.0097370e-11
25.57	3.6432601e-11
25.60	3.3136398e-11
25.64	3.0167969e-11
25.67	2.7490855e-11
25.71	2.5073490e-11
25.74	2.2887837e-11
25.77	2.0909470e-11
25.81	1.9116532e-11
25.84	1.7489986e-11
25.88	1.6012715e-11
25.91	1.4669842e-11
25.94	1.3447911e-11
25.98	1.2334762e-11
26.01	1.1319700e-11
26.05	1.0393388e-11
26.08	9.5473018e-12
26.11	8.7739843e-12
26.15	8.0665990e-12
26.18	7.4191528e-12
26.22	6.8261559e-12
26.25	6.2827257e-12
26.28	5.7843512e-12
26.32	5.3270842e-12
26.35	4.9072984e-12
26.39	4.5217613e-12
26.42	4.1675102e-12
26.45	3.8418867e-12
26.49	3.5424653e-12
26.52	3.2670785e-12
26.56	3.0136477e-12
26.59	2.7803231e-12
26.63	2.5654498e-12
26.66	2.3675111e-12
26.69	2.1851320e-12
26.73	2.0170441e-12
26.76	1.8621019e-12
26.80	1.7192435e-12
26.83	1.5875145e-12
26.86	1.4660054e-12
26.90	1.3539127e-12
26.93	1.2504836e-12
26.97	1.1550438e-12
27.00	1.0669576e-12
