# NeutrinoAntineutrinoInteraction/NeutrinoAntineutrinoResonanceCharm interaction rates
# neutrino field: massive Cosmic Neutrino Background, T_CnuB = 1.94535456 K
# Produced with crpropa-data version: 60a1560e37035039ec25f414e0c42a2444bad49c
# log10(E/eV), 1/lambda [1/Mpc]
15.89	0.0000000e+00
15.93	0.0000000e+00
15.96	0.0000000e+00
16.00	0.0000000e+00
16.03	0.0000000e+00
16.06	0.0000000e+00
16.10	0.0000000e+00
16.13	0.0000000e+00
16.17	0.0000000e+00
16.20	0.0000000e+00
16.23	0.0000000e+00
16.27	0.0000000e+00
16.30	0.0000000e+00
16.34	0.0000000e+00
16.37	0.0000000e+00
16.40	0.0000000e+00
16.44	0.0000000e+00
16.47	0.0000000e+00
16.51	0.0000000e+00
16.54	0.0000000e+00
16.58	0.0000000e+00
16.61	0.0000000e+00
16.64	0.0000000e+00
16.68	0.0000000e+00
16.71	0.0000000e+00
16.75	0.0000000e+00
16.78	0.0000000e+00
16.81	0.0000000e+00
16.85	0.0000000e+00
16.88	0.0000000e+00
16.92	0.0000000e+00
16.95	0.0000000e+00
16.98	0.0000000e+00
17.02	0.0000000e+00
17.05	0.0000000e+00
17.09	0.0000000e+00
17.12	0.0000000e+00
17.15	0.0000000e+00
17.19	0.0000000e+00
17.22	0.0000000e+00
17.26	0.0000000e+00
17.29	0.0000000e+00
17.32	0.0000000e+00
17.36	0.0000000e+00
17.39	0.0000000e+00
17.43	0.0000000e+00
17.46	0.0000000e+00
17.49	0.0000000e+00
17.53	0.0000000e+00
17.56	0.0000000e+00
17.60	0.0000000e+00
17.63	0.0000000e+00
17.67	0.0000000e+00
17.70	0.0000000e+00
17.73	0.0000000e+00
17.77	0.0000000e+00
17.80	0.0000000e+00
17.84	0.0000000e+00
17.87	2.2943425e-272
17.90	5.6619226e-252
17.94	4.0237262e-233
17.97	1.0762767e-215
18.01	1.3878844e-199
18.04	1.0847055e-184
18.07	6.3489098e-171
18.11	3.3844258e-158
18.14	1.9689388e-146
18.18	1.4776803e-135
18.21	1.6699112e-125
18.24	3.2784753e-116
18.28	1.2762528e-107
18.31	1.1132213e-99
18.35	2.4361266e-92
18.38	1.4848665e-85
18.41	2.7766498e-79
18.45	1.7418778e-73
18.48	3.9817347e-68
18.52	3.5799710e-63
18.55	1.3587428e-58
18.59	2.3239979e-54
18.62	1.9029699e-50
18.65	7.8887979e-47
18.69	1.7435512e-43
18.72	2.1551667e-40
18.76	1.5572887e-37
18.79	6.8529832e-35
18.82	1.9074874e-32
18.86	3.4780363e-30
18.89	4.2911963e-28
18.93	3.6916815e-26
18.96	2.2768205e-24
18.99	1.0328795e-22
19.03	3.5294917e-21
19.06	9.2869111e-20
19.10	1.9202986e-18
19.13	3.1796940e-17
19.16	4.2903105e-16
19.20	4.7937722e-15
19.23	4.5021530e-14
19.27	3.6032341e-13
19.30	2.4888998e-12
19.33	1.5012199e-11
19.37	7.9923026e-11
19.40	3.7928592e-10
19.44	1.6189203e-09
19.47	6.2657010e-09
19.51	2.2148232e-08
19.54	7.1956256e-08
19.57	2.1599211e-07
19.61	6.0141363e-07
19.64	1.5568877e-06
19.68	3.7458804e-06
19.71	8.3379504e-06
19.74	1.6962538e-05
19.78	3.0789549e-05
19.81	4.8274469e-05
19.85	6.5790233e-05
19.88	8.2768475e-05
19.91	9.9451662e-05
19.95	1.1606061e-04
19.98	1.3279877e-04
20.02	1.4985591e-04
20.05	1.6741149e-04
20.08	1.8563758e-04
20.12	2.0470149e-04
20.15	2.2476816e-04
20.19	2.4600236e-04
20.22	2.6857071e-04
20.25	2.9264361e-04
20.29	3.1839704e-04
20.32	3.4601436e-04
20.36	3.7568801e-04
20.39	4.0762130e-04
20.42	4.4203014e-04
20.46	4.7914485e-04
20.49	5.1921206e-04
20.53	5.6249665e-04
20.56	6.0928387e-04
20.60	6.5988153e-04
20.63	7.1462243e-04
20.66	7.7386694e-04
20.70	8.3800577e-04
20.73	9.0746310e-04
20.77	9.8269992e-04
20.80	1.0642177e-03
20.83	1.1525626e-03
20.87	1.2483296e-03
20.90	1.3521681e-03
20.94	1.4647871e-03
20.97	1.5869612e-03
21.00	1.7195382e-03
21.04	1.8634461e-03
21.07	2.0197026e-03
21.11	2.1894242e-03
21.14	2.3738379e-03
21.17	2.5742934e-03
21.21	2.7922774e-03
21.24	3.0294302e-03
21.28	3.2875638e-03
21.31	3.5686836e-03
21.34	3.8750125e-03
21.38	4.2090194e-03
21.41	4.5734514e-03
21.45	4.9713722e-03
21.48	5.4062059e-03
21.52	5.8817888e-03
21.55	6.4024302e-03
21.58	6.9729839e-03
21.62	7.5989333e-03
21.65	8.2864926e-03
21.69	9.0427277e-03
21.72	9.8757022e-03
21.75	1.0794653e-02
21.79	1.1810207e-02
21.82	1.2934641e-02
21.86	1.4182206e-02
21.89	1.5569531e-02
21.92	1.7116125e-02
21.96	1.8845011e-02
21.99	2.0783530e-02
22.03	2.2964381e-02
22.06	2.5426963e-02
22.09	2.8219140e-02
22.13	3.1399584e-02
22.16	3.5040938e-02
22.20	3.9234142e-02
22.23	4.4094460e-02
22.26	4.9770058e-02
22.30	5.6454510e-02
22.33	6.4405615e-02
22.37	7.3974993e-02
22.40	8.5657837e-02
22.43	1.0018497e-01
22.47	1.1871400e-01
22.50	1.4326749e-01
22.54	1.7779056e-01
22.57	2.3069951e-01
22.61	3.2077333e-01
22.64	4.8985805e-01
22.67	8.2779041e-01
22.71	1.5151948e+00
22.74	2.8816796e+00
22.78	5.4425835e+00
22.81	9.7789861e+00
22.84	1.5935903e+01
22.88	2.2055583e+01
22.91	2.4037686e+01
22.95	2.1780245e+01
22.98	1.9015413e+01
23.01	1.6465167e+01
23.05	1.4207543e+01
23.08	1.2236849e+01
23.12	1.0527846e+01
23.15	9.0511012e+00
23.18	7.7778356e+00
23.22	6.6815728e+00
23.25	5.7386241e+00
23.29	4.9281055e+00
23.32	4.2317638e+00
23.35	3.6337320e+00
23.39	3.1202672e+00
23.42	2.6794955e+00
23.46	2.3011767e+00
23.49	1.9764907e+00
23.53	1.6978485e+00
23.56	1.4587252e+00
23.59	1.2535139e+00
23.63	1.0773992e+00
23.66	9.2624685e-01
23.70	7.9650832e-01
23.73	6.8513874e-01
23.76	5.8952582e-01
23.80	5.0742876e-01
23.83	4.3692563e-01
23.87	3.7636818e-01
23.90	3.2434294e-01
23.93	2.7963782e-01
23.97	2.4121350e-01
24.00	2.0817875e-01
24.04	1.7976938e-01
24.07	1.5533007e-01
24.10	1.3429889e-01
24.14	1.1619394e-01
24.17	1.0060191e-01
24.21	8.7168327e-02
24.24	7.5589141e-02
24.27	6.5603517e-02
24.31	5.6987673e-02
24.34	4.9549596e-02
24.38	4.3124502e-02
24.41	3.7570954e-02
24.44	3.2767538e-02
24.48	2.8610000e-02
24.51	2.5008812e-02
24.55	2.1887065e-02
24.58	1.9178683e-02
24.62	1.6826874e-02
24.65	1.4782819e-02
24.68	1.3004534e-02
24.72	1.1455905e-02
24.75	1.0105855e-02
24.79	8.9276307e-03
24.82	7.8981908e-03
24.85	6.9976847e-03
24.89	6.2090010e-03
24.92	5.5173825e-03
24.96	4.9100956e-03
24.99	4.3761466e-03
25.02	3.9060381e-03
25.06	3.4915602e-03
25.09	3.1256113e-03
25.13	2.8020437e-03
25.16	2.5155318e-03
25.19	2.2614584e-03
25.23	2.0358168e-03
25.26	1.8351275e-03
25.30	1.6563655e-03
25.33	1.4968989e-03
25.36	1.3544348e-03
25.40	1.2269743e-03
25.43	1.1127722e-03
25.47	1.0103034e-03
25.50	9.1823362e-04
25.54	8.3539371e-04
25.57	7.6075829e-04
25.60	6.9342671e-04
25.64	6.3260686e-04
25.67	5.7760112e-04
25.71	5.2779423e-04
25.74	4.8264281e-04
25.77	4.4166625e-04
25.81	4.0443884e-04
25.84	3.7058295e-04
25.88	3.3976310e-04
25.91	3.1168081e-04
25.94	2.8607010e-04
25.98	2.6269366e-04
26.01	2.4133938e-04
26.05	2.2181744e-04
26.08	2.0395772e-04
26.11	1.8760751e-04
26.15	1.7262957e-04
26.18	1.5890038e-04
26.22	1.4630861e-04
26.25	1.3475380e-04
26.28	1.2414519e-04
26.32	1.1440066e-04
26.35	1.0544583e-04
26.39	9.7213272e-05
26.42	8.9641765e-05
26.45	8.2675680e-05
26.49	7.6264412e-05
26.52	7.0361887e-05
26.56	6.4926113e-05
26.59	5.9918786e-05
26.63	5.5304939e-05
26.66	5.1052623e-05
26.69	4.7132624e-05
26.73	4.3518215e-05
26.76	4.0184921e-05
26.80	3.7110319e-05
26.83	3.4273853e-05
26.86	3.1656667e-05
26.90	2.9241457e-05
26.93	2.7012332e-05
26.97	2.4954696e-05
27.00	2.3055134e-05
