# NeutrinoAntineutrinoInteraction/NeutrinoAntineutrinoResonanceCharm interaction rates
# neutrino field: massive Cosmic Neutrino Background, T_CnuB = 1.94535456 K
# Produced with crpropa-data version: 60a1560e37035039ec25f414e0c42a2444bad49c
# log10(E/eV), 1/lambda [1/Mpc]
15.62	0.0000000e+00
15.66	0.0000000e+00
15.69	0.0000000e+00
15.72	0.0000000e+00
15.76	0.0000000e+00
15.79	0.0000000e+00
15.83	0.0000000e+00
15.86	0.0000000e+00
15.89	0.0000000e+00
15.93	0.0000000e+00
15.96	0.0000000e+00
16.00	0.0000000e+00
16.03	0.0000000e+00
16.06	0.0000000e+00
16.10	0.0000000e+00
16.13	0.0000000e+00
16.17	0.0000000e+00
16.20	0.0000000e+00
16.23	0.0000000e+00
16.27	0.0000000e+00
16.30	0.0000000e+00
16.34	0.0000000e+00
16.37	0.0000000e+00
16.40	0.0000000e+00
16.44	0.0000000e+00
16.47	0.0000000e+00
16.51	0.0000000e+00
16.54	0.0000000e+00
16.58	0.0000000e+00
16.61	0.0000000e+00
16.64	0.0000000e+00
16.68	0.0000000e+00
16.71	0.0000000e+00
16.75	0.0000000e+00
16.78	0.0000000e+00
16.81	0.0000000e+00
16.85	0.0000000e+00
16.88	0.0000000e+00
16.92	0.0000000e+00
16.95	0.0000000e+00
16.98	0.0000000e+00
17.02	0.0000000e+00
17.05	0.0000000e+00
17.09	0.0000000e+00
17.12	0.0000000e+00
17.15	0.0000000e+00
17.19	0.0000000e+00
17.22	0.0000000e+00
17.26	0.0000000e+00
17.29	0.0000000e+00
17.32	0.0000000e+00
17.36	0.0000000e+00
17.39	0.0000000e+00
17.43	0.0000000e+00
17.46	0.0000000e+00
17.49	0.0000000e+00
17.53	0.0000000e+00
17.56	8.0083344e-281
17.60	1.1550094e-259
17.63	4.1955273e-240
17.67	5.0676404e-222
17.70	2.6313440e-205
17.73	7.4477068e-190
17.77	1.4311399e-175
17.80	2.2872071e-162
17.84	3.6676908e-150
17.87	7.0193354e-139
17.90	1.8822779e-128
17.94	8.2029391e-119
17.97	6.6635926e-110
18.01	1.1454182e-101
18.04	4.6843262e-94
18.07	5.0795948e-87
18.11	1.6144767e-80
18.14	1.6500441e-74
18.18	5.9078127e-69
18.21	8.0209665e-64
18.24	4.4432814e-59
18.28	1.0746547e-54
18.31	1.2081382e-50
18.35	6.6894798e-47
18.38	1.9246301e-43
18.41	3.0233008e-40
18.45	2.7144101e-37
18.48	1.4531610e-34
18.52	4.8238812e-32
18.55	1.0295447e-29
18.59	1.4608247e-27
18.62	1.4213479e-25
18.65	9.7585733e-24
18.69	4.8546236e-22
18.72	1.7932613e-20
18.76	5.0313764e-19
18.79	1.0949209e-17
18.82	1.8842803e-16
18.86	2.6107003e-15
18.89	2.9608367e-14
18.93	2.7910895e-13
18.96	2.2181450e-12
18.99	1.5057542e-11
19.03	8.8374629e-11
19.06	4.5349602e-10
19.10	2.0558202e-09
19.13	8.3121400e-09
19.16	3.0240427e-08
19.20	9.9803237e-08
19.23	3.0105112e-07
19.27	8.3574332e-07
19.30	2.1488078e-06
19.33	5.1468286e-06
19.37	1.1545340e-05
19.40	2.4372307e-05
19.44	4.8629885e-05
19.47	9.2069757e-05
19.51	1.6596648e-04
19.54	2.8567737e-04
19.57	4.7065737e-04
19.61	7.4345916e-04
19.64	1.1271252e-03
19.68	1.6403833e-03
19.71	2.2905031e-03
19.74	3.0651532e-03
19.78	3.9276902e-03
19.81	4.8243981e-03
19.85	5.7179176e-03
19.88	6.6121479e-03
19.91	7.5176942e-03
19.95	8.4445070e-03
19.98	9.4020503e-03
20.02	1.0399453e-02
20.05	1.1445646e-02
20.08	1.2549483e-02
20.12	1.3719858e-02
20.15	1.4965809e-02
20.19	1.6296623e-02
20.22	1.7721926e-02
20.25	1.9251786e-02
20.29	2.0896801e-02
20.32	2.2668195e-02
20.36	2.4577917e-02
20.39	2.6638737e-02
20.42	2.8864350e-02
20.46	3.1269490e-02
20.49	3.3870040e-02
20.53	3.6683164e-02
20.56	3.9727434e-02
20.60	4.3022985e-02
20.63	4.6591667e-02
20.66	5.0457224e-02
20.70	5.4645485e-02
20.73	5.9184576e-02
20.77	6.4105152e-02
20.80	6.9440660e-02
20.83	7.5227628e-02
20.87	8.1505985e-02
20.90	8.8319423e-02
20.94	9.5715802e-02
20.97	1.0374761e-01
21.00	1.1247246e-01
21.04	1.2195369e-01
21.07	1.3226101e-01
21.11	1.4347125e-01
21.14	1.5566922e-01
21.17	1.6894866e-01
21.21	1.8341341e-01
21.24	1.9917864e-01
21.28	2.1637239e-01
21.31	2.3513727e-01
21.34	2.5563247e-01
21.38	2.7803613e-01
21.41	3.0254811e-01
21.45	3.2939322e-01
21.48	3.5882509e-01
21.52	3.9113078e-01
21.55	4.2663624e-01
21.58	4.6571297e-01
21.62	5.0878602e-01
21.65	5.5634371e-01
21.69	6.0894964e-01
21.72	6.6725744e-01
21.75	7.3202915e-01
21.79	8.0415837e-01
21.82	8.8469946e-01
21.86	9.7490513e-01
21.89	1.0762749e+00
21.92	1.1906190e+00
21.96	1.3201434e+00
21.99	1.4675649e+00
22.03	1.6362724e+00
22.06	1.8305572e+00
22.09	2.0559641e+00
22.13	2.3198720e+00
22.16	2.6325609e+00
22.20	3.0093827e+00
22.23	3.4754063e+00
22.26	4.0753179e+00
22.30	4.8935475e+00
22.33	6.0923006e+00
22.37	7.9773633e+00
22.40	1.1101267e+01
22.43	1.6408112e+01
22.47	2.5411827e+01
22.50	4.0379123e+01
22.54	6.4461316e+01
22.57	1.0168890e+02
22.61	1.5671354e+02
22.64	2.3415819e+02
22.67	3.3742439e+02
22.71	4.6682824e+02
22.74	6.1705727e+02
22.78	7.7431999e+02
22.81	9.1447066e+02
22.84	1.0050072e+03
22.88	1.0153973e+03
22.91	9.3947234e+02
22.95	8.2303566e+02
22.98	7.1232675e+02
23.01	6.1432486e+02
23.05	5.2889849e+02
23.08	4.5490221e+02
23.12	3.9101718e+02
23.15	3.3596934e+02
23.18	2.8859578e+02
23.22	2.4786130e+02
23.25	2.1285642e+02
23.29	1.8278809e+02
23.32	1.5696814e+02
23.35	1.3480124e+02
23.39	1.1577354e+02
23.42	9.9442196e+01
23.46	8.5425988e+01
23.49	7.3397057e+01
23.53	6.3073611e+01
23.56	5.4213581e+01
23.59	4.6609107e+01
23.63	4.0081764e+01
23.66	3.4478433e+01
23.70	2.9667739e+01
23.73	2.5536980e+01
23.76	2.1989490e+01
23.80	1.8942362e+01
23.83	1.6324495e+01
23.87	1.4074917e+01
23.90	1.2141344e+01
23.93	1.0478944e+01
23.97	9.0492688e+00
24.00	7.8193523e+00
24.04	6.7609228e+00
24.07	5.8497351e+00
24.10	5.0649955e+00
24.14	4.3888693e+00
24.17	3.8060584e+00
24.21	3.3034389e+00
24.24	2.8697512e+00
24.27	2.4953340e+00
24.31	2.1718957e+00
24.34	1.8923196e+00
24.38	1.6504963e+00
24.41	1.4411797e+00
24.44	1.2598646e+00
24.48	1.1026811e+00
24.51	9.6630382e-01
24.55	8.4787496e-01
24.58	7.4493764e-01
24.62	6.5537906e-01
24.65	5.7738167e-01
24.68	5.0938140e-01
24.72	4.5003179e-01
24.75	3.9817318e-01
24.79	3.5280644e-01
24.82	3.1307029e-01
24.85	2.7822191e-01
24.89	2.4762033e-01
24.92	2.2071214e-01
24.96	1.9701924e-01
24.99	1.7612832e-01
25.02	1.5768184e-01
25.06	1.4137029e-01
25.09	1.2692552e-01
25.13	1.1411505e-01
25.16	1.0273713e-01
25.19	9.2616536e-02
25.23	8.3600928e-02
25.26	7.5557749e-02
25.30	6.8371525e-02
25.33	6.1941564e-02
25.36	5.6179959e-02
25.40	5.1009883e-02
25.43	4.6364107e-02
25.47	4.2183731e-02
25.50	3.8417088e-02
25.54	3.5018791e-02
25.57	3.1948922e-02
25.60	2.9172320e-02
25.64	2.6657975e-02
25.67	2.4378495e-02
25.71	2.2309652e-02
25.74	2.0429982e-02
25.77	1.8720445e-02
25.81	1.7164124e-02
25.84	1.5745966e-02
25.88	1.4452557e-02
25.91	1.3271928e-02
25.94	1.2193378e-02
25.98	1.1207333e-02
26.01	1.0305208e-02
26.05	9.4792988e-03
26.08	8.7226804e-03
26.11	8.0291191e-03
26.15	7.3929965e-03
26.18	6.8092423e-03
26.22	6.2732748e-03
26.25	5.7809491e-03
26.28	5.3285104e-03
26.32	4.9125542e-03
26.35	4.5299896e-03
26.39	4.1780078e-03
26.42	3.8540534e-03
26.45	3.5557999e-03
26.49	3.2811265e-03
26.52	3.0280989e-03
26.56	2.7949510e-03
26.59	2.5800691e-03
26.63	2.3819777e-03
26.66	2.1993266e-03
26.69	2.0308796e-03
26.73	1.8755039e-03
26.76	1.7321611e-03
26.80	1.5998986e-03
26.83	1.4778422e-03
26.86	1.3651890e-03
26.90	1.2612016e-03
26.93	1.1652022e-03
26.97	1.0765676e-03
27.00	9.9472457e-04
