# NeutrinoAntineutrinoInteraction/NeutrinoAntineutrinoResonanceCharm interaction rates
# neutrino field: massive Cosmic Neutrino Background, T_CnuB = 1.94535456 K
# Produced with crpropa-data version: 60a1560e37035039ec25f414e0c42a2444bad49c
# log10(E/eV), 1/lambda [1/Mpc]
17.22	0.0000000e+00
17.26	0.0000000e+00
17.29	0.0000000e+00
17.32	0.0000000e+00
17.36	0.0000000e+00
17.39	0.0000000e+00
17.43	0.0000000e+00
17.46	0.0000000e+00
17.49	0.0000000e+00
17.53	0.0000000e+00
17.56	0.0000000e+00
17.60	0.0000000e+00
17.63	0.0000000e+00
17.67	0.0000000e+00
17.70	0.0000000e+00
17.73	0.0000000e+00
17.77	0.0000000e+00
17.80	0.0000000e+00
17.84	0.0000000e+00
17.87	0.0000000e+00
17.90	0.0000000e+00
17.94	0.0000000e+00
17.97	0.0000000e+00
18.01	0.0000000e+00
18.04	0.0000000e+00
18.07	0.0000000e+00
18.11	0.0000000e+00
18.14	0.0000000e+00
18.18	0.0000000e+00
18.21	0.0000000e+00
18.24	0.0000000e+00
18.28	0.0000000e+00
18.31	0.0000000e+00
18.35	0.0000000e+00
18.38	0.0000000e+00
18.41	0.0000000e+00
18.45	0.0000000e+00
18.48	0.0000000e+00
18.52	0.0000000e+00
18.55	0.0000000e+00
18.59	0.0000000e+00
18.62	0.0000000e+00
18.65	0.0000000e+00
18.69	0.0000000e+00
18.72	0.0000000e+00
18.76	0.0000000e+00
18.79	0.0000000e+00
18.82	0.0000000e+00
18.86	0.0000000e+00
18.89	0.0000000e+00
18.93	0.0000000e+00
18.96	0.0000000e+00
18.99	0.0000000e+00
19.03	0.0000000e+00
19.06	0.0000000e+00
19.10	0.0000000e+00
19.13	0.0000000e+00
19.16	0.0000000e+00
19.20	2.3403792e-276
19.23	2.8723662e-256
19.27	1.0690505e-237
19.30	1.5707427e-220
19.33	1.1626854e-204
19.37	5.4322773e-190
19.40	1.9732837e-176
19.44	6.7574162e-164
19.47	2.6069742e-152
19.51	1.3359836e-141
19.54	1.0590582e-131
19.57	1.4950250e-122
19.61	4.2808402e-114
19.64	2.8043861e-106
19.68	4.6979385e-99
19.71	2.2306112e-92
19.74	3.3014340e-86
19.78	1.6631904e-80
19.81	3.0935619e-75
19.85	2.2903708e-70
19.88	7.2355665e-66
19.91	1.0400911e-61
19.95	7.2195355e-58
19.98	2.5565048e-54
20.02	4.8589703e-51
20.05	5.1951634e-48
20.08	3.2634000e-45
20.12	1.2537018e-42
20.15	3.0569829e-40
20.19	4.8963565e-38
20.22	5.3176169e-36
20.25	4.0324495e-34
20.29	2.1938764e-32
20.32	8.7809667e-31
20.36	2.6462706e-29
20.39	6.1348504e-28
20.42	1.1160051e-26
20.46	1.6225089e-25
20.49	1.9174926e-24
20.53	1.8711947e-23
20.56	1.5298322e-22
20.60	1.0620277e-21
20.63	6.3384835e-21
20.66	3.2898673e-20
20.70	1.5008157e-19
20.73	6.0771451e-19
20.77	2.2041617e-18
20.80	7.2212532e-18
20.83	2.1537159e-17
20.87	5.8898048e-17
20.90	1.4867832e-16
20.94	3.4858736e-16
20.97	7.6344451e-16
21.00	1.5701693e-15
21.04	3.0475470e-15
21.07	5.6074346e-15
21.11	9.8224011e-15
21.14	1.6443948e-14
21.17	2.6405866e-14
21.21	4.0809035e-14
21.24	6.0886801e-14
21.28	8.7953281e-14
21.31	1.2333995e-13
21.34	1.6832790e-13
21.38	2.2408400e-13
21.41	2.9160846e-13
21.45	3.7169974e-13
21.48	4.6494012e-13
21.52	5.7170246e-13
21.55	6.9217619e-13
21.58	8.2640865e-13
21.62	9.7435648e-13
21.65	1.1359418e-12
21.69	1.3111078e-12
21.72	1.4998705e-12
21.75	1.7023626e-12
21.79	1.9188688e-12
21.82	2.1498532e-12
21.86	2.3959767e-12
21.89	2.6581089e-12
21.92	2.9373342e-12
21.96	3.2349536e-12
21.99	3.5524856e-12
22.03	3.8916656e-12
22.06	4.2544463e-12
22.09	4.6429994e-12
22.13	5.0597193e-12
22.16	5.5072297e-12
22.20	5.9883933e-12
22.23	6.5063235e-12
22.26	7.0644010e-12
22.30	7.6662926e-12
22.33	8.3159740e-12
22.37	9.0177563e-12
22.40	9.7763161e-12
22.43	1.0596730e-11
22.47	1.1484513e-11
22.50	1.2445663e-11
22.54	1.3486706e-11
22.57	1.4614758e-11
22.61	1.5837578e-11
22.64	1.7163640e-11
22.67	1.8602210e-11
22.71	2.0163434e-11
22.74	2.1858430e-11
22.78	2.3699403e-11
22.81	2.5699766e-11
22.84	2.7874284e-11
22.88	3.0239233e-11
22.91	3.2812585e-11
22.95	3.5614218e-11
22.98	3.8666161e-11
23.01	4.1992875e-11
23.05	4.5621577e-11
23.08	4.9582623e-11
23.12	5.3909954e-11
23.15	5.8641617e-11
23.18	6.3820387e-11
23.22	6.9494508e-11
23.25	7.5718569e-11
23.29	8.2554570e-11
23.32	9.0073210e-11
23.35	9.8355455e-11
23.39	1.0749448e-10
23.42	1.1759805e-10
23.46	1.2879158e-10
23.49	1.4122191e-10
23.53	1.5506222e-10
23.56	1.7051846e-10
23.59	1.8783786e-10
23.63	2.0732043e-10
23.66	2.2933532e-10
23.70	2.5434511e-10
23.73	2.8294552e-10
23.76	3.1593839e-10
23.80	3.5448017e-10
23.83	4.0039916e-10
23.87	4.5686232e-10
23.90	5.2969541e-10
23.93	6.2977583e-10
23.97	7.7693872e-10
24.00	1.0056381e-09
24.04	1.3720915e-09
24.07	1.9618314e-09
24.10	2.8956952e-09
24.14	4.3316661e-09
24.17	6.4600119e-09
24.21	9.4900803e-09
24.24	1.3628805e-08
24.27	1.9053039e-08
24.31	2.5879692e-08
24.34	3.4138690e-08
24.38	4.3753757e-08
24.41	5.4534826e-08
24.44	6.6183963e-08
24.48	7.8314359e-08
24.51	9.0479859e-08
24.55	1.0221095e-07
24.58	1.1305244e-07
24.62	1.2259807e-07
24.65	1.3051844e-07
24.68	1.3657951e-07
24.72	1.4065093e-07
24.75	1.4270457e-07
24.79	1.4280483e-07
24.82	1.4109310e-07
24.85	1.3776888e-07
24.89	1.3306989e-07
24.92	1.2725327e-07
24.96	1.2057911e-07
24.99	1.1329720e-07
25.02	1.0563732e-07
25.06	9.7802837e-08
25.09	8.9967313e-08
25.13	8.2273523e-08
25.16	7.4834334e-08
25.19	6.7734880e-08
25.23	6.1035524e-08
25.26	5.4775229e-08
25.30	4.8975035e-08
25.33	4.3641406e-08
25.36	3.8769326e-08
25.40	3.4345058e-08
25.43	3.0348518e-08
25.47	2.6755277e-08
25.50	2.3538201e-08
25.54	2.0668764e-08
25.57	1.8118068e-08
25.60	1.5857619e-08
25.64	1.3859893e-08
25.67	1.2098726e-08
25.71	1.0549573e-08
25.74	9.1896564e-09
25.77	7.9980280e-09
25.81	6.9555702e-09
25.84	6.0449518e-09
25.88	5.2505506e-09
25.91	4.5583553e-09
25.94	3.9558543e-09
25.98	3.4319185e-09
26.01	2.9766824e-09
26.05	2.5814274e-09
26.08	2.2384690e-09
26.11	1.9410512e-09
26.15	1.6832466e-09
26.18	1.4598654e-09
26.22	1.2663712e-09
26.25	1.0988055e-09
26.28	9.5371833e-10
26.32	8.2810715e-10
26.35	7.1936174e-10
26.39	6.2521518e-10
26.42	5.4370056e-10
26.45	4.7311266e-10
26.49	4.1197417e-10
26.52	3.5900609e-10
26.56	3.1310170e-10
26.59	2.7330385e-10
26.63	2.3878506e-10
26.66	2.0883025e-10
26.69	1.8282159e-10
26.73	1.6022548e-10
26.76	1.4058108e-10
26.80	1.2349048e-10
26.83	1.0861012e-10
26.86	9.5643347e-11
26.90	8.4334059e-11
26.93	7.4461099e-11
26.97	6.5833482e-11
27.00	5.8286248e-11
