# NeutrinoAntineutrinoInteraction/NeutrinoAntineutrinoResonanceCharm interaction rates
# neutrino field: massive Cosmic Neutrino Background, T_CnuB = 1.94535456 K
# Produced with crpropa-data version: 60a1560e37035039ec25f414e0c42a2444bad49c
# log10(E/eV), 1/lambda [1/Mpc]
16.75	0.0000000e+00
16.78	0.0000000e+00
16.81	0.0000000e+00
16.85	0.0000000e+00
16.88	0.0000000e+00
16.92	0.0000000e+00
16.95	0.0000000e+00
16.98	0.0000000e+00
17.02	0.0000000e+00
17.05	0.0000000e+00
17.09	0.0000000e+00
17.12	0.0000000e+00
17.15	0.0000000e+00
17.19	0.0000000e+00
17.22	0.0000000e+00
17.26	0.0000000e+00
17.29	0.0000000e+00
17.32	0.0000000e+00
17.36	0.0000000e+00
17.39	0.0000000e+00
17.43	0.0000000e+00
17.46	0.0000000e+00
17.49	0.0000000e+00
17.53	0.0000000e+00
17.56	0.0000000e+00
17.60	0.0000000e+00
17.63	0.0000000e+00
17.67	0.0000000e+00
17.70	0.0000000e+00
17.73	0.0000000e+00
17.77	0.0000000e+00
17.80	0.0000000e+00
17.84	0.0000000e+00
17.87	0.0000000e+00
17.90	0.0000000e+00
17.94	0.0000000e+00
17.97	0.0000000e+00
18.01	0.0000000e+00
18.04	0.0000000e+00
18.07	0.0000000e+00
18.11	0.0000000e+00
18.14	0.0000000e+00
18.18	0.0000000e+00
18.21	0.0000000e+00
18.24	0.0000000e+00
18.28	0.0000000e+00
18.31	0.0000000e+00
18.35	0.0000000e+00
18.38	0.0000000e+00
18.41	0.0000000e+00
18.45	0.0000000e+00
18.48	0.0000000e+00
18.52	0.0000000e+00
18.55	0.0000000e+00
18.59	0.0000000e+00
18.62	0.0000000e+00
18.65	0.0000000e+00
18.69	0.0000000e+00
18.72	1.1787824e-271
18.76	1.9650484e-251
18.79	1.0209868e-232
18.82	2.1565984e-215
18.86	2.3683497e-199
18.89	1.6980932e-184
18.93	9.8157257e-171
18.96	5.5614921e-158
18.99	3.7017626e-146
19.03	3.4235293e-135
19.06	5.1403636e-125
19.10	1.4477499e-115
19.13	8.7458352e-107
19.16	1.2835198e-98
19.20	5.1376976e-91
19.23	6.2468388e-84
19.27	2.5504106e-77
19.30	3.8386732e-71
19.33	2.3238431e-65
19.37	6.1377559e-60
19.40	7.6313214e-55
19.44	4.7956910e-50
19.47	1.6279910e-45
19.51	3.1770246e-41
19.54	3.7772281e-37
19.57	2.8874354e-33
19.61	1.4909822e-29
19.64	5.4335503e-26
19.68	1.4484361e-22
19.71	2.8858646e-19
19.74	4.2498113e-16
19.78	4.1121257e-13
19.81	1.0325721e-10
19.85	4.2688910e-10
19.88	7.3125035e-10
19.91	1.0213709e-09
19.95	1.3017735e-09
19.98	1.5765258e-09
20.02	1.8493252e-09
20.05	2.1235645e-09
20.08	2.4024039e-09
20.12	2.6888209e-09
20.15	2.9856640e-09
20.19	3.2956924e-09
20.22	3.6216213e-09
20.25	3.9661527e-09
20.29	4.3320163e-09
20.32	4.7219916e-09
20.36	5.1389462e-09
20.39	5.5858604e-09
20.42	6.0658609e-09
20.46	6.5822435e-09
20.49	7.1385071e-09
20.53	7.7383791e-09
20.56	8.3858502e-09
20.60	9.0852076e-09
20.63	9.8410474e-09
20.66	1.0658334e-08
20.70	1.1542434e-08
20.73	1.2499158e-08
20.77	1.3534801e-08
20.80	1.4656197e-08
20.83	1.5870767e-08
20.87	1.7186587e-08
20.90	1.8612442e-08
20.94	2.0157899e-08
20.97	2.1833387e-08
21.00	2.3650303e-08
21.04	2.5621079e-08
21.07	2.7759332e-08
21.11	3.0079939e-08
21.14	3.2599231e-08
21.17	3.5335103e-08
21.21	3.8307210e-08
21.24	4.1537086e-08
21.28	4.5048512e-08
21.31	4.8867655e-08
21.34	5.3023448e-08
21.38	5.7547822e-08
21.41	6.2476194e-08
21.45	6.7847797e-08
21.48	7.3706310e-08
21.52	8.0100263e-08
21.55	8.7083884e-08
21.58	9.4717796e-08
21.62	1.0307003e-07
21.65	1.1221704e-07
21.69	1.2224503e-07
21.72	1.3325151e-07
21.75	1.4534710e-07
21.79	1.5865779e-07
21.82	1.7332714e-07
21.86	1.8952004e-07
21.89	2.0742631e-07
21.92	2.2726561e-07
21.96	2.4929309e-07
21.99	2.7380690e-07
22.03	3.0115704e-07
22.06	3.3175717e-07
22.09	3.6609871e-07
22.13	4.0476987e-07
22.16	4.4847961e-07
22.20	4.9808979e-07
22.23	5.5465640e-07
22.26	6.1948659e-07
22.30	6.9421412e-07
22.33	7.8090593e-07
22.37	8.8220909e-07
22.40	1.0015620e-06
22.43	1.1435022e-06
22.47	1.3141298e-06
22.50	1.5218126e-06
22.54	1.7783089e-06
22.57	2.1006033e-06
22.61	2.5140576e-06
22.64	3.0580743e-06
22.67	3.7969543e-06
22.71	4.8423397e-06
22.74	6.4045241e-06
22.78	8.9265629e-06
22.81	1.3510174e-05
22.84	2.3773064e-05
22.88	6.1069597e-05
22.91	3.2247730e-04
22.95	4.6504459e-04
22.98	4.2495393e-04
23.01	3.7315829e-04
23.05	3.2406312e-04
23.08	2.8009708e-04
23.12	2.4149510e-04
23.15	2.0790791e-04
23.18	1.7882550e-04
23.22	1.5371620e-04
23.25	1.3207727e-04
23.29	1.1345216e-04
23.32	9.7435079e-05
23.35	8.3669397e-05
23.39	7.1844101e-05
23.42	6.1689075e-05
23.46	5.2970597e-05
23.49	4.5486779e-05
23.53	3.9063618e-05
23.56	3.3551253e-05
23.59	2.8820728e-05
23.63	2.4761188e-05
23.66	2.1277434e-05
23.70	1.8287680e-05
23.73	1.5721735e-05
23.76	1.3519339e-05
23.80	1.1628801e-05
23.83	1.0005762e-05
23.87	8.6121822e-06
23.90	7.4154219e-06
23.93	6.3875007e-06
23.97	5.5044202e-06
24.00	4.7456048e-06
24.04	4.0934091e-06
24.07	3.5327042e-06
24.10	3.0505164e-06
24.14	2.6357225e-06
24.17	2.2787813e-06
24.21	1.9715091e-06
24.24	1.7068904e-06
24.27	1.4789083e-06
24.31	1.2824017e-06
24.34	1.1129430e-06
24.38	9.6673381e-07
24.41	8.4051465e-07
24.44	7.3148884e-07
24.48	6.3725502e-07
24.51	5.5575240e-07
24.55	4.8521121e-07
24.58	4.2411206e-07
24.62	3.7114937e-07
24.65	3.2520179e-07
24.68	2.8530526e-07
24.72	2.5063135e-07
24.75	2.2046749e-07
24.79	1.9420044e-07
24.82	1.7130264e-07
24.85	1.5132020e-07
24.89	1.3386203e-07
24.92	1.1859133e-07
24.96	1.0521768e-07
24.99	9.3490717e-08
25.02	8.3194324e-08
25.06	7.4141993e-08
25.09	6.6172490e-08
25.13	5.9146545e-08
25.16	5.2943648e-08
25.19	4.7459515e-08
25.23	4.2603785e-08
25.26	3.8298133e-08
25.30	3.4474593e-08
25.33	3.1074155e-08
25.36	2.8045478e-08
25.40	2.5343892e-08
25.43	2.2930517e-08
25.47	2.0771449e-08
25.50	1.8837098e-08
25.54	1.7101599e-08
25.57	1.5542332e-08
25.60	1.4139470e-08
25.64	1.2875636e-08
25.67	1.1735549e-08
25.71	1.0705785e-08
25.74	9.7745128e-09
25.77	8.9313100e-09
25.81	8.1669623e-09
25.84	7.4733290e-09
25.88	6.8431923e-09
25.91	6.2701585e-09
25.94	5.7485412e-09
25.98	5.2732761e-09
26.01	4.8398551e-09
26.05	4.4442609e-09
26.08	4.0828987e-09
26.11	3.7525561e-09
26.15	3.4503498e-09
26.18	3.1736959e-09
26.22	2.9202694e-09
26.25	2.6879793e-09
26.28	2.4749384e-09
26.32	2.2794468e-09
26.35	2.0999674e-09
26.39	1.9351105e-09
26.42	1.7836170e-09
26.45	1.6443457e-09
26.49	1.5162605e-09
26.52	1.3984208e-09
26.56	1.2899682e-09
26.59	1.1901224e-09
26.63	1.0981728e-09
26.66	1.0134714e-09
26.69	9.3542661e-10
26.73	8.6349777e-10
26.76	7.9719089e-10
26.80	7.3605358e-10
26.83	6.7967212e-10
26.86	6.2766654e-10
26.90	5.7968931e-10
26.93	5.3542124e-10
26.97	4.9456984e-10
27.00	4.5686610e-10
