# NeutrinoAntineutrinoInteraction/NeutrinoAntineutrinoResonanceCharm interaction rates
# neutrino field: massive Cosmic Neutrino Background, T_CnuB = 1.94535456 K
# Produced with crpropa-data version: 60a1560e37035039ec25f414e0c42a2444bad49c
# log10(E/eV), 1/lambda [1/Mpc]
15.52	0.0000000e+00
15.55	0.0000000e+00
15.59	0.0000000e+00
15.62	0.0000000e+00
15.66	0.0000000e+00
15.69	0.0000000e+00
15.72	0.0000000e+00
15.76	0.0000000e+00
15.79	0.0000000e+00
15.83	0.0000000e+00
15.86	0.0000000e+00
15.89	0.0000000e+00
15.93	0.0000000e+00
15.96	0.0000000e+00
16.00	0.0000000e+00
16.03	0.0000000e+00
16.06	0.0000000e+00
16.10	0.0000000e+00
16.13	0.0000000e+00
16.17	0.0000000e+00
16.20	0.0000000e+00
16.23	0.0000000e+00
16.27	0.0000000e+00
16.30	0.0000000e+00
16.34	0.0000000e+00
16.37	0.0000000e+00
16.40	0.0000000e+00
16.44	0.0000000e+00
16.47	0.0000000e+00
16.51	0.0000000e+00
16.54	0.0000000e+00
16.58	0.0000000e+00
16.61	0.0000000e+00
16.64	0.0000000e+00
16.68	0.0000000e+00
16.71	0.0000000e+00
16.75	0.0000000e+00
16.78	0.0000000e+00
16.81	0.0000000e+00
16.85	0.0000000e+00
16.88	0.0000000e+00
16.92	0.0000000e+00
16.95	0.0000000e+00
16.98	0.0000000e+00
17.02	0.0000000e+00
17.05	0.0000000e+00
17.09	0.0000000e+00
17.12	0.0000000e+00
17.15	0.0000000e+00
17.19	0.0000000e+00
17.22	0.0000000e+00
17.26	0.0000000e+00
17.29	0.0000000e+00
17.32	0.0000000e+00
17.36	0.0000000e+00
17.39	0.0000000e+00
17.43	0.0000000e+00
17.46	0.0000000e+00
17.49	1.4295988e-263
17.53	1.1276732e-243
17.56	2.7889570e-225
17.60	2.8082819e-208
17.63	1.4657891e-192
17.67	4.9580652e-178
17.70	1.3360559e-164
17.73	3.4714100e-152
17.77	1.0375264e-140
17.80	4.1991876e-130
17.84	2.6762035e-120
17.87	3.0876851e-111
17.90	7.3368460e-103
17.94	4.0450690e-95
17.97	5.7776873e-88
18.01	2.3673020e-81
18.04	3.0573552e-75
18.07	1.3578904e-69
18.11	2.2479680e-64
18.14	1.4943878e-59
18.18	4.2735216e-55
18.21	5.6027855e-51
18.24	3.5717281e-47
18.28	1.1690738e-43
18.31	2.0660701e-40
18.35	2.0653338e-37
18.38	1.2191483e-34
18.41	4.4219551e-32
18.45	1.0224260e-29
18.48	1.5590985e-27
18.52	1.6180454e-25
18.55	1.1765374e-23
18.59	6.1572937e-22
18.62	2.3775786e-20
18.65	6.9313788e-19
18.69	1.5583733e-17
18.72	2.7556439e-16
18.76	3.9026978e-15
18.79	4.5018796e-14
18.82	4.2959395e-13
18.86	3.4403198e-12
18.89	2.3430858e-11
18.93	1.3739325e-10
18.96	7.0156715e-10
18.99	3.1525973e-09
19.03	1.2588968e-08
19.06	4.5075985e-08
19.10	1.4593283e-07
19.13	4.3049000e-07
19.16	1.1654026e-06
19.20	2.9144878e-06
19.23	6.7745378e-06
19.27	1.4719388e-05
19.30	3.0051926e-05
19.33	5.7934777e-05
19.37	1.0593694e-04
19.40	1.8450550e-04
19.44	3.0725904e-04
19.47	4.9100938e-04
19.51	7.5545212e-04
19.54	1.1225173e-03
19.57	1.6154284e-03
19.61	2.2575701e-03
19.64	3.0712967e-03
19.68	4.0768264e-03
19.71	5.2913515e-03
19.74	6.7284634e-03
19.78	8.3979439e-03
19.81	1.0305929e-02
19.85	1.2455402e-02
19.88	1.4846951e-02
19.91	1.7479685e-02
19.95	2.0352226e-02
19.98	2.3463687e-02
20.02	2.6814559e-02
20.05	3.0407475e-02
20.08	3.4247810e-02
20.12	3.8344136e-02
20.15	4.2708525e-02
20.19	4.7356737e-02
20.22	5.2308315e-02
20.25	5.7586622e-02
20.29	6.3218843e-02
20.32	6.9235984e-02
20.36	7.5672870e-02
20.39	8.2568192e-02
20.42	8.9964567e-02
20.46	9.7908670e-02
20.49	1.0645139e-01
20.53	1.1564809e-01
20.56	1.2555883e-01
20.60	1.3624879e-01
20.63	1.4778862e-01
20.66	1.6025492e-01
20.70	1.7373083e-01
20.73	1.8830657e-01
20.77	2.0408019e-01
20.80	2.2115829e-01
20.83	2.3965697e-01
20.87	2.5970272e-01
20.90	2.8143355e-01
20.94	3.0500022e-01
20.97	3.3056757e-01
21.00	3.5831611e-01
21.04	3.8844373e-01
21.07	4.2116766e-01
21.11	4.5672669e-01
21.14	4.9538370e-01
21.17	5.3742858e-01
21.21	5.8318143e-01
21.24	6.3299643e-01
21.28	6.8726617e-01
21.31	7.4642664e-01
21.34	8.1096316e-01
21.38	8.8141714e-01
21.41	9.5839410e-01
21.45	1.0425731e+00
21.48	1.1347178e+00
21.52	1.2356899e+00
21.55	1.3464648e+00
21.58	1.4681509e+00
21.62	1.6020128e+00
21.65	1.7494993e+00
21.69	1.9122789e+00
21.72	2.0922830e+00
21.75	2.2917601e+00
21.79	2.5133458e+00
21.82	2.7601515e+00
21.86	3.0358807e+00
21.89	3.3449850e+00
21.92	3.6928747e+00
21.96	4.0862198e+00
21.99	4.5334010e+00
22.03	5.0452579e+00
22.06	5.6364829e+00
22.09	6.3284852e+00
22.13	7.1555140e+00
22.16	8.1774651e+00
22.20	9.5049889e+00
22.23	1.1344459e+01
22.26	1.4070376e+01
22.30	1.8328675e+01
22.33	2.5164651e+01
22.37	3.6154636e+01
22.40	5.3505037e+01
22.43	8.0072556e+01
22.47	1.1926176e+02
22.50	1.7477418e+02
22.54	2.5021403e+02
22.57	3.4859244e+02
22.61	4.7180307e+02
22.64	6.2015869e+02
22.67	7.9207494e+02
22.71	9.8396498e+02
22.74	1.1903730e+03
22.78	1.4043340e+03
22.81	1.6179117e+03
22.84	1.8228402e+03
22.88	2.0111837e+03
22.91	2.1759361e+03
22.95	2.3114919e+03
22.98	2.4139517e+03
23.01	2.4812465e+03
23.05	2.5130915e+03
23.08	2.5108020e+03
23.12	2.4770093e+03
23.15	2.4153248e+03
23.18	2.3299905e+03
23.22	2.2255518e+03
23.25	2.1065743e+03
23.29	1.9774186e+03
23.32	1.8420759e+03
23.35	1.7040629e+03
23.39	1.5663676e+03
23.42	1.4314367e+03
23.46	1.3011941e+03
23.49	1.1770816e+03
23.53	1.0601120e+03
23.56	9.5092932e+02
23.59	8.4986917e+02
23.63	7.5701784e+02
23.66	6.7226588e+02
23.70	5.9535576e+02
23.73	5.2592300e+02
23.76	4.6353049e+02
23.80	4.0769666e+02
23.83	3.5791788e+02
23.87	3.1368587e+02
23.90	2.7450087e+02
23.93	2.3988115e+02
23.97	2.0936962e+02
24.00	1.8253807e+02
24.04	1.5898960e+02
24.07	1.3835954e+02
24.10	1.2031539e+02
24.14	1.0455596e+02
24.17	9.0809907e+01
24.21	7.8834017e+01
24.24	6.8411219e+01
24.27	5.9348512e+01
24.31	5.1474875e+01
24.34	4.4639219e+01
24.38	3.8708423e+01
24.41	3.3565476e+01
24.44	2.9107750e+01
24.48	2.5245404e+01
24.51	2.1899928e+01
24.55	1.9002819e+01
24.58	1.6494391e+01
24.62	1.4322703e+01
24.65	1.2442607e+01
24.68	1.0814899e+01
24.72	9.4055647e+00
24.75	8.1851191e+00
24.79	7.1280205e+00
24.82	6.2121567e+00
24.85	5.4183958e+00
24.89	4.7301920e+00
24.92	4.1332420e+00
24.96	3.6151855e+00
24.99	3.1653442e+00
25.02	2.7744951e+00
25.06	2.4346733e+00
25.09	2.1390015e+00
25.13	1.8815419e+00
25.16	1.6571677e+00
25.19	1.4614522e+00
25.23	1.2905731e+00
25.26	1.1412296e+00
25.30	1.0105702e+00
25.33	8.9613179e-01
25.36	7.9578550e-01
25.40	7.0769111e-01
25.43	6.3025723e-01
25.47	5.6210709e-01
25.50	5.0204905e-01
25.54	4.4905118e-01
25.57	4.0221935e-01
25.60	3.6077837e-01
25.64	3.2405570e-01
25.67	2.9146747e-01
25.71	2.6250638e-01
25.74	2.3673133e-01
25.77	2.1375843e-01
25.81	1.9325327e-01
25.84	1.7492429e-01
25.88	1.5851700e-01
25.91	1.4380906e-01
25.94	1.3060599e-01
25.98	1.1873748e-01
26.01	1.0805421e-01
26.05	9.8425111e-02
26.08	8.9734982e-02
26.11	8.1882428e-02
26.15	7.4778094e-02
26.18	6.8343126e-02
26.22	6.2507839e-02
26.25	5.7210559e-02
26.28	5.2396632e-02
26.32	4.8017546e-02
26.35	4.4030182e-02
26.39	4.0396158e-02
26.42	3.7081256e-02
26.45	3.4054930e-02
26.49	3.1289867e-02
26.52	2.8761613e-02
26.56	2.6448242e-02
26.59	2.4330066e-02
26.63	2.2389382e-02
26.66	2.0610253e-02
26.69	1.8978309e-02
26.73	1.7480580e-02
26.76	1.6105342e-02
26.80	1.4841986e-02
26.83	1.3680901e-02
26.86	1.2613367e-02
26.90	1.1631471e-02
26.93	1.0728016e-02
26.97	9.8964559e-03
27.00	9.1308289e-03
