# NeutrinoAntineutrinoInteraction/NeutrinoAntineutrinoResonanceCharm interaction rates
# neutrino field: massive Cosmic Neutrino Background, T_CnuB = 1.94535456 K
# Produced with crpropa-data version: 60a1560e37035039ec25f414e0c42a2444bad49c
# log10(E/eV), 1/lambda [1/Mpc]
16.44	0.0000000e+00
16.47	0.0000000e+00
16.51	0.0000000e+00
16.54	0.0000000e+00
16.58	0.0000000e+00
16.61	0.0000000e+00
16.64	0.0000000e+00
16.68	0.0000000e+00
16.71	0.0000000e+00
16.75	0.0000000e+00
16.78	0.0000000e+00
16.81	0.0000000e+00
16.85	0.0000000e+00
16.88	0.0000000e+00
16.92	0.0000000e+00
16.95	0.0000000e+00
16.98	0.0000000e+00
17.02	0.0000000e+00
17.05	0.0000000e+00
17.09	0.0000000e+00
17.12	0.0000000e+00
17.15	0.0000000e+00
17.19	0.0000000e+00
17.22	0.0000000e+00
17.26	0.0000000e+00
17.29	0.0000000e+00
17.32	0.0000000e+00
17.36	0.0000000e+00
17.39	0.0000000e+00
17.43	0.0000000e+00
17.46	0.0000000e+00
17.49	0.0000000e+00
17.53	0.0000000e+00
17.56	0.0000000e+00
17.60	0.0000000e+00
17.63	0.0000000e+00
17.67	0.0000000e+00
17.70	0.0000000e+00
17.73	0.0000000e+00
17.77	0.0000000e+00
17.80	0.0000000e+00
17.84	0.0000000e+00
17.87	0.0000000e+00
17.90	0.0000000e+00
17.94	0.0000000e+00
17.97	0.0000000e+00
18.01	0.0000000e+00
18.04	0.0000000e+00
18.07	0.0000000e+00
18.11	0.0000000e+00
18.14	0.0000000e+00
18.18	0.0000000e+00
18.21	0.0000000e+00
18.24	0.0000000e+00
18.28	0.0000000e+00
18.31	0.0000000e+00
18.35	0.0000000e+00
18.38	0.0000000e+00
18.41	5.1210223e-275
18.45	1.1268084e-254
18.48	7.1974661e-236
18.52	1.7431423e-218
18.55	2.0490262e-202
18.59	1.4688318e-187
18.62	7.9300492e-174
18.65	3.9193463e-161
18.69	2.1239637e-149
18.72	1.4911711e-138
18.76	1.5824923e-128
18.79	2.9276838e-119
18.82	1.0773059e-110
18.86	8.9070070e-103
18.89	1.8520628e-95
18.93	1.0749123e-88
18.96	1.9174921e-82
18.99	1.1492976e-76
19.03	2.5133222e-71
19.06	2.1640271e-66
19.10	7.8716421e-62
19.13	1.2910433e-57
19.16	1.0140124e-53
19.20	4.0323413e-50
19.23	8.5476461e-47
19.27	1.0129579e-43
19.30	7.0131970e-41
19.33	2.9546498e-38
19.37	7.8653279e-36
19.40	1.3698546e-33
19.44	1.6120117e-31
19.47	1.3204934e-29
19.51	7.7400752e-28
19.54	3.3301450e-26
19.57	1.0767812e-24
19.61	2.6742812e-23
19.64	5.2054739e-22
19.68	8.0907333e-21
19.71	1.0216035e-19
19.74	1.0648121e-18
19.78	9.2975303e-18
19.81	6.8943114e-17
19.85	4.3966274e-16
19.88	2.4395803e-15
19.91	1.1905632e-14
19.95	5.1611668e-14
19.98	2.0057794e-13
20.02	7.0473784e-13
20.05	2.2560980e-12
20.08	6.6278970e-12
20.12	1.7985481e-11
20.15	4.5351261e-11
20.19	1.0683907e-10
20.22	2.3629825e-10
20.25	4.9278578e-10
20.29	9.7263759e-10
20.32	1.8226075e-09
20.36	3.2502873e-09
20.39	5.5244476e-09
20.42	8.9528932e-09
20.46	1.3820247e-08
20.49	2.0269816e-08
20.53	2.8142824e-08
20.56	3.6876669e-08
20.60	4.5723895e-08
20.63	5.4456075e-08
20.66	6.3178157e-08
20.70	7.1994839e-08
20.73	8.1004145e-08
20.77	9.0299101e-08
20.80	9.9969239e-08
20.83	1.1010194e-07
20.87	1.2078367e-07
20.90	1.3210109e-07
20.94	1.4414212e-07
20.97	1.5699693e-07
21.00	1.7075886e-07
21.04	1.8552541e-07
21.07	2.0139909e-07
21.11	2.1848838e-07
21.14	2.3690865e-07
21.17	2.5678313e-07
21.21	2.7824389e-07
21.24	3.0143293e-07
21.28	3.2650328e-07
21.31	3.5362021e-07
21.34	3.8296253e-07
21.38	4.1472396e-07
21.41	4.4911471e-07
21.45	4.8636309e-07
21.48	5.2671739e-07
21.52	5.7044789e-07
21.55	6.1784907e-07
21.58	6.6924212e-07
21.62	7.2497764e-07
21.65	7.8543875e-07
21.69	8.5104451e-07
21.72	9.2225371e-07
21.75	9.9956923e-07
21.79	1.0835429e-06
21.82	1.1747808e-06
21.86	1.2739497e-06
21.89	1.3817842e-06
21.92	1.4990941e-06
21.96	1.6267744e-06
21.99	1.7658151e-06
22.03	1.9173136e-06
22.06	2.0824888e-06
22.09	2.2626966e-06
22.13	2.4594490e-06
22.16	2.6744360e-06
22.20	2.9095509e-06
22.23	3.1669202e-06
22.26	3.4489396e-06
22.30	3.7583156e-06
22.33	4.0981160e-06
22.37	4.4718299e-06
22.40	4.8834405e-06
22.43	5.3375127e-06
22.47	5.8393012e-06
22.50	6.3948814e-06
22.54	7.0113138e-06
22.57	7.6968467e-06
22.61	8.4611723e-06
22.64	9.3157520e-06
22.67	1.0274233e-05
22.71	1.1352988e-05
22.74	1.2571827e-05
22.78	1.3954938e-05
22.81	1.5532176e-05
22.84	1.7340830e-05
22.88	1.9428149e-05
22.91	2.1855087e-05
22.95	2.4702234e-05
22.98	2.8080153e-05
23.01	3.2149467e-05
23.05	3.7163227e-05
23.08	4.3559005e-05
23.12	5.2154807e-05
23.15	6.4543176e-05
23.18	8.3825619e-05
23.22	1.1586504e-04
23.25	1.7121969e-04
23.29	2.6780634e-04
23.32	4.3406575e-04
23.35	7.1191918e-04
23.39	1.1580706e-03
23.42	1.8411926e-03
23.46	2.8312332e-03
23.49	4.1756920e-03
23.53	5.8573607e-03
23.56	7.7327212e-03
23.59	9.4703391e-03
23.63	1.0559081e-02
23.66	1.0524961e-02
23.70	9.4848764e-03
23.73	8.2559894e-03
23.76	7.1365159e-03
23.80	6.1517122e-03
23.83	5.2949921e-03
23.87	4.5535496e-03
23.90	3.9137118e-03
23.93	3.3625271e-03
23.97	2.8882618e-03
24.00	2.4805063e-03
24.04	2.1301314e-03
24.07	1.8291849e-03
24.10	1.5707703e-03
24.14	1.3489241e-03
24.17	1.1585000e-03
24.21	9.9506378e-04
24.24	8.5479903e-04
24.27	7.3442356e-04
24.31	6.3111666e-04
24.34	5.4245536e-04
24.38	4.6635920e-04
24.41	4.0104241e-04
24.44	3.4497251e-04
24.48	2.9683469e-04
24.51	2.5550105e-04
24.55	2.2000418e-04
24.58	1.8951436e-04
24.62	1.6332007e-04
24.65	1.4081115e-04
24.68	1.2146437e-04
24.72	1.0483108e-04
24.75	9.0526539e-05
24.79	7.8220852e-05
24.82	6.7631105e-05
24.85	5.8514680e-05
24.89	5.0663502e-05
24.92	4.3899102e-05
24.96	3.8068398e-05
24.99	3.3040067e-05
25.02	2.8701441e-05
25.06	2.4955841e-05
25.09	2.1720303e-05
25.13	1.8923614e-05
25.16	1.6504642e-05
25.19	1.4410895e-05
25.23	1.2597295e-05
25.26	1.1025119e-05
25.30	9.6610956e-06
25.33	8.4766297e-06
25.36	7.4471394e-06
25.40	6.5514853e-06
25.43	5.7714825e-06
25.47	5.0914824e-06
25.50	4.4980136e-06
25.54	3.9794743e-06
25.57	3.5258685e-06
25.60	3.1285796e-06
25.64	2.7801764e-06
25.67	2.4742466e-06
25.71	2.2052541e-06
25.74	1.9684160e-06
25.77	1.7595981e-06
25.81	1.5752239e-06
25.84	1.4121974e-06
25.88	1.2678366e-06
25.91	1.1398160e-06
25.94	1.0261179e-06
25.98	9.2498976e-07
26.01	8.3490803e-07
26.05	7.5454704e-07
26.08	6.8275204e-07
26.11	6.1851611e-07
26.15	5.6096023e-07
26.18	5.0931620e-07
26.22	4.6291185e-07
26.25	4.2115829e-07
26.28	3.8353895e-07
26.32	3.4960012e-07
26.35	3.1894275e-07
26.39	2.9121538e-07
26.42	2.6610802e-07
26.45	2.4334692e-07
26.49	2.2268991e-07
26.52	2.0392250e-07
26.56	1.8685441e-07
26.59	1.7131659e-07
26.63	1.5715863e-07
26.66	1.4424652e-07
26.69	1.3246064e-07
26.73	1.2169411e-07
26.76	1.1185127e-07
26.80	1.0284637e-07
26.83	9.4602462e-08
26.86	8.7050361e-08
26.90	8.0127810e-08
26.93	7.3778696e-08
26.97	6.7952383e-08
27.00	6.2603117e-08
