# NeutrinoAntineutrinoInteraction/NeutrinoAntineutrinoResonanceCharm interaction rates
# neutrino field: massive Cosmic Neutrino Background, T_CnuB = 1.94535456 K
# Produced with crpropa-data version: 60a1560e37035039ec25f414e0c42a2444bad49c
# log10(E/eV), 1/lambda [1/Mpc]
16.03	0.0000000e+00
16.06	0.0000000e+00
16.10	0.0000000e+00
16.13	0.0000000e+00
16.17	0.0000000e+00
16.20	0.0000000e+00
16.23	0.0000000e+00
16.27	0.0000000e+00
16.30	0.0000000e+00
16.34	0.0000000e+00
16.37	0.0000000e+00
16.40	0.0000000e+00
16.44	0.0000000e+00
16.47	0.0000000e+00
16.51	0.0000000e+00
16.54	0.0000000e+00
16.58	0.0000000e+00
16.61	0.0000000e+00
16.64	0.0000000e+00
16.68	0.0000000e+00
16.71	0.0000000e+00
16.75	0.0000000e+00
16.78	0.0000000e+00
16.81	0.0000000e+00
16.85	0.0000000e+00
16.88	0.0000000e+00
16.92	0.0000000e+00
16.95	0.0000000e+00
16.98	0.0000000e+00
17.02	0.0000000e+00
17.05	0.0000000e+00
17.09	0.0000000e+00
17.12	0.0000000e+00
17.15	0.0000000e+00
17.19	0.0000000e+00
17.22	0.0000000e+00
17.26	0.0000000e+00
17.29	0.0000000e+00
17.32	0.0000000e+00
17.36	0.0000000e+00
17.39	0.0000000e+00
17.43	0.0000000e+00
17.46	0.0000000e+00
17.49	0.0000000e+00
17.53	0.0000000e+00
17.56	0.0000000e+00
17.60	0.0000000e+00
17.63	0.0000000e+00
17.67	0.0000000e+00
17.70	0.0000000e+00
17.73	0.0000000e+00
17.77	0.0000000e+00
17.80	0.0000000e+00
17.84	0.0000000e+00
17.87	0.0000000e+00
17.90	0.0000000e+00
17.94	0.0000000e+00
17.97	3.4792353e-283
18.01	4.9298460e-262
18.04	1.7592414e-242
18.07	2.0897619e-224
18.11	1.0681630e-207
18.14	2.9786967e-192
18.18	5.6437159e-178
18.21	8.8995100e-165
18.24	1.4089437e-152
18.28	2.6635834e-141
18.31	7.0586271e-131
18.35	3.0411517e-121
18.38	2.4431224e-112
18.41	4.1540940e-104
18.45	1.6807927e-96
18.48	1.8034445e-89
18.52	5.6720140e-83
18.55	5.7362962e-77
18.59	2.0321969e-71
18.62	2.7297031e-66
18.65	1.4957630e-61
18.69	3.5776084e-57
18.72	3.9762517e-53
18.76	2.1758307e-49
18.79	6.1840222e-46
18.82	9.5914568e-43
18.86	8.4980484e-40
18.89	4.4867432e-37
18.93	1.4678874e-34
18.96	3.0852919e-32
18.99	4.3077562e-30
19.03	4.1207186e-28
19.06	2.7788575e-26
19.10	1.3564407e-24
19.13	4.9111377e-23
19.16	1.3490153e-21
19.20	2.8706041e-20
19.23	4.8243289e-19
19.27	6.5187181e-18
19.30	7.1997986e-17
19.33	6.5999914e-16
19.37	5.0928973e-15
19.40	3.3516455e-14
19.44	1.9040145e-13
19.47	9.4418142e-13
19.51	4.1295633e-12
19.54	1.6083141e-11
19.57	5.6272974e-11
19.61	1.7833993e-10
19.64	5.1583351e-10
19.68	1.3712941e-09
19.71	3.3723564e-09
19.74	7.7184668e-09
19.78	1.6532676e-08
19.81	3.3312806e-08
19.85	6.3447076e-08
19.88	1.1472762e-07
19.91	1.9777103e-07
19.95	3.2624735e-07
19.98	5.1683415e-07
20.02	7.8884810e-07
20.05	1.1635583e-06
20.08	1.6632388e-06
20.12	2.3100649e-06
20.15	3.1249833e-06
20.19	4.1266939e-06
20.22	5.3308611e-06
20.25	6.7496408e-06
20.29	8.3915614e-06
20.32	1.0261755e-05
20.36	1.2362488e-05
20.39	1.4693930e-05
20.42	1.7255044e-05
20.46	2.0044543e-05
20.49	2.3061803e-05
20.53	2.6307690e-05
20.56	2.9785249e-05
20.60	3.3500251e-05
20.63	3.7461591e-05
20.66	4.1681546e-05
20.70	4.6175941e-05
20.73	5.0964216e-05
20.77	5.6069459e-05
20.80	6.1518397e-05
20.83	6.7341401e-05
20.87	7.3572492e-05
20.90	8.0249383e-05
20.94	8.7413556e-05
20.97	9.5110391e-05
21.00	1.0338934e-04
21.04	1.1230414e-04
21.07	1.2191314e-04
21.11	1.3227958e-04
21.14	1.4347206e-04
21.17	1.5556495e-04
21.21	1.6863896e-04
21.24	1.8278172e-04
21.28	1.9808845e-04
21.31	2.1466274e-04
21.34	2.3261739e-04
21.38	2.5207535e-04
21.41	2.7317081e-04
21.45	2.9605038e-04
21.48	3.2087441e-04
21.52	3.4781854e-04
21.55	3.7707537e-04
21.58	4.0885641e-04
21.62	4.4339420e-04
21.65	4.8094489e-04
21.69	5.2179095e-04
21.72	5.6624451e-04
21.75	6.1465100e-04
21.79	6.6739349e-04
21.82	7.2489764e-04
21.86	7.8763745e-04
21.89	8.5614201e-04
21.92	9.3100341e-04
21.96	1.0128860e-03
21.99	1.1025377e-03
22.03	1.2008025e-03
22.06	1.3086371e-03
22.09	1.4271292e-03
22.13	1.5575210e-03
22.16	1.7012375e-03
22.20	1.8599212e-03
22.23	2.0354758e-03
22.26	2.2301211e-03
22.30	2.4464625e-03
22.33	2.6875813e-03
22.37	2.9571531e-03
22.40	3.2596052e-03
22.43	3.6003349e-03
22.47	3.9860198e-03
22.50	4.4250955e-03
22.54	4.9285662e-03
22.57	5.5115536e-03
22.61	6.1965269e-03
22.64	7.0202066e-03
22.67	8.0478420e-03
22.71	9.4006923e-03
22.74	1.1304154e-02
22.78	1.4163297e-02
22.81	1.8667530e-02
22.84	2.5915634e-02
22.88	3.7537850e-02
22.91	5.5777555e-02
22.95	8.3487789e-02
22.98	1.2400338e-01
23.01	1.8086970e-01
23.05	2.5744057e-01
23.08	3.5639272e-01
23.12	4.7923107e-01
23.15	6.2587156e-01
23.18	7.9438002e-01
23.22	9.8092148e-01
23.25	1.1799377e+00
23.29	1.3845330e+00
23.32	1.5870161e+00
23.35	1.7795220e+00
23.39	1.9546357e+00
23.42	2.1059400e+00
23.46	2.2284332e+00
23.49	2.3187808e+00
23.53	2.3753971e+00
23.56	2.3983691e+00
23.59	2.3892553e+00
23.63	2.3508011e+00
23.66	2.2866118e+00
23.70	2.2008221e+00
23.73	2.0977916e+00
23.76	1.9818464e+00
23.80	1.8570774e+00
23.83	1.7271962e+00
23.87	1.5954468e+00
23.90	1.4645631e+00
23.93	1.3367648e+00
23.97	1.2137802e+00
24.00	1.0968884e+00
24.04	9.8697184e-01
24.07	8.8457417e-01
24.10	7.8995793e-01
24.14	7.0315965e-01
24.17	6.2403986e-01
24.21	5.5232723e-01
24.24	4.8765623e-01
24.27	4.2959854e-01
24.31	3.7768868e-01
24.34	3.3144418e-01
24.38	2.9038130e-01
24.41	2.5402667e-01
24.44	2.2192574e-01
24.48	1.9364855e-01
24.51	1.6879330e-01
24.55	1.4698837e-01
24.58	1.2789291e-01
24.62	1.1119664e-01
24.65	9.6618816e-02
24.68	8.3906864e-02
24.72	7.2834592e-02
24.75	6.3200308e-02
24.79	5.4824822e-02
24.82	4.7549465e-02
24.85	4.1234147e-02
24.89	3.5755505e-02
24.92	3.1005163e-02
24.96	2.6888104e-02
24.99	2.3321188e-02
25.02	2.0231782e-02
25.06	1.7556537e-02
25.09	1.5240268e-02
25.13	1.3234969e-02
25.16	1.1498917e-02
25.19	9.9958925e-03
25.23	8.6944765e-03
25.26	7.5674376e-03
25.30	6.5911897e-03
25.33	5.7453167e-03
25.36	5.0121558e-03
25.40	4.3764333e-03
25.43	3.8249470e-03
25.47	3.3462884e-03
25.50	2.9306024e-03
25.54	2.5693772e-03
25.57	2.2552624e-03
25.60	1.9819115e-03
25.64	1.7438446e-03
25.67	1.5363308e-03
25.71	1.3552849e-03
25.74	1.1971794e-03
25.77	1.0589679e-03
25.81	9.3801894e-04
25.84	8.3205875e-04
25.88	7.3912242e-04
25.91	6.5751118e-04
25.94	5.8575584e-04
25.98	5.2258524e-04
26.01	4.6689901e-04
26.05	4.1774416e-04
26.08	3.7429485e-04
26.11	3.3583497e-04
26.15	3.0174317e-04
26.18	2.7147992e-04
26.22	2.4457637e-04
26.25	2.2062477e-04
26.28	1.9927018e-04
26.32	1.8020335e-04
26.35	1.6315459e-04
26.39	1.4788847e-04
26.42	1.3419921e-04
26.45	1.2190681e-04
26.49	1.1085357e-04
26.52	1.0090121e-04
26.56	9.1928312e-05
26.59	8.3828108e-05
26.63	7.6506619e-05
26.66	6.9880995e-05
26.69	6.3878098e-05
26.73	5.8433274e-05
26.76	5.3489285e-05
26.80	4.8995390e-05
26.83	4.4906537e-05
26.86	4.1182668e-05
26.90	3.7788115e-05
26.93	3.4691070e-05
26.97	3.1863127e-05
27.00	2.9278881e-05
