# NeutrinoAntineutrinoInteraction/NeutrinoAntineutrinoResonanceCharm interaction rates
# neutrino field: massive Cosmic Neutrino Background, T_CnuB = 1.94535456 K
# Produced with crpropa-data version: 60a1560e37035039ec25f414e0c42a2444bad49c
# log10(E/eV), 1/lambda [1/Mpc]
16.03	0.0000000e+00
16.06	0.0000000e+00
16.10	0.0000000e+00
16.13	0.0000000e+00
16.17	0.0000000e+00
16.20	0.0000000e+00
16.23	0.0000000e+00
16.27	0.0000000e+00
16.30	0.0000000e+00
16.34	0.0000000e+00
16.37	0.0000000e+00
16.40	0.0000000e+00
16.44	0.0000000e+00
16.47	0.0000000e+00
16.51	0.0000000e+00
16.54	0.0000000e+00
16.58	0.0000000e+00
16.61	0.0000000e+00
16.64	0.0000000e+00
16.68	0.0000000e+00
16.71	0.0000000e+00
16.75	0.0000000e+00
16.78	0.0000000e+00
16.81	0.0000000e+00
16.85	0.0000000e+00
16.88	0.0000000e+00
16.92	0.0000000e+00
16.95	0.0000000e+00
16.98	0.0000000e+00
17.02	0.0000000e+00
17.05	0.0000000e+00
17.09	0.0000000e+00
17.12	0.0000000e+00
17.15	0.0000000e+00
17.19	0.0000000e+00
17.22	0.0000000e+00
17.26	0.0000000e+00
17.29	0.0000000e+00
17.32	0.0000000e+00
17.36	0.0000000e+00
17.39	0.0000000e+00
17.43	0.0000000e+00
17.46	0.0000000e+00
17.49	0.0000000e+00
17.53	0.0000000e+00
17.56	0.0000000e+00
17.60	0.0000000e+00
17.63	0.0000000e+00
17.67	0.0000000e+00
17.70	0.0000000e+00
17.73	0.0000000e+00
17.77	0.0000000e+00
17.80	0.0000000e+00
17.84	0.0000000e+00
17.87	0.0000000e+00
17.90	0.0000000e+00
17.94	0.0000000e+00
17.97	3.9479579e-283
18.01	5.6954866e-262
18.04	2.0563751e-242
18.07	2.4737820e-224
18.11	1.2818298e-207
18.14	3.6276272e-192
18.18	6.9835722e-178
18.21	1.1203339e-164
18.24	1.8069241e-152
18.28	3.4851361e-141
18.31	9.4378471e-131
18.35	4.1623205e-121
18.38	3.4291787e-112
18.41	5.9914606e-104
18.45	2.4963856e-96
18.48	2.7646573e-89
18.52	8.9968745e-83
18.55	9.4396657e-77
18.59	3.4793784e-71
18.62	4.8774528e-66
18.65	2.7983996e-61
18.69	7.0329737e-57
18.72	8.2443773e-53
18.76	4.7774957e-49
18.79	1.4441493e-45
18.82	2.3932814e-42
18.86	2.2768424e-39
18.89	1.2975571e-36
18.93	4.6077944e-34
18.96	1.0574940e-31
18.99	1.6223643e-29
19.03	1.7166562e-27
19.06	1.2895981e-25
19.10	7.0648308e-24
19.13	2.8933648e-22
19.16	9.0643728e-21
19.20	2.2189317e-19
19.23	4.3288519e-18
19.27	6.8538651e-17
19.30	8.9566843e-16
19.33	9.8121446e-15
19.37	9.1414508e-14
19.40	7.3388797e-13
19.44	5.1387141e-12
19.47	3.1729377e-11
19.51	1.7447904e-10
19.54	8.6195488e-10
19.57	3.8539090e-09
19.61	1.5686298e-08
19.64	5.8337002e-08
19.68	1.9832436e-07
19.71	6.1315853e-07
19.74	1.6956730e-06
19.78	4.0266056e-06
19.81	7.6093623e-06
19.85	1.1313189e-05
19.88	1.4872446e-05
19.91	1.8340346e-05
19.95	2.1765036e-05
19.98	2.5190545e-05
20.02	2.8657623e-05
20.05	3.2204474e-05
20.08	3.5867413e-05
20.12	3.9681439e-05
20.15	4.3680765e-05
20.19	4.7899285e-05
20.22	5.2371022e-05
20.25	5.7130526e-05
20.29	6.2213267e-05
20.32	6.7656002e-05
20.36	7.3497138e-05
20.39	7.9777089e-05
20.42	8.6538636e-05
20.46	9.3827291e-05
20.49	1.0169167e-04
20.53	1.1018391e-04
20.56	1.1936003e-04
20.60	1.2928043e-04
20.63	1.4001032e-04
20.66	1.5162024e-04
20.70	1.6418662e-04
20.73	1.7779235e-04
20.77	1.9252744e-04
20.80	2.0848977e-04
20.83	2.2578581e-04
20.87	2.4453154e-04
20.90	2.6485342e-04
20.94	2.8688939e-04
20.97	3.1079013e-04
21.00	3.3672035e-04
21.04	3.6486028e-04
21.07	3.9540732e-04
21.11	4.2857792e-04
21.14	4.6460968e-04
21.17	5.0376371e-04
21.21	5.4632737e-04
21.24	5.9261726e-04
21.28	6.4298275e-04
21.31	6.9780996e-04
21.34	7.5752633e-04
21.38	8.2260583e-04
21.41	8.9357506e-04
21.45	9.7102025e-04
21.48	1.0555954e-03
21.52	1.1480318e-03
21.55	1.2491490e-03
21.58	1.3598683e-03
21.62	1.4812277e-03
21.65	1.6144005e-03
21.69	1.7607171e-03
21.72	1.9216911e-03
21.75	2.0990508e-03
21.79	2.2947773e-03
21.82	2.5111507e-03
21.86	2.7508071e-03
21.89	3.0168084e-03
21.92	3.3127296e-03
21.96	3.6427671e-03
21.99	4.0118762e-03
22.03	4.4259453e-03
22.06	4.8920196e-03
22.09	5.4185916e-03
22.13	6.0159816e-03
22.16	6.6968424e-03
22.20	7.4768382e-03
22.23	8.3755706e-03
22.26	9.4178630e-03
22.30	1.0635574e-02
22.33	1.2070214e-02
22.37	1.3776810e-02
22.40	1.5829781e-02
22.43	1.8332199e-02
22.47	2.1431076e-02
22.50	2.5344432e-02
22.54	3.0414338e-02
22.57	3.7225455e-02
22.61	4.6905880e-02
22.64	6.1953602e-02
22.67	8.8539990e-02
22.71	1.4266239e-01
22.74	2.6508839e-01
22.78	5.5184914e-01
22.81	1.1948489e+00
22.84	2.4500634e+00
22.88	4.2283917e+00
22.91	5.2604304e+00
22.95	4.8874107e+00
22.98	4.2881169e+00
23.01	3.7204336e+00
23.05	3.2136524e+00
23.08	2.7696050e+00
23.12	2.3837387e+00
23.15	2.0499049e+00
23.18	1.7618422e+00
23.22	1.5136914e+00
23.25	1.3001642e+00
23.29	1.1165752e+00
23.32	9.5881694e-01
23.35	8.2331133e-01
23.39	7.0695512e-01
23.42	6.0706446e-01
23.46	5.2132304e-01
23.49	4.4773473e-01
23.53	3.8458127e-01
23.56	3.3038483e-01
23.59	2.8387524e-01
23.63	2.4396135e-01
23.66	2.0970622e-01
23.70	1.8030557e-01
23.73	1.5506918e-01
23.76	1.3340485e-01
23.80	1.1480456e-01
23.83	9.8832563e-02
23.87	8.5115142e-02
23.90	7.3331806e-02
23.93	6.3207727e-02
23.97	5.4507242e-02
24.00	4.7028271e-02
24.04	4.0597540e-02
24.07	3.5066465e-02
24.10	3.0307636e-02
24.14	2.6211793e-02
24.17	2.2685234e-02
24.21	1.9647598e-02
24.24	1.7029957e-02
24.27	1.4773186e-02
24.31	1.2826560e-02
24.34	1.1146560e-02
24.38	9.6958413e-03
24.41	8.4423531e-03
24.44	7.3585842e-03
24.48	6.4209151e-03
24.51	5.6090639e-03
24.55	4.9056109e-03
24.58	4.2955909e-03
24.62	3.7661446e-03
24.65	3.3062188e-03
24.68	2.9063100e-03
24.72	2.5582448e-03
24.75	2.2549911e-03
24.79	1.9904964e-03
24.82	1.7595498e-03
24.85	1.5576624e-03
24.89	1.3809661e-03
24.92	1.2261258e-03
24.96	1.0902647e-03
24.99	9.7089987e-04
25.02	8.6588690e-04
25.06	7.7337290e-04
25.09	6.9175564e-04
25.13	6.1964874e-04
25.16	5.5585169e-04
25.19	4.9932410e-04
25.23	4.4916367e-04
25.26	4.0458712e-04
25.30	3.6491390e-04
25.33	3.2955217e-04
25.36	2.9798669e-04
25.40	2.6976848e-04
25.43	2.4450583e-04
25.47	2.2185665e-04
25.50	2.0152182e-04
25.54	1.8323948e-04
25.57	1.6678008e-04
25.60	1.5194217e-04
25.64	1.3854870e-04
25.67	1.2644386e-04
25.71	1.1549034e-04
25.74	1.0556698e-04
25.77	9.6566698e-05
25.81	8.8394708e-05
25.84	8.0967015e-05
25.88	7.4209052e-05
25.91	6.8054534e-05
25.94	6.2444447e-05
25.98	5.7326170e-05
26.01	5.2652720e-05
26.05	4.8382079e-05
26.08	4.4476621e-05
26.11	4.0902598e-05
26.15	3.7629705e-05
26.18	3.4630684e-05
26.22	3.1880990e-05
26.25	2.9358488e-05
26.28	2.7043191e-05
26.32	2.4917034e-05
26.35	2.2963660e-05
26.39	2.1168252e-05
26.42	1.9517365e-05
26.45	1.7998789e-05
26.49	1.6601424e-05
26.52	1.5315167e-05
26.56	1.4130817e-05
26.59	1.3039984e-05
26.63	1.2035012e-05
26.66	1.1108911e-05
26.69	1.0255291e-05
26.73	9.4683055e-06
26.76	8.7426070e-06
26.80	8.0732956e-06
26.83	7.4558815e-06
26.86	6.8862472e-06
26.90	6.3606152e-06
26.93	5.8755180e-06
26.97	5.4277708e-06
27.00	5.0144473e-06
