# NeutrinoAntineutrinoInteraction/NeutrinoAntineutrinoResonanceCharm interaction rates
# neutrino field: massive Cosmic Neutrino Background, T_CnuB = 1.94535456 K
# Produced with crpropa-data version: 60a1560e37035039ec25f414e0c42a2444bad49c
# log10(E/eV), 1/lambda [1/Mpc]
15.52	0.0000000e+00
15.55	0.0000000e+00
15.59	0.0000000e+00
15.62	0.0000000e+00
15.66	0.0000000e+00
15.69	0.0000000e+00
15.72	0.0000000e+00
15.76	0.0000000e+00
15.79	0.0000000e+00
15.83	0.0000000e+00
15.86	0.0000000e+00
15.89	0.0000000e+00
15.93	0.0000000e+00
15.96	0.0000000e+00
16.00	0.0000000e+00
16.03	0.0000000e+00
16.06	0.0000000e+00
16.10	0.0000000e+00
16.13	0.0000000e+00
16.17	0.0000000e+00
16.20	0.0000000e+00
16.23	0.0000000e+00
16.27	0.0000000e+00
16.30	0.0000000e+00
16.34	0.0000000e+00
16.37	0.0000000e+00
16.40	0.0000000e+00
16.44	0.0000000e+00
16.47	0.0000000e+00
16.51	0.0000000e+00
16.54	0.0000000e+00
16.58	0.0000000e+00
16.61	0.0000000e+00
16.64	0.0000000e+00
16.68	0.0000000e+00
16.71	0.0000000e+00
16.75	0.0000000e+00
16.78	0.0000000e+00
16.81	0.0000000e+00
16.85	0.0000000e+00
16.88	0.0000000e+00
16.92	0.0000000e+00
16.95	0.0000000e+00
16.98	0.0000000e+00
17.02	0.0000000e+00
17.05	0.0000000e+00
17.09	0.0000000e+00
17.12	0.0000000e+00
17.15	0.0000000e+00
17.19	0.0000000e+00
17.22	0.0000000e+00
17.26	0.0000000e+00
17.29	0.0000000e+00
17.32	0.0000000e+00
17.36	0.0000000e+00
17.39	0.0000000e+00
17.43	0.0000000e+00
17.46	0.0000000e+00
17.49	1.4301896e-263
17.53	1.1281769e-243
17.56	2.7903038e-225
17.60	2.8097478e-208
17.63	1.4666161e-192
17.67	4.9610888e-178
17.70	1.3369365e-164
17.73	3.4738827e-152
17.77	1.0383250e-140
17.80	4.2026801e-130
17.84	2.6786085e-120
17.87	3.0906829e-111
17.90	7.3445411e-103
17.94	4.0496518e-95
17.97	5.7847570e-88
18.01	2.3704302e-81
18.04	3.0617177e-75
18.07	1.3599823e-69
18.11	2.2517064e-64
18.14	1.4970701e-59
18.18	4.2817994e-55
18.21	5.6144948e-51
18.24	3.5797804e-47
18.28	1.1719163e-43
18.31	2.0714867e-40
18.35	2.0711708e-37
18.38	1.2228615e-34
18.41	4.4364656e-32
18.45	1.0260396e-29
18.48	1.5650314e-27
18.52	1.6246724e-25
18.55	1.1817218e-23
18.59	6.1864724e-22
18.62	2.3896901e-20
18.65	6.9693153e-19
18.69	1.5675324e-17
18.72	2.7730263e-16
18.76	3.9291033e-15
18.79	4.5345295e-14
18.82	4.3293129e-13
18.86	3.4689266e-12
18.89	2.3639229e-11
18.93	1.3869888e-10
18.96	7.0868455e-10
18.99	3.1867079e-09
19.03	1.2734085e-08
19.06	4.5628930e-08
19.10	1.4783552e-07
19.13	4.3644787e-07
19.16	1.1824992e-06
19.20	2.9597414e-06
19.23	6.8856945e-06
19.27	1.4974171e-05
19.30	3.0599686e-05
19.33	5.9044591e-05
19.37	1.0806532e-04
19.40	1.8838469e-04
19.44	3.1400326e-04
19.47	5.0223228e-04
19.51	7.7338385e-04
19.54	1.1501059e-03
19.57	1.6564083e-03
19.61	2.3164805e-03
19.64	3.1534362e-03
19.68	4.1881353e-03
19.71	5.4382216e-03
19.74	6.9174830e-03
19.78	8.6355957e-03
19.81	1.0598262e-02
19.85	1.2807709e-02
19.88	1.5263469e-02
19.91	1.7963360e-02
19.95	2.0904545e-02
19.98	2.4084594e-02
20.02	2.7502464e-02
20.05	3.1159337e-02
20.08	3.5059299e-02
20.12	3.9209847e-02
20.15	4.3622227e-02
20.19	4.8311649e-02
20.22	5.3297383e-02
20.25	5.8602789e-02
20.29	6.4255303e-02
20.32	7.0286403e-02
20.36	7.6731593e-02
20.39	8.3630405e-02
20.42	9.1026442e-02
20.46	9.8967472e-02
20.49	1.0750558e-01
20.53	1.1669738e-01
20.56	1.2660430e-01
20.60	1.3729298e-01
20.63	1.4883579e-01
20.66	1.6131086e-01
20.70	1.7480251e-01
20.73	1.8940191e-01
20.77	2.0520788e-01
20.80	2.2232773e-01
20.83	2.4087818e-01
20.87	2.6098636e-01
20.90	2.8279097e-01
20.94	3.0644351e-01
20.97	3.3210967e-01
21.00	3.5997094e-01
21.04	3.9022633e-01
21.07	4.2309439e-01
21.11	4.5881545e-01
21.14	4.9765418e-01
21.17	5.3990253e-01
21.21	5.8588303e-01
21.24	6.3595266e-01
21.28	6.9050725e-01
21.31	7.4998660e-01
21.34	8.1488042e-01
21.38	8.8573526e-01
21.41	9.6316266e-01
21.45	1.0478487e+00
21.48	1.1405653e+00
21.52	1.2421839e+00
21.55	1.3536912e+00
21.58	1.4762094e+00
21.62	1.6110190e+00
21.65	1.7595884e+00
21.69	1.9236090e+00
21.72	2.1050399e+00
21.75	2.3061638e+00
21.79	2.5296570e+00
21.82	2.7786814e+00
21.86	3.0570030e+00
21.89	3.3691508e+00
21.92	3.7206328e+00
21.96	4.1182431e+00
21.99	4.5705229e+00
22.03	5.0885238e+00
22.06	5.6872279e+00
22.09	6.3884625e+00
22.13	7.2271294e+00
22.16	8.2642384e+00
22.20	9.6124817e+00
22.23	1.1482108e+01
22.26	1.4254930e+01
22.30	1.8590193e+01
22.33	2.5556184e+01
22.37	3.6766495e+01
22.40	5.4483919e+01
22.43	8.1644511e+01
22.47	1.2175629e+02
22.50	1.7864489e+02
22.54	2.5604987e+02
22.57	3.5711296e+02
22.61	4.8383214e+02
22.64	6.3657326e+02
22.67	8.1372903e+02
22.71	1.0115933e+03
22.74	1.2244826e+03
22.78	1.4450964e+03
22.81	1.6650683e+03
22.84	1.8756351e+03
22.88	2.0683351e+03
22.91	2.2356523e+03
22.95	2.3715344e+03
22.98	2.4717400e+03
23.01	2.5339949e+03
23.05	2.5579653e+03
23.08	2.5450767e+03
23.12	2.4982201e+03
23.15	2.4213928e+03
23.18	2.3193185e+03
23.22	2.1970850e+03
23.25	2.0598260e+03
23.29	1.9124631e+03
23.32	1.7595148e+03
23.35	1.6049704e+03
23.39	1.4522218e+03
23.42	1.3040427e+03
23.46	1.1626058e+03
23.49	1.0295249e+03
23.53	9.0591447e+02
23.56	7.9245911e+02
23.59	6.8948690e+02
23.63	5.9704592e+02
23.66	5.1498893e+02
23.70	4.4309357e+02
23.73	3.8092348e+02
23.76	3.2741600e+02
23.80	2.8141836e+02
23.83	2.4189767e+02
23.87	2.0795169e+02
23.90	1.7879864e+02
23.93	1.5376360e+02
23.97	1.3226520e+02
24.00	1.1380323e+02
24.04	9.7947715e+01
24.07	8.4329300e+01
24.10	7.2630811e+01
24.14	6.2579987e+01
24.17	5.3943172e+01
24.21	4.6519879e+01
24.24	4.0138103e+01
24.27	3.4650284e+01
24.31	2.9929846e+01
24.34	2.5868213e+01
24.38	2.2372249e+01
24.41	1.9362063e+01
24.44	1.6769123e+01
24.48	1.4534636e+01
24.51	1.2608164e+01
24.55	1.0946428e+01
24.58	9.5122916e+00
24.62	8.2738858e+00
24.65	7.2038557e+00
24.68	6.2787189e+00
24.72	5.4783137e+00
24.75	4.7853263e+00
24.79	4.1848852e+00
24.82	3.6642141e+00
24.85	3.2123338e+00
24.89	2.8198072e+00
24.92	2.4785200e+00
24.96	2.1814933e+00
24.99	1.9227227e+00
25.02	1.6970403e+00
25.06	1.4999967e+00
25.09	1.3277589e+00
25.13	1.1770243e+00
25.16	1.0449450e+00
25.19	9.2906485e-01
25.23	8.2726367e-01
25.26	7.3771070e-01
25.30	6.5882395e-01
25.33	5.8923551e-01
25.36	5.2776179e-01
25.40	4.7337792e-01
25.43	4.2519580e-01
25.47	3.8244518e-01
25.50	3.4445749e-01
25.54	3.1065187e-01
25.57	2.8052320e-01
25.60	2.5363177e-01
25.64	2.2959443e-01
25.67	2.0807695e-01
25.71	1.8878745e-01
25.74	1.7147072e-01
25.77	1.5590336e-01
25.81	1.4188958e-01
25.84	1.2925754e-01
25.88	1.1785624e-01
25.91	1.0755280e-01
25.94	9.8230160e-02
25.98	8.9784992e-02
26.01	8.2126007e-02
26.05	7.5172414e-02
26.08	6.8852613e-02
26.11	6.3103054e-02
26.15	5.7867250e-02
26.18	5.3094913e-02
26.22	4.8741214e-02
26.25	4.4766124e-02
26.28	4.1133853e-02
26.32	3.7812353e-02
26.35	3.4772882e-02
26.39	3.1989633e-02
26.42	2.9439396e-02
26.45	2.7101274e-02
26.49	2.4956422e-02
26.52	2.2987828e-02
26.56	2.1180112e-02
26.59	1.9519357e-02
26.63	1.7992951e-02
26.66	1.6589453e-02
26.69	1.5298473e-02
26.73	1.4110567e-02
26.76	1.3017140e-02
26.80	1.2010365e-02
26.83	1.1083105e-02
26.86	1.0228847e-02
26.90	9.4416459e-03
26.93	8.7160662e-03
26.97	8.0471375e-03
27.00	7.4303105e-03
