# NeutrinoAntineutrinoInteraction/NeutrinoAntineutrinoResonanceCharm interaction rates
# neutrino field: massive Cosmic Neutrino Background, T_CnuB = 1.94535456 K
# Produced with crpropa-data version: 60a1560e37035039ec25f414e0c42a2444bad49c
# log10(E/eV), 1/lambda [1/Mpc]
15.89	0.0000000e+00
15.93	0.0000000e+00
15.96	0.0000000e+00
16.00	0.0000000e+00
16.03	0.0000000e+00
16.06	0.0000000e+00
16.10	0.0000000e+00
16.13	0.0000000e+00
16.17	0.0000000e+00
16.20	0.0000000e+00
16.23	0.0000000e+00
16.27	0.0000000e+00
16.30	0.0000000e+00
16.34	0.0000000e+00
16.37	0.0000000e+00
16.40	0.0000000e+00
16.44	0.0000000e+00
16.47	0.0000000e+00
16.51	0.0000000e+00
16.54	0.0000000e+00
16.58	0.0000000e+00
16.61	0.0000000e+00
16.64	0.0000000e+00
16.68	0.0000000e+00
16.71	0.0000000e+00
16.75	0.0000000e+00
16.78	0.0000000e+00
16.81	0.0000000e+00
16.85	0.0000000e+00
16.88	0.0000000e+00
16.92	0.0000000e+00
16.95	0.0000000e+00
16.98	0.0000000e+00
17.02	0.0000000e+00
17.05	0.0000000e+00
17.09	0.0000000e+00
17.12	0.0000000e+00
17.15	0.0000000e+00
17.19	0.0000000e+00
17.22	0.0000000e+00
17.26	0.0000000e+00
17.29	0.0000000e+00
17.32	0.0000000e+00
17.36	0.0000000e+00
17.39	0.0000000e+00
17.43	0.0000000e+00
17.46	0.0000000e+00
17.49	0.0000000e+00
17.53	0.0000000e+00
17.56	0.0000000e+00
17.60	0.0000000e+00
17.63	0.0000000e+00
17.67	0.0000000e+00
17.70	0.0000000e+00
17.73	0.0000000e+00
17.77	0.0000000e+00
17.80	0.0000000e+00
17.84	0.0000000e+00
17.87	2.1221562e-272
17.90	5.2040009e-252
17.94	3.6731220e-233
17.97	9.7527268e-216
18.01	1.2476521e-199
18.04	9.6674686e-185
18.07	5.6061111e-171
18.11	2.9586025e-158
18.14	1.7026495e-146
18.18	1.2629619e-135
18.21	1.4093416e-125
18.24	2.7294379e-116
18.28	1.0470042e-107
18.31	8.9887631e-100
18.35	1.9336738e-92
18.38	1.1570526e-85
18.41	2.1210115e-79
18.45	1.3023366e-73
18.48	2.9089715e-68
18.52	2.5511358e-63
18.55	9.4264386e-59
18.59	1.5664357e-54
18.62	1.2434334e-50
18.65	4.9853565e-47
18.69	1.0629820e-43
18.72	1.2641989e-40
18.76	8.7641005e-38
18.79	3.6889364e-35
18.82	9.7895333e-33
18.86	1.6959825e-30
18.89	1.9809361e-28
18.93	1.6071117e-26
18.96	9.3091557e-25
18.99	3.9493367e-23
19.03	1.2563645e-21
19.06	3.0629691e-20
19.10	5.8391683e-19
19.13	8.8680586e-18
19.16	1.0915776e-16
19.20	1.1064865e-15
19.23	9.3734613e-15
19.27	6.7271712e-14
19.30	4.1420519e-13
19.33	2.2136571e-12
19.37	1.0380024e-11
19.40	4.3133030e-11
19.44	1.6030648e-10
19.47	5.3743699e-10
19.51	1.6382036e-09
19.54	4.5734517e-09
19.57	1.1773106e-08
19.61	2.8120578e-08
19.64	6.2683934e-08
19.68	1.3110271e-07
19.71	2.5854799e-07
19.74	4.8298531e-07
19.78	8.5828085e-07
19.81	1.4565590e-06
19.85	2.3691965e-06
19.88	3.7059512e-06
19.91	5.5919579e-06
19.95	8.1626416e-06
19.98	1.1556927e-05
20.02	1.5909411e-05
20.05	2.1342333e-05
20.08	2.7958262e-05
20.12	3.5834320e-05
20.15	4.5018596e-05
20.19	5.5529168e-05
20.22	6.7355819e-05
20.25	8.0464291e-05
20.29	9.4802645e-05
20.32	1.1030911e-04
20.36	1.2692072e-04
20.39	1.4458208e-04
20.42	1.6325354e-04
20.46	1.8291836e-04
20.49	2.0358862e-04
20.53	2.2530991e-04
20.56	2.4816511e-04
20.60	2.7228039e-04
20.63	2.9783304e-04
20.66	3.2502219e-04
20.70	3.5405260e-04
20.73	3.8513639e-04
20.77	4.1849526e-04
20.80	4.5436256e-04
20.83	4.9298541e-04
20.87	5.3462692e-04
20.90	5.7956840e-04
20.94	6.2811177e-04
20.97	6.8058200e-04
21.00	7.3732980e-04
21.04	7.9873448e-04
21.07	8.6520709e-04
21.11	9.3719372e-04
21.14	1.0151793e-03
21.17	1.0996916e-03
21.21	1.1913058e-03
21.24	1.2906494e-03
21.28	1.3984078e-03
21.31	1.5153307e-03
21.34	1.6422388e-03
21.38	1.7800316e-03
21.41	1.9296964e-03
21.45	2.0923181e-03
21.48	2.2690906e-03
21.52	2.4613294e-03
21.55	2.6704866e-03
21.58	2.8981674e-03
21.62	3.1461493e-03
21.65	3.4164047e-03
21.69	3.7111262e-03
21.72	4.0327569e-03
21.75	4.3840251e-03
21.79	4.7679853e-03
21.82	5.1880666e-03
21.86	5.6481297e-03
21.89	6.1525354e-03
21.92	6.7062255e-03
21.96	7.3148216e-03
21.99	7.9847443e-03
22.03	8.7233584e-03
22.06	9.5391528e-03
22.09	1.0441963e-02
22.13	1.1443251e-02
22.16	1.2556458e-02
22.20	1.3797462e-02
22.23	1.5185168e-02
22.26	1.6742290e-02
22.30	1.8496418e-02
22.33	2.0481492e-02
22.37	2.2739991e-02
22.40	2.5326394e-02
22.43	2.8313369e-02
22.47	3.1804074e-02
22.50	3.5958221e-02
22.54	4.1047322e-02
22.57	4.7566069e-02
22.61	5.6439495e-02
22.64	6.9371940e-02
22.67	8.9372245e-02
22.71	1.2144874e-01
22.74	1.7339494e-01
22.78	2.5649608e-01
22.81	3.8590860e-01
22.84	5.8043835e-01
22.88	8.6149736e-01
22.91	1.2511589e+00
22.95	1.7694275e+00
22.98	2.4310433e+00
23.01	3.2422935e+00
23.05	4.1983620e+00
23.08	5.2816991e+00
23.12	6.4617502e+00
23.15	7.6961786e+00
23.18	8.9334979e+00
23.22	1.0116834e+01
23.25	1.1188391e+01
23.29	1.2094112e+01
23.32	1.2788037e+01
23.35	1.3235896e+01
23.39	1.3417609e+01
23.42	1.3328487e+01
23.46	1.2979133e+01
23.49	1.2394131e+01
23.53	1.1609807e+01
23.56	1.0671385e+01
23.59	9.6299815e+00
23.63	8.5399456e+00
23.66	7.4574741e+00
23.70	6.4429269e+00
23.73	5.5459796e+00
23.76	4.7688352e+00
23.80	4.0984920e+00
23.83	3.5213872e+00
23.87	3.0250871e+00
23.90	2.5985640e+00
23.93	2.2321700e+00
23.97	1.9175221e+00
24.00	1.6473661e+00
24.04	1.4154404e+00
24.07	1.2163498e+00
24.10	1.0454508e+00
24.14	8.9875056e-01
24.17	7.7281796e-01
24.21	6.6470607e-01
24.24	5.7188475e-01
24.27	4.9218235e-01
24.31	4.2373537e-01
24.34	3.6494501e-01
24.38	3.1443976e-01
24.41	2.7104322e-01
24.44	2.3374641e-01
24.48	2.0168399e-01
24.51	1.7411382e-01
24.55	1.5039946e-01
24.58	1.2999506e-01
24.62	1.1243252e-01
24.65	9.7310317e-02
24.68	8.4284090e-02
24.72	7.3058440e-02
24.75	6.3379957e-02
24.79	5.5031235e-02
24.82	4.7825726e-02
24.85	4.1603347e-02
24.89	3.6226703e-02
24.92	3.1577850e-02
24.96	2.7555526e-02
24.99	2.4072776e-02
25.02	2.1054910e-02
25.06	1.8437762e-02
25.09	1.6166193e-02
25.13	1.4192808e-02
25.16	1.2476852e-02
25.19	1.0983278e-02
25.23	9.6819266e-03
25.26	8.5468435e-03
25.30	7.5556795e-03
25.33	6.6891833e-03
25.36	5.9307646e-03
25.40	5.2661189e-03
25.43	4.6829066e-03
25.47	4.1704774e-03
25.50	3.7196332e-03
25.54	3.3224255e-03
25.57	2.9719811e-03
25.60	2.6623524e-03
25.64	2.3883891e-03
25.67	2.1456276e-03
25.71	1.9301965e-03
25.74	1.7387350e-03
25.77	1.5683231e-03
25.81	1.4164211e-03
25.84	1.2808179e-03
25.88	1.1595868e-03
25.91	1.0510468e-03
25.94	9.5372954e-04
25.98	8.6635125e-04
26.01	7.8778789e-04
26.05	7.1705412e-04
26.08	6.5328513e-04
26.11	5.9572083e-04
26.15	5.4369228e-04
26.18	4.9660995e-04
26.22	4.5395355e-04
26.25	4.1526326e-04
26.28	3.8013207e-04
26.32	3.4819922e-04
26.35	3.1914446e-04
26.39	2.9268307e-04
26.42	2.6856157e-04
26.45	2.4655391e-04
26.49	2.2645825e-04
26.52	2.0809407e-04
26.56	1.9129971e-04
26.59	1.7593016e-04
26.63	1.6185520e-04
26.66	1.4895768e-04
26.69	1.3713214e-04
26.73	1.2628342e-04
26.76	1.1632565e-04
26.80	1.0718115e-04
26.83	9.8779640e-05
26.86	9.1057405e-05
26.90	8.3956655e-05
26.93	7.7424898e-05
26.97	7.1414410e-05
27.00	6.5881760e-05
