# NeutrinoAntineutrinoInteraction/NeutrinoAntineutrinoResonanceCharm interaction rates
# neutrino field: massive Cosmic Neutrino Background, T_CnuB = 1.94535456 K
# Produced with crpropa-data version: 60a1560e37035039ec25f414e0c42a2444bad49c
# log10(E/eV), 1/lambda [1/Mpc]
16.13	0.0000000e+00
16.17	0.0000000e+00
16.20	0.0000000e+00
16.23	0.0000000e+00
16.27	0.0000000e+00
16.30	0.0000000e+00
16.34	0.0000000e+00
16.37	0.0000000e+00
16.40	0.0000000e+00
16.44	0.0000000e+00
16.47	0.0000000e+00
16.51	0.0000000e+00
16.54	0.0000000e+00
16.58	0.0000000e+00
16.61	0.0000000e+00
16.64	0.0000000e+00
16.68	0.0000000e+00
16.71	0.0000000e+00
16.75	0.0000000e+00
16.78	0.0000000e+00
16.81	0.0000000e+00
16.85	0.0000000e+00
16.88	0.0000000e+00
16.92	0.0000000e+00
16.95	0.0000000e+00
16.98	0.0000000e+00
17.02	0.0000000e+00
17.05	0.0000000e+00
17.09	0.0000000e+00
17.12	0.0000000e+00
17.15	0.0000000e+00
17.19	0.0000000e+00
17.22	0.0000000e+00
17.26	0.0000000e+00
17.29	0.0000000e+00
17.32	0.0000000e+00
17.36	0.0000000e+00
17.39	0.0000000e+00
17.43	0.0000000e+00
17.46	0.0000000e+00
17.49	0.0000000e+00
17.53	0.0000000e+00
17.56	0.0000000e+00
17.60	0.0000000e+00
17.63	0.0000000e+00
17.67	0.0000000e+00
17.70	0.0000000e+00
17.73	0.0000000e+00
17.77	0.0000000e+00
17.80	0.0000000e+00
17.84	0.0000000e+00
17.87	0.0000000e+00
17.90	0.0000000e+00
17.94	0.0000000e+00
17.97	0.0000000e+00
18.01	0.0000000e+00
18.04	0.0000000e+00
18.07	0.0000000e+00
18.11	1.3180334e-276
18.14	5.4150150e-256
18.18	6.1776883e-237
18.21	2.5653200e-219
18.24	4.9799306e-203
18.28	5.6958438e-188
18.31	4.7540208e-174
18.35	3.5289691e-161
18.38	2.7974549e-149
18.41	2.8045915e-138
18.45	4.1581530e-128
18.48	1.0536032e-118
18.52	5.2154968e-110
18.55	5.7080128e-102
18.59	1.5485895e-94
18.62	1.1577366e-87
18.65	2.6303668e-81
18.69	1.9882888e-75
18.72	5.4372170e-70
18.76	5.8124991e-65
18.79	2.6096191e-60
18.82	5.2581545e-56
18.86	5.0558845e-52
18.89	2.4555507e-48
18.93	6.3494286e-45
18.96	9.1770992e-42
18.99	7.7561480e-39
19.03	3.9966321e-36
19.06	1.3051176e-33
19.10	2.7994714e-31
19.13	4.0774979e-29
19.16	4.1587776e-27
19.20	3.0561598e-25
19.23	1.6615069e-23
19.27	6.8482544e-22
19.30	2.1890861e-20
19.33	5.5421043e-19
19.37	1.1330647e-17
19.40	1.9045633e-16
19.44	2.6759052e-15
19.47	3.1904480e-14
19.51	3.2726872e-13
19.54	2.9238973e-12
19.57	2.2995980e-11
19.61	1.6060077e-10
19.64	1.0020219e-09
19.68	5.5966900e-09
19.71	2.7844893e-08
19.74	1.2096346e-07
19.78	4.3245326e-07
19.81	1.0921874e-06
19.85	1.8202017e-06
19.88	2.5150034e-06
19.91	3.1873527e-06
19.95	3.8469388e-06
19.98	4.5025737e-06
20.02	5.1623633e-06
20.05	5.8338576e-06
20.08	6.5241839e-06
20.12	7.2401636e-06
20.15	7.9884185e-06
20.19	8.7754656e-06
20.22	9.6078046e-06
20.25	1.0491999e-05
20.29	1.1434751e-05
20.32	1.2442975e-05
20.36	1.3523867e-05
20.39	1.4684974e-05
20.42	1.5934261e-05
20.46	1.7280183e-05
20.49	1.8731752e-05
20.53	2.0298616e-05
20.56	2.1991130e-05
20.60	2.3820442e-05
20.63	2.5798579e-05
20.66	2.7938538e-05
20.70	3.0254388e-05
20.73	3.2761381e-05
20.77	3.5476072e-05
20.80	3.8416443e-05
20.83	4.1602055e-05
20.87	4.5054201e-05
20.90	4.8796080e-05
20.94	5.2852993e-05
20.97	5.7252560e-05
21.00	6.2024953e-05
21.04	6.7203171e-05
21.07	7.2823335e-05
21.11	7.8925026e-05
21.14	8.5551663e-05
21.17	9.2750930e-05
21.21	1.0057526e-04
21.24	1.0908237e-04
21.28	1.1833590e-04
21.31	1.2840613e-04
21.34	1.3937076e-04
21.38	1.5131587e-04
21.41	1.6433698e-04
21.45	1.7854031e-04
21.48	1.9404418e-04
21.52	2.1098072e-04
21.55	2.2949780e-04
21.58	2.4976133e-04
21.62	2.7195794e-04
21.65	2.9629821e-04
21.69	3.2302041e-04
21.72	3.5239506e-04
21.75	3.8473032e-04
21.79	4.2037856e-04
21.82	4.5974425e-04
21.86	5.0329369e-04
21.89	5.5156682e-04
21.92	6.0519195e-04
21.96	6.6490394e-04
21.99	7.3156715e-04
22.03	8.0620430e-04
22.06	8.9003332e-04
22.09	9.8451484e-04
22.13	1.0914138e-03
22.16	1.2128803e-03
22.20	1.3515579e-03
22.23	1.5107284e-03
22.26	1.6945108e-03
22.30	1.9081375e-03
22.33	2.1583458e-03
22.37	2.4539418e-03
22.40	2.8066362e-03
22.43	3.2323113e-03
22.47	3.7530048e-03
22.50	4.4001336e-03
22.54	5.2199731e-03
22.57	6.2835545e-03
22.61	7.7061643e-03
22.64	9.6911235e-03
22.67	1.2646722e-02
22.71	1.7555610e-02
22.74	2.7255025e-02
22.78	5.0813080e-02
22.81	1.1652853e-01
22.84	2.9698107e-01
22.88	6.8142521e-01
22.91	1.0365584e+00
22.95	9.9976728e-01
22.98	8.8250994e-01
23.01	7.6739419e-01
23.05	6.6360025e-01
23.08	5.7227276e-01
23.12	4.9273968e-01
23.15	4.2384462e-01
23.18	3.6434827e-01
23.22	3.1306803e-01
23.25	2.6892640e-01
23.29	2.3096373e-01
23.32	1.9833605e-01
23.35	1.7030671e-01
23.39	1.4623592e-01
23.42	1.2556985e-01
23.46	1.0783015e-01
23.49	9.2604398e-02
23.53	7.9537432e-02
23.56	6.8323703e-02
23.59	5.8700525e-02
23.63	5.0442197e-02
23.66	4.3354887e-02
23.70	3.7272185e-02
23.73	3.2051270e-02
23.76	2.7569592e-02
23.80	2.3722014e-02
23.83	2.0418354e-02
23.87	1.7581263e-02
23.90	1.5144408e-02
23.93	1.3050905e-02
23.97	1.1251976e-02
24.00	9.7057944e-03
24.04	8.3764954e-03
24.07	7.2333255e-03
24.10	6.2499140e-03
24.14	5.4036473e-03
24.17	4.6751324e-03
24.21	4.0477378e-03
24.24	3.5071988e-03
24.27	3.0412799e-03
24.31	2.6394850e-03
24.34	2.2928091e-03
24.38	1.9935254e-03
24.41	1.7350029e-03
24.44	1.5115503e-03
24.48	1.3182816e-03
24.51	1.1510020e-03
24.55	1.0061086e-03
24.58	8.8050686e-04
24.62	7.7153775e-04
24.65	6.7691613e-04
24.68	5.9467751e-04
24.72	5.2313256e-04
24.75	4.6082808e-04
24.79	4.0651355e-04
24.82	3.5911245e-04
24.85	3.1769771e-04
24.89	2.8147056e-04
24.92	2.4974249e-04
24.96	2.2191971e-04
24.99	1.9748986e-04
25.02	1.7601059e-04
25.06	1.5709978e-04
25.09	1.4042707e-04
25.13	1.2570674e-04
25.16	1.1269143e-04
25.19	1.0116688e-04
25.23	9.0947297e-05
25.26	8.1871499e-05
25.30	7.3799482e-05
25.33	6.6609549e-05
25.36	6.0195803e-05
25.40	5.4466004e-05
25.43	4.9339726e-05
25.47	4.4746762e-05
25.50	4.0625760e-05
25.54	3.6923036e-05
25.57	3.3591562e-05
25.60	3.0590087e-05
25.64	2.7882380e-05
25.67	2.5436576e-05
25.71	2.3224613e-05
25.74	2.1221741e-05
25.77	1.9406104e-05
25.81	1.7758369e-05
25.84	1.6261413e-05
25.88	1.4900046e-05
25.91	1.3660775e-05
25.94	1.2531594e-05
25.98	1.1501806e-05
26.01	1.0561866e-05
26.05	9.7032420e-06
26.08	8.9183012e-06
26.11	8.2002011e-06
26.15	7.5428006e-06
26.18	6.9405802e-06
26.22	6.3885723e-06
26.25	5.8823000e-06
26.28	5.4177234e-06
26.32	4.9911924e-06
26.35	4.5994048e-06
26.39	4.2393700e-06
26.42	3.9083761e-06
26.45	3.6039615e-06
26.49	3.3238893e-06
26.52	3.0661247e-06
26.56	2.8288150e-06
26.59	2.6102716e-06
26.63	2.4089545e-06
26.66	2.2234575e-06
26.69	2.0524961e-06
26.73	1.8948958e-06
26.76	1.7495817e-06
26.80	1.6155700e-06
26.83	1.4919590e-06
26.86	1.3779222e-06
26.90	1.2727015e-06
26.93	1.1756011e-06
26.97	1.0859822e-06
27.00	1.0032579e-06
