# NeutrinoAntineutrinoInteraction/NeutrinoAntineutrinoResonanceCharm interaction rates
# neutrino field: massive Cosmic Neutrino Background, T_CnuB = 1.94535456 K
# Produced with crpropa-data version: 60a1560e37035039ec25f414e0c42a2444bad49c
# log10(E/eV), 1/lambda [1/Mpc]
16.27	0.0000000e+00
16.30	0.0000000e+00
16.34	0.0000000e+00
16.37	0.0000000e+00
16.40	0.0000000e+00
16.44	0.0000000e+00
16.47	0.0000000e+00
16.51	0.0000000e+00
16.54	0.0000000e+00
16.58	0.0000000e+00
16.61	0.0000000e+00
16.64	0.0000000e+00
16.68	0.0000000e+00
16.71	0.0000000e+00
16.75	0.0000000e+00
16.78	0.0000000e+00
16.81	0.0000000e+00
16.85	0.0000000e+00
16.88	0.0000000e+00
16.92	0.0000000e+00
16.95	0.0000000e+00
16.98	0.0000000e+00
17.02	0.0000000e+00
17.05	0.0000000e+00
17.09	0.0000000e+00
17.12	0.0000000e+00
17.15	0.0000000e+00
17.19	0.0000000e+00
17.22	0.0000000e+00
17.26	0.0000000e+00
17.29	0.0000000e+00
17.32	0.0000000e+00
17.36	0.0000000e+00
17.39	0.0000000e+00
17.43	0.0000000e+00
17.46	0.0000000e+00
17.49	0.0000000e+00
17.53	0.0000000e+00
17.56	0.0000000e+00
17.60	0.0000000e+00
17.63	0.0000000e+00
17.67	0.0000000e+00
17.70	0.0000000e+00
17.73	0.0000000e+00
17.77	0.0000000e+00
17.80	0.0000000e+00
17.84	0.0000000e+00
17.87	0.0000000e+00
17.90	0.0000000e+00
17.94	0.0000000e+00
17.97	0.0000000e+00
18.01	0.0000000e+00
18.04	0.0000000e+00
18.07	0.0000000e+00
18.11	0.0000000e+00
18.14	0.0000000e+00
18.18	0.0000000e+00
18.21	0.0000000e+00
18.24	2.0210987e-270
18.28	2.3960843e-250
18.31	8.6382995e-232
18.35	1.2326061e-214
18.38	8.8820622e-199
18.41	4.0488987e-184
18.45	1.4379801e-170
18.48	4.8238836e-158
18.52	1.8263953e-146
18.55	9.2010963e-136
18.59	7.1817633e-126
18.62	9.9973090e-117
18.65	2.8268298e-108
18.69	1.8311450e-100
18.72	3.0370650e-93
18.76	1.4293954e-86
18.79	2.0994636e-80
18.82	1.0507484e-74
18.86	1.9436655e-69
18.89	1.4325610e-64
18.93	4.5097161e-60
18.96	6.4659240e-56
18.99	4.4807932e-52
19.03	1.5855330e-48
19.06	3.0140282e-45
19.10	3.2260018e-42
19.13	2.0304129e-39
19.16	7.8224604e-37
19.20	1.9145434e-34
19.23	3.0807713e-32
19.27	3.3644436e-30
19.30	2.5678883e-28
19.33	1.4074671e-26
19.37	5.6807135e-25
19.40	1.7280376e-23
19.44	4.0477540e-22
19.47	7.4474834e-21
19.51	1.0962636e-19
19.54	1.3131263e-18
19.57	1.3001858e-17
19.61	1.0797424e-16
19.64	7.6222742e-16
19.68	4.6311959e-15
19.71	2.4498180e-14
19.74	1.1402971e-13
19.78	4.7163741e-13
19.81	1.7492173e-12
19.85	5.8662947e-12
19.88	1.7927904e-11
19.91	5.0285520e-11
19.95	1.3030638e-10
19.98	3.1385922e-10
20.02	7.0660716e-10
20.05	1.4946031e-09
20.08	2.9841715e-09
20.12	5.6486055e-09
20.15	1.0176053e-08
20.19	1.7509603e-08
20.22	2.8867585e-08
20.25	4.5730029e-08
20.29	6.9776537e-08
20.32	1.0276200e-07
20.36	1.4632091e-07
20.39	2.0170066e-07
20.42	2.6944412e-07
20.46	3.4907706e-07
20.49	4.3890845e-07
20.53	5.3610829e-07
20.56	6.3725553e-07
20.60	7.3962700e-07
20.63	8.4311620e-07
20.66	9.4884681e-07
20.70	1.0579126e-06
20.73	1.1713661e-06
20.77	1.2902345e-06
20.80	1.4155338e-06
20.83	1.5482826e-06
20.87	1.6895138e-06
20.90	1.8402872e-06
20.94	2.0016996e-06
20.97	2.1748967e-06
21.00	2.3610835e-06
21.04	2.5615349e-06
21.07	2.7776073e-06
21.11	3.0107497e-06
21.14	3.2625155e-06
21.17	3.5345752e-06
21.21	3.8287296e-06
21.24	4.1469242e-06
21.28	4.4912644e-06
21.31	4.8640324e-06
21.34	5.2677054e-06
21.38	5.7049752e-06
21.41	6.1787706e-06
21.45	6.6922814e-06
21.48	7.2489851e-06
21.52	7.8526765e-06
21.55	8.5075015e-06
21.58	9.2179931e-06
21.62	9.9891136e-06
21.65	1.0826300e-05
21.69	1.1735519e-05
21.72	1.2723321e-05
21.75	1.3796912e-05
21.79	1.4964228e-05
21.82	1.6234018e-05
21.86	1.7615948e-05
21.89	1.9120711e-05
21.92	2.0760156e-05
21.96	2.2547441e-05
21.99	2.4497205e-05
22.03	2.6625769e-05
22.06	2.8951372e-05
22.09	3.1494449e-05
22.13	3.4277956e-05
22.16	3.7327750e-05
22.20	4.0673052e-05
22.23	4.4346990e-05
22.26	4.8387255e-05
22.30	5.2836898e-05
22.33	5.7745287e-05
22.37	6.3169300e-05
22.40	6.9174775e-05
22.43	7.5838326e-05
22.47	8.3249623e-05
22.50	9.1514279e-05
22.54	1.0075755e-04
22.57	1.1112911e-04
22.61	1.2280943e-04
22.64	1.3601817e-04
22.67	1.5102579e-04
22.71	1.6816989e-04
22.74	1.8787948e-04
22.78	2.1071384e-04
22.81	2.3743192e-04
22.84	2.6913015e-04
22.88	3.0753388e-04
22.91	3.5561679e-04
22.95	4.1886099e-04
22.98	5.0763937e-04
23.01	6.4132963e-04
23.05	8.5472760e-04
23.08	1.2069637e-03
23.12	1.7923399e-03
23.15	2.7513373e-03
23.18	4.2787257e-03
23.22	6.6246214e-03
23.25	1.0083889e-02
23.29	1.4969734e-02
23.32	2.1568725e-02
23.35	3.0076683e-02
23.39	4.0517765e-02
23.42	5.2653008e-02
23.46	6.5890613e-02
23.49	7.9220342e-02
23.53	9.1210162e-02
23.56	1.0012292e-01
23.59	1.0422209e-01
23.63	1.0231341e-01
23.66	9.4504648e-02
23.70	8.3157774e-02
23.73	7.1978670e-02
23.76	6.2063892e-02
23.80	5.3424690e-02
23.83	4.5944882e-02
23.87	3.9489527e-02
23.90	3.3928668e-02
23.93	2.9144027e-02
23.97	2.5030538e-02
24.00	2.1496024e-02
24.04	1.8460198e-02
24.07	1.5853441e-02
24.10	1.3615563e-02
24.14	1.1694630e-02
24.17	1.0045903e-02
24.21	8.6308785e-03
24.24	7.4164487e-03
24.27	6.3741623e-03
24.31	5.4795820e-03
24.34	4.7117263e-03
24.38	4.0525863e-03
24.41	3.4867083e-03
24.44	3.0008336e-03
24.48	2.5835889e-03
24.51	2.2252190e-03
24.55	1.9173576e-03
24.58	1.6528297e-03
24.62	1.4254826e-03
24.65	1.2300401e-03
24.68	1.0619777e-03
24.72	9.1741577e-04
24.75	7.9302711e-04
24.79	6.8595846e-04
24.82	5.9376280e-04
24.85	5.1434136e-04
24.89	4.4589390e-04
24.92	3.8687614e-04
24.96	3.3596320e-04
24.99	2.9201829e-04
25.02	2.5406589e-04
25.06	2.2126873e-04
25.09	1.9290809e-04
25.13	1.6836689e-04
25.16	1.4711522e-04
25.19	1.2869792e-04
25.23	1.1272395e-04
25.26	9.8857263e-05
25.30	8.6808997e-05
25.33	7.6330775e-05
25.36	6.7208961e-05
25.40	5.9259737e-05
25.43	5.2324881e-05
25.47	4.6268154e-05
25.50	4.0972188e-05
25.54	3.6335832e-05
25.57	3.2271866e-05
25.60	2.8705044e-05
25.64	2.5570413e-05
25.67	2.2811875e-05
25.71	2.0380945e-05
25.74	1.8235695e-05
25.77	1.6339836e-05
25.81	1.4661943e-05
25.84	1.3174775e-05
25.88	1.1854703e-05
25.91	1.0681211e-05
25.94	9.6364717e-06
25.98	8.7049758e-06
26.01	7.8732202e-06
26.05	7.1294346e-06
26.08	6.4633487e-06
26.11	5.8659902e-06
26.15	5.3295120e-06
26.18	4.8470424e-06
26.22	4.4125566e-06
26.25	4.0207653e-06
26.28	3.6670187e-06
26.32	3.3472235e-06
26.35	3.0577719e-06
26.39	2.7954785e-06
26.42	2.5575278e-06
26.45	2.3414270e-06
26.49	2.1449659e-06
26.52	1.9661820e-06
26.56	1.8033302e-06
26.59	1.6548564e-06
26.63	1.5193743e-06
26.66	1.3956458e-06
26.69	1.2825634e-06
26.73	1.1791348e-06
26.76	1.0844700e-06
26.80	9.9776943e-07
26.83	9.1831362e-07
26.86	8.4545462e-07
26.90	7.7860794e-07
26.93	7.1724569e-07
26.97	6.6089051e-07
27.00	6.0911022e-07
