# NeutrinoAntineutrinoInteraction/NeutrinoAntineutrinoResonanceCharm interaction rates
# neutrino field: massive Cosmic Neutrino Background, T_CnuB = 1.94535456 K
# Produced with crpropa-data version: 60a1560e37035039ec25f414e0c42a2444bad49c
# log10(E/eV), 1/lambda [1/Mpc]
15.52	0.0000000e+00
15.55	0.0000000e+00
15.59	0.0000000e+00
15.62	0.0000000e+00
15.66	0.0000000e+00
15.69	0.0000000e+00
15.72	0.0000000e+00
15.76	0.0000000e+00
15.79	0.0000000e+00
15.83	0.0000000e+00
15.86	0.0000000e+00
15.89	0.0000000e+00
15.93	0.0000000e+00
15.96	0.0000000e+00
16.00	0.0000000e+00
16.03	0.0000000e+00
16.06	0.0000000e+00
16.10	0.0000000e+00
16.13	0.0000000e+00
16.17	0.0000000e+00
16.20	0.0000000e+00
16.23	0.0000000e+00
16.27	0.0000000e+00
16.30	0.0000000e+00
16.34	0.0000000e+00
16.37	0.0000000e+00
16.40	0.0000000e+00
16.44	0.0000000e+00
16.47	0.0000000e+00
16.51	0.0000000e+00
16.54	0.0000000e+00
16.58	0.0000000e+00
16.61	0.0000000e+00
16.64	0.0000000e+00
16.68	0.0000000e+00
16.71	0.0000000e+00
16.75	0.0000000e+00
16.78	0.0000000e+00
16.81	0.0000000e+00
16.85	0.0000000e+00
16.88	0.0000000e+00
16.92	0.0000000e+00
16.95	0.0000000e+00
16.98	0.0000000e+00
17.02	0.0000000e+00
17.05	0.0000000e+00
17.09	0.0000000e+00
17.12	0.0000000e+00
17.15	0.0000000e+00
17.19	0.0000000e+00
17.22	0.0000000e+00
17.26	0.0000000e+00
17.29	0.0000000e+00
17.32	0.0000000e+00
17.36	0.0000000e+00
17.39	0.0000000e+00
17.43	0.0000000e+00
17.46	0.0000000e+00
17.49	1.4497033e-263
17.53	1.1448264e-243
17.56	2.8348437e-225
17.60	2.8582588e-208
17.63	1.4940044e-192
17.67	5.0612967e-178
17.70	1.3661452e-164
17.73	3.5559734e-152
17.77	1.0648643e-140
17.80	4.3188678e-130
17.84	2.7587063e-120
17.87	3.1906469e-111
17.90	7.6014812e-103
17.94	4.2028884e-95
17.97	6.0215165e-88
18.01	2.4753667e-81
18.04	3.2083198e-75
18.07	1.4304165e-69
18.11	2.3778415e-64
18.14	1.5877765e-59
18.18	4.5624016e-55
18.21	6.0124566e-51
18.24	3.8542214e-47
18.28	1.2690895e-43
18.31	2.2572600e-40
18.35	2.2720620e-37
18.38	1.3511410e-34
18.41	4.9397818e-32
18.45	1.1519260e-29
18.48	1.7726821e-27
18.52	1.8577781e-25
18.55	1.3650616e-23
18.59	7.2242694e-22
18.62	2.8231085e-20
18.65	8.3358323e-19
18.69	1.8997760e-17
18.72	3.4082946e-16
18.76	4.9018473e-15
18.79	5.7475477e-14
18.82	5.5804344e-13
18.86	4.5516610e-12
18.89	3.1606146e-11
18.93	1.8915621e-10
18.96	9.8687353e-10
18.99	4.5359177e-09
19.03	1.8546265e-08
19.06	6.8067426e-08
19.10	2.2611014e-07
19.13	6.8505959e-07
19.16	1.9065008e-06
19.20	4.9054555e-06
19.23	1.1739928e-05
19.27	2.6278242e-05
19.30	5.5293824e-05
19.33	1.0988174e-04
19.37	2.0710256e-04
19.40	3.7164558e-04
19.44	6.3718139e-04
19.47	1.0469629e-03
19.51	1.6531527e-03
19.54	2.5143202e-03
19.57	3.6905904e-03
19.61	5.2360934e-03
19.64	7.1887840e-03
19.68	9.5585897e-03
19.71	1.2316436e-02
19.74	1.5388988e-02
19.78	1.8666120e-02
19.81	2.2029126e-02
19.85	2.5414866e-02
19.88	2.8848046e-02
19.91	3.2366063e-02
19.95	3.6004549e-02
19.98	3.9797933e-02
20.02	4.3779955e-02
20.05	4.7984121e-02
20.08	5.2444141e-02
20.12	5.7194322e-02
20.15	6.2269952e-02
20.19	6.7707669e-02
20.22	7.3545813e-02
20.25	7.9824789e-02
20.29	8.6587424e-02
20.32	9.3879331e-02
20.36	1.0174930e-01
20.39	1.1024967e-01
20.42	1.1943680e-01
20.46	1.2937144e-01
20.49	1.4011930e-01
20.53	1.5175149e-01
20.56	1.6434514e-01
20.60	1.7798399e-01
20.63	1.9275907e-01
20.66	2.0876944e-01
20.70	2.2612303e-01
20.73	2.4493752e-01
20.77	2.6534138e-01
20.80	2.8747497e-01
20.83	3.1149182e-01
20.87	3.3756003e-01
20.90	3.6586384e-01
20.94	3.9660545e-01
20.97	4.3000700e-01
21.00	4.6631284e-01
21.04	5.0579218e-01
21.07	5.4874199e-01
21.11	5.9549037e-01
21.14	6.4640049e-01
21.17	7.0187495e-01
21.21	7.6236100e-01
21.24	8.2835644e-01
21.28	9.0041662e-01
21.31	9.7916246e-01
21.34	1.0652900e+00
21.38	1.1595817e+00
21.41	1.2629193e+00
21.45	1.3763002e+00
21.48	1.5008559e+00
21.52	1.6378748e+00
21.55	1.7888295e+00
21.58	1.9554108e+00
21.62	2.1395680e+00
21.65	2.3435601e+00
21.69	2.5700190e+00
21.72	2.8220285e+00
21.75	3.1032255e+00
21.79	3.4179294e+00
21.82	3.7713103e+00
21.86	4.1696113e+00
21.89	4.6204465e+00
21.92	5.1332107e+00
21.96	5.7196606e+00
21.99	6.3947828e+00
22.03	7.1782005e+00
22.06	8.0967150e+00
22.09	9.1893972e+00
22.13	1.0518396e+01
22.16	1.2191858e+01
22.20	1.4410307e+01
22.23	1.7553695e+01
22.26	2.2330517e+01
22.30	3.0008274e+01
22.33	4.2730887e+01
22.37	6.3900162e+01
22.40	9.8556756e+01
22.43	1.5364958e+02
22.47	2.3804442e+02
22.50	3.6210620e+02
22.54	5.3670398e+02
22.57	7.7153452e+02
22.61	1.0727359e+03
22.64	1.4398694e+03
22.67	1.8625060e+03
22.71	2.3169194e+03
22.74	2.7638518e+03
22.78	3.1490397e+03
22.81	3.4090256e+03
22.84	3.4850654e+03
22.88	3.3465539e+03
22.91	3.0230243e+03
22.95	2.6334719e+03
22.98	2.2749593e+03
23.01	1.9600717e+03
23.05	1.6865378e+03
23.08	1.4500527e+03
23.12	1.2461210e+03
23.15	1.0705347e+03
23.18	9.1950750e+02
23.22	7.8969467e+02
23.25	6.7817101e+02
23.29	5.8239342e+02
23.32	5.0015940e+02
23.35	4.2956634e+02
23.39	3.6897366e+02
23.42	3.1696857e+02
23.46	2.7233561e+02
23.49	2.3402992e+02
23.53	2.0115374e+02
23.56	1.7293611e+02
23.59	1.4871517e+02
23.63	1.2792287e+02
23.66	1.1007180e+02
23.70	9.4743808e+01
23.73	8.1580222e+01
23.76	7.0273406e+01
23.80	6.0559530e+01
23.83	5.2212341e+01
23.87	4.5037820e+01
23.90	3.8869592e+01
23.93	3.3564987e+01
23.97	2.9001661e+01
24.00	2.5074699e+01
24.04	2.1694123e+01
24.07	1.8782769e+01
24.10	1.6274449e+01
24.14	1.4112392e+01
24.17	1.2247893e+01
24.21	1.0639169e+01
24.24	9.2503647e+00
24.27	8.0507112e+00
24.31	7.0137985e+00
24.34	6.1169544e+00
24.38	5.3407123e+00
24.41	4.6683539e+00
24.44	4.0855184e+00
24.48	3.5798670e+00
24.51	3.1407952e+00
24.55	2.7591867e+00
24.58	2.4272021e+00
24.62	2.1380977e+00
24.65	1.8860703e+00
24.68	1.6661244e+00
24.72	1.4739578e+00
24.75	1.3058636e+00
24.79	1.1586469e+00
24.82	1.0295520e+00
24.85	9.1620133e-01
24.89	8.1654217e-01
24.92	7.2880118e-01
24.96	6.5144546e-01
24.99	5.8314902e-01
25.02	5.2276407e-01
25.06	4.6929627e-01
25.09	4.2188355e-01
25.13	3.7977789e-01
25.16	3.4232966e-01
25.19	3.0897412e-01
25.23	2.7921990e-01
25.26	2.5263900e-01
25.30	2.2885822e-01
25.33	2.0755179e-01
25.36	1.8843503e-01
25.40	1.7125885e-01
25.43	1.5580502e-01
25.47	1.4188217e-01
25.50	1.2932217e-01
25.54	1.1797718e-01
25.57	1.0771700e-01
25.60	9.8426800e-02
25.64	9.0005175e-02
25.67	8.2362429e-02
25.71	7.5419119e-02
25.74	6.9104775e-02
25.77	6.3356795e-02
25.81	5.8119483e-02
25.84	5.3343212e-02
25.88	4.8983701e-02
25.91	4.5001376e-02
25.94	4.1360824e-02
25.98	3.8030302e-02
26.01	3.4981324e-02
26.05	3.2188286e-02
26.08	2.9628143e-02
26.11	2.7280130e-02
26.15	2.5125507e-02
26.18	2.3147342e-02
26.22	2.1330320e-02
26.25	1.9660567e-02
26.28	1.8125505e-02
26.32	1.6713716e-02
26.35	1.5414825e-02
26.39	1.4219393e-02
26.42	1.3118829e-02
26.45	1.2105299e-02
26.49	1.1171662e-02
26.52	1.0311396e-02
26.56	9.5185421e-03
26.59	8.7876535e-03
26.63	8.1137454e-03
26.66	7.4922540e-03
26.69	6.9189979e-03
26.73	6.3901439e-03
26.76	5.9021760e-03
26.80	5.4518674e-03
26.83	5.0362552e-03
26.86	4.6526175e-03
26.90	4.2984529e-03
26.93	3.9714614e-03
26.97	3.6695278e-03
27.00	3.3907057e-03
