# NeutrinoAntineutrinoInteraction/NeutrinoAntineutrinoResonanceCharm interaction rates
# neutrino field: massive Cosmic Neutrino Background, T_CnuB = 1.94535456 K
# Produced with crpropa-data version: 60a1560e37035039ec25f414e0c42a2444bad49c
# log10(E/eV), 1/lambda [1/Mpc]
16.13	0.0000000e+00
16.17	0.0000000e+00
16.20	0.0000000e+00
16.23	0.0000000e+00
16.27	0.0000000e+00
16.30	0.0000000e+00
16.34	0.0000000e+00
16.37	0.0000000e+00
16.40	0.0000000e+00
16.44	0.0000000e+00
16.47	0.0000000e+00
16.51	0.0000000e+00
16.54	0.0000000e+00
16.58	0.0000000e+00
16.61	0.0000000e+00
16.64	0.0000000e+00
16.68	0.0000000e+00
16.71	0.0000000e+00
16.75	0.0000000e+00
16.78	0.0000000e+00
16.81	0.0000000e+00
16.85	0.0000000e+00
16.88	0.0000000e+00
16.92	0.0000000e+00
16.95	0.0000000e+00
16.98	0.0000000e+00
17.02	0.0000000e+00
17.05	0.0000000e+00
17.09	0.0000000e+00
17.12	0.0000000e+00
17.15	0.0000000e+00
17.19	0.0000000e+00
17.22	0.0000000e+00
17.26	0.0000000e+00
17.29	0.0000000e+00
17.32	0.0000000e+00
17.36	0.0000000e+00
17.39	0.0000000e+00
17.43	0.0000000e+00
17.46	0.0000000e+00
17.49	0.0000000e+00
17.53	0.0000000e+00
17.56	0.0000000e+00
17.60	0.0000000e+00
17.63	0.0000000e+00
17.67	0.0000000e+00
17.70	0.0000000e+00
17.73	0.0000000e+00
17.77	0.0000000e+00
17.80	0.0000000e+00
17.84	0.0000000e+00
17.87	0.0000000e+00
17.90	0.0000000e+00
17.94	0.0000000e+00
17.97	0.0000000e+00
18.01	0.0000000e+00
18.04	0.0000000e+00
18.07	0.0000000e+00
18.11	1.0405029e-276
18.14	4.1936734e-256
18.18	4.6862946e-237
18.21	1.9029675e-219
18.24	3.6059516e-203
18.28	4.0180987e-188
18.31	3.2604885e-174
18.35	2.3477436e-161
18.38	1.8009141e-149
18.41	1.7425714e-138
18.45	2.4865008e-128
18.48	6.0452483e-119
18.52	2.8619526e-110
18.55	2.9850656e-102
18.59	7.6888988e-95
18.62	5.4353732e-88
18.65	1.1625948e-81
18.69	8.2346191e-76
18.72	2.0994329e-70
18.76	2.0811278e-65
18.79	8.6139587e-61
18.82	1.5901852e-56
18.86	1.3915795e-52
18.89	6.1074815e-49
18.93	1.4162602e-45
18.96	1.8208641e-42
18.99	1.3571100e-39
19.03	6.1100778e-37
19.06	1.7262976e-34
19.10	3.1704316e-32
19.13	3.9102025e-30
19.16	3.3376228e-28
19.20	2.0273399e-26
19.23	8.9918863e-25
19.27	2.9823034e-23
19.30	7.5612434e-22
19.33	1.4956124e-20
19.37	2.3518419e-19
19.40	2.9917422e-18
19.44	3.1286872e-17
19.47	2.7301792e-16
19.51	2.0155514e-15
19.54	1.2749797e-14
19.57	6.9925595e-14
19.61	3.3614339e-13
19.64	1.4306860e-12
19.68	5.4417889e-12
19.71	1.8657689e-11
19.74	5.8123460e-11
19.78	1.6573698e-10
19.81	4.3552802e-10
19.85	1.0613798e-09
19.88	2.4127037e-09
19.91	5.1433003e-09
19.95	1.0333081e-08
19.98	1.9653703e-08
20.02	3.5538901e-08
20.05	6.1330812e-08
20.08	1.0136750e-07
20.12	1.6097634e-07
20.15	2.4634372e-07
20.19	3.6424313e-07
20.22	5.2161981e-07
20.25	7.2504876e-07
20.29	9.8010352e-07
20.32	1.2906943e-06
20.36	1.6584564e-06
20.39	2.0822932e-06
20.42	2.5581941e-06
20.46	3.0794560e-06
20.49	3.6374155e-06
20.53	4.2227472e-06
20.56	4.8273375e-06
20.60	5.4470298e-06
20.63	6.0849930e-06
20.66	6.7474143e-06
20.70	7.4403811e-06
20.73	8.1698975e-06
20.77	8.9419644e-06
20.80	9.7626537e-06
20.83	1.0638178e-05
20.87	1.1574959e-05
20.90	1.2579690e-05
20.94	1.3659402e-05
20.97	1.4821526e-05
21.00	1.6073961e-05
21.04	1.7425140e-05
21.07	1.8884099e-05
21.11	2.0460551e-05
21.14	2.2164965e-05
21.17	2.4008650e-05
21.21	2.6003843e-05
21.24	2.8163810e-05
21.28	3.0502951e-05
21.31	3.3036919e-05
21.34	3.5782746e-05
21.38	3.8758989e-05
21.41	4.1985884e-05
21.45	4.5485523e-05
21.48	4.9282052e-05
21.52	5.3401882e-05
21.55	5.7873942e-05
21.58	6.2729949e-05
21.62	6.8004721e-05
21.65	7.3736526e-05
21.69	7.9967481e-05
21.72	8.6744002e-05
21.75	9.4117326e-05
21.79	1.0214409e-04
21.82	1.1088704e-04
21.86	1.2041575e-04
21.89	1.3080762e-04
21.92	1.4214884e-04
21.96	1.5453567e-04
21.99	1.6807584e-04
22.03	1.8289029e-04
22.06	1.9911511e-04
22.09	2.1690394e-04
22.13	2.3643083e-04
22.16	2.5789359e-04
22.20	2.8151795e-04
22.23	3.0756253e-04
22.26	3.3632503e-04
22.30	3.6814976e-04
22.33	4.0343710e-04
22.37	4.4265534e-04
22.40	4.8635583e-04
22.43	5.3519228e-04
22.47	5.8994610e-04
22.50	6.5155987e-04
22.54	7.2118262e-04
22.57	8.0023286e-04
22.61	8.9049015e-04
22.64	9.9423825e-04
22.67	1.1145131e-03
22.71	1.2555842e-03
22.74	1.4239617e-03
22.78	1.6305427e-03
22.81	1.8950118e-03
22.84	2.2542478e-03
22.88	2.7769785e-03
22.91	3.5867870e-03
22.95	4.8942213e-03
22.98	7.0358369e-03
23.01	1.0513760e-02
23.05	1.6024864e-02
23.08	2.4465569e-02
23.12	3.6898261e-02
23.15	5.4469305e-02
23.18	7.8276280e-02
23.22	1.0919178e-01
23.25	1.4766085e-01
23.29	1.9349670e-01
23.32	2.4570400e-01
23.35	3.0236069e-01
23.39	3.6058878e-01
23.42	4.1664308e-01
23.46	4.6614438e-01
23.49	5.0447664e-01
23.53	5.2735318e-01
23.56	5.3152716e-01
23.59	5.1557950e-01
23.63	4.8068084e-01
23.66	4.3127534e-01
23.70	3.7597782e-01
23.73	3.2458502e-01
23.76	2.7951925e-01
23.80	2.4043271e-01
23.83	2.0667608e-01
23.87	1.7758741e-01
23.90	1.5255470e-01
23.93	1.3103112e-01
23.97	1.1253572e-01
24.00	9.6649018e-02
24.04	8.3007076e-02
24.07	7.1295114e-02
24.10	6.1241494e-02
24.14	5.2612167e-02
24.17	4.5205700e-02
24.21	3.8848877e-02
24.24	3.3392842e-02
24.27	2.8709739e-02
24.31	2.4689790e-02
24.34	2.1238769e-02
24.38	1.8275819e-02
24.41	1.5731568e-02
24.44	1.3546507e-02
24.48	1.1669592e-02
24.51	1.0057048e-02
24.55	8.6713301e-03
24.58	7.4802435e-03
24.62	6.4561788e-03
24.65	5.5754600e-03
24.68	4.8177837e-03
24.72	4.1657382e-03
24.75	3.6043908e-03
24.79	3.1209345e-03
24.82	2.7043845e-03
24.85	2.3453179e-03
24.89	2.0356512e-03
24.92	1.7684489e-03
24.96	1.5377597e-03
24.99	1.3384762e-03
25.02	1.1662145e-03
25.06	1.0172112e-03
25.09	8.8823471e-04
25.13	7.7650972e-04
25.16	6.7965217e-04
25.19	5.9561360e-04
25.23	5.2263342e-04
25.26	4.5919808e-04
25.30	4.0400596e-04
25.33	3.5593733e-04
25.36	3.1402859e-04
25.40	2.7745020e-04
25.43	2.4548771e-04
25.47	2.1752555e-04
25.50	1.9303307e-04
25.54	1.7155260e-04
25.57	1.5268922e-04
25.60	1.3610195e-04
25.64	1.2149619e-04
25.67	1.0861730e-04
25.71	9.7244947e-05
25.74	8.7188428e-05
25.77	7.8282508e-05
25.81	7.0383923e-05
25.84	6.3368349e-05
25.88	5.7127803e-05
25.91	5.1568410e-05
25.94	4.6608473e-05
25.98	4.2176830e-05
26.01	3.8211419e-05
26.05	3.4658064e-05
26.08	3.1469411e-05
26.11	2.8604023e-05
26.15	2.6025595e-05
26.18	2.3702279e-05
26.22	2.1606097e-05
26.25	1.9712442e-05
26.28	1.7999638e-05
26.32	1.6448568e-05
26.35	1.5042345e-05
26.39	1.3766031e-05
26.42	1.2606392e-05
26.45	1.1551688e-05
26.49	1.0591490e-05
26.52	9.7165133e-06
26.56	8.9184882e-06
26.59	8.1900322e-06
26.63	7.5245476e-06
26.66	6.9161286e-06
26.69	6.3594815e-06
26.73	5.8498545e-06
26.76	5.3829762e-06
26.80	4.9550016e-06
26.83	4.5624652e-06
26.86	4.2022396e-06
26.90	3.8714985e-06
26.93	3.5676850e-06
26.97	3.2884827e-06
27.00	3.0317915e-06
