# NeutrinoAntineutrinoInteraction/NeutrinoAntineutrinoResonanceCharm interaction rates
# neutrino field: massive Cosmic Neutrino Background, T_CnuB = 1.94535456 K
# Produced with crpropa-data version: 60a1560e37035039ec25f414e0c42a2444bad49c
# log10(E/eV), 1/lambda [1/Mpc]
15.83	0.0000000e+00
15.86	0.0000000e+00
15.89	0.0000000e+00
15.93	0.0000000e+00
15.96	0.0000000e+00
16.00	0.0000000e+00
16.03	0.0000000e+00
16.06	0.0000000e+00
16.10	0.0000000e+00
16.13	0.0000000e+00
16.17	0.0000000e+00
16.20	0.0000000e+00
16.23	0.0000000e+00
16.27	0.0000000e+00
16.30	0.0000000e+00
16.34	0.0000000e+00
16.37	0.0000000e+00
16.40	0.0000000e+00
16.44	0.0000000e+00
16.47	0.0000000e+00
16.51	0.0000000e+00
16.54	0.0000000e+00
16.58	0.0000000e+00
16.61	0.0000000e+00
16.64	0.0000000e+00
16.68	0.0000000e+00
16.71	0.0000000e+00
16.75	0.0000000e+00
16.78	0.0000000e+00
16.81	0.0000000e+00
16.85	0.0000000e+00
16.88	0.0000000e+00
16.92	0.0000000e+00
16.95	0.0000000e+00
16.98	0.0000000e+00
17.02	0.0000000e+00
17.05	0.0000000e+00
17.09	0.0000000e+00
17.12	0.0000000e+00
17.15	0.0000000e+00
17.19	0.0000000e+00
17.22	0.0000000e+00
17.26	0.0000000e+00
17.29	0.0000000e+00
17.32	0.0000000e+00
17.36	0.0000000e+00
17.39	0.0000000e+00
17.43	0.0000000e+00
17.46	0.0000000e+00
17.49	0.0000000e+00
17.53	0.0000000e+00
17.56	0.0000000e+00
17.60	0.0000000e+00
17.63	0.0000000e+00
17.67	0.0000000e+00
17.70	0.0000000e+00
17.73	0.0000000e+00
17.77	9.0978004e-278
17.80	6.3023757e-257
17.84	1.1626568e-237
17.87	7.5093309e-220
17.90	2.1868230e-203
17.94	3.6279605e-188
17.97	4.2565784e-174
18.01	4.3135767e-161
18.04	4.5422852e-149
18.07	5.8965527e-138
18.11	1.1051940e-127
18.14	3.4613876e-118
18.18	2.0734995e-109
18.21	2.6918276e-101
18.24	8.5003856e-94
18.28	7.2653450e-87
18.31	1.8551683e-80
18.35	1.5505012e-74
18.38	4.6151720e-69
18.41	5.2897443e-64
18.45	2.5093643e-59
18.48	5.2670370e-55
18.52	5.2029843e-51
18.55	2.5610337e-47
18.59	6.6219148e-44
18.62	9.4441505e-41
18.65	7.7725868e-38
18.69	3.8488525e-35
18.72	1.1918954e-32
18.76	2.3922455e-30
18.79	3.2165481e-28
18.82	2.9872475e-26
18.86	1.9712182e-24
18.89	9.4873760e-23
18.93	3.4120889e-21
18.96	9.3774614e-20
18.99	2.0106693e-18
19.03	3.4285626e-17
19.06	4.7326135e-16
19.10	5.3756440e-15
19.13	5.1013726e-14
19.16	4.1016562e-13
19.20	2.8305622e-12
19.23	1.6967651e-11
19.27	8.9330127e-11
19.30	4.1726853e-10
19.33	1.7455557e-09
19.37	6.5959036e-09
19.40	2.2690132e-08
19.44	7.1566316e-08
19.47	2.0828889e-07
19.51	5.6256189e-07
19.54	1.4169223e-06
19.57	3.3414777e-06
19.61	7.3999812e-06
19.64	1.5413064e-05
19.68	3.0177989e-05
19.71	5.5342868e-05
19.74	9.4287864e-05
19.78	1.4725980e-04
19.81	2.0801175e-04
19.85	2.6824796e-04
19.88	3.2713542e-04
19.91	3.8547657e-04
19.95	4.4400739e-04
19.98	5.0341116e-04
20.02	5.6433062e-04
20.05	6.2737882e-04
20.08	6.9314871e-04
20.12	7.6222186e-04
20.15	8.3517642e-04
20.19	9.1259442e-04
20.22	9.9506865e-04
20.25	1.0832092e-03
20.29	1.1776496e-03
20.32	1.2790533e-03
20.36	1.3881194e-03
20.39	1.5055891e-03
20.42	1.6322517e-03
20.46	1.7689515e-03
20.49	1.9165941e-03
20.53	2.0761542e-03
20.56	2.2486827e-03
20.60	2.4353151e-03
20.63	2.6372804e-03
20.66	2.8559108e-03
20.70	3.0926517e-03
20.73	3.3490738e-03
20.77	3.6268851e-03
20.80	3.9279452e-03
20.83	4.2542803e-03
20.87	4.6081004e-03
20.90	4.9918183e-03
20.94	5.4080700e-03
20.97	5.8597393e-03
21.00	6.3499829e-03
21.04	6.8822609e-03
21.07	7.4603698e-03
21.11	8.0884799e-03
21.14	8.7711781e-03
21.17	9.5135159e-03
21.21	1.0321065e-02
21.24	1.1199978e-02
21.28	1.2157064e-02
21.31	1.3199867e-02
21.34	1.4336763e-02
21.38	1.5577072e-02
21.41	1.6931182e-02
21.45	1.8410699e-02
21.48	2.0028622e-02
21.52	2.1799549e-02
21.55	2.3739913e-02
21.58	2.5868276e-02
21.62	2.8205661e-02
21.65	3.0775965e-02
21.69	3.3606449e-02
21.72	3.6728329e-02
21.75	4.0177498e-02
21.79	4.3995413e-02
21.82	4.8230178e-02
21.86	5.2937908e-02
21.89	5.8184413e-02
21.92	6.4047341e-02
21.96	7.0618898e-02
21.99	7.8009355e-02
22.03	8.6351595e-02
22.06	9.5807111e-02
22.09	1.0657400e-01
22.13	1.1889779e-01
22.16	1.3308637e-01
22.20	1.4953097e-01
22.23	1.6873655e-01
22.26	1.9136726e-01
22.30	2.1831859e-01
22.33	2.5084174e-01
22.37	2.9078222e-01
22.40	3.4108649e-01
22.43	4.0694206e-01
22.47	4.9835923e-01
22.50	6.3581097e-01
22.54	8.6180901e-01
22.57	1.2628499e+00
22.61	2.0072638e+00
22.64	3.4032147e+00
22.67	5.9733846e+00
22.71	1.0520979e+01
22.74	1.8111985e+01
22.78	2.9802630e+01
22.81	4.5805982e+01
22.84	6.3820544e+01
22.88	7.7336033e+01
22.91	7.8393324e+01
22.95	7.0023181e+01
22.98	6.0932660e+01
23.01	5.2684872e+01
23.05	4.5425399e+01
23.08	3.9105940e+01
23.12	3.3634063e+01
23.15	2.8910310e+01
23.18	2.4839980e+01
23.22	2.1336994e+01
23.25	1.8324827e+01
23.29	1.5736268e+01
23.32	1.3512717e+01
23.35	1.1603311e+01
23.39	9.9640499e+00
23.42	8.5569453e+00
23.46	7.3492561e+00
23.49	6.3127947e+00
23.53	5.4233160e+00
23.56	4.6599800e+00
23.59	4.0048833e+00
23.63	3.4426518e+00
23.66	2.9600879e+00
23.70	2.5458655e+00
23.73	2.1902666e+00
23.76	1.8849544e+00
23.80	1.6227781e+00
23.83	1.3976049e+00
23.87	1.2041751e+00
23.90	1.0379785e+00
23.93	8.9514751e-01
23.97	7.7236581e-01
24.00	6.6678959e-01
24.04	5.7598035e-01
24.07	4.9784701e-01
24.10	4.3059637e-01
24.14	3.7269056e-01
24.17	3.2281064e-01
24.21	2.7982529e-01
24.24	2.4276407e-01
24.27	2.1079445e-01
24.31	1.8320211e-01
24.34	1.5937405e-01
24.38	1.3878421e-01
24.41	1.2098098e-01
24.44	1.0557666e-01
24.48	9.2238325e-02
24.51	8.0680005e-02
24.55	7.0656034e-02
24.58	6.1955304e-02
24.62	5.4396355e-02
24.65	4.7823163e-02
24.68	4.2101533e-02
24.72	3.7116009e-02
24.75	3.2767213e-02
24.79	2.8969579e-02
24.82	2.5649398e-02
24.85	2.2743150e-02
24.89	2.0196063e-02
24.92	1.7960890e-02
24.96	1.5996851e-02
24.99	1.4268724e-02
25.02	1.2746074e-02
25.06	1.1402579e-02
25.09	1.0215463e-02
25.13	9.1650020e-03
25.16	8.2341015e-03
25.19	7.4079341e-03
25.23	6.6736274e-03
25.26	6.0199963e-03
25.30	5.4373126e-03
25.33	4.9171066e-03
25.36	4.4519965e-03
25.40	4.0355421e-03
25.43	3.6621178e-03
25.47	3.3268043e-03
25.50	3.0252943e-03
25.54	2.7538118e-03
25.57	2.5090425e-03
25.60	2.2880729e-03
25.64	2.0883390e-03
25.67	1.9075810e-03
25.71	1.7438041e-03
25.74	1.5952453e-03
25.77	1.4603442e-03
25.81	1.3377172e-03
25.84	1.2261362e-03
25.88	1.1245093e-03
25.91	1.0318642e-03
25.94	9.4733366e-04
25.98	8.7014348e-04
26.01	7.9960106e-04
26.05	7.3508608e-04
26.08	6.7604215e-04
26.11	6.2196949e-04
26.15	5.7241859e-04
26.18	5.2698456e-04
26.22	4.8530226e-04
26.25	4.4704194e-04
26.28	4.1190548e-04
26.32	3.7962300e-04
26.35	3.4994990e-04
26.39	3.2266427e-04
26.42	2.9756454e-04
26.45	2.7446745e-04
26.49	2.5320620e-04
26.52	2.3362884e-04
26.56	2.1559682e-04
26.59	1.9898372e-04
26.63	1.8367404e-04
26.66	1.6956225e-04
26.69	1.5655178e-04
26.73	1.4455428e-04
26.76	1.3348878e-04
26.80	1.2328112e-04
26.83	1.1386324e-04
26.86	1.0517274e-04
26.90	9.7152314e-05
26.93	8.9749324e-05
26.97	8.2915412e-05
27.00	7.6606124e-05
