# NeutrinoAntineutrinoInteraction/NeutrinoAntineutrinoResonanceCharm interaction rates
# neutrino field: massive Cosmic Neutrino Background, T_CnuB = 1.94535456 K
# Produced with crpropa-data version: 60a1560e37035039ec25f414e0c42a2444bad49c
# log10(E/eV), 1/lambda [1/Mpc]
16.27	0.0000000e+00
16.30	0.0000000e+00
16.34	0.0000000e+00
16.37	0.0000000e+00
16.40	0.0000000e+00
16.44	0.0000000e+00
16.47	0.0000000e+00
16.51	0.0000000e+00
16.54	0.0000000e+00
16.58	0.0000000e+00
16.61	0.0000000e+00
16.64	0.0000000e+00
16.68	0.0000000e+00
16.71	0.0000000e+00
16.75	0.0000000e+00
16.78	0.0000000e+00
16.81	0.0000000e+00
16.85	0.0000000e+00
16.88	0.0000000e+00
16.92	0.0000000e+00
16.95	0.0000000e+00
16.98	0.0000000e+00
17.02	0.0000000e+00
17.05	0.0000000e+00
17.09	0.0000000e+00
17.12	0.0000000e+00
17.15	0.0000000e+00
17.19	0.0000000e+00
17.22	0.0000000e+00
17.26	0.0000000e+00
17.29	0.0000000e+00
17.32	0.0000000e+00
17.36	0.0000000e+00
17.39	0.0000000e+00
17.43	0.0000000e+00
17.46	0.0000000e+00
17.49	0.0000000e+00
17.53	0.0000000e+00
17.56	0.0000000e+00
17.60	0.0000000e+00
17.63	0.0000000e+00
17.67	0.0000000e+00
17.70	0.0000000e+00
17.73	0.0000000e+00
17.77	0.0000000e+00
17.80	0.0000000e+00
17.84	0.0000000e+00
17.87	0.0000000e+00
17.90	0.0000000e+00
17.94	0.0000000e+00
17.97	0.0000000e+00
18.01	0.0000000e+00
18.04	0.0000000e+00
18.07	0.0000000e+00
18.11	0.0000000e+00
18.14	0.0000000e+00
18.18	0.0000000e+00
18.21	0.0000000e+00
18.24	1.9946937e-270
18.28	2.3622616e-250
18.31	8.5065636e-232
18.35	1.2122999e-214
18.38	8.7240082e-199
18.41	3.9710829e-184
18.45	1.4081350e-170
18.48	4.7157775e-158
18.52	1.7822053e-146
18.55	8.9607819e-136
18.59	6.9793148e-126
18.62	9.6931955e-117
18.65	2.7340525e-108
18.69	1.7663162e-100
18.72	2.9211043e-93
18.76	1.3705490e-86
18.79	2.0062926e-80
18.82	1.0004957e-74
18.86	1.8435165e-69
18.89	1.3530607e-64
18.93	4.2402577e-60
18.96	6.0501039e-56
18.99	4.1707685e-52
19.03	1.4675539e-48
19.06	2.7729408e-45
19.10	2.9487436e-42
19.13	1.8430096e-39
19.16	7.0475092e-37
19.20	1.7110815e-34
19.23	2.7297806e-32
19.27	2.9537852e-30
19.30	2.2323293e-28
19.33	1.2107102e-26
19.37	4.8318330e-25
19.40	1.4522471e-23
19.44	3.3584190e-22
19.47	6.0954115e-21
19.51	8.8431123e-20
19.54	1.0430437e-18
19.57	1.0160213e-17
19.61	8.2928194e-17
19.64	5.7480936e-16
19.68	3.4257355e-15
19.71	1.7757197e-14
19.74	8.0908568e-14
19.78	3.2724888e-13
19.81	1.1856888e-12
19.85	3.8808162e-12
19.88	1.1564159e-11
19.91	3.1598850e-11
19.95	7.9705839e-11
19.98	1.8674611e-10
20.02	4.0873171e-10
20.05	8.4013677e-10
20.08	1.6297341e-09
20.12	2.9971745e-09
20.15	5.2476427e-09
20.19	8.7814752e-09
20.22	1.4095855e-08
20.25	2.1776634e-08
20.29	3.2479829e-08
20.32	4.6904079e-08
20.36	6.5756895e-08
20.39	8.9718668e-08
20.42	1.1940877e-07
20.46	1.5535776e-07
20.49	1.9798889e-07
20.53	2.4761046e-07
20.56	3.0441958e-07
20.60	3.6851608e-07
20.63	4.3992449e-07
20.66	5.1862144e-07
20.70	6.0456550e-07
20.73	6.9772678e-07
20.77	7.9811424e-07
20.80	9.0579909e-07
20.83	1.0209336e-06
20.87	1.1437653e-06
20.90	1.2746466e-06
20.94	1.4140407e-06
20.97	1.5625249e-06
21.00	1.7207919e-06
21.04	1.8896498e-06
21.07	2.0700220e-06
21.11	2.2629473e-06
21.14	2.4695809e-06
21.17	2.6911967e-06
21.21	2.9291903e-06
21.24	3.1850840e-06
21.28	3.4605339e-06
21.31	3.7573382e-06
21.34	4.0774470e-06
21.38	4.4229750e-06
21.41	4.7962149e-06
21.45	5.1996541e-06
21.48	5.6359928e-06
21.52	6.1081642e-06
21.55	6.6193582e-06
21.58	7.1730470e-06
21.62	7.7730141e-06
21.65	8.4233870e-06
21.69	9.1286734e-06
21.72	9.8938022e-06
21.75	1.0724169e-05
21.79	1.1625689e-05
21.82	1.2604854e-05
21.86	1.3668799e-05
21.89	1.4825378e-05
21.92	1.6083249e-05
21.96	1.7451972e-05
21.99	1.8942122e-05
22.03	2.0565419e-05
22.06	2.2334875e-05
22.09	2.4264970e-05
22.13	2.6371854e-05
22.16	2.8673584e-05
22.20	3.1190403e-05
22.23	3.3945070e-05
22.26	3.6963255e-05
22.30	4.0274004e-05
22.33	4.3910308e-05
22.37	4.7909789e-05
22.40	5.2315535e-05
22.43	5.7177129e-05
22.47	6.2551934e-05
22.50	6.8506691e-05
22.54	7.5119563e-05
22.57	8.2482744e-05
22.61	9.0705876e-05
22.64	9.9920578e-05
22.67	1.1028661e-04
22.71	1.2200057e-04
22.74	1.3530887e-04
22.78	1.5052894e-04
22.81	1.6808827e-04
22.84	1.8860396e-04
22.88	2.1305246e-04
22.91	2.4312657e-04
22.95	2.8194140e-04
22.98	3.3531282e-04
23.01	4.1384221e-04
23.05	5.3593405e-04
23.08	7.3159850e-04
23.12	1.0464623e-03
23.15	1.5449374e-03
23.18	2.3111704e-03
23.22	3.4464189e-03
23.25	5.0619883e-03
23.29	7.2677699e-03
23.32	1.0157515e-02
23.35	1.3792965e-02
23.39	1.8189511e-02
23.42	2.3306029e-02
23.46	2.9040921e-02
23.49	3.5235329e-02
23.53	4.1683292e-02
23.56	4.8147487e-02
23.59	5.4378375e-02
23.63	6.0134212e-02
23.66	6.5199441e-02
23.70	6.9399459e-02
23.73	7.2610418e-02
23.76	7.4763592e-02
23.80	7.5844541e-02
23.83	7.5887937e-02
23.87	7.4969277e-02
23.90	7.3194830e-02
23.93	7.0691087e-02
23.97	6.7594752e-02
24.00	6.4044022e-02
24.04	6.0171571e-02
24.07	5.6099385e-02
24.10	5.1935393e-02
24.14	4.7771672e-02
24.17	4.3683939e-02
24.21	3.9732026e-02
24.24	3.5961038e-02
24.27	3.2402934e-02
24.31	2.9078319e-02
24.34	2.5998289e-02
24.38	2.3166211e-02
24.41	2.0579368e-02
24.44	1.8230420e-02
24.48	1.6108667e-02
24.51	1.4201107e-02
24.55	1.2493310e-02
24.58	1.0970113e-02
24.62	9.6161565e-03
24.65	8.4163033e-03
24.68	7.3559309e-03
24.72	6.4211433e-03
24.75	5.5989053e-03
24.79	4.8771211e-03
24.82	4.2446676e-03
24.85	3.6913944e-03
24.89	3.2081001e-03
24.92	2.7864912e-03
24.96	2.4191296e-03
24.99	2.0993737e-03
25.02	1.8213159e-03
25.06	1.5797195e-03
25.09	1.3699568e-03
25.13	1.1879492e-03
25.16	1.0301106e-03
25.19	8.9329520e-04
25.23	7.7474850e-04
25.26	6.7206293e-04
25.30	5.8313749e-04
25.33	5.0614129e-04
25.36	4.3948085e-04
25.40	3.8177088e-04
25.43	3.3180833e-04
25.47	2.8854937e-04
25.50	2.5108903e-04
25.54	2.1864333e-04
25.57	1.9053352e-04
25.60	1.6617228e-04
25.64	1.4505167e-04
25.67	1.2673256e-04
25.71	1.1083546e-04
25.74	9.7032526e-05
25.77	8.5040569e-05
25.81	7.4615042e-05
25.84	6.5544780e-05
25.88	5.7647462e-05
25.91	5.0765672e-05
25.94	4.4763495e-05
25.98	3.9523571e-05
26.01	3.4944548e-05
26.05	3.0938885e-05
26.08	2.7430953e-05
26.11	2.4355398e-05
26.15	2.1655723e-05
26.18	1.9283076e-05
26.22	1.7195194e-05
26.25	1.5355500e-05
26.28	1.3732320e-05
26.32	1.2298212e-05
26.35	1.1029385e-05
26.39	9.9052022e-06
26.42	8.9077473e-06
26.45	8.0214558e-06
26.49	7.2327950e-06
26.52	6.5299886e-06
26.56	5.9027798e-06
26.59	5.3422264e-06
26.63	4.8405245e-06
26.66	4.3908567e-06
26.69	3.9872605e-06
26.73	3.6245152e-06
26.76	3.2980444e-06
26.80	3.0038314e-06
26.83	2.7383461e-06
26.86	2.4984822e-06
26.90	2.2815026e-06
26.93	2.0849923e-06
26.97	1.9068174e-06
27.00	1.7450895e-06
