# NeutrinoAntineutrinoInteraction/NeutrinoAntineutrinoResonanceCharm interaction rates
# neutrino field: massive Cosmic Neutrino Background, T_CnuB = 1.94535456 K
# Produced with crpropa-data version: 60a1560e37035039ec25f414e0c42a2444bad49c
# log10(E/eV), 1/lambda [1/Mpc]
16.75	0.0000000e+00
16.78	0.0000000e+00
16.81	0.0000000e+00
16.85	0.0000000e+00
16.88	0.0000000e+00
16.92	0.0000000e+00
16.95	0.0000000e+00
16.98	0.0000000e+00
17.02	0.0000000e+00
17.05	0.0000000e+00
17.09	0.0000000e+00
17.12	0.0000000e+00
17.15	0.0000000e+00
17.19	0.0000000e+00
17.22	0.0000000e+00
17.26	0.0000000e+00
17.29	0.0000000e+00
17.32	0.0000000e+00
17.36	0.0000000e+00
17.39	0.0000000e+00
17.43	0.0000000e+00
17.46	0.0000000e+00
17.49	0.0000000e+00
17.53	0.0000000e+00
17.56	0.0000000e+00
17.60	0.0000000e+00
17.63	0.0000000e+00
17.67	0.0000000e+00
17.70	0.0000000e+00
17.73	0.0000000e+00
17.77	0.0000000e+00
17.80	0.0000000e+00
17.84	0.0000000e+00
17.87	0.0000000e+00
17.90	0.0000000e+00
17.94	0.0000000e+00
17.97	0.0000000e+00
18.01	0.0000000e+00
18.04	0.0000000e+00
18.07	0.0000000e+00
18.11	0.0000000e+00
18.14	0.0000000e+00
18.18	0.0000000e+00
18.21	0.0000000e+00
18.24	0.0000000e+00
18.28	0.0000000e+00
18.31	0.0000000e+00
18.35	0.0000000e+00
18.38	0.0000000e+00
18.41	0.0000000e+00
18.45	0.0000000e+00
18.48	0.0000000e+00
18.52	0.0000000e+00
18.55	0.0000000e+00
18.59	0.0000000e+00
18.62	0.0000000e+00
18.65	0.0000000e+00
18.69	0.0000000e+00
18.72	2.4321100e-273
18.76	2.9603831e-253
18.79	1.0950580e-234
18.82	1.6024216e-217
18.86	1.1837406e-201
18.89	5.5307182e-187
18.93	2.0131456e-173
18.96	6.9220765e-161
18.99	2.6869203e-149
19.03	1.3883121e-138
19.06	1.1119819e-128
19.10	1.5895191e-119
19.13	4.6191473e-111
19.16	3.0781943e-103
19.20	5.2582354e-96
19.23	2.5522581e-89
19.27	3.8718172e-83
19.30	2.0047709e-77
19.33	3.8437253e-72
19.37	2.9423703e-67
19.40	9.6418901e-63
19.44	1.4425739e-58
19.47	1.0459643e-54
19.51	3.8837381e-51
19.54	7.7713272e-48
19.57	8.7852231e-45
19.61	5.8612557e-42
19.64	2.4030369e-39
19.68	6.2849898e-37
19.71	1.0855636e-34
19.74	1.2785738e-32
19.78	1.0577785e-30
19.81	6.3180566e-29
19.85	2.7946549e-27
19.88	9.3722758e-26
19.91	2.4355167e-24
19.95	5.0040233e-23
19.98	8.2818852e-22
20.02	1.1233431e-20
20.05	1.2688026e-19
20.08	1.2110690e-18
20.12	9.9022267e-18
20.15	7.0227809e-17
20.19	4.3698573e-16
20.22	2.4106524e-15
20.25	1.1901345e-14
20.29	5.3024666e-14
20.32	2.1473659e-13
20.36	7.9509880e-13
20.39	2.7028082e-12
20.42	8.4490682e-12
20.46	2.4230964e-11
20.49	6.3124624e-11
20.53	1.4568756e-10
20.56	2.8320953e-10
20.60	4.4226471e-10
20.63	5.9546373e-10
20.66	7.4419924e-10
20.70	8.9057702e-10
20.73	1.0365172e-09
20.77	1.1837912e-09
20.80	1.3340541e-09
20.83	1.4888735e-09
20.87	1.6497546e-09
20.90	1.8181635e-09
20.94	1.9955480e-09
20.97	2.1833561e-09
21.00	2.3830543e-09
21.04	2.5961440e-09
21.07	2.8241776e-09
21.11	3.0687737e-09
21.14	3.3316327e-09
21.17	3.6145521e-09
21.21	3.9194418e-09
21.24	4.2483400e-09
21.28	4.6034298e-09
21.31	4.9870571e-09
21.34	5.4017481e-09
21.38	5.8502298e-09
21.41	6.3354507e-09
21.45	6.8606041e-09
21.48	7.4291525e-09
21.52	8.0448552e-09
21.55	8.7117979e-09
21.58	9.4344254e-09
21.62	1.0217578e-08
21.65	1.1066531e-08
21.69	1.1987040e-08
21.72	1.2985388e-08
21.75	1.4068445e-08
21.79	1.5243722e-08
21.82	1.6519449e-08
21.86	1.7904643e-08
21.89	1.9409204e-08
21.92	2.1044007e-08
21.96	2.2821015e-08
21.99	2.4753408e-08
22.03	2.6855724e-08
22.06	2.9144024e-08
22.09	3.1636081e-08
22.13	3.4351599e-08
22.16	3.7312457e-08
22.20	4.0543001e-08
22.23	4.4070382e-08
22.26	4.7924941e-08
22.30	5.2140672e-08
22.33	5.6755753e-08
22.37	6.1813186e-08
22.40	6.7361544e-08
22.43	7.3455865e-08
22.47	8.0158723e-08
22.50	8.7541514e-08
22.54	9.5686010e-08
22.57	1.0468625e-07
22.61	1.1465086e-07
22.64	1.2570590e-07
22.67	1.3799837e-07
22.71	1.5170069e-07
22.74	1.6701620e-07
22.78	1.8418623e-07
22.81	2.0349918e-07
22.84	2.2530222e-07
22.88	2.5001660e-07
22.91	2.7815803e-07
22.95	3.1036388e-07
22.98	3.4743037e-07
23.01	3.9036399e-07
23.05	4.4045397e-07
23.08	4.9937675e-07
23.12	5.6935015e-07
23.15	6.5336788e-07
23.18	7.5557037e-07
23.22	8.8186416e-07
23.25	1.0410448e-06
23.29	1.2470775e-06
23.32	1.5243546e-06
23.35	1.9210617e-06
23.39	2.5445738e-06
23.42	3.6537683e-06
23.46	5.8858501e-06
23.49	1.0759809e-05
23.53	2.1617891e-05
23.56	4.4808887e-05
23.59	8.9087882e-05
23.63	1.5602899e-04
23.66	2.1398186e-04
23.70	2.1373813e-04
23.73	1.8927897e-04
23.76	1.6463994e-04
23.80	1.4237147e-04
23.83	1.2277220e-04
23.87	1.0570499e-04
23.90	9.0922137e-05
23.93	7.8157191e-05
23.97	6.7155867e-05
24.00	5.7686594e-05
24.04	4.9543216e-05
24.07	4.2544496e-05
24.10	3.6532292e-05
24.14	3.1369283e-05
24.17	2.6936617e-05
24.21	2.3131657e-05
24.24	1.9865917e-05
24.27	1.7063207e-05
24.31	1.4657981e-05
24.34	1.2593895e-05
24.38	1.0822536e-05
24.41	9.3023305e-06
24.44	7.9975874e-06
24.48	6.8776748e-06
24.51	5.9163093e-06
24.55	5.0909427e-06
24.58	4.3822339e-06
24.62	3.7735944e-06
24.65	3.2507982e-06
24.68	2.8016459e-06
24.72	2.4156765e-06
24.75	2.0839197e-06
24.79	1.7986839e-06
24.82	1.5533733e-06
24.85	1.3423324e-06
24.89	1.1607112e-06
24.92	1.0043505e-06
24.96	8.6968324e-07
24.99	7.5364997e-07
25.02	6.5362638e-07
25.06	5.6736119e-07
25.09	4.9292286e-07
25.13	4.2865401e-07
25.16	3.7313227e-07
25.19	3.2513678e-07
25.23	2.8361945e-07
25.26	2.4768033e-07
25.30	2.1654652e-07
25.33	1.8955408e-07
25.36	1.6613251e-07
25.40	1.4579151e-07
25.43	1.2810954e-07
25.47	1.1272410e-07
25.50	9.9323312e-08
25.54	8.7638815e-08
25.57	7.7439554e-08
25.60	6.8526531e-08
25.64	6.0728283e-08
25.67	5.3896997e-08
25.71	4.7905184e-08
25.74	4.2642830e-08
25.77	3.8014941e-08
25.81	3.3939446e-08
25.84	3.0345392e-08
25.88	2.7171396e-08
25.91	2.4364314e-08
25.94	2.1878104e-08
25.98	1.9672841e-08
26.01	1.7713875e-08
26.05	1.5971111e-08
26.08	1.4418380e-08
26.11	1.3032910e-08
26.15	1.1794861e-08
26.18	1.0686930e-08
26.22	9.6940113e-09
26.25	8.8028988e-09
26.28	8.0020367e-09
26.32	7.2812987e-09
26.35	6.6318009e-09
26.39	6.0457384e-09
26.42	5.5162453e-09
26.45	5.0372736e-09
26.49	4.6034879e-09
26.52	4.2101751e-09
26.56	3.8531655e-09
26.59	3.5287646e-09
26.63	3.2336947e-09
26.66	2.9650429e-09
26.69	2.7202171e-09
26.73	2.4969072e-09
26.76	2.2930509e-09
26.80	2.1068051e-09
26.83	1.9365197e-09
26.86	1.7807153e-09
26.90	1.6380641e-09
26.93	1.5073721e-09
26.97	1.3875646e-09
27.00	1.2776727e-09
