# NeutrinoAntineutrinoInteraction/NeutrinoAntineutrinoResonanceCharm interaction rates
# neutrino field: massive Cosmic Neutrino Background, T_CnuB = 1.94535456 K
# Produced with crpropa-data version: 60a1560e37035039ec25f414e0c42a2444bad49c
# log10(E/eV), 1/lambda [1/Mpc]
16.44	0.0000000e+00
16.47	0.0000000e+00
16.51	0.0000000e+00
16.54	0.0000000e+00
16.58	0.0000000e+00
16.61	0.0000000e+00
16.64	0.0000000e+00
16.68	0.0000000e+00
16.71	0.0000000e+00
16.75	0.0000000e+00
16.78	0.0000000e+00
16.81	0.0000000e+00
16.85	0.0000000e+00
16.88	0.0000000e+00
16.92	0.0000000e+00
16.95	0.0000000e+00
16.98	0.0000000e+00
17.02	0.0000000e+00
17.05	0.0000000e+00
17.09	0.0000000e+00
17.12	0.0000000e+00
17.15	0.0000000e+00
17.19	0.0000000e+00
17.22	0.0000000e+00
17.26	0.0000000e+00
17.29	0.0000000e+00
17.32	0.0000000e+00
17.36	0.0000000e+00
17.39	0.0000000e+00
17.43	0.0000000e+00
17.46	0.0000000e+00
17.49	0.0000000e+00
17.53	0.0000000e+00
17.56	0.0000000e+00
17.60	0.0000000e+00
17.63	0.0000000e+00
17.67	0.0000000e+00
17.70	0.0000000e+00
17.73	0.0000000e+00
17.77	0.0000000e+00
17.80	0.0000000e+00
17.84	0.0000000e+00
17.87	0.0000000e+00
17.90	0.0000000e+00
17.94	0.0000000e+00
17.97	0.0000000e+00
18.01	0.0000000e+00
18.04	0.0000000e+00
18.07	0.0000000e+00
18.11	0.0000000e+00
18.14	0.0000000e+00
18.18	0.0000000e+00
18.21	0.0000000e+00
18.24	0.0000000e+00
18.28	0.0000000e+00
18.31	0.0000000e+00
18.35	0.0000000e+00
18.38	0.0000000e+00
18.41	4.9736377e-275
18.45	1.0917917e-254
18.48	6.9559897e-236
18.52	1.6800125e-218
18.55	1.9689348e-202
18.59	1.4068773e-187
18.62	7.5691727e-174
18.65	3.7269522e-161
18.69	2.0115220e-149
18.72	1.4060556e-138
18.76	1.4851244e-128
18.79	2.7335618e-119
18.82	1.0003503e-110
18.86	8.2217586e-103
18.89	1.6986571e-95
18.93	9.7908876e-89
18.96	1.7335938e-82
18.99	1.0307640e-76
19.03	2.2346922e-71
19.06	1.9062733e-66
19.10	6.8648319e-62
19.13	1.1138187e-57
19.16	8.6470827e-54
19.20	3.3959010e-50
19.23	7.1024516e-47
19.27	8.2962582e-44
19.30	5.6555169e-41
19.33	2.3433319e-38
19.37	6.1276070e-36
19.40	1.0469765e-33
19.44	1.2070562e-31
19.47	9.6731105e-30
19.51	5.5383967e-28
19.54	2.3238781e-26
19.57	7.3156857e-25
19.61	1.7658014e-23
19.64	3.3342360e-22
19.68	5.0174656e-21
19.71	6.1216034e-20
19.74	6.1522904e-19
19.78	5.1686719e-18
19.81	3.6795272e-17
19.85	2.2476749e-16
19.88	1.1919322e-15
19.91	5.5464629e-15
19.95	2.2874285e-14
19.98	8.4380709e-14
20.02	2.8080318e-13
20.05	8.4966427e-13
20.08	2.3547661e-12
20.12	6.0177844e-12
20.15	1.4270193e-11
20.19	3.1582212e-11
20.22	6.5584959e-11
20.25	1.2843187e-10
20.29	2.3825787e-10
20.32	4.2051328e-10
20.36	7.0890204e-10
20.39	1.1456628e-09
20.42	1.7810041e-09
20.46	2.6716294e-09
20.49	3.8784384e-09
20.53	5.4636343e-09
20.56	7.4875699e-09
20.60	1.0005715e-08
20.63	1.3066103e-08
20.66	1.6707556e-08
20.70	2.0958847e-08
20.73	2.5838866e-08
20.77	3.1357699e-08
20.80	3.7518457e-08
20.83	4.4319617e-08
20.87	5.1757623e-08
20.90	5.9829506e-08
20.94	6.8535322e-08
20.97	7.7880271e-08
21.00	8.7876424e-08
21.04	9.8544030e-08
21.07	1.0991242e-07
21.11	1.2202061e-07
21.14	1.3491757e-07
21.17	1.4866239e-07
21.21	1.6332433e-07
21.24	1.7898272e-07
21.28	1.9572706e-07
21.31	2.1365704e-07
21.34	2.3288271e-07
21.38	2.5352475e-07
21.41	2.7571491e-07
21.45	2.9959655e-07
21.48	3.2532536e-07
21.52	3.5307023e-07
21.55	3.8301428e-07
21.58	4.1535608e-07
21.62	4.5031099e-07
21.65	4.8811280e-07
21.69	5.2901543e-07
21.72	5.7329497e-07
21.75	6.2125189e-07
21.79	6.7321355e-07
21.82	7.2953700e-07
21.86	7.9061209e-07
21.89	8.5686504e-07
21.92	9.2876232e-07
21.96	1.0068152e-06
21.99	1.0915846e-06
22.03	1.1836870e-06
22.06	1.2838007e-06
22.09	1.3926735e-06
22.13	1.5111305e-06
22.16	1.6400843e-06
22.20	1.7805461e-06
22.23	1.9336379e-06
22.26	2.1006081e-06
22.30	2.2828484e-06
22.33	2.4819142e-06
22.37	2.6995484e-06
22.40	2.9377095e-06
22.43	3.1986052e-06
22.47	3.4847323e-06
22.50	3.7989247e-06
22.54	4.1444121e-06
22.57	4.5248902e-06
22.61	4.9446086e-06
22.64	5.4084790e-06
22.67	5.9222104e-06
22.71	6.4924809e-06
22.74	7.1271578e-06
22.78	7.8355833e-06
22.81	8.6289535e-06
22.84	9.5208309e-06
22.88	1.0527862e-05
22.91	1.1670838e-05
22.95	1.2976392e-05
22.98	1.4480069e-05
23.01	1.6232484e-05
23.05	1.8312431e-05
23.08	2.0854621e-05
23.12	2.4105226e-05
23.15	2.8524129e-05
23.18	3.4954786e-05
23.22	4.4875383e-05
23.25	6.0723432e-05
23.29	8.6250197e-05
23.32	1.2681936e-04
23.35	1.8953212e-04
23.39	2.8305685e-04
23.42	4.1707709e-04
23.46	6.0134609e-04
23.49	8.4443140e-04
23.53	1.1523228e-03
23.56	1.5271335e-03
23.59	1.9661318e-03
23.63	2.4612919e-03
23.66	2.9994692e-03
23.70	3.5631944e-03
23.73	4.1319850e-03
23.76	4.6839903e-03
23.80	5.1977523e-03
23.83	5.6538574e-03
23.87	6.0362966e-03
23.90	6.3334052e-03
23.93	6.5383261e-03
23.97	6.6490098e-03
24.00	6.6678174e-03
24.04	6.6008312e-03
24.07	6.4569898e-03
24.10	6.2471620e-03
24.14	5.9832555e-03
24.17	5.6774284e-03
24.21	5.3414462e-03
24.24	4.9862016e-03
24.27	4.6213928e-03
24.31	4.2553441e-03
24.34	3.8949442e-03
24.38	3.5456756e-03
24.41	3.2117074e-03
24.44	2.8960293e-03
24.48	2.6006072e-03
24.51	2.3265448e-03
24.55	2.0742419e-03
24.58	1.8435406e-03
24.62	1.6338567e-03
24.65	1.4442937e-03
24.68	1.2737383e-03
24.72	1.1209403e-03
24.75	9.8457558e-04
24.79	8.6329592e-04
24.82	7.5576694e-04
24.85	6.6069582e-04
24.89	5.7685084e-04
24.92	5.0307428e-04
24.96	4.3829001e-04
24.99	3.8150702e-04
25.02	3.3181988e-04
25.06	2.8840695e-04
25.09	2.5052697e-04
25.13	2.1751461e-04
25.16	1.8877537e-04
25.19	1.6378013e-04
25.23	1.4205960e-04
25.26	1.2319885e-04
25.30	1.0683204e-04
25.33	9.2637369e-05
25.36	8.0332453e-05
25.40	6.9669952e-05
25.43	6.0433622e-05
25.47	5.2434701e-05
25.50	4.5508662e-05
25.54	3.9512279e-05
25.57	3.4321018e-05
25.60	2.9826710e-05
25.64	2.5935487e-05
25.67	2.2565959e-05
25.71	1.9647608e-05
25.74	1.7119376e-05
25.77	1.4928423e-05
25.81	1.3029049e-05
25.84	1.1381743e-05
25.88	9.9523563e-06
25.91	8.7113869e-06
25.94	7.6333511e-06
25.98	6.6962411e-06
26.01	5.8810532e-06
26.05	5.1713794e-06
26.08	4.5530530e-06
26.11	4.0138424e-06
26.15	3.5431859e-06
26.18	3.1319628e-06
26.22	2.7722956e-06
26.25	2.4573787e-06
26.28	2.1813315e-06
26.32	1.9390709e-06
26.35	1.7262015e-06
26.39	1.5389213e-06
26.42	1.3739400e-06
26.45	1.2284086e-06
26.49	1.0998589e-06
26.52	9.8615164e-07
26.56	8.8543092e-07
26.59	7.9608603e-07
26.63	7.1671775e-07
26.66	6.4610972e-07
26.69	5.8320361e-07
26.73	5.2707776e-07
26.76	4.7692879e-07
26.80	4.3205572e-07
26.83	3.9184626e-07
26.86	3.5576504e-07
26.90	3.2334335e-07
26.93	2.9417045e-07
26.97	2.6788586e-07
27.00	2.4417287e-07
