# NeutrinoAntineutrinoInteraction/NeutrinoAntineutrinoResonanceCharm interaction rates
# neutrino field: massive Cosmic Neutrino Background, T_CnuB = 1.94535456 K
# Produced with crpropa-data version: 60a1560e37035039ec25f414e0c42a2444bad49c
# log10(E/eV), 1/lambda [1/Mpc]
15.72	0.0000000e+00
15.76	0.0000000e+00
15.79	0.0000000e+00
15.83	0.0000000e+00
15.86	0.0000000e+00
15.89	0.0000000e+00
15.93	0.0000000e+00
15.96	0.0000000e+00
16.00	0.0000000e+00
16.03	0.0000000e+00
16.06	0.0000000e+00
16.10	0.0000000e+00
16.13	0.0000000e+00
16.17	0.0000000e+00
16.20	0.0000000e+00
16.23	0.0000000e+00
16.27	0.0000000e+00
16.30	0.0000000e+00
16.34	0.0000000e+00
16.37	0.0000000e+00
16.40	0.0000000e+00
16.44	0.0000000e+00
16.47	0.0000000e+00
16.51	0.0000000e+00
16.54	0.0000000e+00
16.58	0.0000000e+00
16.61	0.0000000e+00
16.64	0.0000000e+00
16.68	0.0000000e+00
16.71	0.0000000e+00
16.75	0.0000000e+00
16.78	0.0000000e+00
16.81	0.0000000e+00
16.85	0.0000000e+00
16.88	0.0000000e+00
16.92	0.0000000e+00
16.95	0.0000000e+00
16.98	0.0000000e+00
17.02	0.0000000e+00
17.05	0.0000000e+00
17.09	0.0000000e+00
17.12	0.0000000e+00
17.15	0.0000000e+00
17.19	0.0000000e+00
17.22	0.0000000e+00
17.26	0.0000000e+00
17.29	0.0000000e+00
17.32	0.0000000e+00
17.36	0.0000000e+00
17.39	0.0000000e+00
17.43	0.0000000e+00
17.46	0.0000000e+00
17.49	0.0000000e+00
17.53	0.0000000e+00
17.56	0.0000000e+00
17.60	0.0000000e+00
17.63	0.0000000e+00
17.67	0.0000000e+00
17.70	3.9252072e-272
17.73	1.0958910e-251
17.77	8.7205938e-233
17.80	2.5868665e-215
17.84	3.6663311e-199
17.87	3.1229717e-184
17.90	1.9765789e-170
17.94	1.1309680e-157
17.97	7.0134295e-146
18.01	5.5740006e-135
18.04	6.6294768e-125
18.07	1.3617821e-115
18.11	5.5156534e-107
18.14	4.9791002e-99
18.18	1.1219128e-91
18.21	7.0064912e-85
18.24	1.3360517e-78
18.28	8.5075223e-73
18.31	1.9650938e-67
18.35	1.7774429e-62
18.38	6.7571762e-58
18.41	1.1526551e-53
18.45	9.3726561e-50
18.48	3.8418350e-46
18.52	8.3594836e-43
18.55	1.0128465e-39
18.59	7.1420749e-37
18.62	3.0532869e-34
18.65	8.2182818e-32
18.69	1.4422326e-29
18.72	1.7043448e-27
18.76	1.3973885e-25
18.79	8.1715915e-24
18.82	3.4963469e-22
18.86	1.1207119e-20
18.89	2.7505912e-19
18.93	5.2744576e-18
18.96	8.0511232e-17
18.99	9.9531205e-16
19.03	1.0125572e-14
19.06	8.6029926e-14
19.10	6.1884199e-13
19.13	3.8167660e-12
19.16	2.0420705e-11
19.20	9.5807385e-11
19.23	3.9812792e-10
19.27	1.4789699e-09
19.30	4.9536667e-09
19.33	1.5078758e-08
19.37	4.2020414e-08
19.40	1.0793421e-07
19.44	2.5715297e-07
19.47	5.7159096e-07
19.51	1.1917405e-06
19.54	2.3423362e-06
19.57	4.3601054e-06
19.61	7.7194489e-06
19.64	1.3050939e-05
19.68	2.1147610e-05
19.71	3.2955332e-05
19.74	4.9545863e-05
19.78	7.2074036e-05
19.81	1.0172329e-04
19.85	1.3964579e-04
19.88	1.8690436e-04
19.91	2.4442315e-04
19.95	3.1295274e-04
19.98	3.9305303e-04
20.02	4.8509514e-04
20.05	5.8928093e-04
20.08	7.0567694e-04
20.12	8.3425848e-04
20.15	9.7495889e-04
20.19	1.1277195e-03
20.22	1.2925363e-03
20.25	1.4695007e-03
20.29	1.6588331e-03
20.32	1.8609078e-03
20.36	2.0762712e-03
20.39	2.3056530e-03
20.42	2.5499726e-03
20.46	2.8103414e-03
20.49	3.0880638e-03
20.53	3.3846370e-03
20.56	3.7017507e-03
20.60	4.0412883e-03
20.63	4.4053303e-03
20.66	4.7961590e-03
20.70	5.2162665e-03
20.73	5.6683652e-03
20.77	6.1554008e-03
20.80	6.6805690e-03
20.83	7.2473350e-03
20.87	7.8594559e-03
20.90	8.5210070e-03
20.94	9.2364114e-03
20.97	1.0010473e-02
21.00	1.0848416e-02
21.04	1.1755923e-02
21.07	1.2739187e-02
21.11	1.3804961e-02
21.14	1.4960618e-02
21.17	1.6214220e-02
21.21	1.7574586e-02
21.24	1.9051383e-02
21.28	2.0655219e-02
21.31	2.2397746e-02
21.34	2.4291787e-02
21.38	2.6351475e-02
21.41	2.8592405e-02
21.45	3.1031824e-02
21.48	3.3688833e-02
21.52	3.6584634e-02
21.55	3.9742808e-02
21.58	4.3189638e-02
21.62	4.6954495e-02
21.65	5.1070286e-02
21.69	5.5573980e-02
21.72	6.0507243e-02
21.75	6.5917184e-02
21.79	7.1857264e-02
21.82	7.8388385e-02
21.86	8.5580227e-02
21.89	9.3512883e-02
21.92	1.0227889e-01
21.96	1.1198577e-01
21.99	1.2275923e-01
22.03	1.3474730e-01
22.06	1.4812568e-01
22.09	1.6310477e-01
22.13	1.7993926e-01
22.16	1.9894147e-01
22.20	2.2050093e-01
22.23	2.4511565e-01
22.26	2.7344806e-01
22.30	3.0643670e-01
22.33	3.4553348e-01
22.37	3.9320675e-01
22.40	4.5395360e-01
22.43	5.3617447e-01
22.47	6.5530989e-01
22.50	8.3851577e-01
22.54	1.1307637e+00
22.57	1.6015872e+00
22.61	2.3508956e+00
22.64	3.5116432e+00
22.67	5.2470152e+00
22.71	7.7404276e+00
22.74	1.1178001e+01
22.78	1.5724979e+01
22.81	2.1499293e+01
22.84	2.8546601e+01
22.88	3.6821324e+01
22.91	4.6177391e+01
22.95	5.6370765e+01
22.98	6.7073836e+01
23.01	7.7899807e+01
23.05	8.8433709e+01
23.08	9.8265870e+01
23.12	1.0702360e+02
23.15	1.1439752e+02
23.18	1.2015998e+02
23.22	1.2417449e+02
23.25	1.2639626e+02
23.29	1.2686509e+02
23.32	1.2569254e+02
23.35	1.2304564e+02
23.39	1.1912928e+02
23.42	1.1416915e+02
23.46	1.0839664e+02
23.49	1.0203635e+02
23.53	9.5296778e+01
23.56	8.8364023e+01
23.59	8.1398189e+01
23.63	7.4532098e+01
23.66	6.7871737e+01
23.70	6.1497969e+01
23.73	5.5469041e+01
23.76	4.9823523e+01
23.80	4.4583388e+01
23.83	3.9757024e+01
23.87	3.5342040e+01
23.90	3.1327782e+01
23.93	2.7697523e+01
23.97	2.4430308e+01
24.00	2.1502483e+01
24.04	1.8888921e+01
24.07	1.6563982e+01
24.10	1.4502247e+01
24.14	1.2679060e+01
24.17	1.1070906e+01
24.21	9.6556655e+00
24.24	8.4127641e+00
24.27	7.3232442e+00
24.31	6.3697770e+00
24.34	5.5366309e+00
24.38	4.8096081e+00
24.41	4.1759613e+00
24.44	3.6242970e+00
24.48	3.1444724e+00
24.51	2.7274895e+00
24.55	2.3653911e+00
24.58	2.0511599e+00
24.62	1.7786232e+00
24.65	1.5423629e+00
24.68	1.3376328e+00
24.72	1.1602833e+00
24.75	1.0066914e+00
24.79	8.7369930e-01
24.82	7.5855759e-01
24.85	6.5887560e-01
24.89	5.7257667e-01
24.92	4.9785859e-01
24.96	4.3315863e-01
24.99	3.7712277e-01
25.02	3.2857854e-01
25.06	2.8651131e-01
25.09	2.5004347e-01
25.13	2.1841624e-01
25.16	1.9097386e-01
25.19	1.6714972e-01
25.23	1.4645444e-01
25.26	1.2846533e-01
25.30	1.1281744e-01
25.33	9.9195649e-02
25.36	8.7327876e-02
25.40	7.6979211e-02
25.43	6.7946818e-02
25.47	6.0055534e-02
25.50	5.3154072e-02
25.54	4.7111737e-02
25.57	4.1815596e-02
25.60	3.7168036e-02
25.64	3.3084652e-02
25.67	2.9492435e-02
25.71	2.6328203e-02
25.74	2.3537252e-02
25.77	2.1072193e-02
25.81	1.8891948e-02
25.84	1.6960890e-02
25.88	1.5248094e-02
25.91	1.3726699e-02
25.94	1.2373355e-02
25.98	1.1167749e-02
26.01	1.0092189e-02
26.05	9.1312570e-03
26.08	8.2714995e-03
26.11	7.5011669e-03
26.15	6.8099858e-03
26.18	6.1889634e-03
26.22	5.6302188e-03
26.25	5.1268369e-03
26.28	4.6727423e-03
26.32	4.2625908e-03
26.35	3.8916745e-03
26.39	3.5558409e-03
26.42	3.2514223e-03
26.45	2.9751740e-03
26.49	2.7242222e-03
26.52	2.4960172e-03
26.56	2.2882942e-03
26.59	2.0990379e-03
26.63	1.9264529e-03
26.66	1.7689367e-03
26.69	1.6250578e-03
26.73	1.4935348e-03
26.76	1.3732194e-03
26.80	1.2630810e-03
26.83	1.1621934e-03
26.86	1.0697232e-03
26.90	9.8491914e-04
26.93	9.0710358e-04
26.97	8.3566421e-04
27.00	7.7004718e-04
