# NeutrinoAntineutrinoInteraction/NeutrinoAntineutrinoResonanceCharm interaction rates
# neutrino field: massive Cosmic Neutrino Background, T_CnuB = 1.94535456 K
# Produced with crpropa-data version: 60a1560e37035039ec25f414e0c42a2444bad49c
# log10(E/eV), 1/lambda [1/Mpc]
15.89	0.0000000e+00
15.93	0.0000000e+00
15.96	0.0000000e+00
16.00	0.0000000e+00
16.03	0.0000000e+00
16.06	0.0000000e+00
16.10	0.0000000e+00
16.13	0.0000000e+00
16.17	0.0000000e+00
16.20	0.0000000e+00
16.23	0.0000000e+00
16.27	0.0000000e+00
16.30	0.0000000e+00
16.34	0.0000000e+00
16.37	0.0000000e+00
16.40	0.0000000e+00
16.44	0.0000000e+00
16.47	0.0000000e+00
16.51	0.0000000e+00
16.54	0.0000000e+00
16.58	0.0000000e+00
16.61	0.0000000e+00
16.64	0.0000000e+00
16.68	0.0000000e+00
16.71	0.0000000e+00
16.75	0.0000000e+00
16.78	0.0000000e+00
16.81	0.0000000e+00
16.85	0.0000000e+00
16.88	0.0000000e+00
16.92	0.0000000e+00
16.95	0.0000000e+00
16.98	0.0000000e+00
17.02	0.0000000e+00
17.05	0.0000000e+00
17.09	0.0000000e+00
17.12	0.0000000e+00
17.15	0.0000000e+00
17.19	0.0000000e+00
17.22	0.0000000e+00
17.26	0.0000000e+00
17.29	0.0000000e+00
17.32	0.0000000e+00
17.36	0.0000000e+00
17.39	0.0000000e+00
17.43	0.0000000e+00
17.46	0.0000000e+00
17.49	0.0000000e+00
17.53	0.0000000e+00
17.56	0.0000000e+00
17.60	0.0000000e+00
17.63	0.0000000e+00
17.67	0.0000000e+00
17.70	0.0000000e+00
17.73	0.0000000e+00
17.77	0.0000000e+00
17.80	0.0000000e+00
17.84	0.0000000e+00
17.87	2.1171151e-272
17.90	5.1906383e-252
17.94	3.6629275e-233
17.97	9.7234711e-216
18.01	1.2436072e-199
18.04	9.6335976e-185
18.07	5.5848861e-171
18.11	2.9464989e-158
18.14	1.6951236e-146
18.18	1.2569309e-135
18.21	1.4020715e-125
18.24	2.7142296e-116
18.28	1.0407034e-107
18.31	8.9303475e-100
18.35	1.9201050e-92
18.38	1.1482870e-85
18.41	2.1036663e-79
18.45	1.2908419e-73
18.48	2.8812654e-68
18.52	2.5249207e-63
18.55	9.3219517e-59
18.59	1.5477104e-54
18.62	1.2274068e-50
18.65	4.9160925e-47
18.69	1.0470668e-43
18.72	1.2438072e-40
18.76	8.6118498e-38
18.79	3.6199407e-35
18.82	9.5924751e-33
18.86	1.6592546e-30
18.89	1.9348036e-28
18.93	1.5668818e-26
18.96	9.0587924e-25
18.99	3.8352810e-23
19.03	1.2174241e-21
19.06	2.9611428e-20
19.10	5.6310910e-19
19.13	8.5295559e-18
19.16	1.0469781e-16
19.20	1.0581334e-15
19.23	8.9357186e-15
19.27	6.3917394e-14
19.30	3.9217458e-13
19.33	2.0881928e-12
19.37	9.7537894e-12
19.40	4.0366231e-11
19.44	1.4938665e-10
19.47	4.9861086e-10
19.51	1.5128618e-09
19.54	4.2033961e-09
19.57	1.0767256e-08
19.61	2.5587959e-08
19.64	5.6743100e-08
19.68	1.1805167e-07
19.71	2.3156648e-07
19.74	4.3025644e-07
19.78	7.6047256e-07
19.81	1.2837018e-06
19.85	2.0771261e-06
19.88	3.2326337e-06
19.91	4.8541571e-06
19.95	7.0534882e-06
19.98	9.9449845e-06
20.02	1.3639777e-05
20.05	1.8240175e-05
20.08	2.3834947e-05
20.12	3.0495995e-05
20.15	3.8276770e-05
20.19	4.7212522e-05
20.22	5.7322233e-05
20.25	6.8611947e-05
20.29	8.1079054e-05
20.32	9.4717058e-05
20.36	1.0952040e-04
20.39	1.2548895e-04
20.42	1.4263195e-04
20.46	1.6097116e-04
20.49	1.8054332e-04
20.53	2.0140185e-04
20.56	2.2361789e-04
20.60	2.4728093e-04
20.63	2.7249905e-04
20.66	2.9939896e-04
20.70	3.2812599e-04
20.73	3.5884407e-04
20.77	3.9173590e-04
20.80	4.2700319e-04
20.83	4.6486721e-04
20.87	5.0556951e-04
20.90	5.4937297e-04
20.94	5.9656309e-04
20.97	6.4744958e-04
21.00	7.0236825e-04
21.04	7.6168321e-04
21.07	8.2578944e-04
21.11	8.9511559e-04
21.14	9.7012730e-04
21.17	1.0513308e-03
21.21	1.1392770e-03
21.24	1.2345662e-03
21.28	1.3378530e-03
21.31	1.4498522e-03
21.34	1.5713450e-03
21.38	1.7031868e-03
21.41	1.8463146e-03
21.45	2.0017569e-03
21.48	2.1706436e-03
21.52	2.3542181e-03
21.55	2.5538507e-03
21.58	2.7710540e-03
21.62	3.0075004e-03
21.65	3.2650427e-03
21.69	3.5457374e-03
21.72	3.8518717e-03
21.75	4.1859957e-03
21.79	4.5509587e-03
21.82	4.9499538e-03
21.86	5.3865684e-03
21.89	5.8648462e-03
21.92	6.3893598e-03
21.96	6.9652987e-03
21.99	7.5985759e-03
22.03	8.2959577e-03
22.06	9.0652227e-03
22.09	9.9153599e-03
22.13	1.0856816e-02
22.16	1.1901808e-02
22.20	1.3064726e-02
22.23	1.4362652e-02
22.26	1.5816054e-02
22.30	1.7449715e-02
22.33	1.9294044e-02
22.37	2.1386990e-02
22.40	2.3777129e-02
22.43	2.6529186e-02
22.47	2.9735112e-02
22.50	3.3537639e-02
22.54	3.8180161e-02
22.57	4.4106853e-02
22.61	5.2147477e-02
22.64	6.3825425e-02
22.67	8.1814856e-02
22.71	1.1053414e-01
22.74	1.5679764e-01
22.78	2.3037078e-01
22.81	3.4421299e-01
22.84	5.1418362e-01
22.88	7.5804948e-01
22.91	1.0937672e+00
22.95	1.5371885e+00
22.98	2.0995031e+00
23.01	2.7848394e+00
23.05	3.5884604e+00
23.08	4.4959059e+00
23.12	5.4832789e+00
23.15	6.5186738e+00
23.18	7.5645623e+00
23.22	8.5808060e+00
23.25	9.5278911e+00
23.29	1.0369978e+01
23.32	1.1077421e+01
23.35	1.1628520e+01
23.39	1.2010401e+01
23.42	1.2219039e+01
23.46	1.2258548e+01
23.49	1.2139924e+01
23.53	1.1879467e+01
23.56	1.1497074e+01
23.59	1.1014600e+01
23.63	1.0454400e+01
23.66	9.8381376e+00
23.70	9.1858947e+00
23.73	8.5155710e+00
23.76	7.8425471e+00
23.80	7.1795656e+00
23.83	6.5367802e+00
23.87	5.9219239e+00
23.90	5.3405537e+00
23.93	4.7963355e+00
23.97	4.2913416e+00
24.00	3.8263414e+00
24.04	3.4010720e+00
24.07	3.0144798e+00
24.10	2.6649309e+00
24.14	2.3503891e+00
24.17	2.0685614e+00
24.21	1.8170165e+00
24.24	1.5932762e+00
24.27	1.3948861e+00
24.31	1.2194666e+00
24.34	1.0647498e+00
24.38	9.2860312e-01
24.41	8.0904377e-01
24.44	7.0424525e-01
24.48	6.1253847e-01
24.51	5.3240848e-01
24.55	4.6248832e-01
24.58	4.0155090e-01
24.62	3.4849959e-01
24.65	3.0235829e-01
24.68	2.6226115e-01
24.72	2.2744258e-01
24.75	1.9722747e-01
24.79	1.7102199e-01
24.82	1.4830498e-01
24.85	1.2861994e-01
24.89	1.1156774e-01
24.92	9.6799964e-02
24.96	8.4012906e-02
24.99	7.2942180e-02
25.02	6.3357893e-02
25.06	5.5060356e-02
25.09	4.7876276e-02
25.13	4.1655396e-02
25.16	3.6267522e-02
25.19	3.1599926e-02
25.23	2.7555055e-02
25.26	2.4048530e-02
25.30	2.1007400e-02
25.33	1.8368618e-02
25.36	1.6077711e-02
25.40	1.4087626e-02
25.43	1.2357731e-02
25.47	1.0852936e-02
25.50	9.5429452e-03
25.54	8.4016027e-03
25.57	7.4063236e-03
25.60	6.5376073e-03
25.64	5.7786135e-03
25.67	5.1147973e-03
25.71	4.5335935e-03
25.74	4.0241444e-03
25.77	3.5770650e-03
25.81	3.1842403e-03
25.84	2.8386507e-03
25.88	2.5342213e-03
25.91	2.2656924e-03
25.94	2.0285075e-03
25.98	1.8187167e-03
26.01	1.6328942e-03
26.05	1.4680664e-03
26.08	1.3216503e-03
26.11	1.1914004e-03
26.15	1.0753633e-03
26.18	9.7183766e-04
26.22	8.7934052e-04
26.25	7.9657806e-04
26.28	7.2242016e-04
26.32	6.5587871e-04
26.35	5.9608869e-04
26.39	5.4229203e-04
26.42	4.9382352e-04
26.45	4.5009871e-04
26.49	4.1060344e-04
26.52	3.7488479e-04
26.56	3.4254322e-04
26.59	3.1322581e-04
26.63	2.8662038e-04
26.66	2.6245035e-04
26.69	2.4047038e-04
26.73	2.2046250e-04
26.76	2.0223274e-04
26.80	1.8560830e-04
26.83	1.7043494e-04
26.86	1.5657487e-04
26.90	1.4390472e-04
26.93	1.3231396e-04
26.97	1.2170337e-04
27.00	1.1198378e-04
