# NeutrinoAntineutrinoInteraction/NeutrinoAntineutrinoResonanceCharm interaction rates
# neutrino field: massive Cosmic Neutrino Background, T_CnuB = 1.94535456 K
# Produced with crpropa-data version: 60a1560e37035039ec25f414e0c42a2444bad49c
# log10(E/eV), 1/lambda [1/Mpc]
17.22	0.0000000e+00
17.26	0.0000000e+00
17.29	0.0000000e+00
17.32	0.0000000e+00
17.36	0.0000000e+00
17.39	0.0000000e+00
17.43	0.0000000e+00
17.46	0.0000000e+00
17.49	0.0000000e+00
17.53	0.0000000e+00
17.56	0.0000000e+00
17.60	0.0000000e+00
17.63	0.0000000e+00
17.67	0.0000000e+00
17.70	0.0000000e+00
17.73	0.0000000e+00
17.77	0.0000000e+00
17.80	0.0000000e+00
17.84	0.0000000e+00
17.87	0.0000000e+00
17.90	0.0000000e+00
17.94	0.0000000e+00
17.97	0.0000000e+00
18.01	0.0000000e+00
18.04	0.0000000e+00
18.07	0.0000000e+00
18.11	0.0000000e+00
18.14	0.0000000e+00
18.18	0.0000000e+00
18.21	0.0000000e+00
18.24	0.0000000e+00
18.28	0.0000000e+00
18.31	0.0000000e+00
18.35	0.0000000e+00
18.38	0.0000000e+00
18.41	0.0000000e+00
18.45	0.0000000e+00
18.48	0.0000000e+00
18.52	0.0000000e+00
18.55	0.0000000e+00
18.59	0.0000000e+00
18.62	0.0000000e+00
18.65	0.0000000e+00
18.69	0.0000000e+00
18.72	0.0000000e+00
18.76	0.0000000e+00
18.79	0.0000000e+00
18.82	0.0000000e+00
18.86	0.0000000e+00
18.89	0.0000000e+00
18.93	0.0000000e+00
18.96	0.0000000e+00
18.99	0.0000000e+00
19.03	0.0000000e+00
19.06	0.0000000e+00
19.10	0.0000000e+00
19.13	0.0000000e+00
19.16	0.0000000e+00
19.20	6.7849964e-276
19.23	9.0773860e-256
19.27	3.7084193e-237
19.30	6.0258120e-220
19.33	4.9727823e-204
19.37	2.6129350e-189
19.40	1.0775195e-175
19.44	4.2315909e-163
19.47	1.8927287e-151
19.51	1.1378647e-140
19.54	1.0716460e-130
19.57	1.8220056e-121
19.61	6.3764889e-113
19.64	5.1869180e-105
19.68	1.0974522e-97
19.71	6.7027429e-91
19.74	1.3014248e-84
19.78	8.7844968e-79
19.81	2.2394309e-73
19.85	2.3283707e-68
19.88	1.0602607e-63
19.91	2.2591274e-59
19.95	2.3949675e-55
19.98	1.3373780e-51
20.02	4.1477969e-48
20.05	7.5056044e-45
20.08	8.2958506e-42
20.12	5.8447051e-39
20.15	2.7310275e-36
20.19	8.7818834e-34
20.22	2.0111900e-31
20.25	3.3864426e-29
20.29	4.3172851e-27
20.32	4.2805373e-25
20.36	3.3807873e-23
20.39	2.1709735e-21
20.42	1.1511296e-19
20.46	5.0759331e-18
20.49	1.8433642e-16
20.53	5.2289808e-15
20.56	9.2208572e-14
20.60	4.0799933e-13
20.63	7.2525609e-13
20.66	1.0272301e-12
20.70	1.3186625e-12
20.73	1.6038138e-12
20.77	1.8865503e-12
20.80	2.1704206e-12
20.83	2.4587218e-12
20.87	2.7545581e-12
20.90	3.0608923e-12
20.94	3.3805928e-12
20.97	3.7164747e-12
21.00	4.0713389e-12
21.04	4.4480069e-12
21.07	4.8493543e-12
21.11	5.2783417e-12
21.14	5.7380456e-12
21.17	6.2316880e-12
21.21	6.7626663e-12
21.24	7.3345802e-12
21.28	7.9512653e-12
21.31	8.6168241e-12
21.34	9.3356580e-12
21.38	1.0112503e-11
21.41	1.0952466e-11
21.45	1.1861064e-11
21.48	1.2844267e-11
21.52	1.3908548e-11
21.55	1.5060923e-11
21.58	1.6309020e-11
21.62	1.7661128e-11
21.65	1.9126271e-11
21.69	2.0714280e-11
21.72	2.2435872e-11
21.75	2.4302743e-11
21.79	2.6327674e-11
21.82	2.8524627e-11
21.86	3.0908886e-11
21.89	3.3497189e-11
21.92	3.6307902e-11
21.96	3.9361178e-11
21.99	4.2679176e-11
22.03	4.6286278e-11
22.06	5.0209359e-11
22.09	5.4478076e-11
22.13	5.9125210e-11
22.16	6.4187051e-11
22.20	6.9703854e-11
22.23	7.5720346e-11
22.26	8.2286335e-11
22.30	8.9457390e-11
22.33	9.7295664e-11
22.37	1.0587084e-10
22.40	1.1526125e-10
22.43	1.2555514e-10
22.47	1.3685230e-10
22.50	1.4926591e-10
22.54	1.6292476e-10
22.57	1.7797592e-10
22.61	1.9458801e-10
22.64	2.1295513e-10
22.67	2.3330172e-10
22.71	2.5588849e-10
22.74	2.8101981e-10
22.78	3.0905301e-10
22.81	3.4040995e-10
22.84	3.7559189e-10
22.88	4.1519837e-10
22.91	4.5995181e-10
22.95	5.1072953e-10
22.98	5.6860633e-10
23.01	6.3491104e-10
23.05	7.1130403e-10
23.08	7.9988348e-10
23.12	9.0333488e-10
23.15	1.0251438e-09
23.18	1.1699072e-09
23.22	1.3437971e-09
23.25	1.5552730e-09
23.29	1.8162080e-09
23.32	2.1437369e-09
23.35	2.5634182e-09
23.39	3.1149328e-09
23.42	3.8630158e-09
23.46	4.9201718e-09
23.49	6.4991219e-09
23.53	9.0535921e-09
23.56	1.3761419e-08
23.59	2.5016748e-08
23.63	6.8957791e-08
23.66	2.7545522e-07
23.70	4.7619461e-07
23.73	4.4486013e-07
23.76	3.9199025e-07
23.80	3.4080731e-07
23.83	2.9472303e-07
23.87	2.5417689e-07
23.90	2.1886294e-07
23.93	1.8826855e-07
23.97	1.6184510e-07
24.00	1.3906870e-07
24.04	1.1946172e-07
24.07	1.0259853e-07
24.10	8.8104638e-08
24.14	7.5653099e-08
24.17	6.4959888e-08
24.21	5.5779058e-08
24.24	4.7898188e-08
24.27	4.1134105e-08
24.31	3.5329065e-08
24.34	3.0347341e-08
24.38	2.6072250e-08
24.41	2.2403524e-08
24.44	1.9255056e-08
24.48	1.6552915e-08
24.51	1.4233648e-08
24.55	1.2242808e-08
24.58	1.0533684e-08
24.62	9.0662081e-09
24.65	7.8060164e-09
24.68	6.7236363e-09
24.72	5.7937947e-09
24.75	4.9948198e-09
24.79	4.3081277e-09
24.82	3.7177826e-09
24.85	3.2101212e-09
24.89	2.7734272e-09
24.92	2.3976538e-09
24.96	2.0741851e-09
24.99	1.7956322e-09
25.02	1.5556579e-09
25.06	1.3488262e-09
25.09	1.1704743e-09
25.13	1.0166014e-09
25.16	8.8377512e-10
25.19	7.6904977e-10
25.23	6.6989721e-10
25.26	5.8414707e-10
25.30	5.0993601e-10
25.33	4.4566376e-10
25.36	3.8995587e-10
25.40	3.4163120e-10
25.43	2.9967490e-10
25.47	2.6321450e-10
25.50	2.3149984e-10
25.54	2.0388560e-10
25.57	1.7981652e-10
25.60	1.5881462e-10
25.64	1.4046832e-10
25.67	1.2442298e-10
25.71	1.1037296e-10
25.74	9.8054681e-11
25.77	8.7240746e-11
25.81	7.7734831e-11
25.84	6.9367361e-11
25.88	6.1991762e-11
25.91	5.5481259e-11
25.94	4.9726128e-11
25.98	4.4631314e-11
26.01	4.0114414e-11
26.05	3.6103946e-11
26.08	3.2537837e-11
26.11	2.9362132e-11
26.15	2.6529894e-11
26.18	2.4000243e-11
26.22	2.1737540e-11
26.25	1.9710682e-11
26.28	1.7892488e-11
26.32	1.6259183e-11
26.35	1.4789943e-11
26.39	1.3466504e-11
26.42	1.2272831e-11
26.45	1.1194821e-11
26.49	1.0220060e-11
26.52	9.3375996e-12
26.56	8.5377738e-12
26.59	7.8120313e-12
26.63	7.1528036e-12
26.66	6.5533769e-12
26.69	6.0077897e-12
26.73	5.5107380e-12
26.76	5.0574978e-12
26.80	4.6438539e-12
26.83	4.2660412e-12
26.86	3.9206896e-12
26.90	3.6047797e-12
26.93	3.3156021e-12
26.97	3.0507225e-12
27.00	2.8079499e-12
