# NeutrinoAntineutrinoInteraction/NeutrinoiAntineutrinojElastic interaction rates
# neutrino field: massive Cosmic Neutrino Background, T_CnuB = 1.94535456 K
# Produced with crpropa-data version: 34240bf825c959521ec71bc1e6d82591f4f17700
# log10(E/eV), 1/lambda [1/Mpc]
10.00	1.3325114e-12
10.03	1.4412491e-12
10.07	1.5588603e-12
10.10	1.6860689e-12
10.14	1.8236583e-12
10.17	1.9724754e-12
10.20	2.1334366e-12
10.24	2.3075327e-12
10.27	2.4958358e-12
10.31	2.6995051e-12
10.34	2.9197945e-12
10.37	3.1580603e-12
10.41	3.4157695e-12
10.44	3.6945087e-12
10.48	3.9959940e-12
10.51	4.3220816e-12
10.55	4.6747792e-12
10.58	5.0562581e-12
10.61	5.4688671e-12
10.65	5.9151465e-12
10.68	6.3978440e-12
10.72	6.9199313e-12
10.75	7.4846228e-12
10.78	8.0953952e-12
10.82	8.7560088e-12
10.85	9.4705309e-12
10.89	1.0243361e-11
10.92	1.1079256e-11
10.95	1.1983364e-11
10.99	1.2961250e-11
11.02	1.4018935e-11
11.06	1.5162930e-11
11.09	1.6400281e-11
11.12	1.7738603e-11
11.16	1.9186137e-11
11.19	2.0751796e-11
11.23	2.2445218e-11
11.26	2.4276829e-11
11.29	2.6257907e-11
11.33	2.8400647e-11
11.36	3.0718243e-11
11.40	3.3224963e-11
11.43	3.5936241e-11
11.46	3.8868768e-11
11.50	4.2040601e-11
11.53	4.5471267e-11
11.57	4.9181887e-11
11.60	5.3195308e-11
11.64	5.7536238e-11
11.67	6.2231404e-11
11.70	6.7309712e-11
11.74	7.2802429e-11
11.77	7.8743371e-11
11.81	8.5169116e-11
11.84	9.2119226e-11
11.87	9.9636489e-11
11.91	1.0776719e-10
11.94	1.1656138e-10
11.98	1.2607321e-10
12.01	1.3636125e-10
12.04	1.4748882e-10
12.08	1.5952444e-10
12.11	1.7254221e-10
12.15	1.8662229e-10
12.18	2.0185134e-10
12.21	2.1832314e-10
12.25	2.3613911e-10
12.28	2.5540891e-10
12.32	2.7625121e-10
12.35	2.9879431e-10
12.38	3.2317701e-10
12.42	3.4954943e-10
12.45	3.7807393e-10
12.49	4.0892613e-10
12.52	4.4229599e-10
12.56	4.7838895e-10
12.59	5.1742723e-10
12.62	5.5965117e-10
12.66	6.0532073e-10
12.69	6.5471710e-10
12.73	7.0814439e-10
12.76	7.6593155e-10
12.79	8.2843434e-10
12.83	8.9603759e-10
12.86	9.6915751e-10
12.90	1.0482443e-09
12.93	1.1337848e-09
12.96	1.2263058e-09
13.00	1.3263768e-09
13.03	1.4346139e-09
13.07	1.5516836e-09
13.10	1.6783067e-09
13.13	1.8152626e-09
13.17	1.9633946e-09
13.20	2.1236147e-09
13.24	2.2969094e-09
13.27	2.4843455e-09
13.30	2.6870772e-09
13.34	2.9063524e-09
13.37	3.1435213e-09
13.41	3.4000441e-09
13.44	3.6775000e-09
13.47	3.9775974e-09
13.51	4.3021837e-09
13.54	4.6532576e-09
13.58	5.0329803e-09
13.61	5.4436897e-09
13.65	5.8879146e-09
13.68	6.3683898e-09
13.71	6.8880735e-09
13.75	7.4501653e-09
13.78	8.0581258e-09
13.82	8.7156982e-09
13.85	9.4269308e-09
13.88	1.0196203e-08
13.92	1.1028250e-08
13.95	1.1928195e-08
13.99	1.2901579e-08
14.02	1.3954395e-08
14.05	1.5093124e-08
14.09	1.6324778e-08
14.12	1.7656939e-08
14.16	1.9097809e-08
14.19	2.0656259e-08
14.22	2.2341885e-08
14.26	2.4165064e-08
14.29	2.6137021e-08
14.33	2.8269897e-08
14.36	3.0576823e-08
14.39	3.3072003e-08
14.43	3.5770798e-08
14.46	3.8689825e-08
14.50	4.1847056e-08
14.53	4.5261927e-08
14.57	4.8955465e-08
14.60	5.2950409e-08
14.63	5.7271354e-08
14.67	6.1944904e-08
14.70	6.6999834e-08
14.74	7.2467263e-08
14.77	7.8380855e-08
14.80	8.4777017e-08
14.84	9.1695130e-08
14.87	9.9177785e-08
14.91	1.0727105e-07
14.94	1.1602476e-07
14.97	1.2549280e-07
15.01	1.3573347e-07
15.04	1.4680981e-07
15.08	1.5879003e-07
15.11	1.7174787e-07
15.14	1.8576312e-07
15.18	2.0092206e-07
15.21	2.1731803e-07
15.25	2.3505197e-07
15.28	2.5423307e-07
15.31	2.7497941e-07
15.35	2.9741873e-07
15.38	3.2168917e-07
15.42	3.4794018e-07
15.45	3.7633336e-07
15.48	4.0704353e-07
15.52	4.4025976e-07
15.55	4.7618655e-07
15.59	5.1504510e-07
15.62	5.5707465e-07
15.66	6.0253396e-07
15.69	6.5170292e-07
15.72	7.0488424e-07
15.76	7.6240535e-07
15.79	8.2462040e-07
15.83	8.9191241e-07
15.86	9.6469570e-07
15.89	1.0434184e-06
15.93	1.1285651e-06
15.96	1.2206601e-06
16.00	1.3202704e-06
16.03	1.4280092e-06
16.06	1.5445400e-06
16.10	1.6705800e-06
16.13	1.8069054e-06
16.17	1.9543554e-06
16.20	2.1138378e-06
16.23	2.2863345e-06
16.27	2.4729075e-06
16.30	2.6747053e-06
16.34	2.8929702e-06
16.37	3.1290460e-06
16.40	3.3843860e-06
16.44	3.6605619e-06
16.47	3.9592741e-06
16.51	4.2823614e-06
16.54	4.6318129e-06
16.58	5.0097800e-06
16.61	5.4185896e-06
16.64	5.8607587e-06
16.68	6.3390098e-06
16.71	6.8562875e-06
16.75	7.4157768e-06
16.78	8.0209228e-06
16.81	8.6754514e-06
16.85	9.3833931e-06
16.88	1.0149107e-05
16.92	1.0977307e-05
16.95	1.1873094e-05
16.98	1.2841983e-05
17.02	1.3889940e-05
17.05	1.5023417e-05
17.09	1.6249392e-05
17.12	1.7575414e-05
17.15	1.9009648e-05
17.19	2.0560923e-05
17.22	2.2238790e-05
17.26	2.4053578e-05
17.29	2.6016461e-05
17.32	2.8139524e-05
17.36	3.0435836e-05
17.39	3.2919536e-05
17.43	3.5605914e-05
17.46	3.8511508e-05
17.49	4.1654208e-05
17.53	4.5053361e-05
17.56	4.8729895e-05
17.60	5.2706444e-05
17.63	5.7007491e-05
17.67	6.1659515e-05
17.70	6.6691158e-05
17.73	7.2133397e-05
17.77	7.8019738e-05
17.80	8.4386421e-05
17.84	9.1272643e-05
17.87	9.8720801e-05
17.90	1.0677675e-04
17.94	1.1549009e-04
17.97	1.2491445e-04
18.01	1.3510788e-04
18.04	1.4613311e-04
18.07	1.5805803e-04
18.11	1.7095606e-04
18.14	1.8490660e-04
18.18	1.9999553e-04
18.21	2.1631576e-04
18.24	2.3396776e-04
18.28	2.5306019e-04
18.31	2.7371061e-04
18.35	2.9604613e-04
18.38	3.2020428e-04
18.41	3.4633376e-04
18.45	3.7459545e-04
18.48	4.0516333e-04
18.52	4.3822557e-04
18.55	4.7398572e-04
18.59	5.1266392e-04
18.62	5.5449827e-04
18.65	5.9974631e-04
18.69	6.4868657e-04
18.72	7.0162033e-04
18.76	7.5887344e-04
18.79	8.2079832e-04
18.82	8.8777617e-04
18.86	9.6021927e-04
18.89	1.0385735e-03
18.93	1.1233213e-03
18.96	1.2149841e-03
18.99	1.3141263e-03
19.03	1.4213579e-03
19.06	1.5373391e-03
19.10	1.6627835e-03
19.13	1.7984634e-03
19.16	1.9452136e-03
19.20	2.1039374e-03
19.23	2.2756114e-03
19.27	2.4612920e-03
19.30	2.6621220e-03
19.33	2.8793369e-03
19.37	3.1142733e-03
19.40	3.3683766e-03
19.44	3.6432101e-03
19.47	3.9404645e-03
19.51	4.2619684e-03
19.54	4.6096993e-03
19.57	4.9857958e-03
19.61	5.3925710e-03
19.64	5.8325264e-03
19.68	6.3083670e-03
19.71	6.8230185e-03
19.74	7.3796447e-03
19.78	7.9816669e-03
19.81	8.6327852e-03
19.85	9.3370006e-03
19.88	1.0098640e-02
19.91	1.0922382e-02
19.95	1.1813286e-02
19.98	1.2776822e-02
20.02	1.3818907e-02
20.05	1.4945937e-02
20.08	1.6164827e-02
20.12	1.7483055e-02
20.15	1.8908706e-02
20.19	2.0450521e-02
20.22	2.2117948e-02
20.25	2.3921205e-02
20.29	2.5871335e-02
20.32	2.7980276e-02
20.36	3.0260932e-02
20.39	3.2727250e-02
20.42	3.5394307e-02
20.46	3.8278394e-02
20.49	4.1397118e-02
20.53	4.4769506e-02
20.56	4.8416117e-02
20.60	5.2359162e-02
20.63	5.6622639e-02
20.66	6.1232470e-02
20.70	6.6216657e-02
20.73	7.1605439e-02
20.77	7.7431474e-02
20.80	8.3730022e-02
20.83	9.0539152e-02
20.87	9.7899956e-02
20.90	1.0585678e-01
20.94	1.1445749e-01
20.97	1.2375371e-01
21.00	1.3380113e-01
21.04	1.4465981e-01
21.07	1.5639450e-01
21.11	1.6907501e-01
21.14	1.8277654e-01
21.17	1.9758012e-01
21.21	2.1357299e-01
21.24	2.3084910e-01
21.28	2.4950952e-01
21.31	2.6966300e-01
21.34	2.9142644e-01
21.38	3.1492551e-01
21.41	3.4029518e-01
21.45	3.6768036e-01
21.48	3.9723653e-01
21.52	4.2913042e-01
21.55	4.6354067e-01
21.58	5.0065857e-01
21.62	5.4068882e-01
21.65	5.8385019e-01
21.69	6.3037638e-01
21.72	6.8051674e-01
21.75	7.3453703e-01
21.79	7.9272021e-01
21.82	8.5536717e-01
21.86	9.2279747e-01
21.89	9.9534998e-01
21.92	1.0733836e+00
21.96	1.1572776e+00
21.99	1.2474324e+00
22.03	1.3442700e+00
22.06	1.4482336e+00
22.09	1.5597886e+00
22.13	1.6794219e+00
22.16	1.8076420e+00
22.20	1.9449786e+00
22.23	2.0919815e+00
22.26	2.2492203e+00
22.30	2.4172824e+00
22.33	2.5967723e+00
22.37	2.7883091e+00
22.40	2.9925244e+00
22.43	3.2100600e+00
22.47	3.4415647e+00
22.50	3.6876907e+00
22.54	3.9490903e+00
22.57	4.2264115e+00
22.61	4.5202935e+00
22.64	4.8313620e+00
22.67	5.1602237e+00
22.71	5.5074610e+00
22.74	5.8736266e+00
22.78	6.2592370e+00
22.81	6.6647668e+00
22.84	7.0906427e+00
22.88	7.5372375e+00
22.91	8.0048640e+00
22.95	8.4937693e+00
22.98	9.0041295e+00
23.01	9.5360447e+00
23.05	1.0089534e+01
23.08	1.0664533e+01
23.12	1.1260888e+01
23.15	1.1878355e+01
23.18	1.2516597e+01
23.22	1.3175185e+01
23.25	1.3853594e+01
23.29	1.4551208e+01
23.32	1.5267318e+01
23.35	1.6001126e+01
23.39	1.6751750e+01
23.42	1.7518224e+01
23.46	1.8299507e+01
23.49	1.9094487e+01
23.53	1.9901987e+01
23.56	2.0720774e+01
23.59	2.1549565e+01
23.63	2.2387032e+01
23.66	2.3231816e+01
23.70	2.4082532e+01
23.73	2.4937778e+01
23.76	2.5796142e+01
23.80	2.6656213e+01
23.83	2.7516588e+01
23.87	2.8375880e+01
23.90	2.9232723e+01
23.93	3.0085784e+01
23.97	3.0933767e+01
24.00	3.1775417e+01
24.04	3.2609531e+01
24.07	3.3434956e+01
24.10	3.4250601e+01
24.14	3.5055433e+01
24.17	3.5848487e+01
24.21	3.6628863e+01
24.24	3.7395730e+01
24.27	3.8148330e+01
24.31	3.8885972e+01
24.34	3.9608040e+01
24.38	4.0313986e+01
24.41	4.1003334e+01
24.44	4.1675674e+01
24.48	4.2330665e+01
24.51	4.2968032e+01
24.55	4.3587560e+01
24.58	4.4189097e+01
24.62	4.4772546e+01
24.65	4.5337867e+01
24.68	4.5885070e+01
24.72	4.6414215e+01
24.75	4.6925404e+01
24.79	4.7418785e+01
24.82	4.7894541e+01
24.85	4.8352893e+01
24.89	4.8794094e+01
24.92	4.9218425e+01
24.96	4.9626193e+01
24.99	5.0017729e+01
25.02	5.0393383e+01
25.06	5.0753524e+01
25.09	5.1098534e+01
25.13	5.1428810e+01
25.16	5.1744755e+01
25.19	5.2046784e+01
25.23	5.2335315e+01
25.26	5.2610771e+01
25.30	5.2873577e+01
25.33	5.3124158e+01
25.36	5.3362937e+01
25.40	5.3590337e+01
25.43	5.3806776e+01
25.47	5.4012667e+01
25.50	5.4208417e+01
25.54	5.4394427e+01
25.57	5.4571090e+01
25.60	5.4738792e+01
25.64	5.4897910e+01
25.67	5.5048810e+01
25.71	5.5191851e+01
25.74	5.5327381e+01
25.77	5.5455737e+01
25.81	5.5577247e+01
25.84	5.5692228e+01
25.88	5.5800987e+01
25.91	5.5903819e+01
25.94	5.6001010e+01
25.98	5.6092835e+01
26.01	5.6179558e+01
26.05	5.6261433e+01
26.08	5.6338705e+01
26.11	5.6411607e+01
26.15	5.6480364e+01
26.18	5.6545190e+01
26.22	5.6606292e+01
26.25	5.6663865e+01
26.28	5.6718097e+01
26.32	5.6769167e+01
26.35	5.6817245e+01
26.39	5.6862495e+01
26.42	5.6905071e+01
26.45	5.6945121e+01
26.49	5.6982785e+01
26.52	5.7018195e+01
26.56	5.7051480e+01
26.59	5.7082758e+01
26.63	5.7112144e+01
26.66	5.7139747e+01
26.69	5.7165668e+01
26.73	5.7190005e+01
26.76	5.7212850e+01
26.80	5.7234289e+01
26.83	5.7254406e+01
26.86	5.7273277e+01
26.90	5.7290978e+01
26.93	5.7307576e+01
26.97	5.7323139e+01
27.00	5.7337728e+01
