# NeutrinoAntineutrinoInteraction/NeutrinoiAntineutrinojElastic interaction rates
# neutrino field: massive Cosmic Neutrino Background, T_CnuB = 1.94535456 K
# Produced with crpropa-data version: 34240bf825c959521ec71bc1e6d82591f4f17700
# log10(E/eV), 1/lambda [1/Mpc]
10.00	5.4953753e-14
10.03	5.9438179e-14
10.07	6.4288550e-14
10.10	6.9534729e-14
10.14	7.5209015e-14
10.17	8.1346344e-14
10.20	8.7984501e-14
10.24	9.5164356e-14
10.27	1.0293011e-13
10.31	1.1132958e-13
10.34	1.2041448e-13
10.37	1.3024074e-13
10.41	1.4086886e-13
10.44	1.5236427e-13
10.48	1.6479775e-13
10.51	1.7824584e-13
10.55	1.9279135e-13
10.58	2.0852382e-13
10.61	2.2554012e-13
10.65	2.4394501e-13
10.68	2.6385181e-13
10.72	2.8538308e-13
10.75	3.0867137e-13
10.78	3.3386008e-13
10.82	3.6110427e-13
10.85	3.9057169e-13
10.89	4.2244376e-13
10.92	4.5691671e-13
10.95	4.9420277e-13
10.99	5.3453151e-13
11.02	5.7815122e-13
11.06	6.2533046e-13
11.09	6.7635969e-13
11.12	7.3155310e-13
11.16	7.9125049e-13
11.19	8.5581940e-13
11.23	9.2565737e-13
11.26	1.0011944e-12
11.29	1.0828955e-12
11.33	1.1712637e-12
11.36	1.2668430e-12
11.40	1.3702220e-12
11.43	1.4820371e-12
11.46	1.6029767e-12
11.50	1.7337855e-12
11.53	1.8752686e-12
11.57	2.0282974e-12
11.60	2.1938138e-12
11.64	2.3728370e-12
11.67	2.5664691e-12
11.70	2.7759023e-12
11.74	3.0024260e-12
11.77	3.2474348e-12
11.81	3.5124373e-12
11.84	3.7990649e-12
11.87	4.1090824e-12
11.91	4.4443985e-12
11.94	4.8070775e-12
11.98	5.1993525e-12
12.01	5.6236385e-12
12.04	6.0825479e-12
12.08	6.5789058e-12
12.11	7.1157684e-12
12.15	7.6964410e-12
12.18	8.3244985e-12
12.21	9.0038078e-12
12.25	9.7385512e-12
12.28	1.0533252e-11
12.32	1.1392804e-11
12.35	1.2322498e-11
12.38	1.3328059e-11
12.42	1.4415677e-11
12.45	1.5592048e-11
12.49	1.6864416e-11
12.52	1.8240614e-11
12.56	1.9729114e-11
12.59	2.1339081e-11
12.62	2.3080428e-11
12.66	2.4963874e-11
12.69	2.7001017e-11
12.73	2.9204398e-11
12.76	3.1587583e-11
12.79	3.4165244e-11
12.83	3.6953252e-11
12.86	3.9968772e-11
12.90	4.3230369e-11
12.93	4.6758124e-11
12.96	5.0573757e-11
13.00	5.4700759e-11
13.03	5.9164539e-11
13.07	6.3992580e-11
13.10	6.9214607e-11
13.13	7.4862770e-11
13.17	8.0971844e-11
13.20	8.7579441e-11
13.24	9.4726241e-11
13.27	1.0245625e-10
13.30	1.1081705e-10
13.34	1.1986012e-10
13.37	1.2964114e-10
13.41	1.4022033e-10
13.44	1.5166282e-10
13.47	1.6403905e-10
13.51	1.7742524e-10
13.54	1.9190378e-10
13.58	2.0756383e-10
13.61	2.2450179e-10
13.65	2.4282195e-10
13.68	2.6263710e-10
13.71	2.8406924e-10
13.75	3.0725032e-10
13.78	3.3232306e-10
13.82	3.5944183e-10
13.85	3.8877359e-10
13.88	4.2049893e-10
13.92	4.5481317e-10
13.95	4.9192757e-10
13.99	5.3207065e-10
14.02	5.7548954e-10
14.05	6.2245158e-10
14.09	6.7324589e-10
14.12	7.2818520e-10
14.16	7.8760775e-10
14.19	8.5187941e-10
14.22	9.2139586e-10
14.26	9.9658510e-10
14.29	1.0779101e-09
14.33	1.1658714e-09
14.36	1.2610108e-09
14.39	1.3639138e-09
14.43	1.4752142e-09
14.46	1.5955970e-09
14.50	1.7258035e-09
14.53	1.8666353e-09
14.57	2.0189596e-09
14.60	2.1837140e-09
14.63	2.3619130e-09
14.67	2.5546536e-09
14.70	2.7631227e-09
14.74	2.9886035e-09
14.77	3.2324844e-09
14.80	3.4962668e-09
14.84	3.7815749e-09
14.87	4.0901651e-09
14.91	4.4239375e-09
14.94	4.7849468e-09
14.97	5.1754159e-09
15.01	5.5977486e-09
15.04	6.0545452e-09
15.08	6.5486181e-09
15.11	7.0830091e-09
15.14	7.6610083e-09
15.18	8.2861744e-09
15.21	8.9623563e-09
15.25	9.6937171e-09
15.28	1.0484760e-08
15.31	1.1340354e-08
15.35	1.2265768e-08
15.38	1.3266699e-08
15.42	1.4349310e-08
15.45	1.5520266e-08
15.48	1.6786776e-08
15.52	1.8156638e-08
15.55	1.9638285e-08
15.59	2.1240841e-08
15.62	2.2974170e-08
15.66	2.4848946e-08
15.69	2.6876710e-08
15.72	2.9069947e-08
15.76	3.1442160e-08
15.79	3.4007955e-08
15.83	3.6783127e-08
15.86	3.9784764e-08
15.89	4.3031345e-08
15.93	4.6542859e-08
15.96	5.0340925e-08
16.00	5.4448927e-08
16.03	5.8892157e-08
16.06	6.3697971e-08
16.10	6.8895956e-08
16.13	7.4518116e-08
16.17	8.0599065e-08
16.20	8.7176241e-08
16.23	9.4290138e-08
16.27	1.0198456e-07
16.30	1.1030686e-07
16.34	1.1930830e-07
16.37	1.2904429e-07
16.40	1.3957477e-07
16.44	1.5096457e-07
16.47	1.6328380e-07
16.51	1.7660832e-07
16.54	1.9102016e-07
16.58	2.0660802e-07
16.61	2.2346787e-07
16.64	2.4170351e-07
16.68	2.6142719e-07
16.71	2.8276034e-07
16.75	3.0583429e-07
16.78	3.3079109e-07
16.81	3.5778441e-07
16.85	3.8698042e-07
16.88	4.1855889e-07
16.92	4.5271426e-07
16.95	4.8965683e-07
16.98	5.2961407e-07
17.02	5.7283200e-07
17.05	6.1957675e-07
17.09	6.7013615e-07
17.12	7.2482150e-07
17.15	7.8396952e-07
17.19	8.4794440e-07
17.22	9.1714005e-07
17.26	9.9198251e-07
17.29	1.0729326e-06
17.32	1.1604887e-06
17.36	1.2551898e-06
17.39	1.3576191e-06
17.43	1.4684071e-06
17.46	1.5882360e-06
17.49	1.7178434e-06
17.53	1.8580272e-06
17.56	2.0096506e-06
17.60	2.1736470e-06
17.63	2.3510261e-06
17.67	2.5428798e-06
17.70	2.7503893e-06
17.73	2.9748323e-06
17.77	3.2175904e-06
17.80	3.4801582e-06
17.84	3.7641524e-06
17.87	4.0713212e-06
17.90	4.4035559e-06
17.94	4.7629019e-06
17.97	5.1515715e-06
18.01	5.5719577e-06
18.04	6.0266486e-06
18.07	6.5184435e-06
18.11	7.0503703e-06
18.14	7.6257038e-06
18.18	8.2479862e-06
18.21	8.9210484e-06
18.24	9.6490344e-06
18.28	1.0436426e-05
18.31	1.1288071e-05
18.35	1.2209212e-05
18.38	1.3205520e-05
18.41	1.4283129e-05
18.45	1.5448674e-05
18.48	1.6709330e-05
18.52	1.8072857e-05
18.55	1.9547651e-05
18.59	2.1142790e-05
18.62	2.2868096e-05
18.65	2.4734188e-05
18.69	2.6752556e-05
18.72	2.8935625e-05
18.76	3.1296833e-05
18.79	3.3850718e-05
18.82	3.6613000e-05
18.86	3.9600684e-05
18.89	4.2832162e-05
18.93	4.6327327e-05
18.96	5.0107694e-05
18.99	5.4196533e-05
19.03	5.8619015e-05
19.06	6.3402361e-05
19.10	6.8576015e-05
19.13	7.4171823e-05
19.16	8.0224228e-05
19.20	8.6770483e-05
19.23	9.3850879e-05
19.27	1.0150899e-04
19.30	1.0979196e-04
19.33	1.1875076e-04
19.37	1.2844052e-04
19.40	1.3892088e-04
19.44	1.5025633e-04
19.47	1.6251662e-04
19.51	1.7577720e-04
19.54	1.9011965e-04
19.57	2.0563223e-04
19.61	2.2241038e-04
19.64	2.4055731e-04
19.68	2.6018465e-04
19.71	2.8141316e-04
19.74	3.0437339e-04
19.78	3.2920656e-04
19.81	3.5606539e-04
19.85	3.8511505e-04
19.88	4.1653414e-04
19.91	4.5051585e-04
19.95	4.8726906e-04
19.98	5.2701968e-04
20.02	5.7001200e-04
20.05	6.1651021e-04
20.08	6.6679998e-04
20.12	7.2119024e-04
20.15	7.8001502e-04
20.19	8.4363555e-04
20.22	9.1244240e-04
20.25	9.8685787e-04
20.29	1.0673386e-03
20.32	1.1543783e-03
20.36	1.2485107e-03
20.39	1.3503130e-03
20.42	1.4604089e-03
20.46	1.5794732e-03
20.49	1.7082347e-03
20.53	1.8474817e-03
20.56	1.9980662e-03
20.60	2.1609090e-03
20.63	2.3370053e-03
20.66	2.5274307e-03
20.70	2.7333476e-03
20.73	2.9560121e-03
20.77	3.1967814e-03
20.80	3.4571217e-03
20.83	3.7386173e-03
20.87	4.0429794e-03
20.90	4.3720562e-03
20.94	4.7278440e-03
20.97	5.1124983e-03
21.00	5.5283467e-03
21.04	5.9779017e-03
21.07	6.4638756e-03
21.11	6.9891954e-03
21.14	7.5570195e-03
21.17	8.1707554e-03
21.21	8.8340782e-03
21.24	9.5509513e-03
21.28	1.0325647e-02
21.31	1.1162772e-02
21.34	1.2067287e-02
21.38	1.3044539e-02
21.41	1.4100284e-02
21.45	1.5240717e-02
21.48	1.6472507e-02
21.52	1.7802825e-02
21.55	1.9239383e-02
21.58	2.0790465e-02
21.62	2.2464973e-02
21.65	2.4272460e-02
21.69	2.6223175e-02
21.72	2.8328108e-02
21.75	3.0599033e-02
21.79	3.3048556e-02
21.82	3.5690159e-02
21.86	3.8538258e-02
21.89	4.1608242e-02
21.92	4.4916530e-02
21.96	4.8480619e-02
21.99	5.2319133e-02
22.03	5.6451871e-02
22.06	6.0899854e-02
22.09	6.5685370e-02
22.13	7.0832012e-02
22.16	7.6364715e-02
22.20	8.2309787e-02
22.23	8.8694929e-02
22.26	9.5549256e-02
22.30	1.0290330e-01
22.33	1.1078900e-01
22.37	1.1923970e-01
22.40	1.2829009e-01
22.43	1.3797620e-01
22.47	1.4833529e-01
22.50	1.5940580e-01
22.54	1.7122721e-01
22.57	1.8383998e-01
22.61	1.9728532e-01
22.64	2.1160506e-01
22.67	2.2684146e-01
22.71	2.4303696e-01
22.74	2.6023395e-01
22.78	2.7847448e-01
22.81	2.9779998e-01
22.84	3.1825092e-01
22.88	3.3986649e-01
22.91	3.6268422e-01
22.95	3.8673962e-01
22.98	4.1206578e-01
23.01	4.3869300e-01
23.05	4.6664838e-01
23.08	4.9595544e-01
23.12	5.2663372e-01
23.15	5.5869842e-01
23.18	5.9216007e-01
23.22	6.2702418e-01
23.25	6.6329096e-01
23.29	7.0095508e-01
23.32	7.4000544e-01
23.35	7.8042502e-01
23.39	8.2219077e-01
23.42	8.6527354e-01
23.46	9.0963807e-01
23.49	9.5524308e-01
23.53	1.0020413e+00
23.56	1.0499799e+00
23.59	1.0990003e+00
23.63	1.1490387e+00
23.66	1.2000266e+00
23.70	1.2518907e+00
23.73	1.3045538e+00
23.76	1.3579349e+00
23.80	1.4119501e+00
23.83	1.4665127e+00
23.87	1.5215337e+00
23.90	1.5769229e+00
23.93	1.6325890e+00
23.97	1.6884401e+00
24.00	1.7443844e+00
24.04	1.8003309e+00
24.07	1.8561897e+00
24.10	1.9118722e+00
24.14	1.9672923e+00
24.17	2.0223661e+00
24.21	2.0770126e+00
24.24	2.1311542e+00
24.27	2.1847167e+00
24.31	2.2376299e+00
24.34	2.2898273e+00
24.38	2.3412471e+00
24.41	2.3918316e+00
24.44	2.4415276e+00
24.48	2.4902867e+00
24.51	2.5380650e+00
24.55	2.5848232e+00
24.58	2.6305265e+00
24.62	2.6751449e+00
24.65	2.7186526e+00
24.68	2.7610282e+00
24.72	2.8022547e+00
24.75	2.8423188e+00
24.79	2.8812114e+00
24.82	2.9189269e+00
24.85	2.9554633e+00
24.89	2.9908220e+00
24.92	3.0250073e+00
24.96	3.0580265e+00
24.99	3.0898898e+00
25.02	3.1206095e+00
25.06	3.1502004e+00
25.09	3.1786792e+00
25.13	3.2060647e+00
25.16	3.2323771e+00
25.19	3.2576381e+00
25.23	3.2818709e+00
25.26	3.3050996e+00
25.30	3.3273492e+00
25.33	3.3486456e+00
25.36	3.3690152e+00
25.40	3.3884851e+00
25.43	3.4070824e+00
25.47	3.4248348e+00
25.50	3.4417698e+00
25.54	3.4579151e+00
25.57	3.4732983e+00
25.60	3.4879468e+00
25.64	3.5018876e+00
25.67	3.5151476e+00
25.71	3.5277532e+00
25.74	3.5397303e+00
25.77	3.5511046e+00
25.81	3.5619008e+00
25.84	3.5721434e+00
25.88	3.5818562e+00
25.91	3.5910623e+00
25.94	3.5997842e+00
25.98	3.6080438e+00
26.01	3.6158622e+00
26.05	3.6232599e+00
26.08	3.6302567e+00
26.11	3.6368718e+00
26.15	3.6431235e+00
26.18	3.6490296e+00
26.22	3.6546071e+00
26.25	3.6598726e+00
26.28	3.6648416e+00
26.32	3.6695294e+00
26.35	3.6739503e+00
26.39	3.6781182e+00
26.42	3.6820465e+00
26.45	3.6857476e+00
26.49	3.6892338e+00
26.52	3.6925165e+00
26.56	3.6956068e+00
26.59	3.6985151e+00
26.63	3.7012514e+00
26.66	3.7038252e+00
26.69	3.7062456e+00
26.73	3.7085211e+00
26.76	3.7106598e+00
26.80	3.7126695e+00
26.83	3.7145576e+00
26.86	3.7163310e+00
26.90	3.7179963e+00
26.93	3.7195598e+00
26.97	3.7210273e+00
27.00	3.7224045e+00
