# NeutrinoAntineutrinoInteraction/NeutrinoiAntineutrinojElastic interaction rates
# neutrino field: massive Cosmic Neutrino Background, T_CnuB = 1.94535456 K
# Produced with crpropa-data version: 34240bf825c959521ec71bc1e6d82591f4f17700
# log10(E/eV), 1/lambda [1/Mpc]
10.00	6.1639577e-12
10.03	6.6669590e-12
10.07	7.2110071e-12
10.10	7.7994514e-12
10.14	8.4359150e-12
10.17	9.1243163e-12
10.20	9.8688936e-12
10.24	1.0674231e-11
10.27	1.1545287e-11
10.31	1.2487425e-11
10.34	1.3506444e-11
10.37	1.4608619e-11
10.41	1.5800735e-11
10.44	1.7090132e-11
10.48	1.8484749e-11
10.51	1.9993172e-11
10.55	2.1624687e-11
10.58	2.3389340e-11
10.61	2.5297995e-11
10.65	2.7362403e-11
10.68	2.9595275e-11
10.72	3.2010356e-11
10.75	3.4622518e-11
10.78	3.7447841e-11
10.82	4.0503721e-11
10.85	4.3808971e-11
10.89	4.7383942e-11
10.92	5.1250644e-11
10.95	5.5432883e-11
10.99	5.9956407e-11
11.02	6.4849068e-11
11.06	7.0140987e-11
11.09	7.5864746e-11
11.12	8.2055585e-11
11.16	8.8751619e-11
11.19	9.5994073e-11
11.23	1.0382754e-10
11.26	1.1230024e-10
11.29	1.2146435e-10
11.33	1.3137628e-10
11.36	1.4209706e-10
11.40	1.5369270e-10
11.43	1.6623458e-10
11.46	1.7979993e-10
11.50	1.9447225e-10
11.53	2.1034189e-10
11.57	2.2750656e-10
11.60	2.4607192e-10
11.64	2.6615228e-10
11.67	2.8787127e-10
11.70	3.1136261e-10
11.74	3.3677093e-10
11.77	3.6425266e-10
11.81	3.9397700e-10
11.84	4.2612696e-10
11.87	4.6090046e-10
11.91	4.9851161e-10
11.94	5.3919197e-10
11.98	5.8319199e-10
12.01	6.3078258e-10
12.04	6.8225673e-10
12.08	7.3793135e-10
12.11	7.9814923e-10
12.15	8.6328110e-10
12.18	9.3372797e-10
12.21	1.0099236e-09
12.25	1.0923370e-09
12.28	1.1814757e-09
12.32	1.2778884e-09
12.35	1.3821687e-09
12.38	1.4949587e-09
12.42	1.6169527e-09
12.45	1.7489019e-09
12.49	1.8916187e-09
12.52	2.0459816e-09
12.56	2.2129412e-09
12.59	2.3935252e-09
12.62	2.5888456e-09
12.66	2.8001047e-09
12.69	3.0286035e-09
12.73	3.2757485e-09
12.76	3.5430615e-09
12.79	3.8321881e-09
12.83	4.1449086e-09
12.86	4.4831482e-09
12.90	4.8489894e-09
12.93	5.2446845e-09
12.96	5.6726698e-09
13.00	6.1355803e-09
13.03	6.6362659e-09
13.07	7.1778093e-09
13.10	7.7635446e-09
13.13	8.3970780e-09
13.17	9.0823100e-09
13.20	9.8234595e-09
13.24	1.0625089e-08
13.27	1.1492135e-08
13.30	1.2429935e-08
13.34	1.3444263e-08
13.37	1.4541364e-08
13.41	1.5727992e-08
13.44	1.7011453e-08
13.47	1.8399649e-08
13.51	1.9901128e-08
13.54	2.1525132e-08
13.58	2.3281661e-08
13.61	2.5181529e-08
13.65	2.7236433e-08
13.68	2.9459025e-08
13.71	3.1862988e-08
13.75	3.4463124e-08
13.78	3.7275440e-08
13.82	4.0317251e-08
13.85	4.3607285e-08
13.88	4.7165798e-08
13.92	5.1014698e-08
13.95	5.5177683e-08
13.99	5.9680382e-08
14.02	6.4550518e-08
14.05	6.9818074e-08
14.09	7.5515482e-08
14.12	8.1677820e-08
14.16	8.8343027e-08
14.19	9.5552138e-08
14.22	1.0334954e-07
14.26	1.1178324e-07
14.29	1.2090516e-07
14.33	1.3077145e-07
14.36	1.4144288e-07
14.39	1.5298513e-07
14.43	1.6546927e-07
14.46	1.7897217e-07
14.50	1.9357695e-07
14.53	2.0937353e-07
14.57	2.2645917e-07
14.60	2.4493906e-07
14.63	2.6492698e-07
14.67	2.8654598e-07
14.70	3.0992917e-07
14.74	3.3522052e-07
14.77	3.6257573e-07
14.80	3.9216322e-07
14.84	4.2416516e-07
14.87	4.5877858e-07
14.91	4.9621658e-07
14.94	5.3670965e-07
14.97	5.8050711e-07
15.01	6.2787860e-07
15.04	6.7911577e-07
15.08	7.3453408e-07
15.11	7.9447473e-07
15.14	8.5930675e-07
15.18	9.2942930e-07
15.21	1.0052741e-06
15.25	1.0873081e-06
15.28	1.1760364e-06
15.31	1.2720052e-06
15.35	1.3758055e-06
15.38	1.4880762e-06
15.42	1.6095086e-06
15.45	1.7408504e-06
15.48	1.8829101e-06
15.52	2.0365624e-06
15.55	2.2027533e-06
15.59	2.3825059e-06
15.62	2.5769270e-06
15.66	2.7872136e-06
15.69	3.0146604e-06
15.72	3.2606676e-06
15.76	3.5267499e-06
15.79	3.8145455e-06
15.83	4.1258262e-06
15.86	4.4625086e-06
15.89	4.8266655e-06
15.93	5.2205389e-06
15.96	5.6465538e-06
16.00	6.1073330e-06
16.03	6.6057135e-06
16.06	7.1447636e-06
16.10	7.7278020e-06
16.13	8.3584182e-06
16.17	9.0404947e-06
16.20	9.7782304e-06
16.23	1.0576167e-05
16.27	1.1439217e-05
16.30	1.2372693e-05
16.34	1.3382342e-05
16.37	1.4474379e-05
16.40	1.5655527e-05
16.44	1.6933058e-05
16.47	1.8314836e-05
16.51	1.9809368e-05
16.54	2.1425857e-05
16.58	2.3174254e-05
16.61	2.5065325e-05
16.64	2.7110714e-05
16.68	2.9323014e-05
16.71	3.1715849e-05
16.75	3.4303951e-05
16.78	3.7103257e-05
16.81	4.0131003e-05
16.85	4.3405833e-05
16.88	4.6947911e-05
16.92	5.0779046e-05
16.95	5.4922827e-05
16.98	5.9404767e-05
17.02	6.4252461e-05
17.05	6.9495755e-05
17.09	7.5166932e-05
17.12	8.1300907e-05
17.15	8.7935443e-05
17.19	9.5111387e-05
17.22	1.0287292e-04
17.26	1.1126782e-04
17.29	1.2034777e-04
17.32	1.3016868e-04
17.36	1.4079100e-04
17.39	1.5228014e-04
17.43	1.6470683e-04
17.46	1.7814756e-04
17.49	1.9268510e-04
17.53	2.0840894e-04
17.56	2.2541588e-04
17.60	2.4381064e-04
17.63	2.6370647e-04
17.67	2.8522585e-04
17.70	3.0850127e-04
17.73	3.3367603e-04
17.77	3.6090512e-04
17.80	3.9035618e-04
17.84	4.2221053e-04
17.87	4.5666429e-04
17.90	4.9392956e-04
17.94	5.3423579e-04
17.97	5.7783111e-04
18.01	6.2498392e-04
18.04	6.7598451e-04
18.07	7.3114688e-04
18.11	7.9081063e-04
18.14	8.5534307e-04
18.18	9.2514149e-04
18.21	1.0006356e-03
18.24	1.0822902e-03
18.28	1.1706079e-03
18.31	1.2661325e-03
18.35	1.3694520e-03
18.38	1.4812026e-03
18.41	1.6020721e-03
18.45	1.7328046e-03
18.48	1.8742050e-03
18.52	2.0271437e-03
18.55	2.1925622e-03
18.59	2.3714788e-03
18.62	2.5649949e-03
18.65	2.7743017e-03
18.69	3.0006877e-03
18.72	3.2455464e-03
18.76	3.5103851e-03
18.79	3.7968339e-03
18.82	4.1066560e-03
18.86	4.4417585e-03
18.89	4.8042040e-03
18.93	5.1962232e-03
18.96	5.6202290e-03
18.99	6.0788310e-03
19.03	6.5748517e-03
19.06	7.1113436e-03
19.10	7.6916085e-03
19.13	8.3192171e-03
19.16	8.9980317e-03
19.20	9.7322292e-03
19.23	1.0526327e-02
19.27	1.1385212e-02
19.30	1.2314167e-02
19.33	1.3318908e-02
19.37	1.4405616e-02
19.40	1.5580975e-02
19.44	1.6852216e-02
19.47	1.8227156e-02
19.51	1.9714252e-02
19.54	2.1322649e-02
19.57	2.3062236e-02
19.61	2.4943708e-02
19.64	2.6978632e-02
19.68	2.9179516e-02
19.71	3.1559886e-02
19.74	3.4134371e-02
19.78	3.6918786e-02
19.81	3.9930238e-02
19.85	4.3187222e-02
19.88	4.6709739e-02
19.91	5.0519415e-02
19.95	5.4639633e-02
19.98	5.9095677e-02
20.02	6.3914884e-02
20.05	6.9126810e-02
20.08	7.4763411e-02
20.12	8.0859232e-02
20.15	8.7451622e-02
20.19	9.4580955e-02
20.22	1.0229087e-01
20.25	1.1062855e-01
20.29	1.1964499e-01
20.32	1.2939529e-01
20.36	1.3993901e-01
20.39	1.5134054e-01
20.42	1.6366941e-01
20.46	1.7700081e-01
20.49	1.9141592e-01
20.53	2.0700248e-01
20.56	2.2385527e-01
20.60	2.4207664e-01
20.63	2.6177716e-01
20.66	2.8307621e-01
20.70	3.0610271e-01
20.73	3.3099583e-01
20.77	3.5790579e-01
20.80	3.8699474e-01
20.83	4.1843764e-01
20.87	4.5242325e-01
20.90	4.8915516e-01
20.94	5.2885297e-01
20.97	5.7175339e-01
21.00	6.1811161e-01
21.04	6.6820259e-01
21.07	7.2232256e-01
21.11	7.8079050e-01
21.14	8.4394985e-01
21.17	9.1217016e-01
21.21	9.8584897e-01
21.24	1.0654137e+00
21.28	1.1513239e+00
21.31	1.2440728e+00
21.34	1.3441903e+00
21.38	1.4522449e+00
21.41	1.5688461e+00
21.45	1.6946469e+00
21.48	1.8303469e+00
21.52	1.9766942e+00
21.55	2.1344887e+00
21.58	2.3045848e+00
21.62	2.4878939e+00
21.65	2.6853877e+00
21.69	2.8981005e+00
21.72	3.1271322e+00
21.75	3.3736508e+00
21.79	3.6388950e+00
21.82	3.9241763e+00
21.86	4.2308811e+00
21.89	4.5604728e+00
21.92	4.9144924e+00
21.96	5.2945601e+00
21.99	5.7023756e+00
22.03	6.1397173e+00
22.06	6.6084422e+00
22.09	7.1104837e+00
22.13	7.6478490e+00
22.16	8.2226157e+00
22.20	8.8369272e+00
22.23	9.4929866e+00
22.26	1.0193050e+01
22.30	1.0939418e+01
22.33	1.1734426e+01
22.37	1.2580433e+01
22.40	1.3479809e+01
22.43	1.4434920e+01
22.47	1.5448115e+01
22.50	1.6521706e+01
22.54	1.7657953e+01
22.57	1.8859042e+01
22.61	2.0127064e+01
22.64	2.1463997e+01
22.67	2.2871682e+01
22.71	2.4351800e+01
22.74	2.5905850e+01
22.78	2.7535127e+01
22.81	2.9240699e+01
22.84	3.1023388e+01
22.88	3.2883747e+01
22.91	3.4822043e+01
22.95	3.6838241e+01
22.98	3.8931990e+01
23.01	4.1102606e+01
23.05	4.3349070e+01
23.08	4.5670018e+01
23.12	4.8063734e+01
23.15	5.0528159e+01
23.18	5.3060887e+01
23.22	5.5659175e+01
23.25	5.8319952e+01
23.29	6.1039836e+01
23.32	6.3815146e+01
23.35	6.6641927e+01
23.39	6.9515969e+01
23.42	7.2432831e+01
23.46	7.5387876e+01
23.49	7.8376288e+01
23.53	8.1393115e+01
23.56	8.4433290e+01
23.59	8.7491669e+01
23.63	9.0563064e+01
23.66	9.3642269e+01
23.70	9.6724098e+01
23.73	9.9803412e+01
23.76	1.0287515e+02
23.80	1.0593436e+02
23.83	1.0897621e+02
23.87	1.1199603e+02
23.90	1.1498935e+02
23.93	1.1795185e+02
23.97	1.2087946e+02
24.00	1.2376834e+02
24.04	1.2661487e+02
24.07	1.2941570e+02
24.10	1.3216773e+02
24.14	1.3486812e+02
24.17	1.3751432e+02
24.21	1.4010403e+02
24.24	1.4263520e+02
24.27	1.4510608e+02
24.31	1.4751516e+02
24.34	1.4986118e+02
24.38	1.5214312e+02
24.41	1.5436021e+02
24.44	1.5651190e+02
24.48	1.5859786e+02
24.51	1.6061796e+02
24.55	1.6257226e+02
24.58	1.6446099e+02
24.62	1.6628458e+02
24.65	1.6804359e+02
24.68	1.6973873e+02
24.72	1.7137083e+02
24.75	1.7294086e+02
24.79	1.7444988e+02
24.82	1.7589904e+02
24.85	1.7728958e+02
24.89	1.7862283e+02
24.92	1.7990015e+02
24.96	1.8112297e+02
24.99	1.8229276e+02
25.02	1.8341102e+02
25.06	1.8447930e+02
25.09	1.8549912e+02
25.13	1.8647207e+02
25.16	1.8739969e+02
25.19	1.8828355e+02
25.23	1.8912521e+02
25.26	1.8992622e+02
25.30	1.9068810e+02
25.33	1.9141236e+02
25.36	1.9210049e+02
25.40	1.9275395e+02
25.43	1.9337417e+02
25.47	1.9396255e+02
25.50	1.9452045e+02
25.54	1.9504920e+02
25.57	1.9555010e+02
25.60	1.9602441e+02
25.64	1.9647333e+02
25.67	1.9689805e+02
25.71	1.9729971e+02
25.74	1.9767942e+02
25.77	1.9803822e+02
25.81	1.9837715e+02
25.84	1.9869718e+02
25.88	1.9899927e+02
25.91	1.9928431e+02
25.94	1.9955318e+02
25.98	1.9980672e+02
26.01	2.0004571e+02
26.05	2.0027093e+02
26.08	2.0048310e+02
26.11	2.0068292e+02
26.15	2.0087105e+02
26.18	2.0104813e+02
26.22	2.0121476e+02
26.25	2.0137152e+02
26.28	2.0151894e+02
26.32	2.0165756e+02
26.35	2.0178786e+02
26.39	2.0191032e+02
26.42	2.0202537e+02
26.45	2.0213345e+02
26.49	2.0223494e+02
26.52	2.0233024e+02
26.56	2.0241970e+02
26.59	2.0250366e+02
26.63	2.0258244e+02
26.66	2.0265635e+02
26.69	2.0272567e+02
26.73	2.0279068e+02
26.76	2.0285164e+02
26.80	2.0290878e+02
26.83	2.0296234e+02
26.86	2.0301253e+02
26.90	2.0305955e+02
26.93	2.0310361e+02
26.97	2.0314487e+02
27.00	2.0318351e+02
