# NeutrinoAntineutrinoInteraction/NeutrinoiAntineutrinojElastic interaction rates
# neutrino field: massive Cosmic Neutrino Background, T_CnuB = 1.94535456 K
# Produced with crpropa-data version: 34240bf825c959521ec71bc1e6d82591f4f17700
# log10(E/eV), 1/lambda [1/Mpc]
10.00	1.2323072e-14
10.03	1.3328679e-14
10.07	1.4416348e-14
10.10	1.5592774e-14
10.14	1.6865201e-14
10.17	1.8241463e-14
10.20	1.9730033e-14
10.24	2.1340075e-14
10.27	2.3081502e-14
10.31	2.4965037e-14
10.34	2.7002275e-14
10.37	2.9205758e-14
10.41	3.1589054e-14
10.44	3.4166836e-14
10.48	3.6954973e-14
10.51	3.9970633e-14
10.55	4.3232382e-14
10.58	4.6760301e-14
10.61	5.0576112e-14
10.65	5.4703306e-14
10.68	5.9167294e-14
10.72	6.3995560e-14
10.75	6.9217831e-14
10.78	7.4866257e-14
10.82	8.0975615e-14
10.85	8.7583519e-14
10.89	9.4730652e-14
10.92	1.0246102e-13
10.95	1.1082221e-13
10.99	1.1986570e-13
11.02	1.2964718e-13
11.06	1.4022686e-13
11.09	1.5166988e-13
11.12	1.6404669e-13
11.16	1.7743350e-13
11.19	1.9191272e-13
11.23	2.0757349e-13
11.26	2.2451224e-13
11.29	2.4283326e-13
11.33	2.6264933e-13
11.36	2.8408247e-13
11.40	3.0726463e-13
11.43	3.3233854e-13
11.46	3.5945857e-13
11.50	3.8879170e-13
11.53	4.2051851e-13
11.57	4.5483435e-13
11.60	4.9195048e-13
11.64	5.3209543e-13
11.67	5.7551635e-13
11.70	6.2248057e-13
11.74	6.7327724e-13
11.77	7.2821911e-13
11.81	7.8764443e-13
11.84	8.5191908e-13
11.87	9.2143877e-13
11.91	9.9663152e-13
11.94	1.0779603e-12
11.98	1.1659257e-12
12.01	1.2610695e-12
12.04	1.3639774e-12
12.08	1.4752829e-12
12.11	1.5956713e-12
12.15	1.7258839e-12
12.18	1.8667223e-12
12.21	2.0190536e-12
12.25	2.1838157e-12
12.28	2.3620230e-12
12.32	2.5547726e-12
12.35	2.7632513e-12
12.38	2.9887427e-12
12.42	3.2326349e-12
12.45	3.4964297e-12
12.49	3.7817510e-12
12.52	4.0903556e-12
12.56	4.4241435e-12
12.59	4.7851697e-12
12.62	5.1756569e-12
12.66	5.5980093e-12
12.69	6.0548272e-12
12.73	6.5489230e-12
12.76	7.0833389e-12
12.79	7.6613651e-12
12.83	8.2865603e-12
12.86	8.9627737e-12
12.90	9.6941686e-12
12.93	1.0485248e-11
12.96	1.1340882e-11
13.00	1.2266339e-11
13.03	1.3267317e-11
13.07	1.4349978e-11
13.10	1.5520989e-11
13.13	1.6787558e-11
13.17	1.8157484e-11
13.20	1.9639200e-11
13.24	2.1241830e-11
13.27	2.2975241e-11
13.30	2.4850104e-11
13.34	2.6877962e-11
13.37	2.9071302e-11
13.41	3.1443625e-11
13.44	3.4009539e-11
13.47	3.6784841e-11
13.51	3.9786618e-11
13.54	4.3033350e-11
13.58	4.6545028e-11
13.61	5.0343271e-11
13.65	5.4451465e-11
13.68	5.8894902e-11
13.71	6.3700940e-11
13.75	6.8899168e-11
13.78	7.4521590e-11
13.82	8.0602822e-11
13.85	8.7180305e-11
13.88	9.4294534e-11
13.92	1.0198931e-10
13.95	1.1031201e-10
13.99	1.1931387e-10
14.02	1.2905031e-10
14.05	1.3958129e-10
14.09	1.5097163e-10
14.12	1.6329146e-10
14.16	1.7661664e-10
14.19	1.9102920e-10
14.22	2.0661787e-10
14.26	2.2347864e-10
14.29	2.4171531e-10
14.33	2.6144015e-10
14.36	2.8277462e-10
14.39	3.0585006e-10
14.43	3.3080853e-10
14.46	3.5780371e-10
14.50	3.8700179e-10
14.53	4.1858254e-10
14.57	4.5274040e-10
14.60	4.8968565e-10
14.63	5.2964578e-10
14.67	5.7286680e-10
14.70	6.1961481e-10
14.74	6.7017763e-10
14.77	7.2486656e-10
14.80	7.8401830e-10
14.84	8.4799704e-10
14.87	9.1719667e-10
14.91	9.9204325e-10
14.94	1.0729976e-09
14.97	1.1605581e-09
15.01	1.2552638e-09
15.04	1.3576979e-09
15.08	1.4684910e-09
15.11	1.5883252e-09
15.14	1.7179383e-09
15.18	1.8581283e-09
15.21	2.0097583e-09
15.25	2.1737619e-09
15.28	2.3511487e-09
15.31	2.5430110e-09
15.35	2.7505299e-09
15.38	2.9749832e-09
15.42	3.2177526e-09
15.45	3.4803329e-09
15.48	3.7643407e-09
15.52	4.0715245e-09
15.55	4.4037757e-09
15.59	4.7631398e-09
15.62	5.1518293e-09
15.66	5.5722373e-09
15.69	6.0269521e-09
15.72	6.5187732e-09
15.76	7.0507288e-09
15.79	7.6260938e-09
15.83	8.2484108e-09
15.86	8.9215110e-09
15.89	9.6495387e-09
15.93	1.0436976e-08
15.96	1.1288671e-08
16.00	1.2209868e-08
16.03	1.3206237e-08
16.06	1.4283914e-08
16.10	1.5449533e-08
16.13	1.6710271e-08
16.17	1.8073890e-08
16.20	1.9548785e-08
16.23	2.1144037e-08
16.27	2.2869467e-08
16.30	2.4735698e-08
16.34	2.6754221e-08
16.37	2.8937462e-08
16.40	3.1298864e-08
16.44	3.3852964e-08
16.47	3.6615488e-08
16.51	3.9603443e-08
16.54	4.2835224e-08
16.58	4.6330728e-08
16.61	5.0111474e-08
16.64	5.4200737e-08
16.68	5.8623691e-08
16.71	6.3407563e-08
16.75	6.8581804e-08
16.78	7.4178268e-08
16.81	8.0231407e-08
16.85	8.6778487e-08
16.88	9.3859816e-08
16.92	1.0151899e-07
16.95	1.0980317e-07
16.98	1.1876336e-07
17.02	1.2845472e-07
17.05	1.3893694e-07
17.09	1.5027455e-07
17.12	1.6253737e-07
17.15	1.7580090e-07
17.19	1.9014681e-07
17.22	2.0566344e-07
17.26	2.2244632e-07
17.29	2.4059879e-07
17.32	2.6023263e-07
17.36	2.8146871e-07
17.39	3.0443779e-07
17.43	3.2928128e-07
17.46	3.5615213e-07
17.49	3.8521579e-07
17.53	4.1665119e-07
17.56	4.5065186e-07
17.60	4.8742713e-07
17.63	5.2720341e-07
17.67	5.7022558e-07
17.70	6.1675850e-07
17.73	6.6708865e-07
17.77	7.2152590e-07
17.80	7.8040540e-07
17.84	8.4408962e-07
17.87	9.1297066e-07
17.90	9.8747259e-07
17.94	1.0680541e-06
17.97	1.1552112e-06
18.01	1.2494807e-06
18.04	1.3514428e-06
18.07	1.4617253e-06
18.11	1.5810071e-06
18.14	1.7100227e-06
18.18	1.8495663e-06
18.21	2.0004971e-06
18.24	2.1637443e-06
18.28	2.3403128e-06
18.31	2.5312899e-06
18.35	2.7378512e-06
18.38	2.9612684e-06
18.41	3.2029170e-06
18.45	3.4642848e-06
18.48	3.7469808e-06
18.52	4.0527454e-06
18.55	4.3834611e-06
18.59	4.7411639e-06
18.62	5.1280559e-06
18.65	5.5465189e-06
18.69	5.9991293e-06
18.72	6.4886733e-06
18.76	7.0181647e-06
18.79	7.5908633e-06
18.82	8.2102945e-06
18.86	8.8802718e-06
18.89	9.6049194e-06
18.93	1.0388699e-05
18.96	1.1236434e-05
18.99	1.2153344e-05
19.03	1.3145074e-05
19.06	1.4217727e-05
19.10	1.5377907e-05
19.13	1.6632756e-05
19.16	1.7989998e-05
19.20	1.9457987e-05
19.23	2.1045758e-05
19.27	2.2763086e-05
19.30	2.4620539e-05
19.33	2.6629552e-05
19.37	2.8802487e-05
19.40	3.1152720e-05
19.44	3.3694714e-05
19.47	3.6444113e-05
19.51	3.9417836e-05
19.54	4.2634185e-05
19.57	4.6112950e-05
19.61	4.9875537e-05
19.64	5.3945097e-05
19.68	5.8346669e-05
19.71	6.3107334e-05
19.74	6.8256378e-05
19.78	7.3825476e-05
19.81	7.9848885e-05
19.85	8.6363653e-05
19.88	9.3409848e-05
19.91	1.0103080e-04
19.95	1.0927338e-04
19.98	1.1818825e-04
20.02	1.2783023e-04
20.05	1.3825859e-04
20.08	1.4953743e-04
20.12	1.6173605e-04
20.15	1.7492942e-04
20.19	1.8919858e-04
20.22	2.0463119e-04
20.25	2.2132202e-04
20.29	2.3937356e-04
20.32	2.5889662e-04
20.36	2.8001101e-04
20.39	3.0284629e-04
20.42	3.2754254e-04
20.46	3.5425118e-04
20.49	3.8313594e-04
20.53	4.1437384e-04
20.56	4.4815622e-04
20.60	4.8468993e-04
20.63	5.2419857e-04
20.66	5.6692383e-04
20.70	6.1312694e-04
20.73	6.6309024e-04
20.77	7.1711884e-04
20.80	7.7554249e-04
20.83	8.3871747e-04
20.87	9.0702879e-04
20.90	9.8089236e-04
20.94	1.0607575e-03
20.97	1.1471097e-03
21.00	1.2404730e-03
21.04	1.3414137e-03
21.07	1.4505431e-03
21.11	1.5685212e-03
21.14	1.6960607e-03
21.17	1.8339307e-03
21.21	1.9829610e-03
21.24	2.1440474e-03
21.28	2.3181559e-03
21.31	2.5063285e-03
21.34	2.7096888e-03
21.38	2.9294479e-03
21.41	3.1669114e-03
21.45	3.4234857e-03
21.48	3.7006858e-03
21.52	4.0001429e-03
21.55	4.3236126e-03
21.58	4.6729842e-03
21.62	5.0502892e-03
21.65	5.4577117e-03
21.69	5.8975984e-03
21.72	6.3724695e-03
21.75	6.8850298e-03
21.79	7.4381807e-03
21.82	8.0350325e-03
21.86	8.6789166e-03
21.89	9.3733992e-03
21.92	1.0122294e-02
21.96	1.0929677e-02
21.99	1.1799898e-02
22.03	1.2737599e-02
22.06	1.3747721e-02
22.09	1.4835525e-02
22.13	1.6006600e-02
22.16	1.7266880e-02
22.20	1.8622651e-02
22.23	2.0080566e-02
22.26	2.1647654e-02
22.30	2.3331324e-02
22.33	2.5139376e-02
22.37	2.7080003e-02
22.40	2.9161790e-02
22.43	3.1393713e-02
22.47	3.3785135e-02
22.50	3.6345792e-02
22.54	3.9085782e-02
22.57	4.2015544e-02
22.61	4.5145835e-02
22.64	4.8487696e-02
22.67	5.2052418e-02
22.71	5.5851499e-02
22.74	5.9896591e-02
22.78	6.4199447e-02
22.81	6.8771853e-02
22.84	7.3625559e-02
22.88	7.8772202e-02
22.91	8.4223219e-02
22.95	8.9989757e-02
22.98	9.6082577e-02
23.01	1.0251196e-01
23.05	1.0928758e-01
23.08	1.1641842e-01
23.12	1.2391267e-01
23.15	1.3177758e-01
23.18	1.4001938e-01
23.22	1.4864318e-01
23.25	1.5765285e-01
23.29	1.6705092e-01
23.32	1.7683854e-01
23.35	1.8701533e-01
23.39	1.9757938e-01
23.42	2.0852716e-01
23.46	2.1985348e-01
23.49	2.3155147e-01
23.53	2.4361256e-01
23.56	2.5602650e-01
23.59	2.6878137e-01
23.63	2.8186361e-01
23.66	2.9525809e-01
23.70	3.0894814e-01
23.73	3.2291569e-01
23.76	3.3714132e-01
23.80	3.5160440e-01
23.83	3.6628316e-01
23.87	3.8115490e-01
23.90	3.9619605e-01
23.93	4.1138237e-01
23.97	4.2668908e-01
24.00	4.4209099e-01
24.04	4.5756269e-01
24.07	4.7307868e-01
24.10	4.8861354e-01
24.14	5.0414203e-01
24.17	5.1963929e-01
24.21	5.3508093e-01
24.24	5.5044316e-01
24.27	5.6570293e-01
24.31	5.8083800e-01
24.34	5.9582708e-01
24.38	6.1064986e-01
24.41	6.2528712e-01
24.44	6.3972079e-01
24.48	6.5393399e-01
24.51	6.6791106e-01
24.55	6.8163761e-01
24.58	6.9510052e-01
24.62	7.0828796e-01
24.65	7.2118938e-01
24.68	7.3379550e-01
24.72	7.4609828e-01
24.75	7.5809094e-01
24.79	7.6976787e-01
24.82	7.8112461e-01
24.85	7.9215784e-01
24.89	8.0286527e-01
24.92	8.1324566e-01
24.96	8.2329870e-01
24.99	8.3302502e-01
25.02	8.4242605e-01
25.06	8.5150405e-01
25.09	8.6026198e-01
25.13	8.6870350e-01
25.16	8.7683286e-01
25.19	8.8465487e-01
25.23	8.9217483e-01
25.26	8.9939851e-01
25.30	9.0633204e-01
25.33	9.1298192e-01
25.36	9.1935492e-01
25.40	9.2545807e-01
25.43	9.3129859e-01
25.47	9.3688388e-01
25.50	9.4222145e-01
25.54	9.4731890e-01
25.57	9.5218388e-01
25.60	9.5682406e-01
25.64	9.6124713e-01
25.67	9.6546071e-01
25.71	9.6947239e-01
25.74	9.7328969e-01
25.77	9.7692001e-01
25.81	9.8037066e-01
25.84	9.8364882e-01
25.88	9.8676151e-01
25.91	9.8971562e-01
25.94	9.9251788e-01
25.98	9.9517484e-01
26.01	9.9769287e-01
26.05	1.0000782e+00
26.08	1.0023368e+00
26.11	1.0044745e+00
26.15	1.0064969e+00
26.18	1.0084096e+00
26.22	1.0102177e+00
26.25	1.0119263e+00
26.28	1.0135402e+00
26.32	1.0150643e+00
26.35	1.0165029e+00
26.39	1.0178604e+00
26.42	1.0191410e+00
26.45	1.0203485e+00
26.49	1.0214869e+00
26.52	1.0225596e+00
26.56	1.0235703e+00
26.59	1.0245222e+00
26.63	1.0254185e+00
26.66	1.0262622e+00
26.69	1.0270561e+00
26.73	1.0278030e+00
26.76	1.0285056e+00
26.80	1.0291661e+00
26.83	1.0297871e+00
26.86	1.0303708e+00
26.90	1.0309192e+00
26.93	1.0314344e+00
26.97	1.0319182e+00
27.00	1.0323726e+00
