# NeutrinoAntineutrinoInteraction/NeutrinoiAntineutrinojElastic interaction rates
# neutrino field: massive Cosmic Neutrino Background, T_CnuB = 1.94535456 K
# Produced with crpropa-data version: 34240bf825c959521ec71bc1e6d82591f4f17700
# log10(E/eV), 1/lambda [1/Mpc]
10.00	1.9119713e-13
10.03	2.0679951e-13
10.07	2.2367510e-13
10.10	2.4192780e-13
10.14	2.6166999e-13
10.17	2.8302321e-13
10.20	3.0611893e-13
10.24	3.3109934e-13
10.27	3.5811825e-13
10.31	3.8734200e-13
10.34	4.1895051e-13
10.37	4.5313840e-13
10.41	4.9011614e-13
10.44	5.3011139e-13
10.48	5.7337041e-13
10.51	6.2015951e-13
10.55	6.7076678e-13
10.58	7.2550378e-13
10.61	7.8470753e-13
10.65	8.4874251e-13
10.68	9.1800298e-13
10.72	9.9291536e-13
10.75	1.0739409e-12
10.78	1.1615783e-12
10.82	1.2563673e-12
10.85	1.3588915e-12
10.89	1.4697819e-12
10.92	1.5897215e-12
10.95	1.7194485e-12
10.99	1.8597618e-12
11.02	2.0115251e-12
11.06	2.1756728e-12
11.09	2.3532156e-12
11.12	2.5452466e-12
11.16	2.7529479e-12
11.19	2.9775985e-12
11.23	3.2205813e-12
11.26	3.4833925e-12
11.29	3.7676499e-12
11.33	4.0751038e-12
11.36	4.4076471e-12
11.40	4.7673271e-12
11.43	5.1563583e-12
11.46	5.5771359e-12
11.50	6.0322504e-12
11.53	6.5245039e-12
11.57	7.0569272e-12
11.60	7.6327980e-12
11.64	8.2556621e-12
11.67	8.9293541e-12
11.70	9.6580218e-12
11.74	1.0446151e-11
11.77	1.1298595e-11
11.81	1.2220602e-11
11.84	1.3217847e-11
11.87	1.4296471e-11
11.91	1.5463115e-11
11.94	1.6724962e-11
11.98	1.8089779e-11
12.01	1.9565971e-11
12.04	2.1162625e-11
12.08	2.2889572e-11
12.11	2.4757445e-11
12.15	2.6777742e-11
12.18	2.8962903e-11
12.21	3.1326381e-11
12.25	3.3882727e-11
12.28	3.6647681e-11
12.32	3.9638265e-11
12.35	4.2872891e-11
12.38	4.6371474e-11
12.42	5.0155555e-11
12.45	5.4248430e-11
12.49	5.8675299e-11
12.52	6.3463417e-11
12.56	6.8642262e-11
12.59	7.4243720e-11
12.62	8.0302277e-11
12.66	8.6855234e-11
12.69	9.3942937e-11
12.73	1.0160902e-10
12.76	1.0990069e-10
12.79	1.1886898e-10
12.83	1.2856912e-10
12.86	1.3906083e-10
12.90	1.5040870e-10
12.93	1.6268259e-10
12.96	1.7595808e-10
13.00	1.9031690e-10
13.03	2.0584745e-10
13.07	2.2264535e-10
13.10	2.4081402e-10
13.13	2.6046532e-10
13.17	2.8172023e-10
13.20	3.0470963e-10
13.24	3.2957504e-10
13.27	3.5646956e-10
13.30	3.8555877e-10
13.34	4.1702176e-10
13.37	4.5105225e-10
13.41	4.8785975e-10
13.44	5.2767088e-10
13.47	5.7073074e-10
13.51	6.1730444e-10
13.54	6.6767873e-10
13.58	7.2216373e-10
13.61	7.8109492e-10
13.65	8.4483510e-10
13.68	9.1377671e-10
13.71	9.8834420e-10
13.75	1.0689967e-09
13.78	1.1562307e-09
13.82	1.2505833e-09
13.85	1.3526354e-09
13.88	1.4630154e-09
13.92	1.5824028e-09
13.95	1.7115326e-09
13.99	1.8511999e-09
14.02	2.0022645e-09
14.05	2.1656565e-09
14.09	2.3423820e-09
14.12	2.5335289e-09
14.16	2.7402740e-09
14.19	2.9638903e-09
14.22	3.2057545e-09
14.26	3.4673557e-09
14.29	3.7503045e-09
14.33	4.0563430e-09
14.36	4.3873553e-09
14.39	4.7453794e-09
14.43	5.1326196e-09
14.46	5.5514600e-09
14.50	6.0044793e-09
14.53	6.4944666e-09
14.57	7.0244387e-09
14.60	7.5976584e-09
14.63	8.2176549e-09
14.67	8.8882454e-09
14.70	9.6135584e-09
14.74	1.0398060e-08
14.77	1.1246579e-08
14.80	1.2164341e-08
14.84	1.3156995e-08
14.87	1.4230654e-08
14.91	1.5391927e-08
14.94	1.6647964e-08
14.97	1.8006498e-08
15.01	1.9475894e-08
15.04	2.1065197e-08
15.08	2.2784194e-08
15.11	2.4643467e-08
15.14	2.6654463e-08
15.18	2.8829564e-08
15.21	3.1182161e-08
15.25	3.3726739e-08
15.28	3.6478963e-08
15.31	3.9455779e-08
15.35	4.2675514e-08
15.38	4.6157990e-08
15.42	4.9924650e-08
15.45	5.3998683e-08
15.48	5.8405171e-08
15.52	6.3171245e-08
15.55	6.8326248e-08
15.59	7.3901918e-08
15.62	7.9932582e-08
15.66	8.6455371e-08
15.69	9.3510443e-08
15.72	1.0114123e-07
15.76	1.0939473e-07
15.79	1.1832173e-07
15.83	1.2797722e-07
15.86	1.3842062e-07
15.89	1.4971625e-07
15.93	1.6193363e-07
15.96	1.7514801e-07
16.00	1.8944072e-07
16.03	2.0489977e-07
16.06	2.2162033e-07
16.10	2.3970536e-07
16.13	2.5926618e-07
16.17	2.8042324e-07
16.20	3.0330679e-07
16.23	3.2805773e-07
16.27	3.5482842e-07
16.30	3.8378370e-07
16.34	4.1510182e-07
16.37	4.4897560e-07
16.40	4.8561358e-07
16.44	5.2524131e-07
16.47	5.6810274e-07
16.51	6.1446173e-07
16.54	6.6460367e-07
16.58	7.1883724e-07
16.61	7.7749630e-07
16.64	8.4094197e-07
16.68	9.0956484e-07
16.71	9.8378739e-07
16.75	1.0640666e-06
16.78	1.1508967e-06
16.81	1.2448124e-06
16.85	1.3463919e-06
16.88	1.4562606e-06
16.92	1.5750951e-06
16.95	1.7036272e-06
16.98	1.8426481e-06
17.02	1.9930141e-06
17.05	2.1556509e-06
17.09	2.3315600e-06
17.12	2.5218245e-06
17.15	2.7276159e-06
17.19	2.9502012e-06
17.22	3.1909509e-06
17.26	3.4513473e-06
17.29	3.7329935e-06
17.32	4.0376236e-06
17.36	4.3671131e-06
17.39	4.7234903e-06
17.43	5.1089494e-06
17.46	5.5258634e-06
17.49	5.9767991e-06
17.53	6.4645325e-06
17.56	6.9920664e-06
17.60	7.5626485e-06
17.63	8.1797917e-06
17.67	8.8472955e-06
17.70	9.5692693e-06
17.73	1.0350158e-05
17.77	1.1194769e-05
17.80	1.2108303e-05
17.84	1.3096384e-05
17.87	1.4165095e-05
17.90	1.5321015e-05
17.94	1.6571262e-05
17.97	1.7923533e-05
18.01	1.9386153e-05
18.04	2.0968127e-05
18.07	2.2679194e-05
18.11	2.4529889e-05
18.14	2.6531606e-05
18.18	2.8696668e-05
18.21	3.1038405e-05
18.24	3.3571233e-05
18.28	3.6310747e-05
18.31	3.9273811e-05
18.35	4.2478669e-05
18.38	4.5945049e-05
18.41	4.9694293e-05
18.45	5.3749482e-05
18.48	5.8135581e-05
18.52	6.2879594e-05
18.55	6.8010724e-05
18.59	7.3560560e-05
18.62	7.9563269e-05
18.65	8.6055804e-05
18.69	9.3078134e-05
18.72	1.0067349e-04
18.76	1.0888862e-04
18.79	1.1777411e-04
18.82	1.2738465e-04
18.86	1.3777940e-04
18.89	1.4902235e-04
18.93	1.6118270e-04
18.96	1.7433532e-04
18.99	1.8856115e-04
19.03	2.0394777e-04
19.06	2.2058988e-04
19.10	2.3858992e-04
19.13	2.5805867e-04
19.16	2.7911597e-04
19.20	3.0189141e-04
19.23	3.2652516e-04
19.27	3.5316884e-04
19.30	3.8198639e-04
19.33	4.1315518e-04
19.37	4.4686699e-04
19.40	4.8332928e-04
19.44	5.2276639e-04
19.47	5.6542099e-04
19.51	6.1155550e-04
19.54	6.6145375e-04
19.57	7.1542270e-04
19.61	7.7379435e-04
19.64	8.3692774e-04
19.68	9.0521116e-04
19.71	9.7906456e-04
19.74	1.0589421e-03
19.78	1.1453349e-03
19.81	1.2387742e-03
19.85	1.3398344e-03
19.88	1.4491367e-03
19.91	1.5673527e-03
19.95	1.6952091e-03
19.98	1.8334913e-03
20.02	1.9830489e-03
20.05	2.1448004e-03
20.08	2.3197391e-03
20.12	2.5089390e-03
20.15	2.7135614e-03
20.19	2.9348622e-03
20.22	3.1741988e-03
20.25	3.4330392e-03
20.29	3.7129704e-03
20.32	4.0157082e-03
20.36	4.3431074e-03
20.39	4.6971731e-03
20.42	5.0800729e-03
20.46	5.4941498e-03
20.49	5.9419363e-03
20.53	6.4261695e-03
20.56	6.9498077e-03
20.60	7.5160477e-03
20.63	8.1283443e-03
20.66	8.7904303e-03
20.70	9.5063390e-03
20.73	1.0280428e-02
20.77	1.1117403e-02
20.80	1.2022350e-02
20.83	1.3000759e-02
20.87	1.4058560e-02
20.90	1.5202156e-02
20.94	1.6438460e-02
20.97	1.7774933e-02
21.00	1.9219630e-02
21.04	2.0781239e-02
21.07	2.2469138e-02
21.11	2.4293440e-02
21.14	2.6265051e-02
21.17	2.8395731e-02
21.21	3.0698155e-02
21.24	3.3185984e-02
21.28	3.5873931e-02
21.31	3.8777843e-02
21.34	4.1914781e-02
21.38	4.5303104e-02
21.41	4.8962562e-02
21.45	5.2914391e-02
21.48	5.7181416e-02
21.52	6.1788152e-02
21.55	6.6760924e-02
21.58	7.2127974e-02
21.62	7.7919588e-02
21.65	8.4168222e-02
21.69	9.0908626e-02
21.72	9.8177984e-02
21.75	1.0601604e-01
21.79	1.1446526e-01
21.82	1.2357094e-01
21.86	1.3338136e-01
21.89	1.4394793e-01
21.92	1.5532531e-01
21.96	1.6757156e-01
21.99	1.8074824e-01
22.03	1.9492053e-01
22.06	2.1015734e-01
22.09	2.2653141e-01
22.13	2.4411932e-01
22.16	2.6300159e-01
22.20	2.8326268e-01
22.23	3.0499097e-01
22.26	3.2827873e-01
22.30	3.5322199e-01
22.33	3.7992047e-01
22.37	4.0847733e-01
22.40	4.3899898e-01
22.43	4.7159477e-01
22.47	5.0637662e-01
22.50	5.4345860e-01
22.54	5.8295644e-01
22.57	6.2498697e-01
22.61	6.6966744e-01
22.64	7.1711484e-01
22.67	7.6744509e-01
22.71	8.2077220e-01
22.74	8.7720731e-01
22.78	9.3685772e-01
22.81	9.9982586e-01
22.84	1.0662082e+00
22.88	1.1360941e+00
22.91	1.2095647e+00
22.95	1.2866917e+00
22.98	1.3675365e+00
23.01	1.4521487e+00
23.05	1.5405652e+00
23.08	1.6328094e+00
23.12	1.7288898e+00
23.15	1.8287999e+00
23.18	1.9325166e+00
23.22	2.0400004e+00
23.25	2.1511944e+00
23.29	2.2660245e+00
23.32	2.3843990e+00
23.35	2.5062084e+00
23.39	2.6313265e+00
23.42	2.7596098e+00
23.46	2.8908987e+00
23.49	3.0250183e+00
23.53	3.1617790e+00
23.56	3.3009777e+00
23.59	3.4423990e+00
23.63	3.5858169e+00
23.66	3.7309955e+00
23.70	3.8776913e+00
23.73	4.0256543e+00
23.76	4.1746297e+00
23.80	4.3243598e+00
23.83	4.4745852e+00
23.87	4.6250472e+00
23.90	4.7754883e+00
23.93	4.9256549e+00
23.97	5.0752978e+00
24.00	5.2241741e+00
24.04	5.3720485e+00
24.07	5.5186941e+00
24.10	5.6638938e+00
24.14	5.8074410e+00
24.17	5.9491404e+00
24.21	6.0888089e+00
24.24	6.2262760e+00
24.27	6.3613839e+00
24.31	6.4939883e+00
24.34	6.6239582e+00
24.38	6.7511763e+00
24.41	6.8755385e+00
24.44	6.9969541e+00
24.48	7.1153454e+00
24.51	7.2306475e+00
24.55	7.3428079e+00
24.58	7.4517860e+00
24.62	7.5575525e+00
24.65	7.6600892e+00
24.68	7.7593881e+00
24.72	7.8554509e+00
24.75	7.9482885e+00
24.79	8.0379202e+00
24.82	8.1243731e+00
24.85	8.2076815e+00
24.89	8.2878863e+00
24.92	8.3650345e+00
24.96	8.4391781e+00
24.99	8.5103740e+00
25.02	8.5786834e+00
25.06	8.6441710e+00
25.09	8.7069046e+00
25.13	8.7669547e+00
25.16	8.8243938e+00
25.19	8.8792963e+00
25.23	8.9317377e+00
25.26	8.9817946e+00
25.30	9.0295440e+00
25.33	9.0750632e+00
25.36	9.1184294e+00
25.40	9.1597197e+00
25.43	9.1990102e+00
25.47	9.2363766e+00
25.50	9.2718932e+00
25.54	9.3056336e+00
25.57	9.3376698e+00
25.60	9.3680722e+00
25.64	9.3969100e+00
25.67	9.4242504e+00
25.71	9.4501590e+00
25.74	9.4746997e+00
25.77	9.4979344e+00
25.81	9.5199230e+00
25.84	9.5407237e+00
25.88	9.5603925e+00
25.91	9.5789838e+00
25.94	9.5965497e+00
25.98	9.6131405e+00
26.01	9.6288046e+00
26.05	9.6435885e+00
26.08	9.6575369e+00
26.11	9.6706925e+00
26.15	9.6830962e+00
26.18	9.6947874e+00
26.22	9.7058034e+00
26.25	9.7161802e+00
26.28	9.7259519e+00
26.32	9.7351511e+00
26.35	9.7438091e+00
26.39	9.7519552e+00
26.42	9.7596179e+00
26.45	9.7668239e+00
26.49	9.7735987e+00
26.52	9.7799664e+00
26.56	9.7859503e+00
26.59	9.7915720e+00
26.63	9.7968522e+00
26.66	9.8018106e+00
26.69	9.8064659e+00
26.73	9.8108355e+00
26.76	9.8149362e+00
26.80	9.8187837e+00
26.83	9.8223929e+00
26.86	9.8257780e+00
26.90	9.8289523e+00
26.93	9.8319283e+00
26.97	9.8347179e+00
27.00	9.8373324e+00
