# NeutrinoAntineutrinoInteraction/NeutrinoiAntineutrinojElectronAntimuon interaction rates
# neutrino field: massive Cosmic Neutrino Background, T_CnuB = 1.94535456 K
# Produced with crpropa-data version: 60a1560e37035039ec25f414e0c42a2444bad49c
# log10(E/eV), 1/lambda [1/Mpc]
12.86	0.0000000e+00
12.90	0.0000000e+00
12.93	0.0000000e+00
12.96	0.0000000e+00
13.00	0.0000000e+00
13.03	0.0000000e+00
13.07	0.0000000e+00
13.10	0.0000000e+00
13.13	0.0000000e+00
13.17	0.0000000e+00
13.20	0.0000000e+00
13.24	0.0000000e+00
13.27	0.0000000e+00
13.30	0.0000000e+00
13.34	0.0000000e+00
13.37	0.0000000e+00
13.41	0.0000000e+00
13.44	0.0000000e+00
13.47	0.0000000e+00
13.51	0.0000000e+00
13.54	0.0000000e+00
13.58	0.0000000e+00
13.61	0.0000000e+00
13.65	0.0000000e+00
13.68	0.0000000e+00
13.71	0.0000000e+00
13.75	0.0000000e+00
13.78	0.0000000e+00
13.82	0.0000000e+00
13.85	0.0000000e+00
13.88	0.0000000e+00
13.92	0.0000000e+00
13.95	0.0000000e+00
13.99	0.0000000e+00
14.02	0.0000000e+00
14.05	0.0000000e+00
14.09	0.0000000e+00
14.12	0.0000000e+00
14.16	0.0000000e+00
14.19	0.0000000e+00
14.22	0.0000000e+00
14.26	0.0000000e+00
14.29	0.0000000e+00
14.33	0.0000000e+00
14.36	0.0000000e+00
14.39	0.0000000e+00
14.43	0.0000000e+00
14.46	0.0000000e+00
14.50	0.0000000e+00
14.53	0.0000000e+00
14.57	0.0000000e+00
14.60	0.0000000e+00
14.63	0.0000000e+00
14.67	0.0000000e+00
14.70	0.0000000e+00
14.74	0.0000000e+00
14.77	0.0000000e+00
14.80	0.0000000e+00
14.84	1.3081412e-260
14.87	4.0175530e-241
14.91	4.1551068e-223
14.94	1.8691193e-206
14.97	4.6330171e-191
15.01	7.8749971e-177
15.04	1.1236176e-163
15.08	1.6224283e-151
15.11	2.8181472e-140
15.14	6.9091172e-130
15.18	2.7715094e-120
15.21	2.0853498e-111
15.25	3.3394049e-103
15.28	1.2791113e-95
15.31	1.3055490e-88
15.35	3.9235905e-82
15.38	3.8077685e-76
15.42	1.2996362e-70
15.45	1.6881500e-65
15.48	8.9769386e-61
15.52	2.0906199e-56
15.55	2.2695772e-52
15.59	1.2167180e-48
15.62	3.3976200e-45
15.66	5.1918197e-42
15.69	4.5439273e-39
15.72	2.3758881e-36
15.76	7.7168620e-34
15.79	1.6141297e-31
15.83	2.2480379e-29
15.86	2.1499660e-27
15.89	1.4528154e-25
15.93	7.1219214e-24
15.96	2.5953018e-22
16.00	7.1908873e-21
16.03	1.5468379e-19
16.06	2.6336479e-18
16.10	3.6130533e-17
16.13	4.0603659e-16
16.17	3.7954336e-15
16.20	2.9929202e-14
16.23	2.0171414e-13
16.27	1.1760526e-12
16.30	5.9980640e-12
16.34	2.7037462e-11
16.37	1.0874912e-10
16.40	3.9373798e-10
16.44	1.2936929e-09
16.47	3.8863504e-09
16.51	1.0747953e-08
16.54	2.7537617e-08
16.58	6.5744360e-08
16.61	1.4703458e-07
16.64	3.0952618e-07
16.68	6.1599378e-07
16.71	1.1634211e-06
16.75	2.0924322e-06
16.78	3.5939427e-06
16.81	5.9088816e-06
16.85	9.3151392e-06
16.88	1.4094404e-05
16.92	2.0471770e-05
16.95	2.8526857e-05
16.98	3.8094253e-05
17.02	4.8709915e-05
17.05	5.9710568e-05
17.09	7.0661873e-05
17.12	8.1624201e-05
17.15	9.2726608e-05
17.19	1.0409008e-04
17.22	1.1582957e-04
17.26	1.2805580e-04
17.29	1.4087692e-04
17.32	1.5439997e-04
17.36	1.6873222e-04
17.39	1.8398243e-04
17.43	2.0026206e-04
17.46	2.1768633e-04
17.49	2.3637533e-04
17.53	2.5645510e-04
17.56	2.7805862e-04
17.60	3.0132691e-04
17.63	3.2641006e-04
17.67	3.5346837e-04
17.70	3.8267340e-04
17.73	4.1420925e-04
17.77	4.4827372e-04
17.80	4.8507967e-04
17.84	5.2485635e-04
17.87	5.6785093e-04
17.90	6.1433006e-04
17.94	6.6458155e-04
17.97	7.1891621e-04
18.01	7.7766974e-04
18.04	8.4120492e-04
18.07	9.0991377e-04
18.11	9.8422005e-04
18.14	1.0645819e-03
18.18	1.1514945e-03
18.21	1.2454935e-03
18.24	1.3471579e-03
18.28	1.4571140e-03
18.31	1.5760389e-03
18.35	1.7046650e-03
18.38	1.8437843e-03
18.41	1.9942535e-03
18.45	2.1569989e-03
18.48	2.3330226e-03
18.52	2.5234082e-03
18.55	2.7293276e-03
18.59	2.9520487e-03
18.62	3.1929423e-03
18.65	3.4534914e-03
18.69	3.7352997e-03
18.72	4.0401018e-03
18.76	4.3697738e-03
18.79	4.7263448e-03
18.82	5.1120095e-03
18.86	5.5291413e-03
18.89	5.9803076e-03
18.93	6.4682848e-03
18.96	6.9960759e-03
18.99	7.5669288e-03
19.03	8.1843563e-03
19.06	8.8521573e-03
19.10	9.5744409e-03
19.13	1.0355651e-02
19.16	1.1200593e-02
19.20	1.2114466e-02
19.23	1.3102892e-02
19.27	1.4171949e-02
19.30	1.5328213e-02
19.33	1.6578796e-02
19.37	1.7931387e-02
19.40	1.9394304e-02
19.44	2.0976541e-02
19.47	2.2687825e-02
19.51	2.4538674e-02
19.54	2.6540465e-02
19.57	2.8705498e-02
19.61	3.1047075e-02
19.64	3.3579582e-02
19.68	3.6318572e-02
19.71	3.9280866e-02
19.74	4.2484650e-02
19.78	4.5949591e-02
19.81	4.9696950e-02
19.85	5.3749718e-02
19.88	5.8132751e-02
19.91	6.2872923e-02
19.95	6.7999287e-02
19.98	7.3543252e-02
20.02	7.9538773e-02
20.05	8.6022553e-02
20.08	9.3034269e-02
20.12	1.0061680e-01
20.15	1.0881650e-01
20.19	1.1768347e-01
20.22	1.2727183e-01
20.25	1.3764008e-01
20.29	1.4885145e-01
20.32	1.6097422e-01
20.36	1.7408217e-01
20.39	1.8825502e-01
20.42	2.0357886e-01
20.46	2.2014667e-01
20.49	2.3805887e-01
20.53	2.5742388e-01
20.56	2.7835875e-01
20.60	3.0098984e-01
20.63	3.2545352e-01
20.66	3.5189694e-01
20.70	3.8047887e-01
20.73	4.1137056e-01
20.77	4.4475669e-01
20.80	4.8083638e-01
20.83	5.1982426e-01
20.87	5.6195160e-01
20.90	6.0746754e-01
20.94	6.5664041e-01
20.97	7.0975902e-01
21.00	7.6713423e-01
21.04	8.2910037e-01
21.07	8.9601694e-01
21.11	9.6827028e-01
21.14	1.0462754e+00
21.17	1.1304777e+00
21.21	1.2213553e+00
21.24	1.3194205e+00
21.28	1.4252226e+00
21.31	1.5393492e+00
21.34	1.6624292e+00
21.38	1.7951349e+00
21.41	1.9381837e+00
21.45	2.0923412e+00
21.48	2.2584232e+00
21.52	2.4372975e+00
21.55	2.6298867e+00
21.58	2.8371701e+00
21.62	3.0601853e+00
21.65	3.3000303e+00
21.69	3.5578648e+00
21.72	3.8349111e+00
21.75	4.1324553e+00
21.79	4.4518477e+00
21.82	4.7945019e+00
21.86	5.1618948e+00
21.89	5.5555645e+00
21.92	5.9771086e+00
21.96	6.4281805e+00
21.99	6.9104857e+00
22.03	7.4257763e+00
22.06	7.9758449e+00
22.09	8.5625171e+00
22.13	9.1876425e+00
22.16	9.8530847e+00
22.20	1.0560710e+01
22.23	1.1312374e+01
22.26	1.2109907e+01
22.30	1.2955101e+01
22.33	1.3849689e+01
22.37	1.4795332e+01
22.40	1.5793593e+01
22.43	1.6845927e+01
22.47	1.7953652e+01
22.50	1.9117934e+01
22.54	2.0339765e+01
22.57	2.1619944e+01
22.61	2.2959057e+01
22.64	2.4357458e+01
22.67	2.5815256e+01
22.71	2.7332296e+01
22.74	2.8908149e+01
22.78	3.0542104e+01
22.81	3.2233155e+01
22.84	3.3980003e+01
22.88	3.5781051e+01
22.91	3.7634410e+01
22.95	3.9537901e+01
22.98	4.1489067e+01
23.01	4.3485185e+01
23.05	4.5523281e+01
23.08	4.7600150e+01
23.12	4.9712376e+01
23.15	5.1856356e+01
23.18	5.4028325e+01
23.22	5.6224385e+01
23.25	5.8440530e+01
23.29	6.0672679e+01
23.32	6.2916700e+01
23.35	6.5168445e+01
23.39	6.7423773e+01
23.42	6.9678581e+01
23.46	7.1928827e+01
23.49	7.4170561e+01
23.53	7.6399940e+01
23.56	7.8613255e+01
23.59	8.0806947e+01
23.63	8.2977625e+01
23.66	8.5122080e+01
23.70	8.7237295e+01
23.73	8.9320460e+01
23.76	9.1368972e+01
23.80	9.3380446e+01
23.83	9.5352716e+01
23.87	9.7283836e+01
23.90	9.9172080e+01
23.93	1.0101594e+02
23.97	1.0281411e+02
24.00	1.0456552e+02
24.04	1.0626927e+02
24.07	1.0792468e+02
24.10	1.0953122e+02
24.14	1.1108858e+02
24.17	1.1259659e+02
24.21	1.1405525e+02
24.24	1.1546469e+02
24.27	1.1682518e+02
24.31	1.1813714e+02
24.34	1.1940108e+02
24.38	1.2061762e+02
24.41	1.2178747e+02
24.44	1.2291145e+02
24.48	1.2399041e+02
24.51	1.2502531e+02
24.55	1.2601714e+02
24.58	1.2696695e+02
24.62	1.2787582e+02
24.65	1.2874489e+02
24.68	1.2957529e+02
24.72	1.3036819e+02
24.75	1.3112478e+02
24.79	1.3184623e+02
24.82	1.3253375e+02
24.85	1.3318852e+02
24.89	1.3381173e+02
24.92	1.3440454e+02
24.96	1.3496813e+02
24.99	1.3550364e+02
25.02	1.3601219e+02
25.06	1.3649489e+02
25.09	1.3695282e+02
25.13	1.3738704e+02
25.16	1.3779857e+02
25.19	1.3818843e+02
25.23	1.3855758e+02
25.26	1.3890698e+02
25.30	1.3923753e+02
25.33	1.3955013e+02
25.36	1.3984564e+02
25.40	1.4012487e+02
25.43	1.4038862e+02
25.47	1.4063765e+02
25.50	1.4087271e+02
25.54	1.4109451e+02
25.57	1.4130370e+02
25.60	1.4150096e+02
25.64	1.4168689e+02
25.67	1.4186209e+02
25.71	1.4202714e+02
25.74	1.4218257e+02
25.77	1.4232890e+02
25.81	1.4246662e+02
25.84	1.4259621e+02
25.88	1.4271811e+02
25.91	1.4283275e+02
25.94	1.4294054e+02
25.98	1.4304185e+02
26.01	1.4313705e+02
26.05	1.4322650e+02
26.08	1.4331051e+02
26.11	1.4338941e+02
26.15	1.4346348e+02
26.18	1.4353301e+02
26.22	1.4359827e+02
26.25	1.4365949e+02
26.28	1.4371693e+02
26.32	1.4377079e+02
26.35	1.4382131e+02
26.39	1.4386867e+02
26.42	1.4391306e+02
26.45	1.4395467e+02
26.49	1.4399366e+02
26.52	1.4403019e+02
26.56	1.4406440e+02
26.59	1.4409645e+02
26.63	1.4412646e+02
26.66	1.4415456e+02
26.69	1.4418087e+02
26.73	1.4420549e+02
26.76	1.4422853e+02
26.80	1.4425010e+02
26.83	1.4427027e+02
26.86	1.4428915e+02
26.90	1.4430680e+02
26.93	1.4432331e+02
26.97	1.4433875e+02
27.00	1.4435319e+02
