# NeutrinoAntineutrinoInteraction/NeutrinoiAntineutrinojElectronAntimuon interaction rates
# neutrino field: massive Cosmic Neutrino Background, T_CnuB = 1.94535456 K
# Produced with crpropa-data version: 60a1560e37035039ec25f414e0c42a2444bad49c
# log10(E/eV), 1/lambda [1/Mpc]
12.76	0.0000000e+00
12.79	0.0000000e+00
12.83	0.0000000e+00
12.86	0.0000000e+00
12.90	0.0000000e+00
12.93	0.0000000e+00
12.96	0.0000000e+00
13.00	0.0000000e+00
13.03	0.0000000e+00
13.07	0.0000000e+00
13.10	0.0000000e+00
13.13	0.0000000e+00
13.17	0.0000000e+00
13.20	0.0000000e+00
13.24	0.0000000e+00
13.27	0.0000000e+00
13.30	0.0000000e+00
13.34	0.0000000e+00
13.37	0.0000000e+00
13.41	0.0000000e+00
13.44	0.0000000e+00
13.47	0.0000000e+00
13.51	0.0000000e+00
13.54	0.0000000e+00
13.58	0.0000000e+00
13.61	0.0000000e+00
13.65	0.0000000e+00
13.68	0.0000000e+00
13.71	0.0000000e+00
13.75	0.0000000e+00
13.78	0.0000000e+00
13.82	0.0000000e+00
13.85	0.0000000e+00
13.88	0.0000000e+00
13.92	0.0000000e+00
13.95	0.0000000e+00
13.99	0.0000000e+00
14.02	0.0000000e+00
14.05	0.0000000e+00
14.09	0.0000000e+00
14.12	0.0000000e+00
14.16	0.0000000e+00
14.19	0.0000000e+00
14.22	0.0000000e+00
14.26	0.0000000e+00
14.29	0.0000000e+00
14.33	0.0000000e+00
14.36	0.0000000e+00
14.39	0.0000000e+00
14.43	0.0000000e+00
14.46	0.0000000e+00
14.50	0.0000000e+00
14.53	0.0000000e+00
14.57	0.0000000e+00
14.60	0.0000000e+00
14.63	0.0000000e+00
14.67	0.0000000e+00
14.70	0.0000000e+00
14.74	1.7060031e-264
14.77	1.1357705e-244
14.80	2.4017076e-226
14.84	2.0926738e-209
14.87	9.5574159e-194
14.91	2.8579769e-179
14.94	6.8736726e-166
14.97	1.6081418e-153
15.01	4.3634307e-142
15.04	1.6154833e-131
15.08	9.4847108e-122
15.11	1.0147185e-112
15.14	2.2494027e-104
15.18	1.1635377e-96
15.21	1.5674206e-89
15.25	6.0867453e-83
15.28	7.4843804e-77
15.31	3.1783323e-71
15.35	5.0509626e-66
15.38	3.2352713e-61
15.42	8.9455965e-57
15.45	1.1376896e-52
15.48	7.0571767e-49
15.52	2.2541753e-45
15.55	3.8983016e-42
15.59	3.8232670e-39
15.62	2.2196702e-36
15.66	7.9370181e-34
15.69	1.8132810e-31
15.72	2.7380196e-29
15.76	2.8196043e-27
15.79	2.0385049e-25
15.83	1.0628005e-23
15.86	4.0961587e-22
15.89	1.1941133e-20
15.93	2.6894778e-19
15.96	4.7726728e-18
16.00	6.7952261e-17
16.03	7.8936855e-16
16.06	7.5984804e-15
16.10	6.1485873e-14
16.13	4.2382577e-13
16.17	2.5193622e-12
16.20	1.3062041e-11
16.23	5.9690134e-11
16.27	2.4275832e-10
16.30	8.8657411e-10
16.34	2.9316891e-09
16.37	8.8450403e-09
16.40	2.4520068e-08
16.44	6.2864556e-08
16.47	1.4995193e-07
16.51	3.3461986e-07
16.54	7.0210221e-07
16.58	1.3915807e-06
16.61	2.6164357e-06
16.64	4.6845706e-06
16.68	8.0146895e-06
16.71	1.3143056e-05
16.75	2.0714294e-05
16.78	3.1449386e-05
16.81	4.6084587e-05
16.85	6.5277077e-05
16.88	8.9478613e-05
16.92	1.1878962e-04
16.95	1.5282622e-04
16.98	1.9066102e-04
17.02	2.3092469e-04
17.05	2.7216735e-04
17.09	3.1366905e-04
17.12	3.5575620e-04
17.15	3.9888332e-04
17.19	4.4348296e-04
17.22	4.8997248e-04
17.26	5.3876016e-04
17.29	5.9025067e-04
17.32	6.4485021e-04
17.36	7.0297116e-04
17.39	7.6503651e-04
17.43	8.3148407e-04
17.46	9.0277054e-04
17.49	9.7937550e-04
17.53	1.0618054e-03
17.56	1.1505974e-03
17.60	1.2463236e-03
17.63	1.3495951e-03
17.67	1.4610662e-03
17.70	1.5814392e-03
17.73	1.7114686e-03
17.77	1.8519667e-03
17.80	2.0038082e-03
17.84	2.1679365e-03
17.87	2.3453693e-03
17.90	2.5372051e-03
17.94	2.7446302e-03
17.97	2.9689262e-03
18.01	3.2114778e-03
18.04	3.4737815e-03
18.07	3.7574550e-03
18.11	4.0642470e-03
18.14	4.3960484e-03
18.18	4.7549034e-03
18.21	5.1430229e-03
18.24	5.5627974e-03
18.28	6.0168122e-03
18.31	6.5078631e-03
18.35	7.0389739e-03
18.38	7.6134146e-03
18.41	8.2347220e-03
18.45	8.9067213e-03
18.48	9.6335495e-03
18.52	1.0419681e-02
18.55	1.1269955e-02
18.59	1.2189606e-02
18.62	1.3184294e-02
18.65	1.4260143e-02
18.69	1.5423774e-02
18.72	1.6682349e-02
18.76	1.8043615e-02
18.79	1.9515950e-02
18.82	2.1108415e-02
18.86	2.2830811e-02
18.89	2.4693737e-02
18.93	2.6708658e-02
18.96	2.8887973e-02
18.99	3.1245090e-02
19.03	3.3794514e-02
19.06	3.6551931e-02
19.10	3.9534305e-02
19.13	4.2759983e-02
19.16	4.6248809e-02
19.20	5.0022243e-02
19.23	5.4103495e-02
19.27	5.8517664e-02
19.30	6.3291898e-02
19.33	6.8455553e-02
19.37	7.4040378e-02
19.40	8.0080707e-02
19.44	8.6613672e-02
19.47	9.3679426e-02
19.51	1.0132139e-01
19.54	1.0958652e-01
19.57	1.1852560e-01
19.61	1.2819353e-01
19.64	1.3864969e-01
19.68	1.4995828e-01
19.71	1.6218872e-01
19.74	1.7541607e-01
19.78	1.8972148e-01
19.81	2.0519272e-01
19.85	2.2192464e-01
19.88	2.4001982e-01
19.91	2.5958914e-01
19.95	2.8075248e-01
19.98	3.0363941e-01
20.02	3.2839002e-01
20.05	3.5515571e-01
20.08	3.8410014e-01
20.12	4.1540016e-01
20.15	4.4924692e-01
20.19	4.8584700e-01
20.22	5.2542359e-01
20.25	5.6821787e-01
20.29	6.1449039e-01
20.32	6.6452264e-01
20.36	7.1861868e-01
20.39	7.7710691e-01
20.42	8.4034199e-01
20.46	9.0870689e-01
20.49	9.8261510e-01
20.53	1.0625130e+00
20.56	1.1488823e+00
20.60	1.2422430e+00
20.63	1.3431561e+00
20.66	1.4522267e+00
20.70	1.5701075e+00
20.73	1.6975023e+00
20.77	1.8351697e+00
20.80	1.9839275e+00
20.83	2.1446564e+00
20.87	2.3183053e+00
20.90	2.5058958e+00
20.94	2.7085274e+00
20.97	2.9273831e+00
21.00	3.1637350e+00
21.04	3.4189505e+00
21.07	3.6944989e+00
21.11	3.9919578e+00
21.14	4.3130201e+00
21.17	4.6595017e+00
21.21	5.0333487e+00
21.24	5.4366454e+00
21.28	5.8716222e+00
21.31	6.3406641e+00
21.34	6.8463187e+00
21.38	7.3913050e+00
21.41	7.9785214e+00
21.45	8.6110543e+00
21.48	9.2921863e+00
21.52	1.0025403e+01
21.55	1.0814403e+01
21.58	1.1663101e+01
21.62	1.2575634e+01
21.65	1.3556372e+01
21.69	1.4609914e+01
21.72	1.5741092e+01
21.75	1.6954977e+01
21.79	1.8256869e+01
21.82	1.9652299e+01
21.86	2.1147022e+01
21.89	2.2747002e+01
21.92	2.4458407e+01
21.96	2.6287585e+01
21.99	2.8241050e+01
22.03	3.0325451e+01
22.06	3.2547549e+01
22.09	3.4914177e+01
22.13	3.7432205e+01
22.16	4.0108496e+01
22.20	4.2949856e+01
22.23	4.5962981e+01
22.26	4.9154398e+01
22.30	5.2530405e+01
22.33	5.6097002e+01
22.37	5.9859823e+01
22.40	6.3824064e+01
22.43	6.7994411e+01
22.47	7.2374962e+01
22.50	7.6969159e+01
22.54	8.1779713e+01
22.57	8.6808538e+01
22.61	9.2056684e+01
22.64	9.7524282e+01
22.67	1.0321049e+02
22.71	1.0911345e+02
22.74	1.1523027e+02
22.78	1.2155695e+02
22.81	1.2808846e+02
22.84	1.3481864e+02
22.88	1.4174028e+02
22.91	1.4884511e+02
22.95	1.5612387e+02
22.98	1.6356632e+02
23.01	1.7116132e+02
23.05	1.7889689e+02
23.08	1.8676031e+02
23.12	1.9473818e+02
23.15	2.0281653e+02
23.18	2.1098092e+02
23.22	2.1921654e+02
23.25	2.2750830e+02
23.29	2.3584097e+02
23.32	2.4419927e+02
23.35	2.5256794e+02
23.39	2.6093190e+02
23.42	2.6927632e+02
23.46	2.7758667e+02
23.49	2.8584887e+02
23.53	2.9404932e+02
23.56	3.0217500e+02
23.59	3.1021350e+02
23.63	3.1815307e+02
23.66	3.2598270e+02
23.70	3.3369212e+02
23.73	3.4127185e+02
23.76	3.4871319e+02
23.80	3.5600826e+02
23.83	3.6314998e+02
23.87	3.7013208e+02
23.90	3.7694910e+02
23.93	3.8359633e+02
23.97	3.9006987e+02
24.00	3.9636652e+02
24.04	4.0248381e+02
24.07	4.0841995e+02
24.10	4.1417379e+02
24.14	4.1974479e+02
24.17	4.2513299e+02
24.21	4.3033897e+02
24.24	4.3536381e+02
24.27	4.4020903e+02
24.31	4.4487660e+02
24.34	4.4936884e+02
24.38	4.5368844e+02
24.41	4.5783840e+02
24.44	4.6182198e+02
24.48	4.6564267e+02
24.51	4.6930420e+02
24.55	4.7281046e+02
24.58	4.7616548e+02
24.62	4.7937342e+02
24.65	4.8243853e+02
24.68	4.8536513e+02
24.72	4.8815760e+02
24.75	4.9082033e+02
24.79	4.9335775e+02
24.82	4.9577423e+02
24.85	4.9807418e+02
24.89	5.0026193e+02
24.92	5.0234176e+02
24.96	5.0431793e+02
24.99	5.0619458e+02
25.02	5.0797580e+02
25.06	5.0966559e+02
25.09	5.1126785e+02
25.13	5.1278640e+02
25.16	5.1422494e+02
25.19	5.1558707e+02
25.23	5.1687628e+02
25.26	5.1809596e+02
25.30	5.1924937e+02
25.33	5.2033968e+02
25.36	5.2136994e+02
25.40	5.2234309e+02
25.43	5.2326194e+02
25.47	5.2412921e+02
25.50	5.2494752e+02
25.54	5.2571936e+02
25.57	5.2644712e+02
25.60	5.2713311e+02
25.64	5.2777952e+02
25.67	5.2838844e+02
25.71	5.2896188e+02
25.74	5.2950175e+02
25.77	5.3000987e+02
25.81	5.3048797e+02
25.84	5.3093770e+02
25.88	5.3136064e+02
25.91	5.3175829e+02
25.94	5.3213206e+02
25.98	5.3248330e+02
26.01	5.3281329e+02
26.05	5.3312324e+02
26.08	5.3341431e+02
26.11	5.3368759e+02
26.15	5.3394410e+02
26.18	5.3418483e+02
26.22	5.3441070e+02
26.25	5.3462259e+02
26.28	5.3482132e+02
26.32	5.3500767e+02
26.35	5.3518239e+02
26.39	5.3534617e+02
26.42	5.3549966e+02
26.45	5.3564350e+02
26.49	5.3577825e+02
26.52	5.3590449e+02
26.56	5.3602272e+02
26.59	5.3613343e+02
26.63	5.3623709e+02
26.66	5.3633414e+02
26.69	5.3642497e+02
26.73	5.3650998e+02
26.76	5.3658953e+02
26.80	5.3666396e+02
26.83	5.3673358e+02
26.86	5.3679871e+02
26.90	5.3685962e+02
26.93	5.3691658e+02
26.97	5.3696983e+02
27.00	5.3701962e+02
