# NeutrinoAntineutrinoInteraction/NeutrinoiAntineutrinojElectronAntimuon interaction rates
# neutrino field: massive Cosmic Neutrino Background, T_CnuB = 1.94535456 K
# Produced with crpropa-data version: 60a1560e37035039ec25f414e0c42a2444bad49c
# log10(E/eV), 1/lambda [1/Mpc]
13.13	0.0000000e+00
13.17	0.0000000e+00
13.20	0.0000000e+00
13.24	0.0000000e+00
13.27	0.0000000e+00
13.30	0.0000000e+00
13.34	0.0000000e+00
13.37	0.0000000e+00
13.41	0.0000000e+00
13.44	0.0000000e+00
13.47	0.0000000e+00
13.51	0.0000000e+00
13.54	0.0000000e+00
13.58	0.0000000e+00
13.61	0.0000000e+00
13.65	0.0000000e+00
13.68	0.0000000e+00
13.71	0.0000000e+00
13.75	0.0000000e+00
13.78	0.0000000e+00
13.82	0.0000000e+00
13.85	0.0000000e+00
13.88	0.0000000e+00
13.92	0.0000000e+00
13.95	0.0000000e+00
13.99	0.0000000e+00
14.02	0.0000000e+00
14.05	0.0000000e+00
14.09	0.0000000e+00
14.12	0.0000000e+00
14.16	0.0000000e+00
14.19	0.0000000e+00
14.22	0.0000000e+00
14.26	0.0000000e+00
14.29	0.0000000e+00
14.33	0.0000000e+00
14.36	0.0000000e+00
14.39	0.0000000e+00
14.43	0.0000000e+00
14.46	0.0000000e+00
14.50	0.0000000e+00
14.53	0.0000000e+00
14.57	0.0000000e+00
14.60	0.0000000e+00
14.63	0.0000000e+00
14.67	0.0000000e+00
14.70	0.0000000e+00
14.74	0.0000000e+00
14.77	0.0000000e+00
14.80	0.0000000e+00
14.84	0.0000000e+00
14.87	0.0000000e+00
14.91	0.0000000e+00
14.94	0.0000000e+00
14.97	0.0000000e+00
15.01	0.0000000e+00
15.04	0.0000000e+00
15.08	0.0000000e+00
15.11	2.8559551e-273
15.14	5.9167807e-253
15.18	3.5768982e-234
15.21	8.2386457e-217
15.25	9.2520353e-201
15.28	6.3632275e-186
15.31	3.3092905e-172
15.35	1.5814808e-159
15.38	8.3164066e-148
15.42	5.6848658e-137
15.45	5.8929346e-127
15.48	1.0681698e-117
15.52	3.8623680e-109
15.55	3.1467934e-101
15.59	6.4653992e-94
15.62	3.7175949e-87
15.66	6.5870288e-81
15.69	3.9314293e-75
15.72	8.5823610e-70
15.76	7.3948589e-65
15.79	2.6983852e-60
15.83	4.4505527e-56
15.86	3.5238674e-52
15.89	1.4161716e-48
15.93	3.0414594e-45
15.96	3.6611579e-42
16.00	2.5815111e-39
16.03	1.1106138e-36
16.06	3.0274309e-34
16.10	5.4146487e-32
16.13	6.5626729e-30
16.17	5.5537636e-28
16.20	3.3736728e-26
16.23	1.5091903e-24
16.27	5.0909382e-23
16.30	1.3236839e-21
16.34	2.7071513e-20
16.37	4.4374460e-19
16.40	5.9317886e-18
16.44	6.5711696e-17
16.47	6.1227816e-16
16.51	4.8647046e-15
16.54	3.3377814e-14
16.58	2.0008395e-13
16.61	1.0591788e-12
16.64	5.0001972e-12
16.68	2.1239521e-11
16.71	8.1836229e-11
16.75	2.8807858e-10
16.78	9.3229946e-10
16.81	2.7882718e-09
16.85	7.7365273e-09
16.88	1.9958509e-08
16.92	4.7849470e-08
16.95	1.0608922e-07
16.98	2.1479426e-07
17.02	3.8744780e-07
17.05	6.0290067e-07
17.09	8.1742924e-07
17.12	1.0254584e-06
17.15	1.2299427e-06
17.19	1.4335726e-06
17.22	1.6388254e-06
17.26	1.8480110e-06
17.29	2.0633112e-06
17.32	2.2868153e-06
17.36	2.5205530e-06
17.39	2.7665217e-06
17.43	3.0267133e-06
17.46	3.3031375e-06
17.49	3.5978448e-06
17.53	3.9129481e-06
17.56	4.2506419e-06
17.60	4.6132233e-06
17.63	5.0031107e-06
17.67	5.4228637e-06
17.70	5.8752027e-06
17.73	6.3630285e-06
17.77	6.8894439e-06
17.80	7.4577751e-06
17.84	8.0715937e-06
17.87	8.7347410e-06
17.90	9.4513525e-06
17.94	1.0225885e-05
17.97	1.1063147e-05
18.01	1.1968325e-05
18.04	1.2947020e-05
18.07	1.4005282e-05
18.11	1.5149647e-05
18.14	1.6387177e-05
18.18	1.7725507e-05
18.21	1.9172888e-05
18.24	2.0738243e-05
18.28	2.2431217e-05
18.31	2.4262241e-05
18.35	2.6242594e-05
18.38	2.8384473e-05
18.41	3.0701069e-05
18.45	3.3206648e-05
18.48	3.5916636e-05
18.52	3.8847721e-05
18.55	4.2017948e-05
18.59	4.5446835e-05
18.62	4.9155490e-05
18.65	5.3166746e-05
18.69	5.7505295e-05
18.72	6.2197844e-05
18.76	6.7273278e-05
18.79	7.2762839e-05
18.82	7.8700318e-05
18.86	8.5122260e-05
18.89	9.2068190e-05
18.93	9.9580861e-05
18.96	1.0770651e-04
18.99	1.1649514e-04
19.03	1.2600085e-04
19.06	1.3628213e-04
19.10	1.4740225e-04
19.13	1.5942963e-04
19.16	1.7243830e-04
19.20	1.8650827e-04
19.23	2.0172614e-04
19.27	2.1818551e-04
19.30	2.3598764e-04
19.33	2.5524206e-04
19.37	2.7606719e-04
19.40	2.9859112e-04
19.44	3.2295238e-04
19.47	3.4930078e-04
19.51	3.7779833e-04
19.54	4.0862026e-04
19.57	4.4195605e-04
19.61	4.7801061e-04
19.64	5.1700555e-04
19.68	5.5918049e-04
19.71	6.0479459e-04
19.74	6.5412807e-04
19.78	7.0748394e-04
19.81	7.6518989e-04
19.85	8.2760022e-04
19.88	8.9509803e-04
19.91	9.6809757e-04
19.95	1.0470467e-03
19.98	1.1324297e-03
20.02	1.2247702e-03
20.05	1.3246340e-03
20.08	1.4326333e-03
20.12	1.5494294e-03
20.15	1.6757376e-03
20.19	1.8123307e-03
20.22	1.9600443e-03
20.25	2.1197816e-03
20.29	2.2925184e-03
20.32	2.4793097e-03
20.36	2.6812953e-03
20.39	2.8997068e-03
20.42	3.1358751e-03
20.46	3.3912379e-03
20.49	3.6673485e-03
20.53	3.9658847e-03
20.56	4.2886584e-03
20.60	4.6376266e-03
20.63	5.0149024e-03
20.66	5.4227671e-03
20.70	5.8636836e-03
20.73	6.3403098e-03
20.77	6.8555143e-03
20.80	7.4123919e-03
20.83	8.0142811e-03
20.87	8.6647826e-03
20.90	9.3677784e-03
20.94	1.0127453e-02
20.97	1.0948318e-02
21.00	1.1835230e-02
21.04	1.2793422e-02
21.07	1.3828529e-02
21.11	1.4946614e-02
21.14	1.6154199e-02
21.17	1.7458299e-02
21.21	1.8866452e-02
21.24	2.0386757e-02
21.28	2.2027908e-02
21.31	2.3799237e-02
21.34	2.5710749e-02
21.38	2.7773164e-02
21.41	2.9997964e-02
21.45	3.2397432e-02
21.48	3.4984698e-02
21.52	3.7773786e-02
21.55	4.0779656e-02
21.58	4.4018254e-02
21.62	4.7506549e-02
21.65	5.1262585e-02
21.69	5.5305514e-02
21.72	5.9655637e-02
21.75	6.4334441e-02
21.79	6.9364622e-02
21.82	7.4770111e-02
21.86	8.0576092e-02
21.89	8.6809002e-02
21.92	9.3496536e-02
21.96	1.0066762e-01
21.99	1.0835240e-01
22.03	1.1658216e-01
22.06	1.2538930e-01
22.09	1.3480725e-01
22.13	1.4487031e-01
22.16	1.5561360e-01
22.20	1.6707285e-01
22.23	1.7928428e-01
22.26	1.9228431e-01
22.30	2.0610941e-01
22.33	2.2079582e-01
22.37	2.3637921e-01
22.40	2.5289443e-01
22.43	2.7037516e-01
22.47	2.8885351e-01
22.50	3.0835968e-01
22.54	3.2892156e-01
22.57	3.5056431e-01
22.61	3.7330997e-01
22.64	3.9717706e-01
22.67	4.2218014e-01
22.71	4.4832951e-01
22.74	4.7563079e-01
22.78	5.0408461e-01
22.81	5.3368637e-01
22.84	5.6442595e-01
22.88	5.9628759e-01
22.91	6.2924969e-01
22.95	6.6328483e-01
22.98	6.9835974e-01
23.01	7.3443535e-01
23.05	7.7146699e-01
23.08	8.0940457e-01
23.12	8.4819286e-01
23.15	8.8777185e-01
23.18	9.2807712e-01
23.22	9.6904030e-01
23.25	1.0105896e+00
23.29	1.0526502e+00
23.32	1.0951449e+00
23.35	1.1379949e+00
23.39	1.1811198e+00
23.42	1.2244389e+00
23.46	1.2678711e+00
23.49	1.3113359e+00
23.53	1.3547540e+00
23.56	1.3980472e+00
23.59	1.4411396e+00
23.63	1.4839576e+00
23.66	1.5264303e+00
23.70	1.5684901e+00
23.73	1.6100728e+00
23.76	1.6511178e+00
23.80	1.6915687e+00
23.83	1.7313728e+00
23.87	1.7704819e+00
23.90	1.8088518e+00
23.93	1.8464430e+00
23.97	1.8832198e+00
24.00	1.9191512e+00
24.04	1.9542102e+00
24.07	1.9883739e+00
24.10	2.0216234e+00
24.14	2.0539439e+00
24.17	2.0853238e+00
24.21	2.1157554e+00
24.24	2.1452342e+00
24.27	2.1737588e+00
24.31	2.2013309e+00
24.34	2.2279548e+00
24.38	2.2536372e+00
24.41	2.2783874e+00
24.44	2.3022167e+00
24.48	2.3251381e+00
24.51	2.3471667e+00
24.55	2.3683188e+00
24.58	2.3886122e+00
24.62	2.4080659e+00
24.65	2.4266998e+00
24.68	2.4445347e+00
24.72	2.4615921e+00
24.75	2.4778940e+00
24.79	2.4934629e+00
24.82	2.5083216e+00
24.85	2.5224930e+00
24.89	2.5360002e+00
24.92	2.5488662e+00
24.96	2.5611140e+00
24.99	2.5727665e+00
25.02	2.5838461e+00
25.06	2.5943752e+00
25.09	2.6043757e+00
25.13	2.6138692e+00
25.16	2.6228767e+00
25.19	2.6314188e+00
25.23	2.6395158e+00
25.26	2.6471871e+00
25.30	2.6544519e+00
25.33	2.6613287e+00
25.36	2.6678354e+00
25.40	2.6739892e+00
25.43	2.6798070e+00
25.47	2.6853050e+00
25.50	2.6904987e+00
25.54	2.6954031e+00
25.57	2.7000327e+00
25.60	2.7044012e+00
25.64	2.7085221e+00
25.67	2.7124080e+00
25.71	2.7160712e+00
25.74	2.7195232e+00
25.77	2.7227753e+00
25.81	2.7258382e+00
25.84	2.7287219e+00
25.88	2.7314363e+00
25.91	2.7339904e+00
25.94	2.7363933e+00
25.98	2.7386531e+00
26.01	2.7407779e+00
26.05	2.7427752e+00
26.08	2.7446522e+00
26.11	2.7464158e+00
26.15	2.7480724e+00
26.18	2.7496281e+00
26.22	2.7510888e+00
26.25	2.7524600e+00
26.28	2.7537469e+00
26.32	2.7549544e+00
26.35	2.7560871e+00
26.39	2.7571496e+00
26.42	2.7581460e+00
26.45	2.7590802e+00
26.49	2.7599560e+00
26.52	2.7607768e+00
26.56	2.7615460e+00
26.59	2.7622667e+00
26.63	2.7629418e+00
26.66	2.7635741e+00
26.69	2.7641663e+00
26.73	2.7647207e+00
26.76	2.7652398e+00
26.80	2.7657256e+00
26.83	2.7661804e+00
26.86	2.7666059e+00
26.90	2.7670040e+00
26.93	2.7673765e+00
26.97	2.7677249e+00
27.00	2.7680508e+00
