# NeutrinoAntineutrinoInteraction/NeutrinoiAntineutrinojElectronAntimuon interaction rates
# neutrino field: massive Cosmic Neutrino Background, T_CnuB = 1.94535456 K
# Produced with crpropa-data version: 60a1560e37035039ec25f414e0c42a2444bad49c
# log10(E/eV), 1/lambda [1/Mpc]
13.51	0.0000000e+00
13.54	0.0000000e+00
13.58	0.0000000e+00
13.61	0.0000000e+00
13.65	0.0000000e+00
13.68	0.0000000e+00
13.71	0.0000000e+00
13.75	0.0000000e+00
13.78	0.0000000e+00
13.82	0.0000000e+00
13.85	0.0000000e+00
13.88	0.0000000e+00
13.92	0.0000000e+00
13.95	0.0000000e+00
13.99	0.0000000e+00
14.02	0.0000000e+00
14.05	0.0000000e+00
14.09	0.0000000e+00
14.12	0.0000000e+00
14.16	0.0000000e+00
14.19	0.0000000e+00
14.22	0.0000000e+00
14.26	0.0000000e+00
14.29	0.0000000e+00
14.33	0.0000000e+00
14.36	0.0000000e+00
14.39	0.0000000e+00
14.43	0.0000000e+00
14.46	0.0000000e+00
14.50	0.0000000e+00
14.53	0.0000000e+00
14.57	0.0000000e+00
14.60	0.0000000e+00
14.63	0.0000000e+00
14.67	0.0000000e+00
14.70	0.0000000e+00
14.74	0.0000000e+00
14.77	0.0000000e+00
14.80	0.0000000e+00
14.84	0.0000000e+00
14.87	0.0000000e+00
14.91	0.0000000e+00
14.94	0.0000000e+00
14.97	0.0000000e+00
15.01	0.0000000e+00
15.04	0.0000000e+00
15.08	0.0000000e+00
15.11	0.0000000e+00
15.14	0.0000000e+00
15.18	0.0000000e+00
15.21	0.0000000e+00
15.25	0.0000000e+00
15.28	0.0000000e+00
15.31	0.0000000e+00
15.35	0.0000000e+00
15.38	0.0000000e+00
15.42	0.0000000e+00
15.45	0.0000000e+00
15.48	2.3947313e-271
15.52	2.3872675e-251
15.55	7.3309249e-233
15.59	9.0169702e-216
15.62	5.6628407e-200
15.66	2.2727596e-185
15.69	7.1736104e-172
15.72	2.1572863e-159
15.76	7.3807072e-148
15.79	3.3847845e-137
15.83	2.4213427e-127
15.86	3.1085304e-118
15.89	8.1529712e-110
15.93	4.9247077e-102
15.96	7.6535771e-95
16.00	3.3904216e-88
16.03	4.7062825e-82
16.06	2.2344177e-76
16.10	3.9343334e-71
16.13	2.7688828e-66
16.17	8.3467751e-62
16.20	1.1489487e-57
16.23	7.6619891e-54
16.27	2.6145363e-50
16.30	4.8019975e-47
16.34	4.9742633e-44
16.37	3.0345156e-41
16.40	1.1346508e-38
16.44	2.6983414e-36
16.47	4.2231159e-34
16.51	4.4894324e-32
16.54	3.3377892e-30
16.58	1.7830603e-28
16.61	7.0171304e-27
16.64	2.0819443e-25
16.68	4.7573930e-24
16.71	8.5395572e-23
16.75	1.2263055e-21
16.78	1.4328244e-20
16.81	1.3835687e-19
16.85	1.1201976e-18
16.88	7.7068403e-18
16.92	4.5615457e-17
16.95	2.3494457e-16
16.98	1.0642127e-15
17.02	4.2810407e-15
17.05	1.5433305e-14
17.09	5.0279925e-14
17.12	1.4918420e-13
17.15	4.0603138e-13
17.19	1.0204453e-12
17.22	2.3827819e-12
17.26	5.1989657e-12
17.29	1.0655623e-11
17.32	2.0615428e-11
17.36	3.7820185e-11
17.39	6.6068497e-11
17.43	1.1032971e-10
17.46	1.7675909e-10
17.49	2.7259097e-10
17.53	4.0590549e-10
17.56	5.8528538e-10
17.60	8.1939883e-10
17.63	1.1165571e-09
17.67	1.4843004e-09
17.70	1.9290612e-09
17.73	2.4559416e-09
17.77	3.0686271e-09
17.80	3.7694371e-09
17.84	4.5595007e-09
17.87	5.4390298e-09
17.90	6.4076560e-09
17.94	7.4647959e-09
17.97	8.6100126e-09
18.01	9.8433458e-09
18.04	1.1165595e-08
18.07	1.2578545e-08
18.11	1.4085131e-08
18.14	1.5689553e-08
18.18	1.7397342e-08
18.21	1.9215392e-08
18.24	2.1151966e-08
18.28	2.3216692e-08
18.31	2.5420550e-08
18.35	2.7775862e-08
18.38	3.0296296e-08
18.41	3.2996869e-08
18.45	3.5893981e-08
18.48	3.9005449e-08
18.52	4.2350569e-08
18.55	4.5950192e-08
18.59	4.9826813e-08
18.62	5.4004685e-08
18.65	5.8509941e-08
18.69	6.3370740e-08
18.72	6.8617429e-08
18.76	7.4282715e-08
18.79	8.0401864e-08
18.82	8.7012912e-08
18.86	9.4156898e-08
18.89	1.0187811e-07
18.93	1.1022437e-07
18.96	1.1924732e-07
18.99	1.2900273e-07
19.03	1.3955087e-07
19.06	1.5095685e-07
19.10	1.6329106e-07
19.13	1.7662958e-07
19.16	1.9105464e-07
19.20	2.0665515e-07
19.23	2.2352725e-07
19.27	2.4177489e-07
19.30	2.6151047e-07
19.33	2.8285555e-07
19.37	3.0594156e-07
19.40	3.3091068e-07
19.44	3.5791664e-07
19.47	3.8712570e-07
19.51	4.1871769e-07
19.54	4.5288708e-07
19.57	4.8984422e-07
19.61	5.2981659e-07
19.64	5.7305022e-07
19.68	6.1981121e-07
19.71	6.7038735e-07
19.74	7.2508991e-07
19.78	7.8425553e-07
19.81	8.4824831e-07
19.85	9.1746202e-07
19.88	9.9232256e-07
19.91	1.0732905e-06
19.95	1.1608641e-06
19.98	1.2555821e-06
20.02	1.3580271e-06
20.05	1.4688294e-06
20.08	1.5886705e-06
20.12	1.7182874e-06
20.15	1.8584774e-06
20.19	2.0101026e-06
20.22	2.1740951e-06
20.25	2.3514635e-06
20.29	2.5432979e-06
20.32	2.7507776e-06
20.36	2.9751777e-06
20.39	3.2178773e-06
20.42	3.4803674e-06
20.46	3.7642606e-06
20.49	4.0713007e-06
20.53	4.4033729e-06
20.56	4.7625163e-06
20.60	5.1509351e-06
20.63	5.5710130e-06
20.66	6.0253271e-06
20.70	6.5166639e-06
20.73	7.0480359e-06
20.77	7.6227000e-06
20.80	8.2441771e-06
20.83	8.9162736e-06
20.87	9.6431038e-06
20.90	1.0429116e-05
20.94	1.1279116e-05
20.97	1.2198301e-05
21.00	1.3192286e-05
21.04	1.4267140e-05
21.07	1.5429420e-05
21.11	1.6686213e-05
21.14	1.8045175e-05
21.17	1.9514577e-05
21.21	2.1103355e-05
21.24	2.2821159e-05
21.28	2.4678414e-05
21.31	2.6686377e-05
21.34	2.8857201e-05
21.38	3.1204011e-05
21.41	3.3740970e-05
21.45	3.6483368e-05
21.48	3.9447701e-05
21.52	4.2651769e-05
21.55	4.6114772e-05
21.58	4.9857415e-05
21.62	5.3902022e-05
21.65	5.8272659e-05
21.69	6.2995257e-05
21.72	6.8097751e-05
21.75	7.3610230e-05
21.79	7.9565082e-05
21.82	8.5997167e-05
21.86	9.2943982e-05
21.89	1.0044585e-04
21.92	1.0854611e-04
21.96	1.1729131e-04
21.99	1.2673144e-04
22.03	1.3692014e-04
22.06	1.4791492e-04
22.09	1.5977741e-04
22.13	1.7257363e-04
22.16	1.8637420e-04
22.20	2.0125464e-04
22.23	2.1729559e-04
22.26	2.3458312e-04
22.30	2.5320899e-04
22.33	2.7327091e-04
22.37	2.9487276e-04
22.40	3.1812492e-04
22.43	3.4314444e-04
22.47	3.7005531e-04
22.50	3.9898863e-04
22.54	4.3008278e-04
22.57	4.6348358e-04
22.61	4.9934438e-04
22.64	5.3782608e-04
22.67	5.7909717e-04
22.71	6.2333362e-04
22.74	6.7071874e-04
22.78	7.2144298e-04
22.81	7.7570358e-04
22.84	8.3370419e-04
22.88	8.9565431e-04
22.91	9.6176866e-04
22.95	1.0322665e-03
22.98	1.1073705e-03
23.01	1.1873061e-03
23.05	1.2723000e-03
23.08	1.3625792e-03
23.12	1.4583691e-03
23.15	1.5598925e-03
23.18	1.6673675e-03
23.22	1.7810060e-03
23.25	1.9010115e-03
23.29	2.0275774e-03
23.32	2.1608850e-03
23.35	2.3011009e-03
23.39	2.4483756e-03
23.42	2.6028410e-03
23.46	2.7646081e-03
23.49	2.9337657e-03
23.53	3.1103779e-03
23.56	3.2944826e-03
23.59	3.4860897e-03
23.63	3.6851800e-03
23.66	3.8917038e-03
23.70	4.1055798e-03
23.73	4.3266946e-03
23.76	4.5549026e-03
23.80	4.7900252e-03
23.83	5.0318514e-03
23.87	5.2801386e-03
23.90	5.5346128e-03
23.93	5.7949702e-03
23.97	6.0608785e-03
24.00	6.3319784e-03
24.04	6.6078861e-03
24.07	6.8881949e-03
24.10	7.1724778e-03
24.14	7.4602903e-03
24.17	7.7511729e-03
24.21	8.0446539e-03
24.24	8.3402526e-03
24.27	8.6374818e-03
24.31	8.9358510e-03
24.34	9.2348694e-03
24.38	9.5340486e-03
24.41	9.8329053e-03
24.44	1.0130964e-02
24.48	1.0427760e-02
24.51	1.0722840e-02
24.55	1.1015767e-02
24.58	1.1306120e-02
24.62	1.1593497e-02
24.65	1.1877514e-02
24.68	1.2157812e-02
24.72	1.2434050e-02
24.75	1.2705915e-02
24.79	1.2973114e-02
24.82	1.3235381e-02
24.85	1.3492473e-02
24.89	1.3744172e-02
24.92	1.3990286e-02
24.96	1.4230646e-02
24.99	1.4465107e-02
25.02	1.4693548e-02
25.06	1.4915871e-02
25.09	1.5131998e-02
25.13	1.5341874e-02
25.16	1.5545464e-02
25.19	1.5742750e-02
25.23	1.5933736e-02
25.26	1.6118439e-02
25.30	1.6296894e-02
25.33	1.6469150e-02
25.36	1.6635270e-02
25.40	1.6795329e-02
25.43	1.6949414e-02
25.47	1.7097621e-02
25.50	1.7240057e-02
25.54	1.7376834e-02
25.57	1.7508076e-02
25.60	1.7633908e-02
25.64	1.7754464e-02
25.67	1.7869880e-02
25.71	1.7980298e-02
25.74	1.8085860e-02
25.77	1.8186712e-02
25.81	1.8283001e-02
25.84	1.8374875e-02
25.88	1.8462481e-02
25.91	1.8545967e-02
25.94	1.8625479e-02
25.98	1.8701163e-02
26.01	1.8773164e-02
26.05	1.8841622e-02
26.08	1.8906678e-02
26.11	1.8968469e-02
26.15	1.9027129e-02
26.18	1.9082789e-02
26.22	1.9135577e-02
26.25	1.9185619e-02
26.28	1.9233035e-02
26.32	1.9277944e-02
26.35	1.9320459e-02
26.39	1.9360692e-02
26.42	1.9398750e-02
26.45	1.9434735e-02
26.49	1.9468747e-02
26.52	1.9500883e-02
26.56	1.9531235e-02
26.59	1.9559892e-02
26.63	1.9586938e-02
26.66	1.9612455e-02
26.69	1.9636523e-02
26.73	1.9659216e-02
26.76	1.9680605e-02
26.80	1.9700760e-02
26.83	1.9719746e-02
26.86	1.9737626e-02
26.90	1.9754458e-02
26.93	1.9770301e-02
26.97	1.9785209e-02
27.00	1.9799232e-02
