# NeutrinoAntineutrinoInteraction/NeutrinoiAntineutrinojElectronAntimuon interaction rates
# neutrino field: massive Cosmic Neutrino Background, T_CnuB = 1.94535456 K
# Produced with crpropa-data version: 60a1560e37035039ec25f414e0c42a2444bad49c
# log10(E/eV), 1/lambda [1/Mpc]
14.46	0.0000000e+00
14.50	0.0000000e+00
14.53	0.0000000e+00
14.57	0.0000000e+00
14.60	0.0000000e+00
14.63	0.0000000e+00
14.67	0.0000000e+00
14.70	0.0000000e+00
14.74	0.0000000e+00
14.77	0.0000000e+00
14.80	0.0000000e+00
14.84	0.0000000e+00
14.87	0.0000000e+00
14.91	0.0000000e+00
14.94	0.0000000e+00
14.97	0.0000000e+00
15.01	0.0000000e+00
15.04	0.0000000e+00
15.08	0.0000000e+00
15.11	0.0000000e+00
15.14	0.0000000e+00
15.18	0.0000000e+00
15.21	0.0000000e+00
15.25	0.0000000e+00
15.28	0.0000000e+00
15.31	0.0000000e+00
15.35	0.0000000e+00
15.38	0.0000000e+00
15.42	0.0000000e+00
15.45	0.0000000e+00
15.48	0.0000000e+00
15.52	0.0000000e+00
15.55	0.0000000e+00
15.59	0.0000000e+00
15.62	0.0000000e+00
15.66	0.0000000e+00
15.69	0.0000000e+00
15.72	0.0000000e+00
15.76	0.0000000e+00
15.79	0.0000000e+00
15.83	0.0000000e+00
15.86	0.0000000e+00
15.89	0.0000000e+00
15.93	0.0000000e+00
15.96	0.0000000e+00
16.00	0.0000000e+00
16.03	0.0000000e+00
16.06	0.0000000e+00
16.10	0.0000000e+00
16.13	0.0000000e+00
16.17	0.0000000e+00
16.20	0.0000000e+00
16.23	0.0000000e+00
16.27	0.0000000e+00
16.30	0.0000000e+00
16.34	0.0000000e+00
16.37	0.0000000e+00
16.40	0.0000000e+00
16.44	1.3597095e-261
16.47	2.6214164e-240
16.51	1.9647548e-220
16.54	7.5853185e-202
16.58	1.9622191e-184
16.61	4.3504815e-168
16.64	1.0413144e-152
16.68	3.3422437e-138
16.71	1.7640776e-124
16.75	1.8559425e-111
16.78	4.6672260e-99
16.81	3.3305340e-87
16.85	7.9285270e-76
16.88	7.3261024e-65
16.92	3.0187277e-54
16.95	6.2467953e-44
16.98	6.9972779e-34
17.02	3.9176062e-24
17.05	1.1452119e-15
17.09	1.0370694e-14
17.12	1.9023377e-14
17.15	2.7248850e-14
17.19	3.5176479e-14
17.22	4.2922693e-14
17.26	5.0592857e-14
17.29	5.8283615e-14
17.32	6.6084859e-14
17.36	7.4080534e-14
17.39	8.2350160e-14
17.43	9.0971399e-14
17.46	1.0001942e-13
17.49	1.0956988e-13
17.53	1.1969740e-13
17.56	1.3047966e-13
17.60	1.4199479e-13
17.63	1.5432729e-13
17.67	1.6755791e-13
17.70	1.8177603e-13
17.73	1.9707402e-13
17.77	2.1355314e-13
17.80	2.3131767e-13
17.84	2.5048302e-13
17.87	2.7116882e-13
17.90	2.9350826e-13
17.94	3.1764066e-13
17.97	3.4371579e-13
18.01	3.7189392e-13
18.04	4.0235199e-13
18.07	4.3527743e-13
18.11	4.7087598e-13
18.14	5.0936752e-13
18.18	5.5099284e-13
18.21	5.9601511e-13
18.24	6.4471081e-13
18.28	6.9737064e-13
18.31	7.5431820e-13
18.35	8.1590516e-13
18.38	8.8250891e-13
18.41	9.5454208e-13
18.45	1.0324456e-12
18.48	1.1167045e-12
18.52	1.2078379e-12
18.55	1.3064070e-12
18.59	1.4130082e-12
18.62	1.5283060e-12
18.65	1.6530014e-12
18.69	1.7878744e-12
18.72	1.9337458e-12
18.76	2.0915335e-12
18.79	2.2622069e-12
18.82	2.4468650e-12
18.86	2.6465730e-12
18.89	2.8625747e-12
18.93	3.0961749e-12
18.96	3.3488360e-12
18.99	3.6220858e-12
19.03	3.9176363e-12
19.06	4.2372806e-12
19.10	4.5830356e-12
19.13	4.9570024e-12
19.16	5.3614753e-12
19.20	5.7989129e-12
19.23	6.2720361e-12
19.27	6.7837352e-12
19.30	7.3371884e-12
19.33	7.9357994e-12
19.37	8.5833016e-12
19.40	9.2837929e-12
19.44	1.0041486e-11
19.47	1.0860941e-11
19.51	1.1747181e-11
19.54	1.2705668e-11
19.57	1.3742264e-11
19.61	1.4863381e-11
19.64	1.6075870e-11
19.68	1.7387272e-11
19.71	1.8805650e-11
19.74	2.0339691e-11
19.78	2.1998684e-11
19.81	2.3792952e-11
19.85	2.5733377e-11
19.88	2.7832077e-11
19.91	3.0101795e-11
19.95	3.2556787e-11
19.98	3.5212159e-11
20.02	3.8084791e-11
20.05	4.1191194e-11
20.08	4.4550726e-11
20.12	4.8183600e-11
20.15	5.2112467e-11
20.19	5.6360980e-11
20.22	6.0955637e-11
20.25	6.5924178e-11
20.29	7.1297855e-11
20.32	7.7108858e-11
20.36	8.3392756e-11
20.39	9.0187487e-11
20.42	9.7534983e-11
20.46	1.0547977e-10
20.49	1.1407075e-10
20.53	1.2336030e-10
20.56	1.3340581e-10
20.60	1.4427028e-10
20.63	1.5601727e-10
20.66	1.6871718e-10
20.70	1.8244669e-10
20.73	1.9728913e-10
20.77	2.1333372e-10
20.80	2.3067793e-10
20.83	2.4942565e-10
20.87	2.6969117e-10
20.90	2.9159597e-10
20.94	3.1527063e-10
20.97	3.4085484e-10
21.00	3.6850330e-10
21.04	3.9837833e-10
21.07	4.3066033e-10
21.11	4.6553812e-10
21.14	5.0322254e-10
21.17	5.4393718e-10
21.21	5.8792411e-10
21.24	6.3542567e-10
21.28	6.8672226e-10
21.31	7.4210419e-10
21.34	8.0189560e-10
21.38	8.6643168e-10
21.41	9.3608626e-10
21.45	1.0112466e-09
21.48	1.0923472e-09
21.52	1.1798253e-09
21.55	1.2741656e-09
21.58	1.3758768e-09
21.62	1.4855158e-09
21.65	1.6036651e-09
21.69	1.7309569e-09
21.72	1.8680576e-09
21.75	2.0156892e-09
21.79	2.1746282e-09
21.82	2.3456242e-09
21.86	2.5295128e-09
21.89	2.7271776e-09
21.92	2.9395586e-09
21.96	3.1676321e-09
21.99	3.4124410e-09
22.03	3.6750566e-09
22.06	3.9566334e-09
22.09	4.2583323e-09
22.13	4.5813663e-09
22.16	4.9269697e-09
22.20	5.2964707e-09
22.23	5.6911701e-09
22.26	6.1124734e-09
22.30	6.5617334e-09
22.33	7.0404239e-09
22.37	7.5499924e-09
22.40	8.0918281e-09
22.43	8.6671634e-09
22.47	9.2774281e-09
22.50	9.9238690e-09
22.54	1.0607843e-08
22.57	1.1330477e-08
22.61	1.2092999e-08
22.64	1.2896378e-08
22.67	1.3741706e-08
22.71	1.4629578e-08
22.74	1.5560704e-08
22.78	1.6535504e-08
22.81	1.7554382e-08
22.84	1.8617432e-08
22.88	1.9724677e-08
22.91	2.0875872e-08
22.95	2.2070726e-08
22.98	2.3308719e-08
23.01	2.4588394e-08
23.05	2.5908595e-08
23.08	2.7267899e-08
23.12	2.8664753e-08
23.15	3.0097271e-08
23.18	3.1563540e-08
23.22	3.3061269e-08
23.25	3.4588338e-08
23.29	3.6141962e-08
23.32	3.7719469e-08
23.35	3.9317837e-08
23.39	4.0934408e-08
23.42	4.2565947e-08
23.46	4.4209754e-08
23.49	4.5862518e-08
23.53	4.7521691e-08
23.56	4.9184441e-08
23.59	5.0847221e-08
23.63	5.2506230e-08
23.66	5.4158945e-08
23.70	5.5802045e-08
23.73	5.7433253e-08
23.76	5.9049478e-08
23.80	6.0648740e-08
23.83	6.2228340e-08
23.87	6.3786793e-08
23.90	6.5320965e-08
23.93	6.6829300e-08
23.97	6.8309733e-08
24.00	6.9761029e-08
24.04	7.1181598e-08
24.07	7.2570504e-08
24.10	7.3926736e-08
24.14	7.5250187e-08
24.17	7.6539889e-08
24.21	7.7793778e-08
24.24	7.9011435e-08
24.27	8.0192418e-08
24.31	8.1336703e-08
24.34	8.2444013e-08
24.38	8.3514718e-08
24.41	8.4548754e-08
24.44	8.5547102e-08
24.48	8.6509254e-08
24.51	8.7435851e-08
24.55	8.8326919e-08
24.58	8.9183648e-08
24.62	9.0006146e-08
24.65	9.0795878e-08
24.68	9.1553113e-08
24.72	9.2279793e-08
24.75	9.2977046e-08
24.79	9.3644303e-08
24.82	9.4281346e-08
24.85	9.4889868e-08
24.89	9.5469988e-08
24.92	9.6023474e-08
24.96	9.6550509e-08
24.99	9.7052913e-08
25.02	9.7531164e-08
25.06	9.7987051e-08
25.09	9.8419917e-08
25.13	9.8831266e-08
25.16	9.9221534e-08
25.19	9.9592096e-08
25.23	9.9943570e-08
25.26	1.0027723e-07
25.30	1.0059403e-07
25.33	1.0089603e-07
25.36	1.0118281e-07
25.40	1.0145376e-07
25.43	1.0170972e-07
25.47	1.0195128e-07
25.50	1.0217936e-07
25.54	1.0239441e-07
25.57	1.0259749e-07
25.60	1.0278898e-07
25.64	1.0297039e-07
25.67	1.0314104e-07
25.71	1.0330193e-07
25.74	1.0345302e-07
25.77	1.0359556e-07
25.81	1.0372944e-07
25.84	1.0385602e-07
25.88	1.0397525e-07
25.91	1.0408900e-07
25.94	1.0419765e-07
25.98	1.0429987e-07
26.01	1.0439512e-07
26.05	1.0448467e-07
26.08	1.0456802e-07
26.11	1.0464646e-07
26.15	1.0471951e-07
26.18	1.0478847e-07
26.22	1.0485329e-07
26.25	1.0491475e-07
26.28	1.0497172e-07
26.32	1.0502511e-07
26.35	1.0507471e-07
26.39	1.0512126e-07
26.42	1.0516479e-07
26.45	1.0520595e-07
26.49	1.0524517e-07
26.52	1.0528404e-07
26.56	1.0532075e-07
26.59	1.0535460e-07
26.63	1.0538587e-07
26.66	1.0541459e-07
26.69	1.0544120e-07
26.73	1.0546558e-07
26.76	1.0548834e-07
26.80	1.0550941e-07
26.83	1.0552977e-07
26.86	1.0554816e-07
26.90	1.0556526e-07
26.93	1.0558062e-07
26.97	1.0559512e-07
27.00	1.0560822e-07
