# NeutrinoAntineutrinoInteraction/NeutrinoiAntineutrinojElectronAntimuon interaction rates
# neutrino field: massive Cosmic Neutrino Background, T_CnuB = 1.94535456 K
# Produced with crpropa-data version: 60a1560e37035039ec25f414e0c42a2444bad49c
# log10(E/eV), 1/lambda [1/Mpc]
13.68	0.0000000e+00
13.71	0.0000000e+00
13.75	0.0000000e+00
13.78	0.0000000e+00
13.82	0.0000000e+00
13.85	0.0000000e+00
13.88	0.0000000e+00
13.92	0.0000000e+00
13.95	0.0000000e+00
13.99	0.0000000e+00
14.02	0.0000000e+00
14.05	0.0000000e+00
14.09	0.0000000e+00
14.12	0.0000000e+00
14.16	0.0000000e+00
14.19	0.0000000e+00
14.22	0.0000000e+00
14.26	0.0000000e+00
14.29	0.0000000e+00
14.33	0.0000000e+00
14.36	0.0000000e+00
14.39	0.0000000e+00
14.43	0.0000000e+00
14.46	0.0000000e+00
14.50	0.0000000e+00
14.53	0.0000000e+00
14.57	0.0000000e+00
14.60	0.0000000e+00
14.63	0.0000000e+00
14.67	0.0000000e+00
14.70	0.0000000e+00
14.74	0.0000000e+00
14.77	0.0000000e+00
14.80	0.0000000e+00
14.84	0.0000000e+00
14.87	0.0000000e+00
14.91	0.0000000e+00
14.94	0.0000000e+00
14.97	0.0000000e+00
15.01	0.0000000e+00
15.04	0.0000000e+00
15.08	0.0000000e+00
15.11	0.0000000e+00
15.14	0.0000000e+00
15.18	0.0000000e+00
15.21	0.0000000e+00
15.25	0.0000000e+00
15.28	0.0000000e+00
15.31	0.0000000e+00
15.35	0.0000000e+00
15.38	0.0000000e+00
15.42	0.0000000e+00
15.45	0.0000000e+00
15.48	0.0000000e+00
15.52	0.0000000e+00
15.55	0.0000000e+00
15.59	0.0000000e+00
15.62	0.0000000e+00
15.66	1.6578491e-275
15.69	3.3119773e-255
15.72	1.9583476e-236
15.76	4.4744179e-219
15.79	5.0547467e-203
15.83	3.5465670e-188
15.86	1.9083592e-174
15.89	9.5715788e-162
15.93	5.3599286e-150
15.96	3.9600548e-139
16.00	4.5051068e-129
16.03	9.1045432e-120
16.06	3.7309711e-111
16.10	3.5041657e-103
16.13	8.4486633e-96
16.17	5.8080297e-89
16.20	1.2546958e-82
16.23	9.3205396e-77
16.27	2.5881694e-71
16.30	2.9027005e-66
16.34	1.4126537e-61
16.37	3.1886380e-57
16.40	3.5509401e-53
16.44	2.0661611e-49
16.47	6.6253921e-46
16.51	1.2302563e-42
16.54	1.3852146e-39
16.58	9.8714510e-37
16.61	4.6333821e-34
16.64	1.4865303e-31
16.68	3.3742878e-29
16.71	5.5952805e-27
16.75	6.9814563e-25
16.78	6.7352311e-23
16.81	5.1488376e-21
16.85	3.1868449e-19
16.88	1.6251849e-17
16.92	6.9062570e-16
16.95	2.4456321e-14
16.98	7.0374023e-13
17.02	1.4854838e-11
17.05	1.3867782e-10
17.09	3.2343787e-10
17.12	4.9809625e-10
17.15	6.6547778e-10
17.19	8.2811639e-10
17.22	9.8829647e-10
17.26	1.1481005e-09
17.29	1.3094532e-09
17.32	1.4741472e-09
17.36	1.6438824e-09
17.39	1.8202897e-09
17.43	2.0049558e-09
17.46	2.1994465e-09
17.49	2.4053242e-09
17.53	2.6241691e-09
17.56	2.8575970e-09
17.60	3.1072726e-09
17.63	3.3749299e-09
17.67	3.6623824e-09
17.70	3.9715424e-09
17.73	4.3044365e-09
17.77	4.6632168e-09
17.80	5.0501815e-09
17.84	5.4677900e-09
17.87	5.9186783e-09
17.90	6.4056785e-09
17.94	6.9318362e-09
17.97	7.5004314e-09
18.01	8.1149985e-09
18.04	8.7793515e-09
18.07	9.4976058e-09
18.11	1.0274205e-08
18.14	1.1113949e-08
18.18	1.2022024e-08
18.21	1.3004035e-08
18.24	1.4066040e-08
18.28	1.5214584e-08
18.31	1.6456747e-08
18.35	1.7800182e-08
18.38	1.9253167e-08
18.41	2.0824652e-08
18.45	2.2524314e-08
18.48	2.4362624e-08
18.52	2.6350899e-08
18.55	2.8501384e-08
18.59	3.0827317e-08
18.62	3.3343020e-08
18.65	3.6063978e-08
18.69	3.9006946e-08
18.72	4.2190039e-08
18.76	4.5632856e-08
18.79	4.9356590e-08
18.82	5.3384172e-08
18.86	5.7740380e-08
18.89	6.2452030e-08
18.93	6.7548117e-08
18.96	7.3060014e-08
18.99	7.9021638e-08
19.03	8.5469689e-08
19.06	9.2443844e-08
19.10	9.9987036e-08
19.13	1.0814568e-07
19.16	1.1696998e-07
19.20	1.2651423e-07
19.23	1.3683717e-07
19.27	1.4800230e-07
19.30	1.6007834e-07
19.33	1.7313957e-07
19.37	1.8726636e-07
19.40	2.0254564e-07
19.44	2.1907138e-07
19.47	2.3694519e-07
19.51	2.5627700e-07
19.54	2.7718570e-07
19.57	2.9979986e-07
19.61	3.2425852e-07
19.64	3.5071205e-07
19.68	3.7932309e-07
19.71	4.1026747e-07
19.74	4.4373538e-07
19.78	4.7993242e-07
19.81	5.1908101e-07
19.85	5.6142158e-07
19.88	6.0721422e-07
19.91	6.5674006e-07
19.95	7.1030321e-07
19.98	7.6823240e-07
20.02	8.3088321e-07
20.05	8.9863970e-07
20.08	9.7191743e-07
20.12	1.0511655e-06
20.15	1.1368697e-06
20.19	1.2295549e-06
20.22	1.3297887e-06
20.25	1.4381845e-06
20.29	1.5554056e-06
20.32	1.6821687e-06
20.36	1.8192483e-06
20.39	1.9674815e-06
20.42	2.1277731e-06
20.46	2.3011007e-06
20.49	2.4885205e-06
20.53	2.6911739e-06
20.56	2.9102938e-06
20.60	3.1472123e-06
20.63	3.4033673e-06
20.66	3.6803120e-06
20.70	3.9797237e-06
20.73	4.3034135e-06
20.77	4.6533363e-06
20.80	5.0316025e-06
20.83	5.4404892e-06
20.87	5.8824538e-06
20.90	6.3601471e-06
20.94	6.8764276e-06
20.97	7.4343776e-06
21.00	8.0373206e-06
21.04	8.6888374e-06
21.07	9.3927875e-06
21.11	1.0153326e-05
21.14	1.0974930e-05
21.17	1.1862414e-05
21.21	1.2820962e-05
21.24	1.3856142e-05
21.28	1.4973946e-05
21.31	1.6180807e-05
21.34	1.7483636e-05
21.38	1.8889847e-05
21.41	2.0407395e-05
21.45	2.2044801e-05
21.48	2.3811196e-05
21.52	2.5716343e-05
21.55	2.7770687e-05
21.58	2.9985379e-05
21.62	3.2372324e-05
21.65	3.4944206e-05
21.69	3.7714535e-05
21.72	4.0697671e-05
21.75	4.3908866e-05
21.79	4.7364293e-05
21.82	5.1081056e-05
21.86	5.5077236e-05
21.89	5.9371906e-05
21.92	6.3985138e-05
21.96	6.8938015e-05
21.99	7.4252624e-05
22.03	7.9952046e-05
22.06	8.6060337e-05
22.09	9.2602481e-05
22.13	9.9604348e-05
22.16	1.0709262e-04
22.20	1.1509474e-04
22.23	1.2363876e-04
22.26	1.3275327e-04
22.30	1.4246722e-04
22.33	1.5280978e-04
22.37	1.6381015e-04
22.40	1.7549732e-04
22.43	1.8789983e-04
22.47	2.0104562e-04
22.50	2.1496163e-04
22.54	2.2967362e-04
22.57	2.4520575e-04
22.61	2.6158039e-04
22.64	2.7881767e-04
22.67	2.9693527e-04
22.71	3.1594795e-04
22.74	3.3586736e-04
22.78	3.5670166e-04
22.81	3.7845530e-04
22.84	4.0112868e-04
22.88	4.2471801e-04
22.91	4.4921505e-04
22.95	4.7460705e-04
22.98	5.0087657e-04
23.01	5.2800132e-04
23.05	5.5595443e-04
23.08	5.8470437e-04
23.12	6.1421514e-04
23.15	6.4444635e-04
23.18	6.7535357e-04
23.22	7.0688847e-04
23.25	7.3899932e-04
23.29	7.7163111e-04
23.32	8.0472616e-04
23.35	8.3822442e-04
23.39	8.7206407e-04
23.42	9.0618177e-04
23.46	9.4051334e-04
23.49	9.7499404e-04
23.53	1.0095592e-03
23.56	1.0441447e-03
23.59	1.0786868e-03
23.63	1.1131232e-03
23.66	1.1473935e-03
23.70	1.1814388e-03
23.73	1.2152031e-03
23.76	1.2486324e-03
23.80	1.2816759e-03
23.83	1.3142856e-03
23.87	1.3464167e-03
23.90	1.3780276e-03
23.93	1.4090802e-03
23.97	1.4395396e-03
24.00	1.4693746e-03
24.04	1.4985574e-03
24.07	1.5270636e-03
24.10	1.5548721e-03
24.14	1.5819654e-03
24.17	1.6083287e-03
24.21	1.6339502e-03
24.24	1.6588213e-03
24.27	1.6829360e-03
24.31	1.7062914e-03
24.34	1.7288865e-03
24.38	1.7507231e-03
24.41	1.7718049e-03
24.44	1.7921377e-03
24.48	1.8117291e-03
24.51	1.8305882e-03
24.55	1.8487258e-03
24.58	1.8661540e-03
24.62	1.8828861e-03
24.65	1.8989365e-03
24.68	1.9143203e-03
24.72	1.9290539e-03
24.75	1.9431541e-03
24.79	1.9566376e-03
24.82	1.9695219e-03
24.85	1.9818253e-03
24.89	1.9935656e-03
24.92	2.0047614e-03
24.96	2.0154310e-03
24.99	2.0255929e-03
25.02	2.0352654e-03
25.06	2.0444667e-03
25.09	2.0532146e-03
25.13	2.0615269e-03
25.16	2.0694208e-03
25.19	2.0769137e-03
25.23	2.0840223e-03
25.26	2.0907630e-03
25.30	2.0971519e-03
25.33	2.1032047e-03
25.36	2.1089364e-03
25.40	2.1143613e-03
25.43	2.1194937e-03
25.47	2.1243472e-03
25.50	2.1289353e-03
25.54	2.1332706e-03
25.57	2.1373656e-03
25.60	2.1412322e-03
25.64	2.1448820e-03
25.67	2.1483256e-03
25.71	2.1515737e-03
25.74	2.1546362e-03
25.77	2.1575230e-03
25.81	2.1602432e-03
25.84	2.1628058e-03
25.88	2.1652190e-03
25.91	2.1674913e-03
25.94	2.1696303e-03
25.98	2.1716430e-03
26.01	2.1735361e-03
26.05	2.1753164e-03
26.08	2.1769901e-03
26.11	2.1785632e-03
26.15	2.1800415e-03
26.18	2.1814303e-03
26.22	2.1827349e-03
26.25	2.1839601e-03
26.28	2.1851102e-03
26.32	2.1861898e-03
26.35	2.1872028e-03
26.39	2.1881534e-03
26.42	2.1890450e-03
26.45	2.1898814e-03
26.49	2.1906658e-03
26.52	2.1914017e-03
26.56	2.1920915e-03
26.59	2.1927379e-03
26.63	2.1933436e-03
26.66	2.1939109e-03
26.69	2.1944422e-03
26.73	2.1949398e-03
26.76	2.1954057e-03
26.80	2.1958418e-03
26.83	2.1962503e-03
26.86	2.1966325e-03
26.90	2.1969901e-03
26.93	2.1973247e-03
26.97	2.1976377e-03
27.00	2.1979304e-03
