# NeutrinoAntineutrinoInteraction/NeutrinoiAntineutrinojElectronAntimuon interaction rates
# neutrino field: massive Cosmic Neutrino Background, T_CnuB = 1.94535456 K
# Produced with crpropa-data version: 60a1560e37035039ec25f414e0c42a2444bad49c
# log10(E/eV), 1/lambda [1/Mpc]
13.27	0.0000000e+00
13.30	0.0000000e+00
13.34	0.0000000e+00
13.37	0.0000000e+00
13.41	0.0000000e+00
13.44	0.0000000e+00
13.47	0.0000000e+00
13.51	0.0000000e+00
13.54	0.0000000e+00
13.58	0.0000000e+00
13.61	0.0000000e+00
13.65	0.0000000e+00
13.68	0.0000000e+00
13.71	0.0000000e+00
13.75	0.0000000e+00
13.78	0.0000000e+00
13.82	0.0000000e+00
13.85	0.0000000e+00
13.88	0.0000000e+00
13.92	0.0000000e+00
13.95	0.0000000e+00
13.99	0.0000000e+00
14.02	0.0000000e+00
14.05	0.0000000e+00
14.09	0.0000000e+00
14.12	0.0000000e+00
14.16	0.0000000e+00
14.19	0.0000000e+00
14.22	0.0000000e+00
14.26	0.0000000e+00
14.29	0.0000000e+00
14.33	0.0000000e+00
14.36	0.0000000e+00
14.39	0.0000000e+00
14.43	0.0000000e+00
14.46	0.0000000e+00
14.50	0.0000000e+00
14.53	0.0000000e+00
14.57	0.0000000e+00
14.60	0.0000000e+00
14.63	0.0000000e+00
14.67	0.0000000e+00
14.70	0.0000000e+00
14.74	0.0000000e+00
14.77	0.0000000e+00
14.80	0.0000000e+00
14.84	0.0000000e+00
14.87	0.0000000e+00
14.91	0.0000000e+00
14.94	0.0000000e+00
14.97	0.0000000e+00
15.01	0.0000000e+00
15.04	0.0000000e+00
15.08	0.0000000e+00
15.11	0.0000000e+00
15.14	0.0000000e+00
15.18	0.0000000e+00
15.21	0.0000000e+00
15.25	5.5785977e-263
15.28	1.6832398e-243
15.31	1.7121409e-225
15.35	7.5819674e-209
15.38	1.8516949e-193
15.42	3.1034894e-179
15.45	4.3692732e-166
15.48	6.2288539e-154
15.52	1.0687736e-142
15.55	2.5895207e-132
15.59	1.0269573e-122
15.62	7.6416810e-114
15.66	1.2104836e-105
15.69	4.5872881e-98
15.72	4.6328615e-91
15.76	1.3777555e-84
15.79	1.3230883e-78
15.83	4.4682884e-73
15.86	5.7421807e-68
15.89	3.0203684e-63
15.93	6.9561026e-59
15.96	7.4655591e-55
16.00	3.9552566e-51
16.03	1.0910410e-47
16.06	1.6460939e-44
16.10	1.4216570e-41
16.13	7.3307733e-39
16.17	2.3465427e-36
16.20	4.8335356e-34
16.23	6.6239122e-32
16.27	6.2279218e-30
16.30	4.1334152e-28
16.34	1.9881049e-26
16.37	7.1006818e-25
16.40	1.9260235e-23
16.44	4.0509639e-22
16.47	6.7351119e-21
16.51	9.0104527e-20
16.54	9.8607130e-19
16.58	8.9626687e-18
16.61	6.8619037e-17
16.64	4.4831389e-16
16.68	2.5297525e-15
16.71	1.2467178e-14
16.75	5.4215878e-14
16.78	2.1003527e-13
16.81	7.3129963e-13
16.85	2.3071734e-12
16.88	6.6454941e-12
16.92	1.7598396e-11
16.95	4.3124997e-11
16.98	9.8378117e-11
17.02	2.1008369e-10
17.05	4.2212763e-10
17.09	8.0190252e-10
17.12	1.4465796e-09
17.15	2.4881797e-09
17.19	4.0962374e-09
17.22	6.4770462e-09
17.26	9.8689334e-09
17.29	1.4533643e-08
17.32	2.0744568e-08
17.36	2.8773132e-08
17.39	3.8874933e-08
17.43	5.1277333e-08
17.46	6.6169922e-08
17.49	8.3698892e-08
17.53	1.0396577e-07
17.56	1.2703042e-07
17.60	1.5291770e-07
17.63	1.8162693e-07
17.67	2.1314291e-07
17.70	2.4744754e-07
17.73	2.8453094e-07
17.77	3.2440152e-07
17.80	3.6709420e-07
17.84	4.1267698e-07
17.87	4.6125559e-07
17.90	5.1297651e-07
17.94	5.6802866e-07
17.97	6.2664416e-07
18.01	6.8909831e-07
18.04	7.5570939e-07
18.07	8.2683822e-07
18.11	9.0288802e-07
18.14	9.8430445e-07
18.18	1.0715761e-06
18.21	1.1652355e-06
18.24	1.2658605e-06
18.28	1.3740765e-06
18.31	1.4905586e-06
18.35	1.6160352e-06
18.38	1.7512913e-06
18.41	1.8971728e-06
18.45	2.0545913e-06
18.48	2.2245289e-06
18.52	2.4080446e-06
18.55	2.6062801e-06
18.59	2.8204672e-06
18.62	3.0519348e-06
18.65	3.3021175e-06
18.69	3.5725640e-06
18.72	3.8649472e-06
18.76	4.1810740e-06
18.79	4.5228970e-06
18.82	4.8925260e-06
18.86	5.2922414e-06
18.89	5.7245083e-06
18.93	6.1919916e-06
18.96	6.6975725e-06
18.99	7.2443663e-06
19.03	7.8357415e-06
19.06	8.4753409e-06
19.10	9.1671035e-06
19.13	9.9152892e-06
19.16	1.0724505e-05
19.20	1.1599733e-05
19.23	1.2546363e-05
19.27	1.3570220e-05
19.30	1.4677609e-05
19.33	1.5875346e-05
19.37	1.7170804e-05
19.40	1.8571955e-05
19.44	2.0087423e-05
19.47	2.1726537e-05
19.51	2.3499382e-05
19.54	2.5416870e-05
19.57	2.7490800e-05
19.61	2.9733933e-05
19.64	3.2160073e-05
19.68	3.4784146e-05
19.71	3.7622297e-05
19.74	4.0691988e-05
19.78	4.4012100e-05
19.81	4.7603059e-05
19.85	5.1486951e-05
19.88	5.5687664e-05
19.91	6.0231031e-05
19.95	6.5144991e-05
19.98	7.0459759e-05
20.02	7.6208009e-05
20.05	8.2425078e-05
20.08	8.9149179e-05
20.12	9.6421637e-05
20.15	1.0428714e-04
20.19	1.1279401e-04
20.22	1.2199451e-04
20.25	1.3194513e-04
20.29	1.4270699e-04
20.32	1.5434615e-04
20.36	1.6693404e-04
20.39	1.8054791e-04
20.42	1.9527127e-04
20.46	2.1119441e-04
20.49	2.2841495e-04
20.53	2.4703843e-04
20.56	2.6717894e-04
20.60	2.8895981e-04
20.63	3.1251436e-04
20.66	3.3798671e-04
20.70	3.6553261e-04
20.73	3.9532042e-04
20.77	4.2753208e-04
20.80	4.6236421e-04
20.83	5.0002927e-04
20.87	5.4075684e-04
20.90	5.8479495e-04
20.94	6.3241156e-04
20.97	6.8389613e-04
21.00	7.3956130e-04
21.04	7.9974472e-04
21.07	8.6481102e-04
21.11	9.3515388e-04
21.14	1.0111983e-03
21.17	1.0934031e-03
21.21	1.1822633e-03
21.24	1.2783131e-03
21.28	1.3821290e-03
21.31	1.4943325e-03
21.34	1.6155940e-03
21.38	1.7466363e-03
21.41	1.8882382e-03
21.45	2.0412392e-03
21.48	2.2065433e-03
21.52	2.3851241e-03
21.55	2.5780297e-03
21.58	2.7863878e-03
21.62	3.0114113e-03
21.65	3.2544043e-03
21.69	3.5167682e-03
21.72	3.8000083e-03
21.75	4.1057402e-03
21.79	4.4356974e-03
21.82	4.7917383e-03
21.86	5.1758540e-03
21.89	5.5901762e-03
21.92	6.0369852e-03
21.96	6.5187182e-03
21.99	7.0379777e-03
22.03	7.5975400e-03
22.06	8.2003635e-03
22.09	8.8495971e-03
22.13	9.5485884e-03
22.16	1.0300892e-02
22.20	1.1110274e-02
22.23	1.1980725e-02
22.26	1.2916459e-02
22.30	1.3921924e-02
22.33	1.5001801e-02
22.37	1.6161011e-02
22.40	1.7404715e-02
22.43	1.8738311e-02
22.47	2.0167433e-02
22.50	2.1697943e-02
22.54	2.3335927e-02
22.57	2.5087681e-02
22.61	2.6959698e-02
22.64	2.8958649e-02
22.67	3.1091364e-02
22.71	3.3364804e-02
22.74	3.5786032e-02
22.78	3.8362182e-02
22.81	4.1100419e-02
22.84	4.4007896e-02
22.88	4.7091709e-02
22.91	5.0358848e-02
22.95	5.3816137e-02
22.98	5.7470186e-02
23.01	6.1327319e-02
23.05	6.5393521e-02
23.08	6.9674367e-02
23.12	7.4174955e-02
23.15	7.8899845e-02
23.18	8.3852987e-02
23.22	8.9037662e-02
23.25	9.4456415e-02
23.29	1.0011100e-01
23.32	1.0600232e-01
23.35	1.1213039e-01
23.39	1.1849429e-01
23.42	1.2509210e-01
23.46	1.3192094e-01
23.49	1.3897687e-01
23.53	1.4625496e-01
23.56	1.5374923e-01
23.59	1.6145267e-01
23.63	1.6935729e-01
23.66	1.7745413e-01
23.70	1.8573328e-01
23.73	1.9418396e-01
23.76	2.0279457e-01
23.80	2.1155274e-01
23.83	2.2044540e-01
23.87	2.2945889e-01
23.90	2.3857899e-01
23.93	2.4779108e-01
23.97	2.5708014e-01
24.00	2.6643092e-01
24.04	2.7582801e-01
24.07	2.8525590e-01
24.10	2.9469910e-01
24.14	3.0414226e-01
24.17	3.1357018e-01
24.21	3.2296796e-01
24.24	3.3232104e-01
24.27	3.4161528e-01
24.31	3.5083703e-01
24.34	3.5997321e-01
24.38	3.6901131e-01
24.41	3.7793948e-01
24.44	3.8674655e-01
24.48	3.9542207e-01
24.51	4.0395635e-01
24.55	4.1234043e-01
24.58	4.2056615e-01
24.62	4.2862612e-01
24.65	4.3651372e-01
24.68	4.4422313e-01
24.72	4.5174928e-01
24.75	4.5908785e-01
24.79	4.6623524e-01
24.82	4.7318859e-01
24.85	4.7994569e-01
24.89	4.8650501e-01
24.92	4.9286564e-01
24.96	4.9902724e-01
24.99	5.0499006e-01
25.02	5.1075485e-01
25.06	5.1632287e-01
25.09	5.2169581e-01
25.13	5.2687579e-01
25.16	5.3186531e-01
25.19	5.3666720e-01
25.23	5.4128464e-01
25.26	5.4572104e-01
25.30	5.4998009e-01
25.33	5.5406569e-01
25.36	5.5798191e-01
25.40	5.6173300e-01
25.43	5.6532330e-01
25.47	5.6875731e-01
25.50	5.7203956e-01
25.54	5.7517467e-01
25.57	5.7816727e-01
25.60	5.8102205e-01
25.64	5.8374366e-01
25.67	5.8633676e-01
25.71	5.8880596e-01
25.74	5.9115584e-01
25.77	5.9339094e-01
25.81	5.9551569e-01
25.84	5.9753449e-01
25.88	5.9945163e-01
25.91	6.0127133e-01
25.94	6.0299770e-01
25.98	6.0463474e-01
26.01	6.0618636e-01
26.05	6.0765636e-01
26.08	6.0904841e-01
26.11	6.1036610e-01
26.15	6.1161288e-01
26.18	6.1279207e-01
26.22	6.1390692e-01
26.25	6.1496051e-01
26.28	6.1595586e-01
26.32	6.1689582e-01
26.35	6.1778318e-01
26.39	6.1862057e-01
26.42	6.1941056e-01
26.45	6.2015557e-01
26.49	6.2085795e-01
26.52	6.2151992e-01
26.56	6.2214362e-01
26.59	6.2273109e-01
26.63	6.2328428e-01
26.66	6.2380502e-01
26.69	6.2429510e-01
26.73	6.2475620e-01
26.76	6.2518990e-01
26.80	6.2559775e-01
26.83	6.2598118e-01
26.86	6.2634157e-01
26.90	6.2668022e-01
26.93	6.2699836e-01
26.97	6.2729718e-01
27.00	6.2757779e-01
