# NeutrinoAntineutrinoInteraction/NeutrinoiAntineutrinojElectronAntimuon interaction rates
# neutrino field: massive Cosmic Neutrino Background, T_CnuB = 1.94535456 K
# Produced with crpropa-data version: 60a1560e37035039ec25f414e0c42a2444bad49c
# log10(E/eV), 1/lambda [1/Mpc]
13.37	0.0000000e+00
13.41	0.0000000e+00
13.44	0.0000000e+00
13.47	0.0000000e+00
13.51	0.0000000e+00
13.54	0.0000000e+00
13.58	0.0000000e+00
13.61	0.0000000e+00
13.65	0.0000000e+00
13.68	0.0000000e+00
13.71	0.0000000e+00
13.75	0.0000000e+00
13.78	0.0000000e+00
13.82	0.0000000e+00
13.85	0.0000000e+00
13.88	0.0000000e+00
13.92	0.0000000e+00
13.95	0.0000000e+00
13.99	0.0000000e+00
14.02	0.0000000e+00
14.05	0.0000000e+00
14.09	0.0000000e+00
14.12	0.0000000e+00
14.16	0.0000000e+00
14.19	0.0000000e+00
14.22	0.0000000e+00
14.26	0.0000000e+00
14.29	0.0000000e+00
14.33	0.0000000e+00
14.36	0.0000000e+00
14.39	0.0000000e+00
14.43	0.0000000e+00
14.46	0.0000000e+00
14.50	0.0000000e+00
14.53	0.0000000e+00
14.57	0.0000000e+00
14.60	0.0000000e+00
14.63	0.0000000e+00
14.67	0.0000000e+00
14.70	0.0000000e+00
14.74	0.0000000e+00
14.77	0.0000000e+00
14.80	0.0000000e+00
14.84	0.0000000e+00
14.87	0.0000000e+00
14.91	0.0000000e+00
14.94	0.0000000e+00
14.97	0.0000000e+00
15.01	0.0000000e+00
15.04	0.0000000e+00
15.08	0.0000000e+00
15.11	0.0000000e+00
15.14	0.0000000e+00
15.18	0.0000000e+00
15.21	0.0000000e+00
15.25	0.0000000e+00
15.28	0.0000000e+00
15.31	0.0000000e+00
15.35	1.3157323e-277
15.38	4.4465459e-257
15.42	4.2168480e-238
15.45	1.4711262e-220
15.48	2.4222774e-204
15.52	2.3700671e-189
15.55	1.7051502e-175
15.59	1.0983821e-162
15.62	7.5998375e-151
15.66	6.6837624e-140
15.69	8.7295907e-130
15.72	1.9553028e-120
15.76	8.5794209e-112
15.79	8.3395665e-104
15.83	2.0121406e-96
15.86	1.3386420e-89
15.89	2.7063192e-83
15.93	1.8190071e-77
15.96	4.4169089e-72
16.00	4.1840479e-67
16.03	1.6600365e-62
16.06	2.9457984e-58
16.10	2.4844087e-54
16.13	1.0533165e-50
16.17	2.3645739e-47
16.20	2.9488125e-44
16.23	2.1355614e-41
16.27	9.3576060e-39
16.30	2.5767894e-36
16.34	4.6183434e-34
16.37	5.5650617e-32
16.40	4.6457092e-30
16.44	2.7623119e-28
16.47	1.2002320e-26
16.51	3.9023285e-25
16.54	9.7043773e-24
16.58	1.8836447e-22
16.61	2.9077531e-21
16.64	3.6322065e-20
16.68	3.7307759e-19
16.71	3.1980208e-18
16.75	2.3193760e-17
16.78	1.4413718e-16
16.81	7.7658674e-16
16.85	3.6671224e-15
16.88	1.5329992e-14
16.92	5.7262871e-14
16.95	1.9277533e-13
16.98	5.8956427e-13
17.02	1.6500965e-12
17.05	4.2554525e-12
17.09	1.0176084e-11
17.12	2.2696125e-11
17.15	4.7468899e-11
17.19	9.3568586e-11
17.22	1.7463499e-10
17.26	3.0994259e-10
17.29	5.2518374e-10
17.32	8.5275716e-10
17.36	1.3314043e-09
17.39	2.0051306e-09
17.43	2.9214647e-09
17.46	4.1292255e-09
17.49	5.6760506e-09
17.53	7.6059836e-09
17.56	9.9574104e-09
17.60	1.2761578e-08
17.63	1.6041848e-08
17.67	1.9813727e-08
17.70	2.4085638e-08
17.73	2.8860289e-08
17.77	3.4136471e-08
17.80	3.9911079e-08
17.84	4.6181165e-08
17.87	5.2945872e-08
17.90	6.0208114e-08
17.94	6.7975957e-08
17.97	7.6263658e-08
18.01	8.5092401e-08
18.04	9.4490745e-08
18.07	1.0449487e-07
18.11	1.1514863e-07
18.14	1.2650360e-07
18.18	1.3861894e-07
18.21	1.5156137e-07
18.24	1.6540518e-07
18.28	1.8023221e-07
18.31	1.9613200e-07
18.35	2.1320197e-07
18.38	2.3154774e-07
18.41	2.5128350e-07
18.45	2.7253250e-07
18.48	2.9542766e-07
18.52	3.2011220e-07
18.55	3.4674047e-07
18.59	3.7547878e-07
18.62	4.0650636e-07
18.65	4.4001645e-07
18.69	4.7621745e-07
18.72	5.1533418e-07
18.76	5.5760925e-07
18.79	6.0330456e-07
18.82	6.5270292e-07
18.86	7.0610977e-07
18.89	7.6385512e-07
18.93	8.2629553e-07
18.96	8.9381634e-07
18.99	9.6683407e-07
19.03	1.0457990e-06
19.06	1.1311978e-06
19.10	1.2235569e-06
19.13	1.3234452e-06
19.16	1.4314782e-06
19.20	1.5483211e-06
19.23	1.6746937e-06
19.27	1.8113741e-06
19.30	1.9592039e-06
19.33	2.1190932e-06
19.37	2.2920264e-06
19.40	2.4790681e-06
19.44	2.6813696e-06
19.47	2.9001763e-06
19.51	3.1368350e-06
19.54	3.3928022e-06
19.57	3.6696534e-06
19.61	3.9690923e-06
19.64	4.2929619e-06
19.68	4.6432552e-06
19.71	5.0221277e-06
19.74	5.4319109e-06
19.78	5.8751260e-06
19.81	6.3545001e-06
19.85	6.8729824e-06
19.88	7.4337627e-06
19.91	8.0402906e-06
19.95	8.6962971e-06
19.98	9.4058169e-06
20.02	1.0173214e-05
20.05	1.1003207e-05
20.08	1.1900900e-05
20.12	1.2871813e-05
20.15	1.3921915e-05
20.19	1.5057659e-05
20.22	1.6286028e-05
20.25	1.7614570e-05
20.29	1.9051447e-05
20.32	2.0605489e-05
20.36	2.2286239e-05
20.39	2.4104021e-05
20.42	2.6069994e-05
20.46	2.8196228e-05
20.49	3.0495771e-05
20.53	3.2982733e-05
20.56	3.5672368e-05
20.60	3.8581168e-05
20.63	4.1726965e-05
20.66	4.5129035e-05
20.70	4.8808217e-05
20.73	5.2787038e-05
20.77	5.7089849e-05
20.80	6.1742971e-05
20.83	6.6774852e-05
20.87	7.2216239e-05
20.90	7.8100361e-05
20.94	8.4463127e-05
20.97	9.1343337e-05
21.00	9.8782917e-05
21.04	1.0682716e-04
21.07	1.1552500e-04
21.11	1.2492929e-04
21.14	1.3509712e-04
21.17	1.4609014e-04
21.21	1.5797493e-04
21.24	1.7082335e-04
21.28	1.8471301e-04
21.31	1.9972764e-04
21.34	2.1595763e-04
21.38	2.3350050e-04
21.41	2.5246143e-04
21.45	2.7295388e-04
21.48	2.9510019e-04
21.52	3.1903223e-04
21.55	3.4489214e-04
21.58	3.7283304e-04
21.62	4.0301986e-04
21.65	4.3563020e-04
21.69	4.7085518e-04
21.72	5.0890046e-04
21.75	5.4998718e-04
21.79	5.9435310e-04
21.82	6.4225364e-04
21.86	6.9396311e-04
21.89	7.4977588e-04
21.92	8.1000774e-04
21.96	8.7499714e-04
21.99	9.4510663e-04
22.03	1.0207242e-03
22.06	1.1022649e-03
22.09	1.1901721e-03
22.13	1.2849190e-03
22.16	1.3870105e-03
22.20	1.4969841e-03
22.23	1.6154120e-03
22.26	1.7429020e-03
22.30	1.8800991e-03
22.33	2.0276869e-03
22.37	2.1863886e-03
22.40	2.3569680e-03
22.43	2.5402304e-03
22.47	2.7370233e-03
22.50	2.9482368e-03
22.54	3.1748031e-03
22.57	3.4176973e-03
22.61	3.6779356e-03
22.64	3.9565749e-03
22.67	4.2547110e-03
22.71	4.5734765e-03
22.74	4.9140378e-03
22.78	5.2775922e-03
22.81	5.6653634e-03
22.84	6.0785970e-03
22.88	6.5185553e-03
22.91	6.9865102e-03
22.95	7.4837372e-03
22.98	8.0115071e-03
23.01	8.5710774e-03
23.05	9.1636835e-03
23.08	9.7905286e-03
23.12	1.0452773e-02
23.15	1.1151524e-02
23.18	1.1887824e-02
23.22	1.2662637e-02
23.25	1.3476841e-02
23.29	1.4331212e-02
23.32	1.5226416e-02
23.35	1.6162993e-02
23.39	1.7141350e-02
23.42	1.8161752e-02
23.46	1.9224306e-02
23.49	2.0328961e-02
23.53	2.1475494e-02
23.56	2.2663508e-02
23.59	2.3892428e-02
23.63	2.5161493e-02
23.66	2.6469764e-02
23.70	2.7816114e-02
23.73	2.9199240e-02
23.76	3.0617659e-02
23.80	3.2069720e-02
23.83	3.3553608e-02
23.87	3.5067354e-02
23.90	3.6608845e-02
23.93	3.8175838e-02
23.97	3.9765970e-02
24.00	4.1376775e-02
24.04	4.3005696e-02
24.07	4.4650106e-02
24.10	4.6307317e-02
24.14	4.7974603e-02
24.17	4.9649212e-02
24.21	5.1328386e-02
24.24	5.3009373e-02
24.27	5.4689448e-02
24.31	5.6365922e-02
24.34	5.8036162e-02
24.38	5.9697601e-02
24.41	6.1347749e-02
24.44	6.2984211e-02
24.48	6.4604688e-02
24.51	6.6206995e-02
24.55	6.7789061e-02
24.58	6.9348941e-02
24.62	7.0884820e-02
24.65	7.2395015e-02
24.68	7.3877979e-02
24.72	7.5332305e-02
24.75	7.6756724e-02
24.79	7.8150106e-02
24.82	7.9511458e-02
24.85	8.0839923e-02
24.89	8.2134775e-02
24.92	8.3395419e-02
24.96	8.4621383e-02
24.99	8.5812317e-02
25.02	8.6967983e-02
25.06	8.8088255e-02
25.09	8.9173108e-02
25.13	9.0222618e-02
25.16	9.1236947e-02
25.19	9.2216347e-02
25.23	9.3161144e-02
25.26	9.4071739e-02
25.30	9.4948598e-02
25.33	9.5792245e-02
25.36	9.6603261e-02
25.40	9.7382270e-02
25.43	9.8129941e-02
25.47	9.8846978e-02
25.50	9.9534119e-02
25.54	1.0019212e-01
25.57	1.0082178e-01
25.60	1.0142388e-01
25.64	1.0199925e-01
25.67	1.0254870e-01
25.71	1.0307307e-01
25.74	1.0357318e-01
25.77	1.0404987e-01
25.81	1.0450395e-01
25.84	1.0493626e-01
25.88	1.0534761e-01
25.91	1.0573879e-01
25.94	1.0611059e-01
25.98	1.0646379e-01
26.01	1.0679915e-01
26.05	1.0711741e-01
26.08	1.0741929e-01
26.11	1.0770552e-01
26.15	1.0797677e-01
26.18	1.0823371e-01
26.22	1.0847699e-01
26.25	1.0870725e-01
26.28	1.0892508e-01
26.32	1.0913108e-01
26.35	1.0932581e-01
26.39	1.0950982e-01
26.42	1.0968363e-01
26.45	1.0984776e-01
26.49	1.1000268e-01
26.52	1.1014886e-01
26.56	1.1028675e-01
26.59	1.1041678e-01
26.63	1.1053935e-01
26.66	1.1065486e-01
26.69	1.1076368e-01
26.73	1.1086617e-01
26.76	1.1096267e-01
26.80	1.1105350e-01
26.83	1.1113898e-01
26.86	1.1121939e-01
26.90	1.1129502e-01
26.93	1.1136613e-01
26.97	1.1143298e-01
27.00	1.1149581e-01
