# NeutrinoAntineutrinoInteraction/NeutrinoiAntineutrinojElectronAntimuon interaction rates
# neutrino field: massive Cosmic Neutrino Background, T_CnuB = 1.94535456 K
# Produced with crpropa-data version: 60a1560e37035039ec25f414e0c42a2444bad49c
# log10(E/eV), 1/lambda [1/Mpc]
13.27	0.0000000e+00
13.30	0.0000000e+00
13.34	0.0000000e+00
13.37	0.0000000e+00
13.41	0.0000000e+00
13.44	0.0000000e+00
13.47	0.0000000e+00
13.51	0.0000000e+00
13.54	0.0000000e+00
13.58	0.0000000e+00
13.61	0.0000000e+00
13.65	0.0000000e+00
13.68	0.0000000e+00
13.71	0.0000000e+00
13.75	0.0000000e+00
13.78	0.0000000e+00
13.82	0.0000000e+00
13.85	0.0000000e+00
13.88	0.0000000e+00
13.92	0.0000000e+00
13.95	0.0000000e+00
13.99	0.0000000e+00
14.02	0.0000000e+00
14.05	0.0000000e+00
14.09	0.0000000e+00
14.12	0.0000000e+00
14.16	0.0000000e+00
14.19	0.0000000e+00
14.22	0.0000000e+00
14.26	0.0000000e+00
14.29	0.0000000e+00
14.33	0.0000000e+00
14.36	0.0000000e+00
14.39	0.0000000e+00
14.43	0.0000000e+00
14.46	0.0000000e+00
14.50	0.0000000e+00
14.53	0.0000000e+00
14.57	0.0000000e+00
14.60	0.0000000e+00
14.63	0.0000000e+00
14.67	0.0000000e+00
14.70	0.0000000e+00
14.74	0.0000000e+00
14.77	0.0000000e+00
14.80	0.0000000e+00
14.84	0.0000000e+00
14.87	0.0000000e+00
14.91	0.0000000e+00
14.94	0.0000000e+00
14.97	0.0000000e+00
15.01	0.0000000e+00
15.04	0.0000000e+00
15.08	0.0000000e+00
15.11	0.0000000e+00
15.14	0.0000000e+00
15.18	0.0000000e+00
15.21	0.0000000e+00
15.25	5.6025633e-263
15.28	1.6910582e-243
15.31	1.7207389e-225
15.35	7.6231318e-209
15.38	1.8625635e-193
15.42	3.1231818e-179
15.45	4.3992433e-166
15.48	6.2750384e-154
15.52	1.0773393e-142
15.55	2.6119523e-132
15.59	1.0365720e-122
15.62	7.7189994e-114
15.66	1.2237190e-105
15.69	4.6414865e-98
15.72	4.6920039e-91
15.76	1.3967577e-84
15.79	1.3428017e-78
15.83	4.5402025e-73
15.86	5.8419972e-68
15.89	3.0770690e-63
15.93	7.0971097e-59
15.96	7.6289491e-55
16.00	4.0487029e-51
16.03	1.1188627e-47
16.06	1.6913917e-44
16.10	1.4638671e-41
16.13	7.5655649e-39
16.17	2.4275972e-36
16.20	5.0135578e-34
16.23	6.8898481e-32
16.27	6.4973764e-30
16.30	4.3260793e-28
16.34	2.0879067e-26
16.37	7.4844357e-25
16.40	2.0380450e-23
16.44	4.3044212e-22
16.47	7.1882204e-21
16.51	9.6619353e-20
16.54	1.0626545e-18
16.58	9.7099467e-18
16.61	7.4757206e-17
16.64	4.9131035e-16
16.68	2.7896887e-15
16.71	1.3838535e-14
16.75	6.0594512e-14
16.78	2.3644149e-13
16.81	8.2944763e-13
16.85	2.6373604e-12
16.88	7.6584281e-12
16.92	2.0451629e-11
16.95	5.0551607e-11
16.98	1.1634579e-10
17.02	2.5070867e-10
17.05	5.0839844e-10
17.09	9.7476525e-10
17.12	1.7747826e-09
17.15	3.0809325e-09
17.19	5.1182077e-09
17.22	8.1645533e-09
17.26	1.2545493e-08
17.29	1.8622411e-08
17.32	2.6774848e-08
17.36	3.7378093e-08
17.39	5.0778095e-08
17.43	6.7266270e-08
17.46	8.7056968e-08
17.49	1.1027032e-07
17.53	1.3692280e-07
17.56	1.6692719e-07
17.60	2.0010294e-07
17.63	2.3619669e-07
17.67	2.7491200e-07
17.70	3.1594611e-07
17.73	3.5903110e-07
17.77	4.0397657e-07
17.80	4.5071333e-07
17.84	4.9935048e-07
17.87	5.5023620e-07
17.90	6.0380245e-07
17.94	6.6048168e-07
17.97	7.2071063e-07
18.01	7.8493511e-07
18.04	8.5361468e-07
18.07	9.2722698e-07
18.11	1.0062721e-06
18.14	1.0912767e-06
18.18	1.1827983e-06
18.21	1.2814298e-06
18.24	1.3878033e-06
18.28	1.5025951e-06
18.31	1.6265303e-06
18.35	1.7603874e-06
18.38	1.9050039e-06
18.41	2.0612817e-06
18.45	2.2301924e-06
18.48	2.4127844e-06
18.52	2.6101890e-06
18.55	2.8236274e-06
18.59	3.0544190e-06
18.62	3.3039890e-06
18.65	3.5738777e-06
18.69	3.8657498e-06
18.72	4.1814050e-06
18.76	4.5227888e-06
18.79	4.8920049e-06
18.82	5.2913280e-06
18.86	5.7232178e-06
18.89	6.1903343e-06
18.93	6.6955542e-06
18.96	7.2419884e-06
18.99	7.8330015e-06
19.03	8.4722323e-06
19.06	9.1636162e-06
19.10	9.9114096e-06
19.13	1.0720216e-05
19.16	1.1595014e-05
19.20	1.2541189e-05
19.23	1.3564565e-05
19.27	1.4671440e-05
19.30	1.5868629e-05
19.33	1.7163498e-05
19.37	1.8564019e-05
19.40	2.0078810e-05
19.44	2.1717193e-05
19.47	2.3489251e-05
19.51	2.5405890e-05
19.54	2.7478903e-05
19.57	2.9721045e-05
19.61	3.2146113e-05
19.64	3.4769028e-05
19.68	3.7605926e-05
19.71	4.0674259e-05
19.74	4.3992903e-05
19.78	4.7582271e-05
19.81	5.1464440e-05
19.85	5.5663286e-05
19.88	6.0204630e-05
19.91	6.5116397e-05
19.95	7.0428787e-05
19.98	7.6174458e-05
20.02	8.2388730e-05
20.05	8.9109796e-05
20.08	9.6378960e-05
20.12	1.0424089e-04
20.15	1.1274387e-04
20.19	1.2194015e-04
20.22	1.3188619e-04
20.25	1.4264307e-04
20.29	1.5427681e-04
20.32	1.6685881e-04
20.36	1.8046626e-04
20.39	1.9518263e-04
20.42	2.1109816e-04
20.46	2.2831041e-04
20.49	2.4692484e-04
20.53	2.6705547e-04
20.56	2.8882555e-04
20.60	3.1236832e-04
20.63	3.3782778e-04
20.66	3.6535958e-04
20.70	3.9513194e-04
20.73	4.2732666e-04
20.77	4.6214021e-04
20.80	4.9978487e-04
20.83	5.4049000e-04
20.87	5.8450343e-04
20.90	6.3209285e-04
20.94	6.8354742e-04
20.97	7.3917948e-04
21.00	7.9932629e-04
21.04	8.6435206e-04
21.07	9.3465000e-04
21.11	1.0106446e-03
21.14	1.0927939e-03
21.17	1.1815925e-03
21.21	1.2775736e-03
21.24	1.3813128e-03
21.28	1.4934306e-03
21.31	1.6145961e-03
21.34	1.7455308e-03
21.38	1.8870119e-03
21.41	2.0398769e-03
21.45	2.2050279e-03
21.48	2.3834361e-03
21.52	2.5761465e-03
21.55	2.7842838e-03
21.58	3.0090571e-03
21.62	3.2517662e-03
21.65	3.5138075e-03
21.69	3.7966803e-03
21.72	4.1019937e-03
21.75	4.4314733e-03
21.79	4.7869686e-03
21.82	5.1704602e-03
21.86	5.5840675e-03
21.89	6.0300568e-03
21.92	6.5108490e-03
21.96	7.0290276e-03
21.99	7.5873468e-03
22.03	8.1887395e-03
22.06	8.8363249e-03
22.09	9.5334162e-03
22.13	1.0283527e-02
22.16	1.1090380e-02
22.20	1.1957909e-02
22.23	1.2890268e-02
22.26	1.3891830e-02
22.30	1.4967196e-02
22.33	1.6121190e-02
22.37	1.7358862e-02
22.40	1.8685481e-02
22.43	2.0106533e-02
22.47	2.1627713e-02
22.50	2.3254912e-02
22.54	2.4994204e-02
22.57	2.6851825e-02
22.61	2.8834159e-02
22.64	3.0947704e-02
22.67	3.3199047e-02
22.71	3.5594827e-02
22.74	3.8141699e-02
22.78	4.0846289e-02
22.81	4.3715146e-02
22.84	4.6754693e-02
22.88	4.9971168e-02
22.91	5.3370563e-02
22.95	5.6958569e-02
22.98	6.0740500e-02
23.01	6.4721236e-02
23.05	6.8905147e-02
23.08	7.3296031e-02
23.12	7.7897042e-02
23.15	8.2710627e-02
23.18	8.7738464e-02
23.22	9.2981402e-02
23.25	9.8439412e-02
23.29	1.0411154e-01
23.32	1.0999586e-01
23.35	1.1608946e-01
23.39	1.2238841e-01
23.42	1.2888776e-01
23.46	1.3558153e-01
23.49	1.4246272e-01
23.53	1.4952335e-01
23.56	1.5675448e-01
23.59	1.6414625e-01
23.63	1.7168794e-01
23.66	1.7936803e-01
23.70	1.8717430e-01
23.73	1.9509386e-01
23.76	2.0311326e-01
23.80	2.1121859e-01
23.83	2.1939559e-01
23.87	2.2762969e-01
23.90	2.3590616e-01
23.93	2.4421021e-01
23.97	2.5252705e-01
24.00	2.6084201e-01
24.04	2.6914065e-01
24.07	2.7740879e-01
24.10	2.8563264e-01
24.14	2.9379887e-01
24.17	3.0189465e-01
24.21	3.0990773e-01
24.24	3.1782649e-01
24.27	3.2563997e-01
24.31	3.3333793e-01
24.34	3.4091086e-01
24.38	3.4835003e-01
24.41	3.5564744e-01
24.44	3.6279590e-01
24.48	3.6978900e-01
24.51	3.7662107e-01
24.55	3.8328725e-01
24.58	3.8978338e-01
24.62	3.9610605e-01
24.65	4.0225255e-01
24.68	4.0822084e-01
24.72	4.1400951e-01
24.75	4.1961778e-01
24.79	4.2504543e-01
24.82	4.3029278e-01
24.85	4.3536066e-01
24.89	4.4025036e-01
24.92	4.4496360e-01
24.96	4.4950250e-01
24.99	4.5386952e-01
25.02	4.5806746e-01
25.06	4.6209937e-01
25.09	4.6596859e-01
25.13	4.6967866e-01
25.16	4.7323331e-01
25.19	4.7663645e-01
25.23	4.7989208e-01
25.26	4.8300435e-01
25.30	4.8597747e-01
25.33	4.8881572e-01
25.36	4.9152341e-01
25.40	4.9410488e-01
25.43	4.9656445e-01
25.47	4.9890646e-01
25.50	5.0113521e-01
25.54	5.0325493e-01
25.57	5.0526985e-01
25.60	5.0718409e-01
25.64	5.0900173e-01
25.67	5.1072675e-01
25.71	5.1236305e-01
25.74	5.1391444e-01
25.77	5.1538463e-01
25.81	5.1677723e-01
25.84	5.1809574e-01
25.88	5.1934357e-01
25.91	5.2052401e-01
25.94	5.2164022e-01
25.98	5.2269530e-01
26.01	5.2369219e-01
26.05	5.2463376e-01
26.08	5.2552273e-01
26.11	5.2636176e-01
26.15	5.2715337e-01
26.18	5.2789998e-01
26.22	5.2860393e-01
26.25	5.2926743e-01
26.28	5.2989262e-01
26.32	5.3048153e-01
26.35	5.3103609e-01
26.39	5.3155816e-01
26.42	5.3204951e-01
26.45	5.3251181e-01
26.49	5.3294667e-01
26.52	5.3335561e-01
26.56	5.3374008e-01
26.59	5.3410144e-01
26.63	5.3444101e-01
26.66	5.3476003e-01
26.69	5.3505967e-01
26.73	5.3534105e-01
26.76	5.3560521e-01
26.80	5.3585317e-01
26.83	5.3608586e-01
26.86	5.3630419e-01
26.90	5.3650899e-01
26.93	5.3670107e-01
26.97	5.3688119e-01
27.00	5.3705005e-01
