# NeutrinoAntineutrinoInteraction/NeutrinoiAntineutrinojElectronAntimuon interaction rates
# neutrino field: massive Cosmic Neutrino Background, T_CnuB = 1.94535456 K
# Produced with crpropa-data version: 60a1560e37035039ec25f414e0c42a2444bad49c
# log10(E/eV), 1/lambda [1/Mpc]
13.07	0.0000000e+00
13.10	0.0000000e+00
13.13	0.0000000e+00
13.17	0.0000000e+00
13.20	0.0000000e+00
13.24	0.0000000e+00
13.27	0.0000000e+00
13.30	0.0000000e+00
13.34	0.0000000e+00
13.37	0.0000000e+00
13.41	0.0000000e+00
13.44	0.0000000e+00
13.47	0.0000000e+00
13.51	0.0000000e+00
13.54	0.0000000e+00
13.58	0.0000000e+00
13.61	0.0000000e+00
13.65	0.0000000e+00
13.68	0.0000000e+00
13.71	0.0000000e+00
13.75	0.0000000e+00
13.78	0.0000000e+00
13.82	0.0000000e+00
13.85	0.0000000e+00
13.88	0.0000000e+00
13.92	0.0000000e+00
13.95	0.0000000e+00
13.99	0.0000000e+00
14.02	0.0000000e+00
14.05	0.0000000e+00
14.09	0.0000000e+00
14.12	0.0000000e+00
14.16	0.0000000e+00
14.19	0.0000000e+00
14.22	0.0000000e+00
14.26	0.0000000e+00
14.29	0.0000000e+00
14.33	0.0000000e+00
14.36	0.0000000e+00
14.39	0.0000000e+00
14.43	0.0000000e+00
14.46	0.0000000e+00
14.50	0.0000000e+00
14.53	0.0000000e+00
14.57	0.0000000e+00
14.60	0.0000000e+00
14.63	0.0000000e+00
14.67	0.0000000e+00
14.70	0.0000000e+00
14.74	0.0000000e+00
14.77	0.0000000e+00
14.80	0.0000000e+00
14.84	0.0000000e+00
14.87	0.0000000e+00
14.91	0.0000000e+00
14.94	0.0000000e+00
14.97	0.0000000e+00
15.01	1.1355198e-278
15.04	6.9033372e-258
15.08	1.0794805e-238
15.11	5.9839229e-221
15.14	1.5129530e-204
15.18	2.2025715e-189
15.21	2.2901494e-175
15.25	2.0755545e-162
15.28	1.9711698e-150
15.31	2.3258664e-139
15.35	3.9910855e-129
15.38	1.1520251e-119
15.42	6.3995607e-111
15.45	7.7482168e-103
15.48	2.2939762e-95
15.52	1.8472148e-88
15.55	4.4638668e-82
15.59	3.5454823e-76
15.62	1.0067899e-70
15.66	1.1047904e-65
15.69	5.0342327e-61
15.72	1.0180822e-56
15.76	9.7171506e-53
15.79	4.6334314e-49
15.83	1.1633707e-45
15.86	1.6147748e-42
15.89	1.2960566e-39
15.93	6.2708528e-37
15.96	1.9007978e-34
16.00	3.7403658e-32
16.03	4.9381462e-30
16.06	4.5093776e-28
16.10	2.9296256e-26
16.13	1.3898699e-24
16.17	4.9326323e-23
16.20	1.3391150e-21
16.23	2.8389518e-20
16.27	4.7906458e-19
16.30	6.5493607e-18
16.34	7.3734229e-17
16.37	6.9401174e-16
16.40	5.5380607e-15
16.44	3.7953008e-14
16.47	2.2605121e-13
16.51	1.1830763e-12
16.54	5.4961786e-12
16.58	2.2876711e-11
16.61	8.6043382e-11
16.64	2.9472506e-10
16.68	9.2590060e-10
16.71	2.6848587e-09
16.75	7.2265964e-09
16.78	1.8143010e-08
16.81	4.2655353e-08
16.85	9.4185470e-08
16.88	1.9560149e-07
16.92	3.8182333e-07
16.95	6.9791442e-07
16.98	1.1844989e-06
17.02	1.8415470e-06
17.05	2.5884270e-06
17.09	3.3263542e-06
17.12	4.0480214e-06
17.15	4.7632049e-06
17.19	5.4808684e-06
17.22	6.2093287e-06
17.26	6.9564030e-06
17.29	7.7295387e-06
17.32	8.5359295e-06
17.36	9.3826222e-06
17.39	1.0276609e-05
17.43	1.1224914e-05
17.46	1.2234675e-05
17.49	1.3313220e-05
17.53	1.4468139e-05
17.56	1.5707356e-05
17.60	1.7039192e-05
17.63	1.8472441e-05
17.67	2.0016434e-05
17.70	2.1681110e-05
17.73	2.3477088e-05
17.77	2.5415741e-05
17.80	2.7509277e-05
17.84	2.9770817e-05
17.87	3.2214480e-05
17.90	3.4855481e-05
17.94	3.7710223e-05
17.97	4.0796405e-05
18.01	4.4133132e-05
18.04	4.7741038e-05
18.07	5.1642410e-05
18.11	5.5861334e-05
18.14	6.0423840e-05
18.18	6.5358064e-05
18.21	7.0694423e-05
18.24	7.6465807e-05
18.28	8.2707774e-05
18.31	8.9458777e-05
18.35	9.6760398e-05
18.38	1.0465761e-04
18.41	1.1319903e-04
18.45	1.2243727e-04
18.48	1.3242921e-04
18.52	1.4323636e-04
18.55	1.5492527e-04
18.59	1.6756788e-04
18.62	1.8124204e-04
18.65	1.9603191e-04
18.69	2.1202855e-04
18.72	2.2933042e-04
18.76	2.4804403e-04
18.79	2.6828456e-04
18.82	2.9017660e-04
18.86	3.1385488e-04
18.89	3.3946516e-04
18.93	3.6716504e-04
18.96	3.9712501e-04
18.99	4.2952944e-04
19.03	4.6457776e-04
19.06	5.0248565e-04
19.10	5.4348637e-04
19.13	5.8783221e-04
19.16	6.3579604e-04
19.20	6.8767296e-04
19.23	7.4378214e-04
19.27	8.0446876e-04
19.30	8.7010614e-04
19.33	9.4109804e-04
19.37	1.0178811e-03
19.40	1.1009276e-03
19.44	1.1907482e-03
19.47	1.2878952e-03
19.51	1.3929659e-03
19.54	1.5066064e-03
19.57	1.6295152e-03
19.61	1.7624477e-03
19.64	1.9062208e-03
19.68	2.0617181e-03
19.71	2.2298947e-03
19.74	2.4117838e-03
19.78	2.6085024e-03
19.81	2.8212584e-03
19.85	3.0513578e-03
19.88	3.3002128e-03
19.91	3.5693505e-03
19.95	3.8604215e-03
19.98	4.1752110e-03
20.02	4.5156486e-03
20.05	4.8838204e-03
20.08	5.2819819e-03
20.12	5.7125711e-03
20.15	6.1782232e-03
20.19	6.6817871e-03
20.22	7.2263415e-03
20.25	7.8152143e-03
20.29	8.4520017e-03
20.32	9.1405902e-03
20.36	9.8851792e-03
20.39	1.0690306e-02
20.42	1.1560874e-02
20.46	1.2502178e-02
20.49	1.3519940e-02
20.53	1.4620338e-02
20.56	1.5810045e-02
20.60	1.7096268e-02
20.63	1.8486785e-02
20.66	1.9989996e-02
20.70	2.1614966e-02
20.73	2.3371477e-02
20.77	2.5270085e-02
20.80	2.7322176e-02
20.83	2.9540032e-02
20.87	3.1936895e-02
20.90	3.4527040e-02
20.94	3.7325852e-02
20.97	4.0349909e-02
21.00	4.3617062e-02
21.04	4.7146535e-02
21.07	5.0959017e-02
21.11	5.5076769e-02
21.14	5.9523728e-02
21.17	6.4325627e-02
21.21	6.9510110e-02
21.24	7.5106864e-02
21.28	8.1147745e-02
21.31	8.7666920e-02
21.34	9.4701009e-02
21.38	1.0228923e-01
21.41	1.1047354e-01
21.45	1.1929882e-01
21.48	1.2881299e-01
21.52	1.3906720e-01
21.55	1.5011598e-01
21.58	1.6201736e-01
21.62	1.7483308e-01
21.65	1.8862869e-01
21.69	2.0347368e-01
21.72	2.1944166e-01
21.75	2.3661037e-01
21.79	2.5506185e-01
21.82	2.7488248e-01
21.86	2.9616296e-01
21.89	3.1899837e-01
21.92	3.4348810e-01
21.96	3.6973576e-01
21.99	3.9784904e-01
22.03	4.2793949e-01
22.06	4.6012228e-01
22.09	4.9451585e-01
22.13	5.3124147e-01
22.16	5.7042277e-01
22.20	6.1218513e-01
22.23	6.5665501e-01
22.26	7.0395916e-01
22.30	7.5422375e-01
22.33	8.0757342e-01
22.37	8.6413019e-01
22.40	9.2401232e-01
22.43	9.8733312e-01
22.47	1.0541996e+00
22.50	1.1247111e+00
22.54	1.1989582e+00
22.57	1.2770206e+00
22.61	1.3589668e+00
22.64	1.4448515e+00
22.67	1.5347153e+00
22.71	1.6285829e+00
22.74	1.7264620e+00
22.78	1.8283426e+00
22.81	1.9341956e+00
22.84	2.0439727e+00
22.88	2.1576054e+00
22.91	2.2750052e+00
22.95	2.3960629e+00
22.98	2.5206497e+00
23.01	2.6486167e+00
23.05	2.7797962e+00
23.08	2.9140021e+00
23.12	3.0510315e+00
23.15	3.1906657e+00
23.18	3.3326716e+00
23.22	3.4768036e+00
23.25	3.6228054e+00
23.29	3.7704114e+00
23.32	3.9193492e+00
23.35	4.0693415e+00
23.39	4.2201078e+00
23.42	4.3713665e+00
23.46	4.5228372e+00
23.49	4.6742421e+00
23.53	4.8253080e+00
23.56	4.9757680e+00
23.59	5.1253630e+00
23.63	5.2738433e+00
23.66	5.4209693e+00
23.70	5.5665135e+00
23.73	5.7102605e+00
23.76	5.8520085e+00
23.80	5.9915696e+00
23.83	6.1287703e+00
23.87	6.2634518e+00
23.90	6.3954703e+00
23.93	6.5246970e+00
23.97	6.6510179e+00
24.00	6.7743338e+00
24.04	6.8945598e+00
24.07	7.0116250e+00
24.10	7.1254723e+00
24.14	7.2360575e+00
24.17	7.3433488e+00
24.21	7.4473262e+00
24.24	7.5479809e+00
24.27	7.6453148e+00
24.31	7.7393392e+00
24.34	7.8300747e+00
24.38	7.9175501e+00
24.41	8.0018021e+00
24.44	8.0828739e+00
24.48	8.1608152e+00
24.51	8.2356813e+00
24.55	8.3075323e+00
24.58	8.3764325e+00
24.62	8.4424503e+00
24.65	8.5056567e+00
24.68	8.5661258e+00
24.72	8.6239337e+00
24.75	8.6791579e+00
24.79	8.7318775e+00
24.82	8.7821721e+00
24.85	8.8301219e+00
24.89	8.8758073e+00
24.92	8.9193083e+00
24.96	8.9607046e+00
24.99	9.0000752e+00
25.02	9.0374981e+00
25.06	9.0730500e+00
25.09	9.1068066e+00
25.13	9.1388419e+00
25.16	9.1692285e+00
25.19	9.1980370e+00
25.23	9.2253365e+00
25.26	9.2511941e+00
25.30	9.2756750e+00
25.33	9.2988424e+00
25.36	9.3207575e+00
25.40	9.3414794e+00
25.43	9.3610652e+00
25.47	9.3795700e+00
25.50	9.3970468e+00
25.54	9.4135467e+00
25.57	9.4291187e+00
25.60	9.4438098e+00
25.64	9.4576653e+00
25.67	9.4707282e+00
25.71	9.4830400e+00
25.74	9.4946402e+00
25.77	9.5055667e+00
25.81	9.5158554e+00
25.84	9.5255409e+00
25.88	9.5346559e+00
25.91	9.5432317e+00
25.94	9.5512981e+00
25.98	9.5588833e+00
26.01	9.5660141e+00
26.05	9.5727162e+00
26.08	9.5790139e+00
26.11	9.5849300e+00
26.15	9.5904866e+00
26.18	9.5957042e+00
26.22	9.6006024e+00
26.25	9.6052000e+00
26.28	9.6095143e+00
26.32	9.6135620e+00
26.35	9.6173589e+00
26.39	9.6209197e+00
26.42	9.6242586e+00
26.45	9.6273889e+00
26.49	9.6303229e+00
26.52	9.6330727e+00
26.56	9.6356492e+00
26.59	9.6380629e+00
26.63	9.6403239e+00
26.66	9.6424413e+00
26.69	9.6444241e+00
26.73	9.6462804e+00
26.76	9.6480181e+00
26.80	9.6496446e+00
26.83	9.6511667e+00
26.86	9.6525910e+00
26.90	9.6539235e+00
26.93	9.6551699e+00
26.97	9.6563358e+00
27.00	9.6574261e+00
