# NeutrinoAntineutrinoInteraction/NeutrinoiAntineutrinojElectronAntimuon interaction rates
# neutrino field: massive Cosmic Neutrino Background, T_CnuB = 1.94535456 K
# Produced with crpropa-data version: 60a1560e37035039ec25f414e0c42a2444bad49c
# log10(E/eV), 1/lambda [1/Mpc]
13.99	0.0000000e+00
14.02	0.0000000e+00
14.05	0.0000000e+00
14.09	0.0000000e+00
14.12	0.0000000e+00
14.16	0.0000000e+00
14.19	0.0000000e+00
14.22	0.0000000e+00
14.26	0.0000000e+00
14.29	0.0000000e+00
14.33	0.0000000e+00
14.36	0.0000000e+00
14.39	0.0000000e+00
14.43	0.0000000e+00
14.46	0.0000000e+00
14.50	0.0000000e+00
14.53	0.0000000e+00
14.57	0.0000000e+00
14.60	0.0000000e+00
14.63	0.0000000e+00
14.67	0.0000000e+00
14.70	0.0000000e+00
14.74	0.0000000e+00
14.77	0.0000000e+00
14.80	0.0000000e+00
14.84	0.0000000e+00
14.87	0.0000000e+00
14.91	0.0000000e+00
14.94	0.0000000e+00
14.97	0.0000000e+00
15.01	0.0000000e+00
15.04	0.0000000e+00
15.08	0.0000000e+00
15.11	0.0000000e+00
15.14	0.0000000e+00
15.18	0.0000000e+00
15.21	0.0000000e+00
15.25	0.0000000e+00
15.28	0.0000000e+00
15.31	0.0000000e+00
15.35	0.0000000e+00
15.38	0.0000000e+00
15.42	0.0000000e+00
15.45	0.0000000e+00
15.48	0.0000000e+00
15.52	0.0000000e+00
15.55	0.0000000e+00
15.59	0.0000000e+00
15.62	0.0000000e+00
15.66	0.0000000e+00
15.69	0.0000000e+00
15.72	0.0000000e+00
15.76	0.0000000e+00
15.79	0.0000000e+00
15.83	0.0000000e+00
15.86	0.0000000e+00
15.89	0.0000000e+00
15.93	0.0000000e+00
15.96	2.9237249e-274
16.00	2.9955758e-254
16.03	9.4491113e-236
16.06	1.1933555e-218
16.10	7.6933199e-203
16.13	3.1693105e-188
16.17	1.0268579e-174
16.20	3.1705800e-162
16.23	1.1141721e-150
16.27	5.2510019e-140
16.30	3.8630215e-130
16.34	5.1045708e-121
16.37	1.3794281e-112
16.40	8.5953326e-105
16.44	1.3798828e-97
16.47	6.3241547e-91
16.51	9.0981949e-85
16.54	4.4855180e-79
16.58	8.2190482e-74
16.61	6.0336556e-69
16.64	1.9021292e-64
16.68	2.7459185e-60
16.71	1.9262804e-56
16.75	6.9374290e-53
16.78	1.3495869e-49
16.81	1.4864523e-46
16.85	9.6815966e-44
16.88	3.8821819e-41
16.92	9.9476481e-39
16.95	1.6860001e-36
16.98	1.9514149e-34
17.02	1.5886485e-32
17.05	9.3491046e-31
17.09	4.0791703e-29
17.12	1.3508655e-27
17.15	3.4698697e-26
17.19	7.0533562e-25
17.22	1.1559250e-23
17.26	1.5537406e-22
17.29	1.7403695e-21
17.32	1.6484998e-20
17.36	1.3384242e-19
17.39	9.4309898e-19
17.43	5.8334807e-18
17.46	3.2004543e-17
17.49	1.5720723e-16
17.53	6.9713054e-16
17.56	2.8108438e-15
17.60	1.0364539e-14
17.63	3.5091675e-14
17.67	1.0925858e-13
17.70	3.1200502e-13
17.73	8.0872400e-13
17.77	1.8538127e-12
17.80	3.5684973e-12
17.84	5.5191738e-12
17.87	7.3956396e-12
17.90	9.2181589e-12
17.94	1.1012398e-11
17.97	1.2801751e-11
18.01	1.4607789e-11
18.04	1.6450657e-11
18.07	1.8349406e-11
18.11	2.0322319e-11
18.14	2.2387179e-11
18.18	2.4561517e-11
18.21	2.6862837e-11
18.24	2.9308823e-11
18.28	3.1917544e-11
18.31	3.4707635e-11
18.35	3.7698470e-11
18.38	4.0910342e-11
18.41	4.4364631e-11
18.45	4.8083976e-11
18.48	5.2092452e-11
18.52	5.6415734e-11
18.55	6.1081300e-11
18.59	6.6118610e-11
18.62	7.1559302e-11
18.65	7.7437408e-11
18.69	8.3789573e-11
18.72	9.0655296e-11
18.76	9.8077179e-11
18.79	1.0610120e-10
18.82	1.1477701e-10
18.86	1.2415822e-10
18.89	1.3430278e-10
18.93	1.4527327e-10
18.96	1.5713738e-10
18.99	1.6996826e-10
19.03	1.8384498e-10
19.06	1.9885307e-10
19.10	2.1508499e-10
19.13	2.3264071e-10
19.16	2.5162838e-10
19.20	2.7216491e-10
19.23	2.9437678e-10
19.27	3.1840076e-10
19.30	3.4438475e-10
19.33	3.7248874e-10
19.37	4.0288575e-10
19.40	4.3576291e-10
19.44	4.7132263e-10
19.47	5.0978380e-10
19.51	5.5138318e-10
19.54	5.9637683e-10
19.57	6.4504171e-10
19.61	6.9767737e-10
19.64	7.5460779e-10
19.68	8.1618337e-10
19.71	8.8278309e-10
19.74	9.5481685e-10
19.78	1.0327280e-09
19.81	1.1169959e-09
19.85	1.2081393e-09
19.88	1.3067190e-09
19.91	1.4133417e-09
19.95	1.5286633e-09
19.98	1.6533934e-09
20.02	1.7882996e-09
20.05	1.9342117e-09
20.08	2.0920275e-09
20.12	2.2627176e-09
20.15	2.4473321e-09
20.19	2.6470065e-09
20.22	2.8629687e-09
20.25	3.0965469e-09
20.29	3.3491774e-09
20.32	3.6224134e-09
20.36	3.9179347e-09
20.39	4.2375579e-09
20.42	4.5832474e-09
20.46	4.9571278e-09
20.49	5.3614961e-09
20.53	5.7988367e-09
20.56	6.2718358e-09
20.60	6.7833983e-09
20.63	7.3366651e-09
20.66	7.9350324e-09
20.70	8.5821724e-09
20.73	9.2820556e-09
20.77	1.0038975e-08
20.80	1.0857571e-08
20.83	1.1742863e-08
20.87	1.2700275e-08
20.90	1.3735671e-08
20.94	1.4855391e-08
20.97	1.6066287e-08
21.00	1.7375767e-08
21.04	1.8791835e-08
21.07	2.0323145e-08
21.11	2.1979047e-08
21.14	2.3769645e-08
21.17	2.5705860e-08
21.21	2.7799489e-08
21.24	3.0063277e-08
21.28	3.2510994e-08
21.31	3.5157512e-08
21.34	3.8018895e-08
21.38	4.1112493e-08
21.41	4.4457036e-08
21.45	4.8072749e-08
21.48	5.1981465e-08
21.52	5.6206747e-08
21.55	6.0774025e-08
21.58	6.5710733e-08
21.62	7.1046468e-08
21.65	7.6813147e-08
21.69	8.3045187e-08
21.72	8.9779687e-08
21.75	9.7056625e-08
21.79	1.0491908e-07
21.82	1.1341342e-07
21.86	1.2258961e-07
21.89	1.3250140e-07
21.92	1.4320659e-07
21.96	1.5476738e-07
21.99	1.6725058e-07
22.03	1.8072800e-07
22.06	1.9527672e-07
22.09	2.1097943e-07
22.13	2.2792484e-07
22.16	2.4620799e-07
22.20	2.6593064e-07
22.23	2.8720167e-07
22.26	3.1013748e-07
22.30	3.3486238e-07
22.33	3.6150898e-07
22.37	3.9021860e-07
22.40	4.2114169e-07
22.43	4.5443813e-07
22.47	4.9027771e-07
22.50	5.2884034e-07
22.54	5.7031644e-07
22.57	6.1490715e-07
22.61	6.6282457e-07
22.64	7.1429183e-07
22.67	7.6954321e-07
22.71	8.2882408e-07
22.74	8.9239072e-07
22.78	9.6051010e-07
22.81	1.0334595e-06
22.84	1.1115257e-06
22.88	1.1950047e-06
22.91	1.2842003e-06
22.95	1.3794233e-06
22.98	1.4809900e-06
23.01	1.5892207e-06
23.05	1.7044376e-06
23.08	1.8269632e-06
23.12	1.9571175e-06
23.15	2.0952158e-06
23.18	2.2415658e-06
23.22	2.3964643e-06
23.25	2.5601944e-06
23.29	2.7330221e-06
23.32	2.9151924e-06
23.35	3.1069262e-06
23.39	3.3084162e-06
23.42	3.5198238e-06
23.46	3.7412753e-06
23.49	3.9728588e-06
23.53	4.2146208e-06
23.56	4.4665634e-06
23.59	4.7286423e-06
23.63	5.0007639e-06
23.66	5.2827846e-06
23.70	5.5745094e-06
23.73	5.8756913e-06
23.76	6.1860315e-06
23.80	6.5051803e-06
23.83	6.8327384e-06
23.87	7.1682586e-06
23.90	7.5112486e-06
23.93	7.8611739e-06
23.97	8.2174614e-06
24.00	8.5795036e-06
24.04	8.9466625e-06
24.07	9.3182749e-06
24.10	9.6936568e-06
24.14	1.0072109e-05
24.17	1.0452920e-05
24.21	1.0835377e-05
24.24	1.1218763e-05
24.27	1.1602366e-05
24.31	1.1985486e-05
24.34	1.2367435e-05
24.38	1.2747543e-05
24.41	1.3125162e-05
24.44	1.3499668e-05
24.48	1.3870468e-05
24.51	1.4236996e-05
24.55	1.4598721e-05
24.58	1.4955149e-05
24.62	1.5305817e-05
24.65	1.5650304e-05
24.68	1.5988225e-05
24.72	1.6319232e-05
24.75	1.6643018e-05
24.79	1.6959309e-05
24.82	1.7267874e-05
24.85	1.7568512e-05
24.89	1.7861063e-05
24.92	1.8145397e-05
24.96	1.8421417e-05
24.99	1.8689058e-05
25.02	1.8948283e-05
25.06	1.9199085e-05
25.09	1.9441479e-05
25.13	1.9675507e-05
25.16	1.9901232e-05
25.19	2.0118736e-05
25.23	2.0328122e-05
25.26	2.0529508e-05
25.30	2.0723028e-05
25.33	2.0908827e-05
25.36	2.1087064e-05
25.40	2.1257908e-05
25.43	2.1421536e-05
25.47	2.1578132e-05
25.50	2.1727886e-05
25.54	2.1870994e-05
25.57	2.2007655e-05
25.60	2.2138069e-05
25.64	2.2262440e-05
25.67	2.2380973e-05
25.71	2.2493869e-05
25.74	2.2601332e-05
25.77	2.2703563e-05
25.81	2.2800761e-05
25.84	2.2893123e-05
25.88	2.2980841e-05
25.91	2.3064106e-05
25.94	2.3143103e-05
25.98	2.3218015e-05
26.01	2.3289017e-05
26.05	2.3356283e-05
26.08	2.3419981e-05
26.11	2.3480272e-05
26.15	2.3537315e-05
26.18	2.3591261e-05
26.22	2.3642260e-05
26.25	2.3690451e-05
26.28	2.3735974e-05
26.32	2.3778958e-05
26.35	2.3819532e-05
26.39	2.3857816e-05
26.42	2.3893928e-05
26.45	2.3927980e-05
26.49	2.3960078e-05
26.52	2.3990325e-05
26.56	2.4018819e-05
26.59	2.4045654e-05
26.63	2.4070918e-05
26.66	2.4094698e-05
26.69	2.4117073e-05
26.73	2.4138121e-05
26.76	2.4157916e-05
26.80	2.4176528e-05
26.83	2.4194022e-05
26.86	2.4210462e-05
26.90	2.4225908e-05
26.93	2.4240417e-05
26.97	2.4254041e-05
27.00	2.4266834e-05
