# NeutrinoAntineutrinoInteraction/NeutrinoiAntineutrinojElectronAntimuon interaction rates
# neutrino field: massive Cosmic Neutrino Background, T_CnuB = 1.94535456 K
# Produced with crpropa-data version: 60a1560e37035039ec25f414e0c42a2444bad49c
# log10(E/eV), 1/lambda [1/Mpc]
13.51	0.0000000e+00
13.54	0.0000000e+00
13.58	0.0000000e+00
13.61	0.0000000e+00
13.65	0.0000000e+00
13.68	0.0000000e+00
13.71	0.0000000e+00
13.75	0.0000000e+00
13.78	0.0000000e+00
13.82	0.0000000e+00
13.85	0.0000000e+00
13.88	0.0000000e+00
13.92	0.0000000e+00
13.95	0.0000000e+00
13.99	0.0000000e+00
14.02	0.0000000e+00
14.05	0.0000000e+00
14.09	0.0000000e+00
14.12	0.0000000e+00
14.16	0.0000000e+00
14.19	0.0000000e+00
14.22	0.0000000e+00
14.26	0.0000000e+00
14.29	0.0000000e+00
14.33	0.0000000e+00
14.36	0.0000000e+00
14.39	0.0000000e+00
14.43	0.0000000e+00
14.46	0.0000000e+00
14.50	0.0000000e+00
14.53	0.0000000e+00
14.57	0.0000000e+00
14.60	0.0000000e+00
14.63	0.0000000e+00
14.67	0.0000000e+00
14.70	0.0000000e+00
14.74	0.0000000e+00
14.77	0.0000000e+00
14.80	0.0000000e+00
14.84	0.0000000e+00
14.87	0.0000000e+00
14.91	0.0000000e+00
14.94	0.0000000e+00
14.97	0.0000000e+00
15.01	0.0000000e+00
15.04	0.0000000e+00
15.08	0.0000000e+00
15.11	0.0000000e+00
15.14	0.0000000e+00
15.18	0.0000000e+00
15.21	0.0000000e+00
15.25	0.0000000e+00
15.28	0.0000000e+00
15.31	0.0000000e+00
15.35	0.0000000e+00
15.38	0.0000000e+00
15.42	0.0000000e+00
15.45	0.0000000e+00
15.48	2.4265503e-271
15.52	2.4215759e-251
15.55	7.4448785e-233
15.59	9.1685704e-216
15.62	5.7658183e-200
15.66	2.3174621e-185
15.69	7.3262211e-172
15.72	2.2069254e-159
15.76	7.5643962e-148
15.79	3.4758984e-137
15.83	2.4918409e-127
15.86	3.2064215e-118
15.89	8.4306676e-110
15.93	5.1061339e-102
15.96	7.9585404e-95
16.00	3.5365380e-88
16.03	4.9256558e-82
16.06	2.3470668e-76
16.10	4.1488643e-71
16.13	2.9321786e-66
16.17	8.8791737e-62
16.20	1.2282102e-57
16.23	8.2336518e-54
16.27	2.8255077e-50
16.30	5.2210547e-47
16.34	5.4437173e-44
16.37	3.3442257e-41
16.40	1.2598832e-38
16.44	3.0203921e-36
16.47	4.7681391e-34
16.51	5.1159112e-32
16.54	3.8413842e-30
16.58	2.0739085e-28
16.61	8.2545097e-27
16.64	2.4787835e-25
16.68	5.7374893e-24
16.71	1.0440782e-22
16.75	1.5213110e-21
16.78	1.8052003e-20
16.81	1.7719494e-19
16.85	1.4597577e-18
16.88	1.0228828e-17
16.92	6.1724995e-17
16.95	3.2445594e-16
16.98	1.5014263e-15
17.02	6.1766441e-15
17.05	2.2794275e-14
17.09	7.6093791e-14
17.12	2.3156401e-13
17.15	6.4696634e-13
17.19	1.6704426e-12
17.22	4.0100285e-12
17.26	9.0000968e-12
17.29	1.8982455e-11
17.32	3.7800693e-11
17.36	7.1375736e-11
17.39	1.2829154e-10
17.43	2.2027865e-10
17.46	3.6244695e-10
17.49	5.7309434e-10
17.53	8.7291017e-10
17.56	1.2834089e-09
17.60	1.8244836e-09
17.63	2.5110936e-09
17.67	3.3493503e-09
17.70	4.3327097e-09
17.73	5.4396330e-09
17.77	6.6347634e-09
17.80	7.8759863e-09
17.84	9.1308663e-09
17.87	1.0399490e-08
17.90	1.1695623e-08
17.94	1.3032546e-08
17.97	1.4423024e-08
18.01	1.5879492e-08
18.04	1.7414229e-08
18.07	1.9039514e-08
18.11	2.0767774e-08
18.14	2.2611718e-08
18.18	2.4584466e-08
18.21	2.6699675e-08
18.24	2.8971660e-08
18.28	3.1415513e-08
18.31	3.4047224e-08
18.35	3.6883802e-08
18.38	3.9943400e-08
18.41	4.3245445e-08
18.45	4.6810771e-08
18.48	5.0661757e-08
18.52	5.4822481e-08
18.55	5.9318874e-08
18.59	6.4178887e-08
18.62	6.9432670e-08
18.65	7.5112765e-08
18.69	8.1254307e-08
18.72	8.7895252e-08
18.76	9.5076606e-08
18.79	1.0284269e-07
18.82	1.1124139e-07
18.86	1.2032450e-07
18.89	1.3014800e-07
18.93	1.4077243e-07
18.96	1.5226323e-07
18.99	1.6469119e-07
19.03	1.7813284e-07
19.06	1.9267097e-07
19.10	2.0839510e-07
19.13	2.2540205e-07
19.16	2.4379652e-07
19.20	2.6369176e-07
19.23	2.8521026e-07
19.27	3.0848449e-07
19.30	3.3365773e-07
19.33	3.6088492e-07
19.37	3.9033368e-07
19.40	4.2218527e-07
19.44	4.5663574e-07
19.47	4.9389714e-07
19.51	5.3419881e-07
19.54	5.7778879e-07
19.57	6.2493536e-07
19.61	6.7592867e-07
19.64	7.3108253e-07
19.68	7.9073637e-07
19.71	8.5525725e-07
19.74	9.2504221e-07
19.78	1.0005206e-06
19.81	1.0821569e-06
19.85	1.1704533e-06
19.88	1.2659531e-06
19.91	1.3692436e-06
19.95	1.4809604e-06
19.98	1.6017905e-06
20.02	1.7324771e-06
20.05	1.8738238e-06
20.08	2.0267000e-06
20.12	2.1920455e-06
20.15	2.3708768e-06
20.19	2.5642934e-06
20.22	2.7734841e-06
20.25	2.9997344e-06
20.29	3.2444347e-06
20.32	3.5090883e-06
20.36	3.7953209e-06
20.39	4.1048905e-06
20.42	4.4396980e-06
20.46	4.8017986e-06
20.49	5.1934149e-06
20.53	5.6169499e-06
20.56	6.0750016e-06
20.60	6.5703791e-06
20.63	7.1061193e-06
20.66	7.6855054e-06
20.70	8.3120870e-06
20.73	8.9897008e-06
20.77	9.7224947e-06
20.80	1.0514952e-05
20.83	1.1371918e-05
20.87	1.2298630e-05
20.90	1.3300750e-05
20.94	1.4384392e-05
20.97	1.5556168e-05
21.00	1.6823218e-05
21.04	1.8193260e-05
21.07	1.9674629e-05
21.11	2.1276330e-05
21.14	2.3008090e-05
21.17	2.4880411e-05
21.21	2.6904637e-05
21.24	2.9093015e-05
21.28	3.1458766e-05
21.31	3.4016160e-05
21.34	3.6780600e-05
21.38	3.9768703e-05
21.41	4.2998398e-05
21.45	4.6489021e-05
21.48	5.0261423e-05
21.52	5.4338084e-05
21.55	5.8743232e-05
21.58	6.3502972e-05
21.62	6.8645424e-05
21.65	7.4200865e-05
21.69	8.0201887e-05
21.72	8.6683558e-05
21.75	9.3683593e-05
21.79	1.0124254e-04
21.82	1.0940397e-04
21.86	1.1821466e-04
21.89	1.2772484e-04
21.92	1.3798838e-04
21.96	1.4906302e-04
21.99	1.6101063e-04
22.03	1.7389740e-04
22.06	1.8779414e-04
22.09	2.0277652e-04
22.13	2.1892529e-04
22.16	2.3632658e-04
22.20	2.5507210e-04
22.23	2.7525945e-04
22.26	2.9699231e-04
22.30	3.2038067e-04
22.33	3.4554106e-04
22.37	3.7259671e-04
22.40	4.0167770e-04
22.43	4.3292114e-04
22.47	4.6647115e-04
22.50	5.0247896e-04
22.54	5.4110287e-04
22.57	5.8250812e-04
22.61	6.2686671e-04
22.64	6.7435717e-04
22.67	7.2516417e-04
22.71	7.7947806e-04
22.74	8.3749427e-04
22.78	8.9941261e-04
22.81	9.6543643e-04
22.84	1.0357716e-03
22.88	1.1106254e-03
22.91	1.1902053e-03
22.95	1.2747173e-03
22.98	1.3643648e-03
23.01	1.4593463e-03
23.05	1.5598540e-03
23.08	1.6660718e-03
23.12	1.7781729e-03
23.15	1.8963180e-03
23.18	2.0206529e-03
23.22	2.1513065e-03
23.25	2.2883882e-03
23.29	2.4319862e-03
23.32	2.5821649e-03
23.35	2.7389634e-03
23.39	2.9023935e-03
23.42	3.0724379e-03
23.46	3.2490493e-03
23.49	3.4321487e-03
23.53	3.6216251e-03
23.56	3.8173351e-03
23.59	4.0191021e-03
23.63	4.2267173e-03
23.66	4.4399402e-03
23.70	4.6584991e-03
23.73	4.8820930e-03
23.76	5.1103930e-03
23.80	5.3430446e-03
23.83	5.5796696e-03
23.87	5.8198689e-03
23.90	6.0632255e-03
23.93	6.3093069e-03
23.97	6.5576687e-03
24.00	6.8078575e-03
24.04	7.0594144e-03
24.07	7.3118777e-03
24.10	7.5647863e-03
24.14	7.8176831e-03
24.17	8.0701174e-03
24.21	8.3216476e-03
24.24	8.5718445e-03
24.27	8.8202929e-03
24.31	9.0665941e-03
24.34	9.3103675e-03
24.38	9.5512527e-03
24.41	9.7889104e-03
24.44	1.0023024e-02
24.48	1.0253299e-02
24.51	1.0479467e-02
24.55	1.0701282e-02
24.58	1.0918524e-02
24.62	1.1130994e-02
24.65	1.1338523e-02
24.68	1.1540960e-02
24.72	1.1738180e-02
24.75	1.1930082e-02
24.79	1.2116583e-02
24.82	1.2297623e-02
24.85	1.2473163e-02
24.89	1.2643181e-02
24.92	1.2807672e-02
24.96	1.2966651e-02
24.99	1.3120143e-02
25.02	1.3268193e-02
25.06	1.3410855e-02
25.09	1.3548197e-02
25.13	1.3680296e-02
25.16	1.3807241e-02
25.19	1.3929128e-02
25.23	1.4046060e-02
25.26	1.4158148e-02
25.30	1.4265509e-02
25.33	1.4368261e-02
25.36	1.4466532e-02
25.40	1.4560447e-02
25.43	1.4650137e-02
25.47	1.4735734e-02
25.50	1.4817370e-02
25.54	1.4895179e-02
25.57	1.4969295e-02
25.60	1.5039848e-02
25.64	1.5106972e-02
25.67	1.5170795e-02
25.71	1.5231448e-02
25.74	1.5289056e-02
25.77	1.5343742e-02
25.81	1.5395630e-02
25.84	1.5444838e-02
25.88	1.5491481e-02
25.91	1.5535673e-02
25.94	1.5577524e-02
25.98	1.5617139e-02
26.01	1.5654623e-02
26.05	1.5690074e-02
26.08	1.5723591e-02
26.11	1.5755265e-02
26.15	1.5785186e-02
26.18	1.5813442e-02
26.22	1.5840114e-02
26.25	1.5865283e-02
26.28	1.5889026e-02
26.32	1.5911415e-02
26.35	1.5932521e-02
26.39	1.5952411e-02
26.42	1.5971149e-02
26.45	1.5988797e-02
26.49	1.6005413e-02
26.52	1.6021054e-02
26.56	1.6035771e-02
26.59	1.6049617e-02
26.63	1.6062639e-02
26.66	1.6074883e-02
26.69	1.6086392e-02
26.73	1.6097209e-02
26.76	1.6107372e-02
26.80	1.6116919e-02
26.83	1.6125885e-02
26.86	1.6134303e-02
26.90	1.6142205e-02
26.93	1.6149621e-02
26.97	1.6156581e-02
27.00	1.6163109e-02
