# NeutrinoAntineutrinoInteraction/NeutrinoiAntineutrinojElectronAntimuon interaction rates
# neutrino field: massive Cosmic Neutrino Background, T_CnuB = 1.94535456 K
# Produced with crpropa-data version: 60a1560e37035039ec25f414e0c42a2444bad49c
# log10(E/eV), 1/lambda [1/Mpc]
13.37	0.0000000e+00
13.41	0.0000000e+00
13.44	0.0000000e+00
13.47	0.0000000e+00
13.51	0.0000000e+00
13.54	0.0000000e+00
13.58	0.0000000e+00
13.61	0.0000000e+00
13.65	0.0000000e+00
13.68	0.0000000e+00
13.71	0.0000000e+00
13.75	0.0000000e+00
13.78	0.0000000e+00
13.82	0.0000000e+00
13.85	0.0000000e+00
13.88	0.0000000e+00
13.92	0.0000000e+00
13.95	0.0000000e+00
13.99	0.0000000e+00
14.02	0.0000000e+00
14.05	0.0000000e+00
14.09	0.0000000e+00
14.12	0.0000000e+00
14.16	0.0000000e+00
14.19	0.0000000e+00
14.22	0.0000000e+00
14.26	0.0000000e+00
14.29	0.0000000e+00
14.33	0.0000000e+00
14.36	0.0000000e+00
14.39	0.0000000e+00
14.43	0.0000000e+00
14.46	0.0000000e+00
14.50	0.0000000e+00
14.53	0.0000000e+00
14.57	0.0000000e+00
14.60	0.0000000e+00
14.63	0.0000000e+00
14.67	0.0000000e+00
14.70	0.0000000e+00
14.74	0.0000000e+00
14.77	0.0000000e+00
14.80	0.0000000e+00
14.84	0.0000000e+00
14.87	0.0000000e+00
14.91	0.0000000e+00
14.94	0.0000000e+00
14.97	0.0000000e+00
15.01	0.0000000e+00
15.04	0.0000000e+00
15.08	0.0000000e+00
15.11	0.0000000e+00
15.14	0.0000000e+00
15.18	0.0000000e+00
15.21	0.0000000e+00
15.25	0.0000000e+00
15.28	0.0000000e+00
15.31	0.0000000e+00
15.35	1.3247389e-277
15.38	4.4814589e-257
15.42	4.2526506e-238
15.45	1.4846323e-220
15.48	2.4463237e-204
15.52	2.3955072e-189
15.55	1.7249401e-175
15.59	1.1121651e-162
15.62	7.7029461e-151
15.66	6.7818007e-140
15.69	8.8680229e-130
15.72	1.9888232e-120
15.76	8.7384173e-112
15.79	8.5066323e-104
15.83	2.0557114e-96
15.86	1.3699728e-89
15.89	2.7747785e-83
15.93	1.8687358e-77
15.96	4.5473997e-72
16.00	4.3176199e-67
16.03	1.7172975e-62
16.06	3.0555800e-58
16.10	2.5844302e-54
16.13	1.0991232e-50
16.17	2.4756380e-47
16.20	3.0983900e-44
16.23	2.2525307e-41
16.27	9.9109594e-39
16.30	2.7412745e-36
16.34	4.9365205e-34
16.37	5.9787819e-32
16.40	5.0183186e-30
16.44	3.0012815e-28
16.47	1.3122008e-26
16.51	4.2947945e-25
16.54	1.0756255e-23
16.58	2.1036214e-22
16.61	3.2734852e-21
16.64	4.1240614e-20
16.68	4.2744558e-19
16.71	3.6993256e-18
16.75	2.7102592e-17
16.78	1.7023860e-16
16.81	9.2760275e-16
16.85	4.4323822e-15
16.88	1.8760445e-14
16.92	7.0992263e-14
16.95	2.4225239e-13
16.98	7.5138060e-13
17.02	2.1338884e-12
17.05	5.5865851e-12
17.09	1.3567603e-11
17.12	3.0743456e-11
17.15	6.5344995e-11
17.19	1.3092394e-10
17.22	2.4839427e-10
17.26	4.4811655e-10
17.29	7.7166781e-10
17.32	1.2728680e-09
17.36	2.0176309e-09
17.39	3.0822816e-09
17.43	4.5501294e-09
17.46	6.5062842e-09
17.49	9.0309343e-09
17.53	1.2191557e-08
17.56	1.6034795e-08
17.60	2.0579003e-08
17.63	2.5808763e-08
17.67	3.1672844e-08
17.70	3.8087196e-08
17.73	4.4944244e-08
17.77	5.2129174e-08
17.80	5.9543260e-08
17.84	6.7138443e-08
17.87	7.4956663e-08
17.90	8.3073177e-08
17.94	9.1561651e-08
17.97	1.0049460e-07
18.01	1.0994434e-07
18.04	1.1998385e-07
18.07	1.3068758e-07
18.11	1.4213225e-07
18.14	1.5439757e-07
18.18	1.6756695e-07
18.21	1.8172823e-07
18.24	1.9697435e-07
18.28	2.1340413e-07
18.31	2.3112293e-07
18.35	2.5024345e-07
18.38	2.7088648e-07
18.41	2.9318175e-07
18.45	3.1726877e-07
18.48	3.4329777e-07
18.52	3.7143062e-07
18.55	4.0184195e-07
18.59	4.3472017e-07
18.62	4.7026873e-07
18.65	5.0870736e-07
18.69	5.5027345e-07
18.72	5.9522353e-07
18.76	6.4383489e-07
18.79	6.9640726e-07
18.82	7.5326468e-07
18.86	8.1475753e-07
18.89	8.8126465e-07
18.93	9.5319573e-07
18.96	1.0309938e-06
18.99	1.1151379e-06
19.03	1.2061463e-06
19.06	1.3045793e-06
19.10	1.4110429e-06
19.13	1.5261926e-06
19.16	1.6507374e-06
19.20	1.7854438e-06
19.23	1.9311413e-06
19.27	2.0887265e-06
19.30	2.2591697e-06
19.33	2.4435198e-06
19.37	2.6429116e-06
19.40	2.8585724e-06
19.44	3.0918294e-06
19.47	3.3441184e-06
19.51	3.6169920e-06
19.54	3.9121294e-06
19.57	4.2313471e-06
19.61	4.5766093e-06
19.64	4.9500407e-06
19.68	5.3539389e-06
19.71	5.7907893e-06
19.74	6.2632795e-06
19.78	6.7743164e-06
19.81	7.3270439e-06
19.85	7.9248621e-06
19.88	8.5714481e-06
19.91	9.2707789e-06
19.95	1.0027155e-05
19.98	1.0845229e-05
20.02	1.1730030e-05
20.05	1.2686998e-05
20.08	1.3722017e-05
20.12	1.4841449e-05
20.15	1.6052174e-05
20.19	1.7361631e-05
20.22	1.8777867e-05
20.25	2.0309582e-05
20.29	2.1966185e-05
20.32	2.3757847e-05
20.36	2.5695570e-05
20.39	2.7791248e-05
20.42	3.0057742e-05
20.46	3.2508956e-05
20.49	3.5159926e-05
20.53	3.8026906e-05
20.56	4.1127470e-05
20.60	4.4480614e-05
20.63	4.8106877e-05
20.66	5.2028460e-05
20.70	5.6269361e-05
20.73	6.0855519e-05
20.77	6.5814971e-05
20.80	7.1178016e-05
20.83	7.6977401e-05
20.87	8.3248512e-05
20.90	9.0029585e-05
20.94	9.7361934e-05
20.97	1.0529019e-04
21.00	1.1386257e-04
21.04	1.2313116e-04
21.07	1.3315221e-04
21.11	1.4398646e-04
21.14	1.5569950e-04
21.17	1.6836216e-04
21.21	1.8205087e-04
21.24	1.9684813e-04
21.28	2.1284300e-04
21.31	2.3013151e-04
21.34	2.4881730e-04
21.38	2.6901211e-04
21.41	2.9083643e-04
21.45	3.1442014e-04
21.48	3.3990320e-04
21.52	3.6743640e-04
21.55	3.9718212e-04
21.58	4.2931520e-04
21.62	4.6402379e-04
21.65	5.0151029e-04
21.69	5.4199236e-04
21.72	5.8570391e-04
21.75	6.3289624e-04
21.79	6.8383916e-04
21.82	7.3882217e-04
21.86	7.9815571e-04
21.89	8.6217248e-04
21.92	9.3122870e-04
21.96	1.0057055e-03
21.99	1.0860105e-03
22.03	1.1725787e-03
22.06	1.2658745e-03
22.09	1.3663929e-03
22.13	1.4746608e-03
22.16	1.5912384e-03
22.20	1.7167205e-03
22.23	1.8517379e-03
22.26	1.9969584e-03
22.30	2.1530875e-03
22.33	2.3208699e-03
22.37	2.5010894e-03
22.40	2.6945695e-03
22.43	2.9021737e-03
22.47	3.1248048e-03
22.50	3.3634045e-03
22.54	3.6189523e-03
22.57	3.8924636e-03
22.61	4.1849877e-03
22.64	4.4976052e-03
22.67	4.8314243e-03
22.71	5.1875767e-03
22.74	5.5672127e-03
22.78	5.9714958e-03
22.81	6.4015960e-03
22.84	6.8586825e-03
22.88	7.3439157e-03
22.91	7.8584382e-03
22.95	8.4033656e-03
22.98	8.9797755e-03
23.01	9.5886969e-03
23.05	1.0231099e-02
23.08	1.0907878e-02
23.12	1.1619846e-02
23.15	1.2367720e-02
23.18	1.3152107e-02
23.22	1.3973494e-02
23.25	1.4832233e-02
23.29	1.5728537e-02
23.32	1.6662464e-02
23.35	1.7633910e-02
23.39	1.8642602e-02
23.42	1.9688093e-02
23.46	2.0769755e-02
23.49	2.1886778e-02
23.53	2.3038170e-02
23.56	2.4222757e-02
23.59	2.5439187e-02
23.63	2.6685937e-02
23.66	2.7961315e-02
23.70	2.9263478e-02
23.73	3.0590434e-02
23.76	3.1940060e-02
23.80	3.3310115e-02
23.83	3.4698255e-02
23.87	3.6102049e-02
23.90	3.7518997e-02
23.93	3.8946545e-02
23.97	4.0382105e-02
24.00	4.1823075e-02
24.04	4.3266851e-02
24.07	4.4710848e-02
24.10	4.6152514e-02
24.14	4.7589350e-02
24.17	4.9018917e-02
24.21	5.0438858e-02
24.24	5.1846903e-02
24.27	5.3240885e-02
24.31	5.4618743e-02
24.34	5.5978540e-02
24.38	5.7318459e-02
24.41	5.8636816e-02
24.44	5.9932057e-02
24.48	6.1202768e-02
24.51	6.2447671e-02
24.55	6.3665624e-02
24.58	6.4855625e-02
24.62	6.6016803e-02
24.65	6.7148422e-02
24.68	6.8249871e-02
24.72	6.9320664e-02
24.75	7.0360435e-02
24.79	7.1368931e-02
24.82	7.2346004e-02
24.85	7.3291610e-02
24.89	7.4205800e-02
24.92	7.5088713e-02
24.96	7.5940571e-02
24.99	7.6761669e-02
25.02	7.7552375e-02
25.06	7.8313117e-02
25.09	7.9044379e-02
25.13	7.9746696e-02
25.16	8.0420648e-02
25.19	8.1066852e-02
25.23	8.1685960e-02
25.26	8.2278650e-02
25.30	8.2845627e-02
25.33	8.3387610e-02
25.36	8.3905335e-02
25.40	8.4399550e-02
25.43	8.4871007e-02
25.47	8.5320462e-02
25.50	8.5748673e-02
25.54	8.6156395e-02
25.57	8.6544378e-02
25.60	8.6913364e-02
25.64	8.7264086e-02
25.67	8.7597267e-02
25.71	8.7913617e-02
25.74	8.8213832e-02
25.77	8.8498591e-02
25.81	8.8768560e-02
25.84	8.9024386e-02
25.88	8.9266698e-02
25.91	8.9496107e-02
25.94	8.9713207e-02
25.98	8.9918572e-02
26.01	9.0112755e-02
26.05	9.0296293e-02
26.08	9.0469702e-02
26.11	9.0633478e-02
26.15	9.0788100e-02
26.18	9.0934028e-02
26.22	9.1071702e-02
26.25	9.1201545e-02
26.28	9.1323963e-02
26.32	9.1439343e-02
26.35	9.1548055e-02
26.39	9.1650454e-02
26.42	9.1746878e-02
26.45	9.1837649e-02
26.49	9.1923075e-02
26.52	9.2003448e-02
26.56	9.2079047e-02
26.59	9.2150137e-02
26.63	9.2216970e-02
26.66	9.2279785e-02
26.69	9.2338811e-02
26.73	9.2394261e-02
26.76	9.2446342e-02
26.80	9.2495246e-02
26.83	9.2541158e-02
26.86	9.2584251e-02
26.90	9.2624691e-02
26.93	9.2662632e-02
26.97	9.2698222e-02
27.00	9.2731601e-02
