# NeutrinoAntineutrinoInteraction/NeutrinoiAntineutrinojElectronAntimuon interaction rates
# neutrino field: massive Cosmic Neutrino Background, T_CnuB = 1.94535456 K
# Produced with crpropa-data version: 60a1560e37035039ec25f414e0c42a2444bad49c
# log10(E/eV), 1/lambda [1/Mpc]
12.96	0.0000000e+00
13.00	0.0000000e+00
13.03	0.0000000e+00
13.07	0.0000000e+00
13.10	0.0000000e+00
13.13	0.0000000e+00
13.17	0.0000000e+00
13.20	0.0000000e+00
13.24	0.0000000e+00
13.27	0.0000000e+00
13.30	0.0000000e+00
13.34	0.0000000e+00
13.37	0.0000000e+00
13.41	0.0000000e+00
13.44	0.0000000e+00
13.47	0.0000000e+00
13.51	0.0000000e+00
13.54	0.0000000e+00
13.58	0.0000000e+00
13.61	0.0000000e+00
13.65	0.0000000e+00
13.68	0.0000000e+00
13.71	0.0000000e+00
13.75	0.0000000e+00
13.78	0.0000000e+00
13.82	0.0000000e+00
13.85	0.0000000e+00
13.88	0.0000000e+00
13.92	0.0000000e+00
13.95	0.0000000e+00
13.99	0.0000000e+00
14.02	0.0000000e+00
14.05	0.0000000e+00
14.09	0.0000000e+00
14.12	0.0000000e+00
14.16	0.0000000e+00
14.19	0.0000000e+00
14.22	0.0000000e+00
14.26	0.0000000e+00
14.29	0.0000000e+00
14.33	0.0000000e+00
14.36	0.0000000e+00
14.39	0.0000000e+00
14.43	0.0000000e+00
14.46	0.0000000e+00
14.50	0.0000000e+00
14.53	0.0000000e+00
14.57	0.0000000e+00
14.60	0.0000000e+00
14.63	0.0000000e+00
14.67	0.0000000e+00
14.70	0.0000000e+00
14.74	0.0000000e+00
14.77	0.0000000e+00
14.80	0.0000000e+00
14.84	0.0000000e+00
14.87	0.0000000e+00
14.91	0.0000000e+00
14.94	5.1008894e-273
14.97	1.1985566e-252
15.01	8.1356605e-234
15.04	2.0844908e-216
15.08	2.5814841e-200
15.11	1.9421820e-185
15.14	1.0966313e-171
15.18	5.6501063e-159
15.21	3.1823734e-147
15.25	2.3157883e-136
15.28	2.5408705e-126
15.31	4.8487070e-117
15.35	1.8364360e-108
15.38	1.5597490e-100
15.42	3.3257348e-93
15.45	1.9760756e-86
15.48	3.6034187e-80
15.52	2.2048265e-74
15.55	4.9160421e-69
15.59	4.3109336e-64
15.62	1.5954338e-59
15.66	2.6599147e-55
15.69	2.1219477e-51
15.72	8.5645441e-48
15.76	1.8415267e-44
15.79	2.2124435e-41
15.83	1.5521905e-38
15.86	6.6239111e-36
15.89	1.7855296e-33
15.93	3.1481702e-31
15.96	3.7497770e-29
16.00	3.1086662e-27
16.03	1.8439819e-25
16.06	8.0287159e-24
16.10	2.6272626e-22
16.13	6.6042041e-21
16.17	1.3012987e-19
16.20	2.0478317e-18
16.23	2.6186890e-17
16.27	2.7649867e-16
16.30	2.4465026e-15
16.34	1.8389967e-14
16.37	1.1892903e-13
16.40	6.6947988e-13
16.44	3.3159793e-12
16.47	1.4595870e-11
16.51	5.7619876e-11
16.54	2.0573156e-10
16.58	6.6954235e-10
16.61	2.0002365e-09
16.64	5.5209710e-09
16.68	1.4161840e-08
16.71	3.3936694e-08
16.75	7.6325642e-08
16.78	1.6174797e-07
16.81	3.2401381e-07
16.85	6.1494590e-07
16.88	1.1069788e-06
16.92	1.8891248e-06
16.95	3.0483767e-06
16.98	4.6274373e-06
17.02	6.5626461e-06
17.05	8.6554661e-06
17.09	1.0722711e-05
17.12	1.2761043e-05
17.15	1.4796791e-05
17.19	1.6854273e-05
17.22	1.8956230e-05
17.26	2.1124211e-05
17.29	2.3378924e-05
17.32	2.5740539e-05
17.36	2.8228975e-05
17.39	3.0864150e-05
17.43	3.3666215e-05
17.46	3.6655782e-05
17.49	3.9854126e-05
17.53	4.3283393e-05
17.56	4.6966794e-05
17.60	5.0928798e-05
17.63	5.5195331e-05
17.67	5.9793971e-05
17.70	6.4754150e-05
17.73	7.0107361e-05
17.77	7.5887381e-05
17.80	8.2130497e-05
17.84	8.8875742e-05
17.87	9.6165154e-05
17.90	1.0404405e-04
17.94	1.1256130e-04
17.97	1.2176967e-04
18.01	1.3172612e-04
18.04	1.4249218e-04
18.07	1.5413433e-04
18.11	1.6672441e-04
18.14	1.8034008e-04
18.18	1.9506528e-04
18.21	2.1099078e-04
18.24	2.2821471e-04
18.28	2.4684317e-04
18.31	2.6699093e-04
18.35	2.8878205e-04
18.38	3.1235075e-04
18.41	3.3784215e-04
18.45	3.6541321e-04
18.48	3.9523369e-04
18.52	4.2748719e-04
18.55	4.6237226e-04
18.59	5.0010368e-04
18.62	5.4091371e-04
18.65	5.8505358e-04
18.69	6.3279500e-04
18.72	6.8443184e-04
18.76	7.4028195e-04
18.79	8.0068908e-04
18.82	8.6602506e-04
18.86	9.3669201e-04
18.89	1.0131249e-03
18.93	1.0957940e-03
18.96	1.1852083e-03
18.99	1.2819179e-03
19.03	1.3865179e-03
19.06	1.4996521e-03
19.10	1.6220166e-03
19.13	1.7543644e-03
19.16	1.8975096e-03
19.20	2.0523331e-03
19.23	2.2197872e-03
19.27	2.4009022e-03
19.30	2.5967920e-03
19.33	2.8086617e-03
19.37	3.0378143e-03
19.40	3.2856590e-03
19.44	3.5537198e-03
19.47	3.8436451e-03
19.51	4.1572172e-03
19.54	4.4963638e-03
19.57	4.8631695e-03
19.61	5.2598884e-03
19.64	5.6889584e-03
19.68	6.1530157e-03
19.71	6.6549106e-03
19.74	7.1977259e-03
19.78	7.7847944e-03
19.81	8.4197202e-03
19.85	9.1064004e-03
19.88	9.8490483e-03
19.91	1.0652220e-02
19.95	1.1520840e-02
19.98	1.2460234e-02
20.02	1.3476160e-02
20.05	1.4574840e-02
20.08	1.5763003e-02
20.12	1.7047921e-02
20.15	1.8437455e-02
20.19	1.9940104e-02
20.22	2.1565048e-02
20.25	2.3322215e-02
20.29	2.5222329e-02
20.32	2.7276979e-02
20.36	2.9498690e-02
20.39	3.1900990e-02
20.42	3.4498497e-02
20.46	3.7307000e-02
20.49	4.0343552e-02
20.53	4.3626572e-02
20.56	4.7175949e-02
20.60	5.1013157e-02
20.63	5.5161378e-02
20.66	5.9645635e-02
20.70	6.4492932e-02
20.73	6.9732409e-02
20.77	7.5395500e-02
20.80	8.1516109e-02
20.83	8.8130798e-02
20.87	9.5278981e-02
20.90	1.0300314e-01
20.94	1.1134904e-01
20.97	1.2036599e-01
21.00	1.3010707e-01
21.04	1.4062943e-01
21.07	1.5199454e-01
21.11	1.6426853e-01
21.14	1.7752249e-01
21.17	1.9183279e-01
21.21	2.0728145e-01
21.24	2.2395652e-01
21.28	2.4195240e-01
21.31	2.6137034e-01
21.34	2.8231872e-01
21.38	3.0491360e-01
21.41	3.2927906e-01
21.45	3.5554765e-01
21.48	3.8386089e-01
21.52	4.1436964e-01
21.55	4.4723455e-01
21.58	4.8262654e-01
21.62	5.2072712e-01
21.65	5.6172885e-01
21.69	6.0583564e-01
21.72	6.5326307e-01
21.75	7.0423866e-01
21.79	7.5900204e-01
21.82	8.1780505e-01
21.86	8.8091178e-01
21.89	9.4859846e-01
21.92	1.0211532e+00
21.96	1.0988758e+00
21.99	1.1820770e+00
22.03	1.2710777e+00
22.06	1.3662086e+00
22.09	1.4678085e+00
22.13	1.5762232e+00
22.16	1.6918038e+00
22.20	1.8149053e+00
22.23	1.9458837e+00
22.26	2.0850945e+00
22.30	2.2328893e+00
22.33	2.3896136e+00
22.37	2.5556030e+00
22.40	2.7311803e+00
22.43	2.9166519e+00
22.47	3.1123038e+00
22.50	3.3183979e+00
22.54	3.5351682e+00
22.57	3.7628169e+00
22.61	4.0015101e+00
22.64	4.2513745e+00
22.67	4.5124938e+00
22.71	4.7849050e+00
22.74	5.0685960e+00
22.78	5.3635025e+00
22.81	5.6695064e+00
22.84	5.9864338e+00
22.88	6.3140543e+00
22.91	6.6520808e+00
22.95	7.0001691e+00
22.98	7.3579199e+00
23.01	7.7248792e+00
23.05	8.1005417e+00
23.08	8.4843530e+00
23.12	8.8757130e+00
23.15	9.2739804e+00
23.18	9.6784768e+00
23.22	1.0088491e+01
23.25	1.0503287e+01
23.29	1.0922103e+01
23.32	1.1344165e+01
23.35	1.1768686e+01
23.39	1.2194877e+01
23.42	1.2621945e+01
23.46	1.3049107e+01
23.49	1.3475590e+01
23.53	1.3900635e+01
23.56	1.4323506e+01
23.59	1.4743490e+01
23.63	1.5159903e+01
23.66	1.5572090e+01
23.70	1.5979433e+01
23.73	1.6381351e+01
23.76	1.6777299e+01
23.80	1.7166773e+01
23.83	1.7549312e+01
23.87	1.7924494e+01
23.90	1.8291941e+01
23.93	1.8651317e+01
23.97	1.9002325e+01
24.00	1.9344712e+01
24.04	1.9678264e+01
24.07	2.0002804e+01
24.10	2.0318194e+01
24.14	2.0624332e+01
24.17	2.0921149e+01
24.21	2.1208607e+01
24.24	2.1486701e+01
24.27	2.1755451e+01
24.31	2.2014908e+01
24.34	2.2265142e+01
24.38	2.2506248e+01
24.41	2.2738341e+01
24.44	2.2961554e+01
24.48	2.3176037e+01
24.51	2.3381954e+01
24.55	2.3579481e+01
24.58	2.3768807e+01
24.62	2.3950130e+01
24.65	2.4123654e+01
24.68	2.4289591e+01
24.72	2.4448159e+01
24.75	2.4599579e+01
24.79	2.4744074e+01
24.82	2.4881871e+01
24.85	2.5013194e+01
24.89	2.5138271e+01
24.92	2.5257326e+01
24.96	2.5370583e+01
24.99	2.5478263e+01
25.02	2.5580582e+01
25.06	2.5677757e+01
25.09	2.5769996e+01
25.13	2.5857507e+01
25.16	2.5940490e+01
25.19	2.6019142e+01
25.23	2.6093655e+01
25.26	2.6164214e+01
25.30	2.6230999e+01
25.33	2.6294186e+01
25.36	2.6353943e+01
25.40	2.6410433e+01
25.43	2.6463814e+01
25.47	2.6514238e+01
25.50	2.6561851e+01
25.54	2.6606793e+01
25.57	2.6649199e+01
25.60	2.6689199e+01
25.64	2.6726916e+01
25.67	2.6762469e+01
25.71	2.6795972e+01
25.74	2.6827533e+01
25.77	2.6857256e+01
25.81	2.6885240e+01
25.84	2.6911578e+01
25.88	2.6936362e+01
25.91	2.6959675e+01
25.94	2.6981601e+01
25.98	2.7002216e+01
26.01	2.7021593e+01
26.05	2.7039802e+01
26.08	2.7056911e+01
26.11	2.7072980e+01
26.15	2.7088072e+01
26.18	2.7102240e+01
26.22	2.7115541e+01
26.25	2.7128022e+01
26.28	2.7139734e+01
26.32	2.7150721e+01
26.35	2.7161026e+01
26.39	2.7170689e+01
26.42	2.7179749e+01
26.45	2.7188242e+01
26.49	2.7196202e+01
26.52	2.7203661e+01
26.56	2.7210649e+01
26.59	2.7217196e+01
26.63	2.7223327e+01
26.66	2.7229069e+01
26.69	2.7234445e+01
26.73	2.7239478e+01
26.76	2.7244188e+01
26.80	2.7248597e+01
26.83	2.7252723e+01
26.86	2.7256583e+01
26.90	2.7260194e+01
26.93	2.7263572e+01
26.97	2.7266731e+01
27.00	2.7269686e+01
