# NeutrinoAntineutrinoInteraction/NeutrinoiAntineutrinojTauAntimuon interaction rates
# neutrino field: massive Cosmic Neutrino Background, T_CnuB = 1.94535456 K
# Produced with crpropa-data version: 60a1560e37035039ec25f414e0c42a2444bad49c
# log10(E/eV), 1/lambda [1/Mpc]
16.47	0.0000000e+00
16.51	0.0000000e+00
16.54	0.0000000e+00
16.58	0.0000000e+00
16.61	0.0000000e+00
16.64	0.0000000e+00
16.68	0.0000000e+00
16.71	0.0000000e+00
16.75	0.0000000e+00
16.78	0.0000000e+00
16.81	0.0000000e+00
16.85	0.0000000e+00
16.88	0.0000000e+00
16.92	0.0000000e+00
16.95	0.0000000e+00
16.98	0.0000000e+00
17.02	0.0000000e+00
17.05	0.0000000e+00
17.09	0.0000000e+00
17.12	0.0000000e+00
17.15	0.0000000e+00
17.19	0.0000000e+00
17.22	0.0000000e+00
17.26	0.0000000e+00
17.29	0.0000000e+00
17.32	0.0000000e+00
17.36	0.0000000e+00
17.39	0.0000000e+00
17.43	0.0000000e+00
17.46	0.0000000e+00
17.49	0.0000000e+00
17.53	0.0000000e+00
17.56	0.0000000e+00
17.60	0.0000000e+00
17.63	0.0000000e+00
17.67	0.0000000e+00
17.70	0.0000000e+00
17.73	0.0000000e+00
17.77	0.0000000e+00
17.80	0.0000000e+00
17.84	0.0000000e+00
17.87	0.0000000e+00
17.90	0.0000000e+00
17.94	0.0000000e+00
17.97	0.0000000e+00
18.01	0.0000000e+00
18.04	0.0000000e+00
18.07	0.0000000e+00
18.11	0.0000000e+00
18.14	0.0000000e+00
18.18	0.0000000e+00
18.21	0.0000000e+00
18.24	0.0000000e+00
18.28	0.0000000e+00
18.31	0.0000000e+00
18.35	0.0000000e+00
18.38	0.0000000e+00
18.41	0.0000000e+00
18.45	1.1765875e-276
18.48	5.1205034e-256
18.52	6.4538930e-237
18.55	3.0897184e-219
18.59	7.2213751e-203
18.62	1.0395829e-187
18.65	1.1431669e-173
18.69	1.1720802e-160
18.72	1.3478210e-148
18.76	2.0630067e-137
18.79	4.9262980e-127
18.82	2.1264944e-117
18.86	1.9024258e-108
18.89	4.0049219e-100
18.93	2.2323787e-92
18.96	3.6769345e-85
18.99	1.9820022e-78
19.03	3.8454143e-72
19.06	2.9344904e-66
19.10	9.5683269e-61
19.13	1.4403027e-55
19.16	1.0759855e-50
19.20	4.2686624e-46
19.23	9.5810133e-42
19.27	1.2907823e-37
19.30	1.1028177e-33
19.33	6.2855481e-30
19.37	2.5009340e-26
19.40	7.2179756e-23
19.44	1.5513588e-19
19.47	2.4849634e-16
19.51	2.7554222e-13
19.54	1.3115752e-10
19.57	1.3268010e-09
19.61	2.5187664e-09
19.64	3.6506073e-09
19.68	4.7402655e-09
19.71	5.8038275e-09
19.74	6.8558552e-09
19.78	7.9096710e-09
19.81	8.9776168e-09
19.85	1.0071263e-08
19.88	1.1201618e-08
19.91	1.2379282e-08
19.95	1.3614626e-08
19.98	1.4917911e-08
20.02	1.6299438e-08
20.05	1.7769610e-08
20.08	1.9339126e-08
20.12	2.1019026e-08
20.15	2.2820840e-08
20.19	2.4756640e-08
20.22	2.6839189e-08
20.25	2.9081987e-08
20.29	3.1499433e-08
20.32	3.4106852e-08
20.36	3.6920659e-08
20.39	3.9958438e-08
20.42	4.3239096e-08
20.46	4.6782937e-08
20.49	5.0611829e-08
20.53	5.4749315e-08
20.56	5.9220782e-08
20.60	6.4053628e-08
20.63	6.9277275e-08
20.66	7.4923508e-08
20.70	8.1026631e-08
20.73	8.7623672e-08
20.77	9.4754557e-08
20.80	1.0246239e-07
20.83	1.1079365e-07
20.87	1.1979852e-07
20.90	1.2953108e-07
20.94	1.4004964e-07
20.97	1.5141703e-07
21.00	1.6370111e-07
21.04	1.7697488e-07
21.07	1.9131715e-07
21.11	2.0681265e-07
21.14	2.2355282e-07
21.17	2.4163600e-07
21.21	2.6116805e-07
21.24	2.8226232e-07
21.28	3.0504123e-07
21.31	3.2963601e-07
21.34	3.5618795e-07
21.38	3.8484834e-07
21.41	4.1577989e-07
21.45	4.4915662e-07
21.48	4.8516550e-07
21.52	5.2400590e-07
21.55	5.6589150e-07
21.58	6.1105039e-07
21.62	6.5972640e-07
21.65	7.1217924e-07
21.69	7.6868582e-07
21.72	8.2954060e-07
21.75	8.9505671e-07
21.79	9.6556666e-07
21.82	1.0414206e-06
21.86	1.1229900e-06
21.89	1.2106670e-06
21.92	1.3048647e-06
21.96	1.4060171e-06
21.99	1.5145800e-06
22.03	1.6310292e-06
22.06	1.7558625e-06
22.09	1.8895962e-06
22.13	2.0327660e-06
22.16	2.1859246e-06
22.20	2.3496425e-06
22.23	2.5245028e-06
22.26	2.7111023e-06
22.30	2.9100447e-06
22.33	3.1219425e-06
22.37	3.3474091e-06
22.40	3.5870541e-06
22.43	3.8414765e-06
22.47	4.1112692e-06
22.50	4.3970034e-06
22.54	4.6992312e-06
22.57	5.0184703e-06
22.61	5.3552069e-06
22.64	5.7098793e-06
22.67	6.0828821e-06
22.71	6.4745429e-06
22.74	6.8851321e-06
22.78	7.3148467e-06
22.81	7.7638109e-06
22.84	8.2320637e-06
22.88	8.7195602e-06
22.91	9.2261626e-06
22.95	9.7516424e-06
22.98	1.0295674e-05
23.01	1.0857815e-05
23.05	1.1437536e-05
23.08	1.2034211e-05
23.12	1.2647120e-05
23.15	1.3275447e-05
23.18	1.3918293e-05
23.22	1.4574672e-05
23.25	1.5243530e-05
23.29	1.5923732e-05
23.32	1.6614089e-05
23.35	1.7313353e-05
23.39	1.8020247e-05
23.42	1.8733448e-05
23.46	1.9451623e-05
23.49	2.0173413e-05
23.53	2.0897475e-05
23.56	2.1622463e-05
23.59	2.2347026e-05
23.63	2.3069828e-05
23.66	2.3789599e-05
23.70	2.4505081e-05
23.73	2.5215089e-05
23.76	2.5918464e-05
23.80	2.6614131e-05
23.83	2.7301053e-05
23.87	2.7978287e-05
23.90	2.8644908e-05
23.93	2.9300101e-05
23.97	2.9943104e-05
24.00	3.0573244e-05
24.04	3.1189909e-05
24.07	3.1792569e-05
24.10	3.2380760e-05
24.14	3.2954107e-05
24.17	3.3512276e-05
24.21	3.4054962e-05
24.24	3.4581966e-05
24.27	3.5093141e-05
24.31	3.5588408e-05
24.34	3.6067727e-05
24.38	3.6531126e-05
24.41	3.6978662e-05
24.44	3.7410462e-05
24.48	3.7826650e-05
24.51	3.8227413e-05
24.55	3.8612954e-05
24.58	3.8983534e-05
24.62	3.9339409e-05
24.65	3.9680894e-05
24.68	4.0008291e-05
24.72	4.0321961e-05
24.75	4.0622260e-05
24.79	4.0909506e-05
24.82	4.1184038e-05
24.85	4.1446253e-05
24.89	4.1696511e-05
24.92	4.1935219e-05
24.96	4.2162744e-05
24.99	4.2379496e-05
25.02	4.2585850e-05
25.06	4.2782210e-05
25.09	4.2968915e-05
25.13	4.3146354e-05
25.16	4.3314885e-05
25.19	4.3474883e-05
25.23	4.3626698e-05
25.26	4.3770687e-05
25.30	4.3907194e-05
25.33	4.4036582e-05
25.36	4.4159142e-05
25.40	4.4275146e-05
25.43	4.4384901e-05
25.47	4.4488695e-05
25.50	4.4586819e-05
25.54	4.4679539e-05
25.57	4.4767129e-05
25.60	4.4849837e-05
25.64	4.4927931e-05
25.67	4.5001611e-05
25.71	4.5071113e-05
25.74	4.5136639e-05
25.77	4.5198413e-05
25.81	4.5256618e-05
25.84	4.5311466e-05
25.88	4.5363124e-05
25.91	4.5411804e-05
25.94	4.5457668e-05
25.98	4.5500825e-05
26.01	4.5541402e-05
26.05	4.5579563e-05
26.08	4.5615423e-05
26.11	4.5649134e-05
26.15	4.5680798e-05
26.18	4.5710558e-05
26.22	4.5738515e-05
26.25	4.5764785e-05
26.28	4.5789432e-05
26.32	4.5812567e-05
26.35	4.5834266e-05
26.39	4.5854627e-05
26.42	4.5873726e-05
26.45	4.5891649e-05
26.49	4.5908474e-05
26.52	4.5924305e-05
26.56	4.5939154e-05
26.59	4.5953055e-05
26.63	4.5966070e-05
26.66	4.5978248e-05
26.69	4.5989649e-05
26.73	4.6000312e-05
26.76	4.6010298e-05
26.80	4.6019640e-05
26.83	4.6028404e-05
26.86	4.6036589e-05
26.90	4.6044247e-05
26.93	4.6051397e-05
26.97	4.6058089e-05
27.00	4.6064338e-05
