# NeutrinoAntineutrinoInteraction/NeutrinoiAntineutrinojTauAntimuon interaction rates
# neutrino field: massive Cosmic Neutrino Background, T_CnuB = 1.94535456 K
# Produced with crpropa-data version: 60a1560e37035039ec25f414e0c42a2444bad49c
# log10(E/eV), 1/lambda [1/Mpc]
15.76	0.0000000e+00
15.79	0.0000000e+00
15.83	0.0000000e+00
15.86	0.0000000e+00
15.89	0.0000000e+00
15.93	0.0000000e+00
15.96	0.0000000e+00
16.00	0.0000000e+00
16.03	0.0000000e+00
16.06	0.0000000e+00
16.10	0.0000000e+00
16.13	0.0000000e+00
16.17	0.0000000e+00
16.20	0.0000000e+00
16.23	0.0000000e+00
16.27	0.0000000e+00
16.30	0.0000000e+00
16.34	0.0000000e+00
16.37	0.0000000e+00
16.40	0.0000000e+00
16.44	0.0000000e+00
16.47	0.0000000e+00
16.51	0.0000000e+00
16.54	0.0000000e+00
16.58	0.0000000e+00
16.61	0.0000000e+00
16.64	0.0000000e+00
16.68	0.0000000e+00
16.71	0.0000000e+00
16.75	0.0000000e+00
16.78	0.0000000e+00
16.81	0.0000000e+00
16.85	0.0000000e+00
16.88	0.0000000e+00
16.92	0.0000000e+00
16.95	0.0000000e+00
16.98	0.0000000e+00
17.02	0.0000000e+00
17.05	0.0000000e+00
17.09	0.0000000e+00
17.12	0.0000000e+00
17.15	0.0000000e+00
17.19	0.0000000e+00
17.22	0.0000000e+00
17.26	0.0000000e+00
17.29	0.0000000e+00
17.32	0.0000000e+00
17.36	0.0000000e+00
17.39	0.0000000e+00
17.43	0.0000000e+00
17.46	0.0000000e+00
17.49	0.0000000e+00
17.53	0.0000000e+00
17.56	0.0000000e+00
17.60	0.0000000e+00
17.63	0.0000000e+00
17.67	0.0000000e+00
17.70	0.0000000e+00
17.73	7.4724838e-267
17.77	6.8314459e-247
17.80	1.9364683e-228
17.84	2.2119484e-211
17.87	1.2972875e-195
17.90	4.8874774e-181
17.94	1.4550272e-167
17.97	4.1453338e-155
18.01	1.3490866e-143
18.04	5.9074634e-133
18.07	4.0491971e-123
18.11	4.9970143e-114
18.14	1.2635976e-105
18.18	7.3791715e-98
18.21	1.1115588e-90
18.24	4.7839392e-84
18.28	6.4657632e-78
18.31	2.9949567e-72
18.35	5.1545446e-67
18.38	3.5519287e-62
18.41	1.0500502e-57
18.45	1.4195893e-53
18.48	9.3103309e-50
18.52	3.1284274e-46
18.55	5.6645603e-43
18.59	5.7909910e-40
18.62	3.4899975e-37
18.65	1.2903538e-34
18.69	3.0368507e-32
18.72	4.7073967e-30
18.76	4.9599359e-28
18.79	3.6573974e-26
18.82	1.9389995e-24
18.86	7.5773805e-23
18.89	2.2336094e-21
18.93	5.0733989e-20
18.96	9.0563758e-19
18.99	1.2938659e-17
19.03	1.5046092e-16
19.06	1.4465304e-15
19.10	1.1664385e-14
19.13	7.9949790e-14
19.16	4.7157430e-13
19.20	2.4211114e-12
19.23	1.0934391e-11
19.27	4.3866196e-11
19.30	1.5774092e-10
19.33	5.1270608e-10
19.37	1.5179674e-09
19.40	4.1232208e-09
19.44	1.0343568e-08
19.47	2.4111819e-08
19.51	5.2527227e-08
19.54	1.0750306e-07
19.57	2.0771004e-07
19.61	3.8058973e-07
19.64	6.6410674e-07
19.68	1.1078595e-06
19.71	1.7732030e-06
19.74	2.7321582e-06
19.78	4.0650663e-06
19.81	5.8571607e-06
19.85	8.1944132e-06
19.88	1.1159144e-05
19.91	1.4825925e-05
19.95	1.9258258e-05
19.98	2.4506400e-05
20.02	3.0606531e-05
20.05	3.7581298e-05
20.08	4.5441572e-05
20.12	5.4189186e-05
20.15	6.3820280e-05
20.19	7.4328934e-05
20.22	8.5710738e-05
20.25	9.7966066e-05
20.29	1.1110286e-04
20.32	1.2513885e-04
20.36	1.4010318e-04
20.39	1.5603752e-04
20.42	1.7299669e-04
20.46	1.9104901e-04
20.49	2.1027626e-04
20.53	2.3077371e-04
20.56	2.5264992e-04
20.60	2.7602665e-04
20.63	3.0103887e-04
20.66	3.2783478e-04
20.70	3.5657608e-04
20.73	3.8743835e-04
20.77	4.2061157e-04
20.80	4.5630084e-04
20.83	4.9472722e-04
20.87	5.3612883e-04
20.90	5.8076194e-04
20.94	6.2890238e-04
20.97	6.8084699e-04
21.00	7.3691528e-04
21.04	7.9745123e-04
21.07	8.6282525e-04
21.11	9.3343625e-04
21.14	1.0097140e-03
21.17	1.0921214e-03
21.21	1.1811575e-03
21.24	1.2773598e-03
21.28	1.3813076e-03
21.31	1.4936253e-03
21.34	1.6149854e-03
21.38	1.7461128e-03
21.41	1.8877882e-03
21.45	2.0408524e-03
21.48	2.2062111e-03
21.52	2.3848389e-03
21.55	2.5777848e-03
21.58	2.7861776e-03
21.62	3.0112310e-03
21.65	3.2542497e-03
21.69	3.5166357e-03
21.72	3.7998947e-03
21.75	4.1056429e-03
21.79	4.4356140e-03
21.82	4.7916668e-03
21.86	5.1757928e-03
21.89	5.5901238e-03
21.92	6.0369403e-03
21.96	6.5186798e-03
21.99	7.0379448e-03
22.03	7.5975119e-03
22.06	8.2003394e-03
22.09	8.8495765e-03
22.13	9.5485708e-03
22.16	1.0300876e-02
22.20	1.1110261e-02
22.23	1.1980714e-02
22.26	1.2916450e-02
22.30	1.3921915e-02
22.33	1.5001794e-02
22.37	1.6161005e-02
22.40	1.7404710e-02
22.43	1.8738307e-02
22.47	2.0167429e-02
22.50	2.1697939e-02
22.54	2.3335924e-02
22.57	2.5087678e-02
22.61	2.6959696e-02
22.64	2.8958647e-02
22.67	3.1091363e-02
22.71	3.3364802e-02
22.74	3.5786031e-02
22.78	3.8362182e-02
22.81	4.1100418e-02
22.84	4.4007895e-02
22.88	4.7091709e-02
22.91	5.0358847e-02
22.95	5.3816137e-02
22.98	5.7470185e-02
23.01	6.1327319e-02
23.05	6.5393521e-02
23.08	6.9674367e-02
23.12	7.4174955e-02
23.15	7.8899845e-02
23.18	8.3852987e-02
23.22	8.9037662e-02
23.25	9.4456415e-02
23.29	1.0011100e-01
23.32	1.0600232e-01
23.35	1.1213039e-01
23.39	1.1849429e-01
23.42	1.2509210e-01
23.46	1.3192094e-01
23.49	1.3897687e-01
23.53	1.4625496e-01
23.56	1.5374923e-01
23.59	1.6145267e-01
23.63	1.6935729e-01
23.66	1.7745413e-01
23.70	1.8573328e-01
23.73	1.9418396e-01
23.76	2.0279457e-01
23.80	2.1155274e-01
23.83	2.2044540e-01
23.87	2.2945889e-01
23.90	2.3857899e-01
23.93	2.4779108e-01
23.97	2.5708014e-01
24.00	2.6643092e-01
24.04	2.7582801e-01
24.07	2.8525590e-01
24.10	2.9469910e-01
24.14	3.0414226e-01
24.17	3.1357018e-01
24.21	3.2296796e-01
24.24	3.3232104e-01
24.27	3.4161528e-01
24.31	3.5083703e-01
24.34	3.5997321e-01
24.38	3.6901131e-01
24.41	3.7793948e-01
24.44	3.8674655e-01
24.48	3.9542207e-01
24.51	4.0395635e-01
24.55	4.1234043e-01
24.58	4.2056615e-01
24.62	4.2862612e-01
24.65	4.3651372e-01
24.68	4.4422313e-01
24.72	4.5174928e-01
24.75	4.5908785e-01
24.79	4.6623524e-01
24.82	4.7318859e-01
24.85	4.7994569e-01
24.89	4.8650501e-01
24.92	4.9286564e-01
24.96	4.9902724e-01
24.99	5.0499006e-01
25.02	5.1075485e-01
25.06	5.1632287e-01
25.09	5.2169581e-01
25.13	5.2687579e-01
25.16	5.3186531e-01
25.19	5.3666720e-01
25.23	5.4128464e-01
25.26	5.4572104e-01
25.30	5.4998009e-01
25.33	5.5406569e-01
25.36	5.5798191e-01
25.40	5.6173300e-01
25.43	5.6532330e-01
25.47	5.6875731e-01
25.50	5.7203956e-01
25.54	5.7517467e-01
25.57	5.7816727e-01
25.60	5.8102205e-01
25.64	5.8374366e-01
25.67	5.8633676e-01
25.71	5.8880596e-01
25.74	5.9115584e-01
25.77	5.9339094e-01
25.81	5.9551569e-01
25.84	5.9753449e-01
25.88	5.9945163e-01
25.91	6.0127133e-01
25.94	6.0299770e-01
25.98	6.0463474e-01
26.01	6.0618636e-01
26.05	6.0765636e-01
26.08	6.0904841e-01
26.11	6.1036610e-01
26.15	6.1161288e-01
26.18	6.1279207e-01
26.22	6.1390692e-01
26.25	6.1496051e-01
26.28	6.1595586e-01
26.32	6.1689582e-01
26.35	6.1778318e-01
26.39	6.1862057e-01
26.42	6.1941056e-01
26.45	6.2015557e-01
26.49	6.2085795e-01
26.52	6.2151992e-01
26.56	6.2214362e-01
26.59	6.2273109e-01
26.63	6.2328428e-01
26.66	6.2380502e-01
26.69	6.2429510e-01
26.73	6.2475620e-01
26.76	6.2518990e-01
26.80	6.2559775e-01
26.83	6.2598118e-01
26.86	6.2634157e-01
26.90	6.2668022e-01
26.93	6.2699836e-01
26.97	6.2729718e-01
27.00	6.2757779e-01
