# NeutrinoAntineutrinoInteraction/NeutrinoAntineutrinoElectron interaction rates
# neutrino field: massive Cosmic Neutrino Background, T_CnuB = 1.94535456 K
# Produced with crpropa-data version: 60a1560e37035039ec25f414e0c42a2444bad49c
# log10(E/eV), 1/lambda [1/Mpc]
10.00	0.0000000e+00
10.03	0.0000000e+00
10.07	0.0000000e+00
10.10	0.0000000e+00
10.14	0.0000000e+00
10.17	0.0000000e+00
10.20	0.0000000e+00
10.24	0.0000000e+00
10.27	0.0000000e+00
10.31	0.0000000e+00
10.34	0.0000000e+00
10.37	0.0000000e+00
10.41	0.0000000e+00
10.44	0.0000000e+00
10.48	0.0000000e+00
10.51	0.0000000e+00
10.55	0.0000000e+00
10.58	0.0000000e+00
10.61	0.0000000e+00
10.65	0.0000000e+00
10.68	0.0000000e+00
10.72	0.0000000e+00
10.75	0.0000000e+00
10.78	0.0000000e+00
10.82	0.0000000e+00
10.85	0.0000000e+00
10.89	0.0000000e+00
10.92	0.0000000e+00
10.95	0.0000000e+00
10.99	0.0000000e+00
11.02	0.0000000e+00
11.06	0.0000000e+00
11.09	0.0000000e+00
11.12	0.0000000e+00
11.16	0.0000000e+00
11.19	0.0000000e+00
11.23	0.0000000e+00
11.26	0.0000000e+00
11.29	0.0000000e+00
11.33	0.0000000e+00
11.36	0.0000000e+00
11.40	0.0000000e+00
11.43	0.0000000e+00
11.46	0.0000000e+00
11.50	0.0000000e+00
11.53	0.0000000e+00
11.57	0.0000000e+00
11.60	0.0000000e+00
11.64	0.0000000e+00
11.67	0.0000000e+00
11.70	0.0000000e+00
11.74	0.0000000e+00
11.77	0.0000000e+00
11.81	0.0000000e+00
11.84	0.0000000e+00
11.87	0.0000000e+00
11.91	0.0000000e+00
11.94	0.0000000e+00
11.98	0.0000000e+00
12.01	0.0000000e+00
12.04	0.0000000e+00
12.08	0.0000000e+00
12.11	0.0000000e+00
12.15	0.0000000e+00
12.18	0.0000000e+00
12.21	0.0000000e+00
12.25	0.0000000e+00
12.28	0.0000000e+00
12.32	0.0000000e+00
12.35	0.0000000e+00
12.38	0.0000000e+00
12.42	0.0000000e+00
12.45	0.0000000e+00
12.49	0.0000000e+00
12.52	0.0000000e+00
12.56	0.0000000e+00
12.59	0.0000000e+00
12.62	0.0000000e+00
12.66	0.0000000e+00
12.69	0.0000000e+00
12.73	0.0000000e+00
12.76	0.0000000e+00
12.79	0.0000000e+00
12.83	0.0000000e+00
12.86	0.0000000e+00
12.90	0.0000000e+00
12.93	0.0000000e+00
12.96	0.0000000e+00
13.00	0.0000000e+00
13.03	0.0000000e+00
13.07	0.0000000e+00
13.10	0.0000000e+00
13.13	0.0000000e+00
13.17	0.0000000e+00
13.20	0.0000000e+00
13.24	0.0000000e+00
13.27	0.0000000e+00
13.30	0.0000000e+00
13.34	0.0000000e+00
13.37	0.0000000e+00
13.41	0.0000000e+00
13.44	0.0000000e+00
13.47	0.0000000e+00
13.51	0.0000000e+00
13.54	0.0000000e+00
13.58	0.0000000e+00
13.61	0.0000000e+00
13.65	0.0000000e+00
13.68	0.0000000e+00
13.71	0.0000000e+00
13.75	0.0000000e+00
13.78	0.0000000e+00
13.82	0.0000000e+00
13.85	0.0000000e+00
13.88	0.0000000e+00
13.92	0.0000000e+00
13.95	0.0000000e+00
13.99	0.0000000e+00
14.02	0.0000000e+00
14.05	0.0000000e+00
14.09	0.0000000e+00
14.12	0.0000000e+00
14.16	0.0000000e+00
14.19	0.0000000e+00
14.22	0.0000000e+00
14.26	0.0000000e+00
14.29	0.0000000e+00
14.33	0.0000000e+00
14.36	0.0000000e+00
14.39	0.0000000e+00
14.43	0.0000000e+00
14.46	0.0000000e+00
14.50	0.0000000e+00
14.53	0.0000000e+00
14.57	0.0000000e+00
14.60	0.0000000e+00
14.63	0.0000000e+00
14.67	0.0000000e+00
14.70	0.0000000e+00
14.74	0.0000000e+00
14.77	0.0000000e+00
14.80	0.0000000e+00
14.84	0.0000000e+00
14.87	0.0000000e+00
14.91	0.0000000e+00
14.94	0.0000000e+00
14.97	0.0000000e+00
15.01	0.0000000e+00
15.04	0.0000000e+00
15.08	0.0000000e+00
15.11	0.0000000e+00
15.14	0.0000000e+00
15.18	0.0000000e+00
15.21	0.0000000e+00
15.25	0.0000000e+00
15.28	0.0000000e+00
15.31	0.0000000e+00
15.35	0.0000000e+00
15.38	0.0000000e+00
15.42	0.0000000e+00
15.45	0.0000000e+00
15.48	0.0000000e+00
15.52	0.0000000e+00
15.55	0.0000000e+00
15.59	0.0000000e+00
15.62	0.0000000e+00
15.66	0.0000000e+00
15.69	0.0000000e+00
15.72	0.0000000e+00
15.76	0.0000000e+00
15.79	0.0000000e+00
15.83	0.0000000e+00
15.86	0.0000000e+00
15.89	0.0000000e+00
15.93	0.0000000e+00
15.96	0.0000000e+00
16.00	0.0000000e+00
16.03	0.0000000e+00
16.06	0.0000000e+00
16.10	0.0000000e+00
16.13	0.0000000e+00
16.17	0.0000000e+00
16.20	0.0000000e+00
16.23	0.0000000e+00
16.27	0.0000000e+00
16.30	0.0000000e+00
16.34	0.0000000e+00
16.37	0.0000000e+00
16.40	0.0000000e+00
16.44	0.0000000e+00
16.47	0.0000000e+00
16.51	0.0000000e+00
16.54	0.0000000e+00
16.58	0.0000000e+00
16.61	0.0000000e+00
16.64	0.0000000e+00
16.68	0.0000000e+00
16.71	0.0000000e+00
16.75	0.0000000e+00
16.78	0.0000000e+00
16.81	0.0000000e+00
16.85	0.0000000e+00
16.88	0.0000000e+00
16.92	0.0000000e+00
16.95	0.0000000e+00
16.98	0.0000000e+00
17.02	0.0000000e+00
17.05	0.0000000e+00
17.09	0.0000000e+00
17.12	0.0000000e+00
17.15	0.0000000e+00
17.19	0.0000000e+00
17.22	0.0000000e+00
17.26	0.0000000e+00
17.29	0.0000000e+00
17.32	0.0000000e+00
17.36	0.0000000e+00
17.39	0.0000000e+00
17.43	0.0000000e+00
17.46	0.0000000e+00
17.49	0.0000000e+00
17.53	0.0000000e+00
17.56	0.0000000e+00
17.60	0.0000000e+00
17.63	0.0000000e+00
17.67	0.0000000e+00
17.70	0.0000000e+00
17.73	0.0000000e+00
17.77	0.0000000e+00
17.80	0.0000000e+00
17.84	0.0000000e+00
17.87	0.0000000e+00
17.90	0.0000000e+00
17.94	0.0000000e+00
17.97	0.0000000e+00
18.01	0.0000000e+00
18.04	0.0000000e+00
18.07	0.0000000e+00
18.11	0.0000000e+00
18.14	0.0000000e+00
18.18	0.0000000e+00
18.21	0.0000000e+00
18.24	0.0000000e+00
18.28	0.0000000e+00
18.31	0.0000000e+00
18.35	0.0000000e+00
18.38	0.0000000e+00
18.41	0.0000000e+00
18.45	0.0000000e+00
18.48	0.0000000e+00
18.52	0.0000000e+00
18.55	0.0000000e+00
18.59	0.0000000e+00
18.62	0.0000000e+00
18.65	0.0000000e+00
18.69	0.0000000e+00
18.72	0.0000000e+00
18.76	0.0000000e+00
18.79	0.0000000e+00
18.82	0.0000000e+00
18.86	0.0000000e+00
18.89	0.0000000e+00
18.93	0.0000000e+00
18.96	0.0000000e+00
18.99	0.0000000e+00
19.03	0.0000000e+00
19.06	0.0000000e+00
19.10	0.0000000e+00
19.13	0.0000000e+00
19.16	0.0000000e+00
19.20	0.0000000e+00
19.23	0.0000000e+00
19.27	0.0000000e+00
19.30	0.0000000e+00
19.33	0.0000000e+00
19.37	0.0000000e+00
19.40	0.0000000e+00
19.44	0.0000000e+00
19.47	0.0000000e+00
19.51	0.0000000e+00
19.54	0.0000000e+00
19.57	0.0000000e+00
19.61	0.0000000e+00
19.64	0.0000000e+00
19.68	0.0000000e+00
19.71	0.0000000e+00
19.74	0.0000000e+00
19.78	0.0000000e+00
19.81	0.0000000e+00
19.85	0.0000000e+00
19.88	0.0000000e+00
19.91	0.0000000e+00
19.95	0.0000000e+00
19.98	0.0000000e+00
20.02	0.0000000e+00
20.05	0.0000000e+00
20.08	0.0000000e+00
20.12	0.0000000e+00
20.15	0.0000000e+00
20.19	0.0000000e+00
20.22	0.0000000e+00
20.25	0.0000000e+00
20.29	0.0000000e+00
20.32	0.0000000e+00
20.36	0.0000000e+00
20.39	0.0000000e+00
20.42	0.0000000e+00
20.46	0.0000000e+00
20.49	0.0000000e+00
20.53	0.0000000e+00
20.56	0.0000000e+00
20.60	0.0000000e+00
20.63	0.0000000e+00
20.66	0.0000000e+00
20.70	0.0000000e+00
20.73	0.0000000e+00
20.77	0.0000000e+00
20.80	0.0000000e+00
20.83	0.0000000e+00
20.87	0.0000000e+00
20.90	0.0000000e+00
20.94	0.0000000e+00
20.97	0.0000000e+00
21.00	0.0000000e+00
21.04	0.0000000e+00
21.07	1.4082533e-283
21.11	4.5246481e-262
21.14	3.4642707e-242
21.17	8.3784458e-224
21.21	8.3061962e-207
21.24	4.2948503e-191
21.28	1.4471811e-176
21.31	3.9043268e-163
21.34	1.0202008e-150
21.38	3.0786964e-139
21.41	1.2625365e-128
21.45	8.1777785e-119
21.48	9.6144959e-110
21.52	2.3331488e-101
21.55	1.3161095e-93
21.58	1.9261350e-86
21.62	8.0953401e-80
21.65	1.0732853e-73
21.69	4.8958310e-68
21.72	8.3257329e-63
21.75	5.6849502e-58
21.79	1.6692869e-53
21.82	2.2458467e-49
21.86	1.4680523e-45
21.89	4.9222399e-42
21.92	8.9005476e-39
21.96	9.0915072e-36
21.99	5.4756606e-33
22.03	2.0231744e-30
22.06	4.7571338e-28
22.09	7.3636666e-26
22.13	7.7427251e-24
22.16	5.6929224e-22
22.20	3.0065114e-20
22.23	1.1690854e-18
22.26	3.4248860e-17
22.30	7.7210338e-16
22.33	1.3660155e-14
22.37	1.9313842e-13
22.40	2.2192458e-12
22.43	2.1047957e-11
22.47	1.6715558e-10
22.50	1.1264433e-09
22.54	6.5209983e-09
22.57	3.2800026e-08
22.61	1.4486349e-07
22.64	5.6727788e-07
22.67	1.9874498e-06
22.71	6.2817232e-06
22.74	1.8050626e-05
22.78	4.7493589e-05
22.81	1.1517921e-04
22.84	2.5903756e-04
22.88	5.4332039e-04
22.91	1.0683795e-03
22.95	1.9791245e-03
22.98	3.4693066e-03
23.01	5.7787229e-03
23.05	9.1812577e-03
23.08	1.3963318e-02
23.12	2.0394297e-02
23.15	2.8692673e-02
23.18	3.8992692e-02
23.22	5.1316896e-02
23.25	6.5559044e-02
23.29	8.1480333e-02
23.32	9.8719745e-02
23.35	1.1681718e-01
23.39	1.3524624e-01
23.42	1.5345243e-01
23.46	1.7089211e-01
23.49	1.8706787e-01
23.53	2.0155717e-01
23.56	2.1403188e-01
23.59	2.2426833e-01
23.63	2.3214813e-01
23.66	2.3765140e-01
23.70	2.4084429e-01
23.73	2.4186293e-01
23.76	2.4089593e-01
23.80	2.3816706e-01
23.83	2.3391936e-01
23.87	2.2840158e-01
23.90	2.2185717e-01
23.93	2.1451608e-01
23.97	2.0658905e-01
24.00	1.9826416e-01
24.04	1.8970525e-01
24.07	1.8105168e-01
24.10	1.7241932e-01
24.14	1.6390211e-01
24.17	1.5557416e-01
24.21	1.4749205e-01
24.24	1.3969717e-01
24.27	1.3221807e-01
24.31	1.2507256e-01
24.34	1.1826971e-01
24.38	1.1181158e-01
24.41	1.0569475e-01
24.44	9.9911643e-02
24.48	9.4451582e-02
24.51	8.9301742e-02
24.55	8.4447872e-02
24.58	7.9874894e-02
24.62	7.5567375e-02
24.65	7.1509887e-02
24.68	6.7687281e-02
24.72	6.4084888e-02
24.75	6.0688654e-02
24.79	5.7485239e-02
24.82	5.4462063e-02
24.85	5.1607333e-02
24.89	4.8910046e-02
24.92	4.6359973e-02
24.96	4.3947630e-02
24.99	4.1664245e-02
25.02	3.9501715e-02
25.06	3.7452564e-02
25.09	3.5509899e-02
25.13	3.3667360e-02
25.16	3.1919082e-02
25.19	3.0259651e-02
25.23	2.8684062e-02
25.26	2.7187685e-02
25.30	2.5766228e-02
25.33	2.4415707e-02
25.36	2.3132418e-02
25.40	2.1912905e-02
25.43	2.0753945e-02
25.47	1.9652517e-02
25.50	1.8605790e-02
25.54	1.7611103e-02
25.57	1.6665948e-02
25.60	1.5767960e-02
25.64	1.4914903e-02
25.67	1.4104657e-02
25.71	1.3335213e-02
25.74	1.2604661e-02
25.77	1.1911184e-02
25.81	1.1253052e-02
25.84	1.0628614e-02
25.88	1.0036294e-02
25.91	9.4745895e-03
25.94	8.9420608e-03
25.98	8.4373329e-03
26.01	7.9590901e-03
26.05	7.5060730e-03
26.08	7.0770761e-03
26.11	6.6709452e-03
26.15	6.2865756e-03
26.18	5.9229092e-03
26.22	5.5789334e-03
26.25	5.2536789e-03
26.28	4.9462180e-03
26.32	4.6556634e-03
26.35	4.3811661e-03
26.39	4.1219146e-03
26.42	3.8771331e-03
26.45	3.6460803e-03
26.49	3.4280483e-03
26.52	3.2223611e-03
26.56	3.0283739e-03
26.59	2.8454711e-03
26.63	2.6730663e-03
26.66	2.5106002e-03
26.69	2.3575402e-03
26.73	2.2133791e-03
26.76	2.0776342e-03
26.80	1.9498463e-03
26.83	1.8295786e-03
26.86	1.7164162e-03
26.90	1.6099646e-03
26.93	1.5098494e-03
26.97	1.4157151e-03
27.00	1.3272245e-03
