# NeutrinoAntineutrinoInteraction/NeutrinoAntineutrinoElectron interaction rates
# neutrino field: massive Cosmic Neutrino Background, T_CnuB = 1.94535456 K
# Produced with crpropa-data version: 60a1560e37035039ec25f414e0c42a2444bad49c
# log10(E/eV), 1/lambda [1/Mpc]
10.00	0.0000000e+00
10.03	0.0000000e+00
10.07	0.0000000e+00
10.10	0.0000000e+00
10.14	0.0000000e+00
10.17	0.0000000e+00
10.20	0.0000000e+00
10.24	0.0000000e+00
10.27	0.0000000e+00
10.31	0.0000000e+00
10.34	0.0000000e+00
10.37	0.0000000e+00
10.41	0.0000000e+00
10.44	0.0000000e+00
10.48	0.0000000e+00
10.51	0.0000000e+00
10.55	0.0000000e+00
10.58	0.0000000e+00
10.61	0.0000000e+00
10.65	0.0000000e+00
10.68	0.0000000e+00
10.72	0.0000000e+00
10.75	0.0000000e+00
10.78	0.0000000e+00
10.82	0.0000000e+00
10.85	0.0000000e+00
10.89	0.0000000e+00
10.92	0.0000000e+00
10.95	0.0000000e+00
10.99	0.0000000e+00
11.02	0.0000000e+00
11.06	0.0000000e+00
11.09	0.0000000e+00
11.12	0.0000000e+00
11.16	0.0000000e+00
11.19	0.0000000e+00
11.23	0.0000000e+00
11.26	0.0000000e+00
11.29	0.0000000e+00
11.33	0.0000000e+00
11.36	0.0000000e+00
11.40	0.0000000e+00
11.43	0.0000000e+00
11.46	0.0000000e+00
11.50	0.0000000e+00
11.53	0.0000000e+00
11.57	0.0000000e+00
11.60	0.0000000e+00
11.64	0.0000000e+00
11.67	0.0000000e+00
11.70	0.0000000e+00
11.74	0.0000000e+00
11.77	0.0000000e+00
11.81	0.0000000e+00
11.84	0.0000000e+00
11.87	0.0000000e+00
11.91	0.0000000e+00
11.94	0.0000000e+00
11.98	0.0000000e+00
12.01	0.0000000e+00
12.04	0.0000000e+00
12.08	0.0000000e+00
12.11	0.0000000e+00
12.15	0.0000000e+00
12.18	0.0000000e+00
12.21	0.0000000e+00
12.25	0.0000000e+00
12.28	0.0000000e+00
12.32	0.0000000e+00
12.35	0.0000000e+00
12.38	0.0000000e+00
12.42	0.0000000e+00
12.45	0.0000000e+00
12.49	0.0000000e+00
12.52	0.0000000e+00
12.56	0.0000000e+00
12.59	0.0000000e+00
12.62	0.0000000e+00
12.66	0.0000000e+00
12.69	0.0000000e+00
12.73	0.0000000e+00
12.76	0.0000000e+00
12.79	0.0000000e+00
12.83	0.0000000e+00
12.86	0.0000000e+00
12.90	0.0000000e+00
12.93	0.0000000e+00
12.96	0.0000000e+00
13.00	0.0000000e+00
13.03	0.0000000e+00
13.07	0.0000000e+00
13.10	0.0000000e+00
13.13	0.0000000e+00
13.17	0.0000000e+00
13.20	0.0000000e+00
13.24	0.0000000e+00
13.27	0.0000000e+00
13.30	0.0000000e+00
13.34	0.0000000e+00
13.37	0.0000000e+00
13.41	0.0000000e+00
13.44	0.0000000e+00
13.47	0.0000000e+00
13.51	0.0000000e+00
13.54	0.0000000e+00
13.58	0.0000000e+00
13.61	0.0000000e+00
13.65	0.0000000e+00
13.68	0.0000000e+00
13.71	0.0000000e+00
13.75	0.0000000e+00
13.78	0.0000000e+00
13.82	0.0000000e+00
13.85	0.0000000e+00
13.88	0.0000000e+00
13.92	0.0000000e+00
13.95	0.0000000e+00
13.99	0.0000000e+00
14.02	0.0000000e+00
14.05	0.0000000e+00
14.09	0.0000000e+00
14.12	0.0000000e+00
14.16	0.0000000e+00
14.19	0.0000000e+00
14.22	0.0000000e+00
14.26	0.0000000e+00
14.29	0.0000000e+00
14.33	0.0000000e+00
14.36	0.0000000e+00
14.39	0.0000000e+00
14.43	0.0000000e+00
14.46	0.0000000e+00
14.50	0.0000000e+00
14.53	0.0000000e+00
14.57	0.0000000e+00
14.60	0.0000000e+00
14.63	0.0000000e+00
14.67	0.0000000e+00
14.70	0.0000000e+00
14.74	0.0000000e+00
14.77	0.0000000e+00
14.80	0.0000000e+00
14.84	0.0000000e+00
14.87	0.0000000e+00
14.91	0.0000000e+00
14.94	0.0000000e+00
14.97	0.0000000e+00
15.01	0.0000000e+00
15.04	0.0000000e+00
15.08	0.0000000e+00
15.11	0.0000000e+00
15.14	0.0000000e+00
15.18	0.0000000e+00
15.21	0.0000000e+00
15.25	0.0000000e+00
15.28	0.0000000e+00
15.31	0.0000000e+00
15.35	0.0000000e+00
15.38	0.0000000e+00
15.42	0.0000000e+00
15.45	0.0000000e+00
15.48	0.0000000e+00
15.52	0.0000000e+00
15.55	0.0000000e+00
15.59	0.0000000e+00
15.62	0.0000000e+00
15.66	0.0000000e+00
15.69	0.0000000e+00
15.72	0.0000000e+00
15.76	0.0000000e+00
15.79	0.0000000e+00
15.83	0.0000000e+00
15.86	0.0000000e+00
15.89	0.0000000e+00
15.93	0.0000000e+00
15.96	0.0000000e+00
16.00	0.0000000e+00
16.03	0.0000000e+00
16.06	0.0000000e+00
16.10	0.0000000e+00
16.13	0.0000000e+00
16.17	0.0000000e+00
16.20	0.0000000e+00
16.23	0.0000000e+00
16.27	0.0000000e+00
16.30	0.0000000e+00
16.34	0.0000000e+00
16.37	0.0000000e+00
16.40	0.0000000e+00
16.44	0.0000000e+00
16.47	0.0000000e+00
16.51	0.0000000e+00
16.54	0.0000000e+00
16.58	0.0000000e+00
16.61	0.0000000e+00
16.64	0.0000000e+00
16.68	0.0000000e+00
16.71	0.0000000e+00
16.75	0.0000000e+00
16.78	0.0000000e+00
16.81	0.0000000e+00
16.85	0.0000000e+00
16.88	0.0000000e+00
16.92	0.0000000e+00
16.95	0.0000000e+00
16.98	0.0000000e+00
17.02	0.0000000e+00
17.05	0.0000000e+00
17.09	0.0000000e+00
17.12	0.0000000e+00
17.15	0.0000000e+00
17.19	0.0000000e+00
17.22	0.0000000e+00
17.26	0.0000000e+00
17.29	0.0000000e+00
17.32	0.0000000e+00
17.36	0.0000000e+00
17.39	0.0000000e+00
17.43	0.0000000e+00
17.46	0.0000000e+00
17.49	0.0000000e+00
17.53	0.0000000e+00
17.56	0.0000000e+00
17.60	0.0000000e+00
17.63	0.0000000e+00
17.67	0.0000000e+00
17.70	0.0000000e+00
17.73	0.0000000e+00
17.77	0.0000000e+00
17.80	0.0000000e+00
17.84	0.0000000e+00
17.87	0.0000000e+00
17.90	0.0000000e+00
17.94	0.0000000e+00
17.97	0.0000000e+00
18.01	0.0000000e+00
18.04	0.0000000e+00
18.07	0.0000000e+00
18.11	0.0000000e+00
18.14	0.0000000e+00
18.18	0.0000000e+00
18.21	0.0000000e+00
18.24	0.0000000e+00
18.28	0.0000000e+00
18.31	0.0000000e+00
18.35	0.0000000e+00
18.38	0.0000000e+00
18.41	0.0000000e+00
18.45	0.0000000e+00
18.48	0.0000000e+00
18.52	0.0000000e+00
18.55	0.0000000e+00
18.59	0.0000000e+00
18.62	0.0000000e+00
18.65	0.0000000e+00
18.69	0.0000000e+00
18.72	0.0000000e+00
18.76	0.0000000e+00
18.79	0.0000000e+00
18.82	0.0000000e+00
18.86	0.0000000e+00
18.89	0.0000000e+00
18.93	0.0000000e+00
18.96	0.0000000e+00
18.99	0.0000000e+00
19.03	0.0000000e+00
19.06	0.0000000e+00
19.10	0.0000000e+00
19.13	0.0000000e+00
19.16	0.0000000e+00
19.20	0.0000000e+00
19.23	0.0000000e+00
19.27	0.0000000e+00
19.30	0.0000000e+00
19.33	0.0000000e+00
19.37	0.0000000e+00
19.40	0.0000000e+00
19.44	0.0000000e+00
19.47	0.0000000e+00
19.51	0.0000000e+00
19.54	0.0000000e+00
19.57	0.0000000e+00
19.61	0.0000000e+00
19.64	0.0000000e+00
19.68	0.0000000e+00
19.71	0.0000000e+00
19.74	0.0000000e+00
19.78	0.0000000e+00
19.81	0.0000000e+00
19.85	0.0000000e+00
19.88	0.0000000e+00
19.91	0.0000000e+00
19.95	0.0000000e+00
19.98	0.0000000e+00
20.02	0.0000000e+00
20.05	0.0000000e+00
20.08	0.0000000e+00
20.12	0.0000000e+00
20.15	0.0000000e+00
20.19	0.0000000e+00
20.22	0.0000000e+00
20.25	0.0000000e+00
20.29	0.0000000e+00
20.32	0.0000000e+00
20.36	0.0000000e+00
20.39	0.0000000e+00
20.42	0.0000000e+00
20.46	0.0000000e+00
20.49	0.0000000e+00
20.53	0.0000000e+00
20.56	0.0000000e+00
20.60	0.0000000e+00
20.63	0.0000000e+00
20.66	0.0000000e+00
20.70	0.0000000e+00
20.73	0.0000000e+00
20.77	0.0000000e+00
20.80	0.0000000e+00
20.83	0.0000000e+00
20.87	0.0000000e+00
20.90	0.0000000e+00
20.94	0.0000000e+00
20.97	0.0000000e+00
21.00	0.0000000e+00
21.04	0.0000000e+00
21.07	0.0000000e+00
21.11	0.0000000e+00
21.14	0.0000000e+00
21.17	0.0000000e+00
21.21	0.0000000e+00
21.24	0.0000000e+00
21.28	0.0000000e+00
21.31	0.0000000e+00
21.34	0.0000000e+00
21.38	0.0000000e+00
21.41	0.0000000e+00
21.45	0.0000000e+00
21.48	0.0000000e+00
21.52	3.0432734e-275
21.55	1.4739210e-254
21.58	1.9620564e-235
21.62	9.4140389e-218
21.65	2.0917251e-201
21.69	2.7134263e-186
21.72	2.5458945e-172
21.75	2.1060678e-159
21.79	1.8446787e-147
21.82	2.0262295e-136
21.86	3.2638360e-126
21.89	8.9096437e-117
21.92	4.7115169e-108
21.96	5.4615966e-100
21.99	1.5558662e-92
22.03	1.2106138e-85
22.06	2.8368848e-79
22.09	2.1912886e-73
22.13	6.0650948e-68
22.16	6.4979654e-63
22.20	2.8940837e-58
22.23	5.7239073e-54
22.26	5.3433634e-50
22.30	2.4909939e-46
22.33	6.1096352e-43
22.37	8.2734141e-40
22.40	6.4676394e-37
22.43	3.0416196e-34
22.47	8.9396533e-32
22.50	1.7010056e-29
22.54	2.1648157e-27
22.57	1.8991626e-25
22.61	1.1809758e-23
22.64	5.3414472e-22
22.67	1.7996001e-20
22.71	4.6171531e-19
22.74	9.2069650e-18
22.78	1.4541202e-16
22.81	1.8510085e-15
22.84	1.9299888e-14
22.88	1.6731218e-13
22.91	1.2227246e-12
22.95	7.6297492e-12
22.98	4.1134740e-11
23.01	1.9372069e-10
23.05	8.0502283e-10
23.08	2.9797013e-09
23.12	9.9090684e-09
23.15	2.9844925e-08
23.18	8.2017704e-08
23.22	2.0707397e-07
23.25	4.8337365e-07
23.29	1.0493802e-06
23.32	2.1302840e-06
23.35	4.0642696e-06
23.39	7.3213275e-06
23.42	1.2506317e-05
23.46	2.0339023e-05
23.49	3.1607442e-05
23.53	4.7095866e-05
23.56	6.7495176e-05
23.59	9.3307527e-05
23.63	1.2475999e-04
23.66	1.6174118e-04
23.70	2.0377142e-04
23.73	2.5001191e-04
23.76	2.9931189e-04
23.80	3.5028767e-04
23.83	4.0142289e-04
23.87	4.5117733e-04
23.90	4.9809173e-04
23.93	5.4087777e-04
23.97	5.7848561e-04
24.00	6.1014516e-04
24.04	6.3538094e-04
24.07	6.5400326e-04
24.10	6.6608073e-04
24.14	6.7189988e-04
24.17	6.7191791e-04
24.21	6.6671369e-04
24.24	6.5694131e-04
24.27	6.4328879e-04
24.31	6.2644390e-04
24.34	6.0706742e-04
24.38	5.8577386e-04
24.41	5.6311885e-04
24.44	5.3959221e-04
24.48	5.1561561e-04
24.51	4.9154373e-04
24.55	4.6766782e-04
24.58	4.4422097e-04
24.62	4.2138424e-04
24.65	3.9929320e-04
24.68	3.7804445e-04
24.72	3.5770182e-04
24.75	3.3830212e-04
24.79	3.1986033e-04
24.82	3.0237412e-04
24.85	2.8582781e-04
24.89	2.7019571e-04
24.92	2.5544489e-04
24.96	2.4153746e-04
24.99	2.2843248e-04
25.02	2.1608738e-04
25.06	2.0445913e-04
25.09	1.9350515e-04
25.13	1.8318390e-04
25.16	1.7345541e-04
25.19	1.6428155e-04
25.23	1.5562625e-04
25.26	1.4745563e-04
25.30	1.3973797e-04
25.33	1.3244376e-04
25.36	1.2554559e-04
25.40	1.1901808e-04
25.43	1.1283777e-04
25.47	1.0698302e-04
25.50	1.0143386e-04
25.54	9.6171860e-05
25.57	9.1180041e-05
25.60	8.6442727e-05
25.64	8.1945441e-05
25.67	7.7674795e-05
25.71	7.3618392e-05
25.74	6.9764734e-05
25.77	6.6103135e-05
25.81	6.2623646e-05
25.84	5.9316987e-05
25.88	5.6174480e-05
25.91	5.3187994e-05
25.94	5.0349895e-05
25.98	4.7653001e-05
26.01	4.5090539e-05
26.05	4.2656113e-05
26.08	4.0343669e-05
26.11	3.8147469e-05
26.15	3.6062065e-05
26.18	3.4082276e-05
26.22	3.2203171e-05
26.25	3.0420050e-05
26.28	2.8728429e-05
26.32	2.7124026e-05
26.35	2.5602751e-05
26.39	2.4160692e-05
26.42	2.2794108e-05
26.45	2.1499418e-05
26.49	2.0273196e-05
26.52	1.9112161e-05
26.56	1.8013172e-05
26.59	1.6973222e-05
26.63	1.5989432e-05
26.66	1.5059046e-05
26.69	1.4179428e-05
26.73	1.3348053e-05
26.76	1.2562508e-05
26.80	1.1820483e-05
26.83	1.1119772e-05
26.86	1.0458266e-05
26.90	9.8339488e-06
26.93	9.2448970e-06
26.97	8.6892741e-06
27.00	8.1653276e-06
