# NeutrinoAntineutrinoInteraction/NeutrinoAntineutrinoElectron interaction rates
# neutrino field: massive Cosmic Neutrino Background, T_CnuB = 1.94535456 K
# Produced with crpropa-data version: 60a1560e37035039ec25f414e0c42a2444bad49c
# log10(E/eV), 1/lambda [1/Mpc]
10.00	0.0000000e+00
10.03	0.0000000e+00
10.07	0.0000000e+00
10.10	0.0000000e+00
10.14	0.0000000e+00
10.17	0.0000000e+00
10.20	0.0000000e+00
10.24	0.0000000e+00
10.27	0.0000000e+00
10.31	0.0000000e+00
10.34	0.0000000e+00
10.37	0.0000000e+00
10.41	0.0000000e+00
10.44	0.0000000e+00
10.48	0.0000000e+00
10.51	0.0000000e+00
10.55	0.0000000e+00
10.58	0.0000000e+00
10.61	0.0000000e+00
10.65	0.0000000e+00
10.68	0.0000000e+00
10.72	0.0000000e+00
10.75	0.0000000e+00
10.78	0.0000000e+00
10.82	0.0000000e+00
10.85	0.0000000e+00
10.89	0.0000000e+00
10.92	0.0000000e+00
10.95	0.0000000e+00
10.99	0.0000000e+00
11.02	0.0000000e+00
11.06	0.0000000e+00
11.09	0.0000000e+00
11.12	0.0000000e+00
11.16	0.0000000e+00
11.19	0.0000000e+00
11.23	0.0000000e+00
11.26	0.0000000e+00
11.29	0.0000000e+00
11.33	0.0000000e+00
11.36	0.0000000e+00
11.40	0.0000000e+00
11.43	0.0000000e+00
11.46	0.0000000e+00
11.50	0.0000000e+00
11.53	0.0000000e+00
11.57	0.0000000e+00
11.60	0.0000000e+00
11.64	0.0000000e+00
11.67	0.0000000e+00
11.70	0.0000000e+00
11.74	0.0000000e+00
11.77	0.0000000e+00
11.81	0.0000000e+00
11.84	0.0000000e+00
11.87	0.0000000e+00
11.91	0.0000000e+00
11.94	0.0000000e+00
11.98	0.0000000e+00
12.01	0.0000000e+00
12.04	0.0000000e+00
12.08	0.0000000e+00
12.11	0.0000000e+00
12.15	0.0000000e+00
12.18	0.0000000e+00
12.21	0.0000000e+00
12.25	0.0000000e+00
12.28	0.0000000e+00
12.32	0.0000000e+00
12.35	0.0000000e+00
12.38	0.0000000e+00
12.42	0.0000000e+00
12.45	0.0000000e+00
12.49	0.0000000e+00
12.52	0.0000000e+00
12.56	0.0000000e+00
12.59	0.0000000e+00
12.62	0.0000000e+00
12.66	0.0000000e+00
12.69	0.0000000e+00
12.73	0.0000000e+00
12.76	0.0000000e+00
12.79	0.0000000e+00
12.83	0.0000000e+00
12.86	0.0000000e+00
12.90	0.0000000e+00
12.93	0.0000000e+00
12.96	0.0000000e+00
13.00	0.0000000e+00
13.03	0.0000000e+00
13.07	0.0000000e+00
13.10	0.0000000e+00
13.13	0.0000000e+00
13.17	0.0000000e+00
13.20	0.0000000e+00
13.24	0.0000000e+00
13.27	0.0000000e+00
13.30	0.0000000e+00
13.34	0.0000000e+00
13.37	0.0000000e+00
13.41	0.0000000e+00
13.44	0.0000000e+00
13.47	0.0000000e+00
13.51	0.0000000e+00
13.54	0.0000000e+00
13.58	0.0000000e+00
13.61	0.0000000e+00
13.65	0.0000000e+00
13.68	0.0000000e+00
13.71	0.0000000e+00
13.75	0.0000000e+00
13.78	0.0000000e+00
13.82	0.0000000e+00
13.85	0.0000000e+00
13.88	0.0000000e+00
13.92	0.0000000e+00
13.95	0.0000000e+00
13.99	0.0000000e+00
14.02	0.0000000e+00
14.05	0.0000000e+00
14.09	0.0000000e+00
14.12	0.0000000e+00
14.16	0.0000000e+00
14.19	0.0000000e+00
14.22	0.0000000e+00
14.26	0.0000000e+00
14.29	0.0000000e+00
14.33	0.0000000e+00
14.36	0.0000000e+00
14.39	0.0000000e+00
14.43	0.0000000e+00
14.46	0.0000000e+00
14.50	0.0000000e+00
14.53	0.0000000e+00
14.57	0.0000000e+00
14.60	0.0000000e+00
14.63	0.0000000e+00
14.67	0.0000000e+00
14.70	0.0000000e+00
14.74	0.0000000e+00
14.77	0.0000000e+00
14.80	0.0000000e+00
14.84	0.0000000e+00
14.87	0.0000000e+00
14.91	0.0000000e+00
14.94	0.0000000e+00
14.97	0.0000000e+00
15.01	0.0000000e+00
15.04	0.0000000e+00
15.08	0.0000000e+00
15.11	0.0000000e+00
15.14	0.0000000e+00
15.18	0.0000000e+00
15.21	0.0000000e+00
15.25	0.0000000e+00
15.28	0.0000000e+00
15.31	0.0000000e+00
15.35	0.0000000e+00
15.38	0.0000000e+00
15.42	0.0000000e+00
15.45	0.0000000e+00
15.48	0.0000000e+00
15.52	0.0000000e+00
15.55	0.0000000e+00
15.59	0.0000000e+00
15.62	0.0000000e+00
15.66	0.0000000e+00
15.69	0.0000000e+00
15.72	0.0000000e+00
15.76	0.0000000e+00
15.79	0.0000000e+00
15.83	0.0000000e+00
15.86	0.0000000e+00
15.89	0.0000000e+00
15.93	0.0000000e+00
15.96	0.0000000e+00
16.00	0.0000000e+00
16.03	0.0000000e+00
16.06	0.0000000e+00
16.10	0.0000000e+00
16.13	0.0000000e+00
16.17	0.0000000e+00
16.20	0.0000000e+00
16.23	0.0000000e+00
16.27	0.0000000e+00
16.30	0.0000000e+00
16.34	0.0000000e+00
16.37	0.0000000e+00
16.40	0.0000000e+00
16.44	0.0000000e+00
16.47	0.0000000e+00
16.51	0.0000000e+00
16.54	0.0000000e+00
16.58	0.0000000e+00
16.61	0.0000000e+00
16.64	0.0000000e+00
16.68	0.0000000e+00
16.71	0.0000000e+00
16.75	0.0000000e+00
16.78	0.0000000e+00
16.81	0.0000000e+00
16.85	0.0000000e+00
16.88	0.0000000e+00
16.92	0.0000000e+00
16.95	0.0000000e+00
16.98	0.0000000e+00
17.02	0.0000000e+00
17.05	0.0000000e+00
17.09	0.0000000e+00
17.12	0.0000000e+00
17.15	0.0000000e+00
17.19	0.0000000e+00
17.22	0.0000000e+00
17.26	0.0000000e+00
17.29	0.0000000e+00
17.32	0.0000000e+00
17.36	0.0000000e+00
17.39	0.0000000e+00
17.43	0.0000000e+00
17.46	0.0000000e+00
17.49	0.0000000e+00
17.53	0.0000000e+00
17.56	0.0000000e+00
17.60	0.0000000e+00
17.63	0.0000000e+00
17.67	0.0000000e+00
17.70	0.0000000e+00
17.73	0.0000000e+00
17.77	0.0000000e+00
17.80	0.0000000e+00
17.84	0.0000000e+00
17.87	0.0000000e+00
17.90	0.0000000e+00
17.94	0.0000000e+00
17.97	0.0000000e+00
18.01	0.0000000e+00
18.04	0.0000000e+00
18.07	0.0000000e+00
18.11	0.0000000e+00
18.14	0.0000000e+00
18.18	0.0000000e+00
18.21	0.0000000e+00
18.24	0.0000000e+00
18.28	0.0000000e+00
18.31	0.0000000e+00
18.35	0.0000000e+00
18.38	0.0000000e+00
18.41	0.0000000e+00
18.45	0.0000000e+00
18.48	0.0000000e+00
18.52	0.0000000e+00
18.55	0.0000000e+00
18.59	0.0000000e+00
18.62	0.0000000e+00
18.65	0.0000000e+00
18.69	0.0000000e+00
18.72	0.0000000e+00
18.76	0.0000000e+00
18.79	0.0000000e+00
18.82	0.0000000e+00
18.86	0.0000000e+00
18.89	0.0000000e+00
18.93	0.0000000e+00
18.96	0.0000000e+00
18.99	0.0000000e+00
19.03	0.0000000e+00
19.06	0.0000000e+00
19.10	0.0000000e+00
19.13	0.0000000e+00
19.16	0.0000000e+00
19.20	0.0000000e+00
19.23	0.0000000e+00
19.27	0.0000000e+00
19.30	0.0000000e+00
19.33	0.0000000e+00
19.37	0.0000000e+00
19.40	0.0000000e+00
19.44	0.0000000e+00
19.47	0.0000000e+00
19.51	0.0000000e+00
19.54	0.0000000e+00
19.57	0.0000000e+00
19.61	0.0000000e+00
19.64	0.0000000e+00
19.68	0.0000000e+00
19.71	0.0000000e+00
19.74	0.0000000e+00
19.78	0.0000000e+00
19.81	0.0000000e+00
19.85	0.0000000e+00
19.88	0.0000000e+00
19.91	0.0000000e+00
19.95	0.0000000e+00
19.98	0.0000000e+00
20.02	0.0000000e+00
20.05	0.0000000e+00
20.08	0.0000000e+00
20.12	0.0000000e+00
20.15	0.0000000e+00
20.19	0.0000000e+00
20.22	0.0000000e+00
20.25	0.0000000e+00
20.29	0.0000000e+00
20.32	0.0000000e+00
20.36	0.0000000e+00
20.39	0.0000000e+00
20.42	0.0000000e+00
20.46	0.0000000e+00
20.49	0.0000000e+00
20.53	0.0000000e+00
20.56	0.0000000e+00
20.60	0.0000000e+00
20.63	0.0000000e+00
20.66	0.0000000e+00
20.70	0.0000000e+00
20.73	0.0000000e+00
20.77	0.0000000e+00
20.80	0.0000000e+00
20.83	0.0000000e+00
20.87	0.0000000e+00
20.90	0.0000000e+00
20.94	0.0000000e+00
20.97	0.0000000e+00
21.00	0.0000000e+00
21.04	0.0000000e+00
21.07	0.0000000e+00
21.11	0.0000000e+00
21.14	0.0000000e+00
21.17	0.0000000e+00
21.21	0.0000000e+00
21.24	0.0000000e+00
21.28	0.0000000e+00
21.31	0.0000000e+00
21.34	0.0000000e+00
21.38	0.0000000e+00
21.41	0.0000000e+00
21.45	0.0000000e+00
21.48	0.0000000e+00
21.52	3.1319525e-275
21.55	1.5204001e-254
21.58	2.0290165e-235
21.62	9.7617543e-218
21.65	2.1753468e-201
21.69	2.8308415e-186
21.72	2.6651468e-172
21.75	2.2128622e-159
21.79	1.9459485e-147
21.82	2.1466684e-136
21.86	3.4739064e-126
21.89	9.5306522e-117
21.92	5.0671854e-108
21.96	5.9081800e-100
21.99	1.6936851e-92
22.03	1.3268003e-85
22.06	3.1319183e-79
22.09	2.4382787e-73
22.13	6.8061407e-68
22.16	7.3587537e-63
22.20	3.3098336e-58
22.23	6.6158028e-54
22.26	6.2466853e-50
22.30	2.9479995e-46
22.33	7.3264058e-43
22.37	1.0062601e-39
22.40	7.9869177e-37
22.43	3.8179928e-34
22.47	1.1420072e-31
22.50	2.2142509e-29
22.54	2.8754450e-27
22.57	2.5777223e-25
22.61	1.6404744e-23
22.64	7.6058104e-22
22.67	2.6312629e-20
22.71	6.9446182e-19
22.74	1.4272553e-17
22.78	2.3278921e-16
22.81	3.0665859e-15
22.84	3.3161341e-14
22.88	2.9882690e-13
22.91	2.2753862e-12
22.95	1.4829356e-11
22.98	8.3711387e-11
23.01	4.1382269e-10
23.05	1.8097573e-09
23.08	7.0676031e-09
23.12	2.4861199e-08
23.15	7.9400736e-08
23.18	2.3192778e-07
23.22	6.2375288e-07
23.25	1.5540051e-06
23.29	3.6063618e-06
23.32	7.8344445e-06
23.35	1.6001225e-05
23.39	3.0839339e-05
23.42	5.6251985e-05
23.46	9.7302456e-05
23.49	1.5973760e-04
23.53	2.4865916e-04
23.56	3.6585673e-04
23.59	5.0552125e-04
23.63	6.4935234e-04
23.66	7.6564788e-04
23.70	8.2249675e-04
23.73	8.2570773e-04
23.76	8.0351674e-04
23.80	7.6926789e-04
23.83	7.2938134e-04
23.87	6.8736919e-04
23.90	6.4526060e-04
23.93	6.0424480e-04
23.97	5.6500539e-04
24.00	5.2791059e-04
24.04	4.9312814e-04
24.07	4.6069771e-04
24.10	4.3057790e-04
24.14	4.0267729e-04
24.17	3.7687515e-04
24.21	3.5303544e-04
24.24	3.3101609e-04
24.27	3.1067523e-04
24.31	2.9187519e-04
24.34	2.7448496e-04
24.38	2.5838171e-04
24.41	2.4345145e-04
24.44	2.2958930e-04
24.48	2.1669938e-04
24.51	2.0469448e-04
24.55	1.9349558e-04
24.58	1.8303137e-04
24.62	1.7323758e-04
24.65	1.6405646e-04
24.68	1.5543619e-04
24.72	1.4733029e-04
24.75	1.3969710e-04
24.79	1.3249933e-04
24.82	1.2570352e-04
24.85	1.1927971e-04
24.89	1.1320101e-04
24.92	1.0744324e-04
24.96	1.0198467e-04
24.99	9.6805708e-05
25.02	9.1888639e-05
25.06	8.7217434e-05
25.09	8.2777534e-05
25.13	7.8555681e-05
25.16	7.4539759e-05
25.19	7.0718665e-05
25.23	6.7082184e-05
25.26	6.3620886e-05
25.30	6.0326037e-05
25.33	5.7189517e-05
25.36	5.4203751e-05
25.40	5.1361646e-05
25.43	4.8656546e-05
25.47	4.6082176e-05
25.50	4.3632613e-05
25.54	4.1302244e-05
25.57	3.9085743e-05
25.60	3.6978039e-05
25.64	3.4974303e-05
25.67	3.3069919e-05
25.71	3.1260476e-05
25.74	2.9541751e-05
25.77	2.7909695e-05
25.81	2.6360425e-05
25.84	2.4890215e-05
25.88	2.3495486e-05
25.91	2.2172801e-05
25.94	2.0918857e-05
25.98	1.9730479e-05
26.01	1.8604619e-05
26.05	1.7538347e-05
26.08	1.6528847e-05
26.11	1.5573418e-05
26.15	1.4669463e-05
26.18	1.3814492e-05
26.22	1.3006115e-05
26.25	1.2242042e-05
26.28	1.1520075e-05
26.32	1.0838112e-05
26.35	1.0194136e-05
26.39	9.5862194e-06
26.42	9.0125182e-06
26.45	8.4712686e-06
26.49	7.9607858e-06
26.52	7.4794605e-06
26.56	7.0257570e-06
26.59	6.5982101e-06
26.63	6.1954229e-06
26.66	5.8160641e-06
26.69	5.4588661e-06
26.73	5.1226220e-06
26.76	4.8061835e-06
26.80	4.5084589e-06
26.83	4.2284103e-06
26.86	3.9650519e-06
26.90	3.7174475e-06
26.93	3.4847087e-06
26.97	3.2659928e-06
27.00	3.0605006e-06
