# NeutrinoAntineutrinoInteraction/NeutrinoAntineutrinoElectron interaction rates
# neutrino field: massive Cosmic Neutrino Background, T_CnuB = 1.94535456 K
# Produced with crpropa-data version: 60a1560e37035039ec25f414e0c42a2444bad49c
# log10(E/eV), 1/lambda [1/Mpc]
10.00	0.0000000e+00
10.03	0.0000000e+00
10.07	0.0000000e+00
10.10	0.0000000e+00
10.14	0.0000000e+00
10.17	0.0000000e+00
10.20	0.0000000e+00
10.24	0.0000000e+00
10.27	0.0000000e+00
10.31	0.0000000e+00
10.34	0.0000000e+00
10.37	0.0000000e+00
10.41	0.0000000e+00
10.44	0.0000000e+00
10.48	0.0000000e+00
10.51	0.0000000e+00
10.55	0.0000000e+00
10.58	0.0000000e+00
10.61	0.0000000e+00
10.65	0.0000000e+00
10.68	0.0000000e+00
10.72	0.0000000e+00
10.75	0.0000000e+00
10.78	0.0000000e+00
10.82	0.0000000e+00
10.85	0.0000000e+00
10.89	0.0000000e+00
10.92	0.0000000e+00
10.95	0.0000000e+00
10.99	0.0000000e+00
11.02	0.0000000e+00
11.06	0.0000000e+00
11.09	0.0000000e+00
11.12	0.0000000e+00
11.16	0.0000000e+00
11.19	0.0000000e+00
11.23	0.0000000e+00
11.26	0.0000000e+00
11.29	0.0000000e+00
11.33	0.0000000e+00
11.36	0.0000000e+00
11.40	0.0000000e+00
11.43	0.0000000e+00
11.46	0.0000000e+00
11.50	0.0000000e+00
11.53	0.0000000e+00
11.57	0.0000000e+00
11.60	0.0000000e+00
11.64	0.0000000e+00
11.67	0.0000000e+00
11.70	0.0000000e+00
11.74	0.0000000e+00
11.77	0.0000000e+00
11.81	0.0000000e+00
11.84	0.0000000e+00
11.87	0.0000000e+00
11.91	0.0000000e+00
11.94	0.0000000e+00
11.98	0.0000000e+00
12.01	0.0000000e+00
12.04	0.0000000e+00
12.08	0.0000000e+00
12.11	0.0000000e+00
12.15	0.0000000e+00
12.18	0.0000000e+00
12.21	0.0000000e+00
12.25	0.0000000e+00
12.28	0.0000000e+00
12.32	0.0000000e+00
12.35	0.0000000e+00
12.38	0.0000000e+00
12.42	0.0000000e+00
12.45	0.0000000e+00
12.49	0.0000000e+00
12.52	0.0000000e+00
12.56	0.0000000e+00
12.59	0.0000000e+00
12.62	0.0000000e+00
12.66	0.0000000e+00
12.69	0.0000000e+00
12.73	0.0000000e+00
12.76	0.0000000e+00
12.79	0.0000000e+00
12.83	0.0000000e+00
12.86	0.0000000e+00
12.90	0.0000000e+00
12.93	0.0000000e+00
12.96	0.0000000e+00
13.00	0.0000000e+00
13.03	0.0000000e+00
13.07	0.0000000e+00
13.10	0.0000000e+00
13.13	0.0000000e+00
13.17	0.0000000e+00
13.20	0.0000000e+00
13.24	0.0000000e+00
13.27	0.0000000e+00
13.30	0.0000000e+00
13.34	0.0000000e+00
13.37	0.0000000e+00
13.41	0.0000000e+00
13.44	0.0000000e+00
13.47	0.0000000e+00
13.51	0.0000000e+00
13.54	0.0000000e+00
13.58	0.0000000e+00
13.61	0.0000000e+00
13.65	0.0000000e+00
13.68	0.0000000e+00
13.71	0.0000000e+00
13.75	0.0000000e+00
13.78	0.0000000e+00
13.82	0.0000000e+00
13.85	0.0000000e+00
13.88	0.0000000e+00
13.92	0.0000000e+00
13.95	0.0000000e+00
13.99	0.0000000e+00
14.02	0.0000000e+00
14.05	0.0000000e+00
14.09	0.0000000e+00
14.12	0.0000000e+00
14.16	0.0000000e+00
14.19	0.0000000e+00
14.22	0.0000000e+00
14.26	0.0000000e+00
14.29	0.0000000e+00
14.33	0.0000000e+00
14.36	0.0000000e+00
14.39	0.0000000e+00
14.43	0.0000000e+00
14.46	0.0000000e+00
14.50	0.0000000e+00
14.53	0.0000000e+00
14.57	0.0000000e+00
14.60	0.0000000e+00
14.63	0.0000000e+00
14.67	0.0000000e+00
14.70	0.0000000e+00
14.74	0.0000000e+00
14.77	0.0000000e+00
14.80	0.0000000e+00
14.84	0.0000000e+00
14.87	0.0000000e+00
14.91	0.0000000e+00
14.94	0.0000000e+00
14.97	0.0000000e+00
15.01	0.0000000e+00
15.04	0.0000000e+00
15.08	0.0000000e+00
15.11	0.0000000e+00
15.14	0.0000000e+00
15.18	0.0000000e+00
15.21	0.0000000e+00
15.25	0.0000000e+00
15.28	0.0000000e+00
15.31	0.0000000e+00
15.35	0.0000000e+00
15.38	0.0000000e+00
15.42	0.0000000e+00
15.45	0.0000000e+00
15.48	0.0000000e+00
15.52	0.0000000e+00
15.55	0.0000000e+00
15.59	0.0000000e+00
15.62	0.0000000e+00
15.66	0.0000000e+00
15.69	0.0000000e+00
15.72	0.0000000e+00
15.76	0.0000000e+00
15.79	0.0000000e+00
15.83	0.0000000e+00
15.86	0.0000000e+00
15.89	0.0000000e+00
15.93	0.0000000e+00
15.96	0.0000000e+00
16.00	0.0000000e+00
16.03	0.0000000e+00
16.06	0.0000000e+00
16.10	0.0000000e+00
16.13	0.0000000e+00
16.17	0.0000000e+00
16.20	0.0000000e+00
16.23	0.0000000e+00
16.27	0.0000000e+00
16.30	0.0000000e+00
16.34	0.0000000e+00
16.37	0.0000000e+00
16.40	0.0000000e+00
16.44	0.0000000e+00
16.47	0.0000000e+00
16.51	0.0000000e+00
16.54	0.0000000e+00
16.58	0.0000000e+00
16.61	0.0000000e+00
16.64	0.0000000e+00
16.68	0.0000000e+00
16.71	0.0000000e+00
16.75	0.0000000e+00
16.78	0.0000000e+00
16.81	0.0000000e+00
16.85	0.0000000e+00
16.88	0.0000000e+00
16.92	0.0000000e+00
16.95	0.0000000e+00
16.98	0.0000000e+00
17.02	0.0000000e+00
17.05	0.0000000e+00
17.09	0.0000000e+00
17.12	0.0000000e+00
17.15	0.0000000e+00
17.19	0.0000000e+00
17.22	0.0000000e+00
17.26	0.0000000e+00
17.29	0.0000000e+00
17.32	0.0000000e+00
17.36	0.0000000e+00
17.39	0.0000000e+00
17.43	0.0000000e+00
17.46	0.0000000e+00
17.49	0.0000000e+00
17.53	0.0000000e+00
17.56	0.0000000e+00
17.60	0.0000000e+00
17.63	0.0000000e+00
17.67	0.0000000e+00
17.70	0.0000000e+00
17.73	0.0000000e+00
17.77	0.0000000e+00
17.80	0.0000000e+00
17.84	0.0000000e+00
17.87	0.0000000e+00
17.90	0.0000000e+00
17.94	0.0000000e+00
17.97	0.0000000e+00
18.01	0.0000000e+00
18.04	0.0000000e+00
18.07	0.0000000e+00
18.11	0.0000000e+00
18.14	0.0000000e+00
18.18	0.0000000e+00
18.21	0.0000000e+00
18.24	0.0000000e+00
18.28	0.0000000e+00
18.31	0.0000000e+00
18.35	0.0000000e+00
18.38	0.0000000e+00
18.41	0.0000000e+00
18.45	0.0000000e+00
18.48	0.0000000e+00
18.52	0.0000000e+00
18.55	0.0000000e+00
18.59	0.0000000e+00
18.62	0.0000000e+00
18.65	0.0000000e+00
18.69	0.0000000e+00
18.72	0.0000000e+00
18.76	0.0000000e+00
18.79	0.0000000e+00
18.82	0.0000000e+00
18.86	0.0000000e+00
18.89	0.0000000e+00
18.93	0.0000000e+00
18.96	0.0000000e+00
18.99	0.0000000e+00
19.03	0.0000000e+00
19.06	0.0000000e+00
19.10	0.0000000e+00
19.13	0.0000000e+00
19.16	0.0000000e+00
19.20	0.0000000e+00
19.23	0.0000000e+00
19.27	0.0000000e+00
19.30	0.0000000e+00
19.33	0.0000000e+00
19.37	0.0000000e+00
19.40	0.0000000e+00
19.44	0.0000000e+00
19.47	0.0000000e+00
19.51	0.0000000e+00
19.54	0.0000000e+00
19.57	0.0000000e+00
19.61	0.0000000e+00
19.64	0.0000000e+00
19.68	0.0000000e+00
19.71	0.0000000e+00
19.74	0.0000000e+00
19.78	0.0000000e+00
19.81	0.0000000e+00
19.85	0.0000000e+00
19.88	0.0000000e+00
19.91	0.0000000e+00
19.95	0.0000000e+00
19.98	0.0000000e+00
20.02	0.0000000e+00
20.05	0.0000000e+00
20.08	0.0000000e+00
20.12	0.0000000e+00
20.15	0.0000000e+00
20.19	0.0000000e+00
20.22	0.0000000e+00
20.25	0.0000000e+00
20.29	0.0000000e+00
20.32	0.0000000e+00
20.36	0.0000000e+00
20.39	0.0000000e+00
20.42	0.0000000e+00
20.46	0.0000000e+00
20.49	0.0000000e+00
20.53	0.0000000e+00
20.56	0.0000000e+00
20.60	0.0000000e+00
20.63	0.0000000e+00
20.66	0.0000000e+00
20.70	0.0000000e+00
20.73	0.0000000e+00
20.77	0.0000000e+00
20.80	0.0000000e+00
20.83	0.0000000e+00
20.87	0.0000000e+00
20.90	0.0000000e+00
20.94	0.0000000e+00
20.97	0.0000000e+00
21.00	0.0000000e+00
21.04	0.0000000e+00
21.07	0.0000000e+00
21.11	0.0000000e+00
21.14	0.0000000e+00
21.17	0.0000000e+00
21.21	7.0170093e-277
21.24	6.4178910e-256
21.28	1.5424921e-236
21.31	1.2821663e-218
21.34	4.7518178e-202
21.38	9.9301176e-187
21.41	1.4538620e-172
21.45	1.8228536e-159
21.48	2.3564234e-147
21.52	3.7287663e-136
21.55	8.4646325e-126
21.58	3.1923550e-116
21.62	2.2908912e-107
21.65	3.5463570e-99
21.69	1.3299648e-91
21.72	1.3451906e-84
21.75	4.0524585e-78
21.79	3.9857873e-72
21.82	1.3933196e-66
21.86	1.8726073e-61
21.89	1.0405632e-56
21.92	2.5569662e-52
21.96	2.9569750e-48
21.99	1.7047324e-44
22.03	5.1678795e-41
22.06	8.6548905e-38
22.09	8.3823162e-35
22.13	4.8979656e-32
22.16	1.7958083e-29
22.20	4.2844042e-27
22.23	6.8793262e-25
22.26	7.6700397e-23
22.30	6.1126469e-21
22.33	3.5769309e-19
22.37	1.5756633e-17
22.40	5.3471561e-16
22.43	1.4282040e-14
22.47	3.0625285e-13
22.50	5.3698142e-12
22.54	7.8302557e-11
22.57	9.6444515e-10
22.61	1.0176788e-08
22.64	9.3174319e-08
22.67	7.4844886e-07
22.71	5.3235957e-06
22.74	3.3753377e-05
22.78	1.9130948e-04
22.81	9.6569918e-04
22.84	4.2664465e-03
22.88	1.5640817e-02
22.91	4.0640742e-02
22.95	6.0099055e-02
22.98	6.6866572e-02
23.01	6.8335621e-02
23.05	6.7257500e-02
23.08	6.4859118e-02
23.12	6.1783433e-02
23.15	5.8396520e-02
23.18	5.4915714e-02
23.22	5.1471945e-02
23.25	4.8143366e-02
23.29	4.4974838e-02
23.32	4.1989827e-02
23.35	3.9197945e-02
23.39	3.6599869e-02
23.42	3.4190599e-02
23.46	3.1961654e-02
23.49	2.9902555e-02
23.53	2.8001828e-02
23.56	2.6247680e-02
23.59	2.4628446e-02
23.63	2.3132875e-02
23.66	2.1750313e-02
23.70	2.0470800e-02
23.73	1.9285118e-02
23.76	1.8184799e-02
23.80	1.7162117e-02
23.83	1.6210051e-02
23.87	1.5322250e-02
23.90	1.4492981e-02
23.93	1.3717090e-02
23.97	1.2989944e-02
24.00	1.2307391e-02
24.04	1.1665708e-02
24.07	1.1061562e-02
24.10	1.0491971e-02
24.14	9.9542626e-03
24.17	9.4460435e-03
24.21	8.9651671e-03
24.24	8.5097071e-03
24.27	8.0779312e-03
24.31	7.6682796e-03
24.34	7.2793437e-03
24.38	6.9098493e-03
24.41	6.5586402e-03
24.44	6.2246642e-03
24.48	5.9069607e-03
24.51	5.6046498e-03
24.55	5.3169227e-03
24.58	5.0430335e-03
24.62	4.7822915e-03
24.65	4.5340550e-03
24.68	4.2977258e-03
24.72	4.0727441e-03
24.75	3.8585846e-03
24.79	3.6547523e-03
24.82	3.4607801e-03
24.85	3.2762254e-03
24.89	3.1006685e-03
24.92	2.9337098e-03
24.96	2.7749686e-03
24.99	2.6240812e-03
25.02	2.4807000e-03
25.06	2.3444921e-03
25.09	2.2151384e-03
25.13	2.0923328e-03
25.16	1.9757816e-03
25.19	1.8652025e-03
25.23	1.7603244e-03
25.26	1.6608868e-03
25.30	1.5666392e-03
25.33	1.4773411e-03
25.36	1.3927612e-03
25.40	1.3126772e-03
25.43	1.2368756e-03
25.47	1.1651515e-03
25.50	1.0973081e-03
25.54	1.0331566e-03
25.57	9.7251590e-04
25.60	9.1521238e-04
25.64	8.6107969e-04
25.67	8.0995845e-04
25.71	7.6169614e-04
25.74	7.1614683e-04
25.77	6.7317099e-04
25.81	6.3263525e-04
25.84	5.9441225e-04
25.88	5.5838038e-04
25.91	5.2442364e-04
25.94	4.9243138e-04
25.98	4.6229816e-04
26.01	4.3392352e-04
26.05	4.0721185e-04
26.08	3.8207216e-04
26.11	3.5841790e-04
26.15	3.3616683e-04
26.18	3.1524077e-04
26.22	2.9556552e-04
26.25	2.7707062e-04
26.28	2.5968923e-04
26.32	2.4335796e-04
26.35	2.2801674e-04
26.39	2.1360864e-04
26.42	2.0007976e-04
26.45	1.8737906e-04
26.49	1.7545825e-04
26.52	1.6427166e-04
26.56	1.5377610e-04
26.59	1.4393074e-04
26.63	1.3469702e-04
26.66	1.2603852e-04
26.69	1.1792085e-04
26.73	1.1031155e-04
26.76	1.0318002e-04
26.80	9.6497363e-05
26.83	9.0236366e-05
26.86	8.4371358e-05
26.90	7.8878160e-05
26.93	7.3733994e-05
26.97	6.8917412e-05
27.00	6.4408218e-05
