# NeutrinoAntineutrinoInteraction/NeutrinoAntineutrinoElectron interaction rates
# neutrino field: massive Cosmic Neutrino Background, T_CnuB = 1.94535456 K
# Produced with crpropa-data version: 60a1560e37035039ec25f414e0c42a2444bad49c
# log10(E/eV), 1/lambda [1/Mpc]
10.00	0.0000000e+00
10.03	0.0000000e+00
10.07	0.0000000e+00
10.10	0.0000000e+00
10.14	0.0000000e+00
10.17	0.0000000e+00
10.20	0.0000000e+00
10.24	0.0000000e+00
10.27	0.0000000e+00
10.31	0.0000000e+00
10.34	0.0000000e+00
10.37	0.0000000e+00
10.41	0.0000000e+00
10.44	0.0000000e+00
10.48	0.0000000e+00
10.51	0.0000000e+00
10.55	0.0000000e+00
10.58	0.0000000e+00
10.61	0.0000000e+00
10.65	0.0000000e+00
10.68	0.0000000e+00
10.72	0.0000000e+00
10.75	0.0000000e+00
10.78	0.0000000e+00
10.82	0.0000000e+00
10.85	0.0000000e+00
10.89	0.0000000e+00
10.92	0.0000000e+00
10.95	0.0000000e+00
10.99	0.0000000e+00
11.02	0.0000000e+00
11.06	0.0000000e+00
11.09	0.0000000e+00
11.12	0.0000000e+00
11.16	0.0000000e+00
11.19	0.0000000e+00
11.23	0.0000000e+00
11.26	0.0000000e+00
11.29	0.0000000e+00
11.33	0.0000000e+00
11.36	0.0000000e+00
11.40	0.0000000e+00
11.43	0.0000000e+00
11.46	0.0000000e+00
11.50	0.0000000e+00
11.53	0.0000000e+00
11.57	0.0000000e+00
11.60	0.0000000e+00
11.64	0.0000000e+00
11.67	0.0000000e+00
11.70	0.0000000e+00
11.74	0.0000000e+00
11.77	0.0000000e+00
11.81	0.0000000e+00
11.84	0.0000000e+00
11.87	0.0000000e+00
11.91	0.0000000e+00
11.94	0.0000000e+00
11.98	0.0000000e+00
12.01	0.0000000e+00
12.04	0.0000000e+00
12.08	0.0000000e+00
12.11	0.0000000e+00
12.15	0.0000000e+00
12.18	0.0000000e+00
12.21	0.0000000e+00
12.25	0.0000000e+00
12.28	0.0000000e+00
12.32	0.0000000e+00
12.35	0.0000000e+00
12.38	0.0000000e+00
12.42	0.0000000e+00
12.45	0.0000000e+00
12.49	0.0000000e+00
12.52	0.0000000e+00
12.56	0.0000000e+00
12.59	0.0000000e+00
12.62	0.0000000e+00
12.66	0.0000000e+00
12.69	0.0000000e+00
12.73	0.0000000e+00
12.76	0.0000000e+00
12.79	0.0000000e+00
12.83	0.0000000e+00
12.86	0.0000000e+00
12.90	0.0000000e+00
12.93	0.0000000e+00
12.96	0.0000000e+00
13.00	0.0000000e+00
13.03	0.0000000e+00
13.07	0.0000000e+00
13.10	0.0000000e+00
13.13	0.0000000e+00
13.17	0.0000000e+00
13.20	0.0000000e+00
13.24	0.0000000e+00
13.27	0.0000000e+00
13.30	0.0000000e+00
13.34	0.0000000e+00
13.37	0.0000000e+00
13.41	0.0000000e+00
13.44	0.0000000e+00
13.47	0.0000000e+00
13.51	0.0000000e+00
13.54	0.0000000e+00
13.58	0.0000000e+00
13.61	0.0000000e+00
13.65	0.0000000e+00
13.68	0.0000000e+00
13.71	0.0000000e+00
13.75	0.0000000e+00
13.78	0.0000000e+00
13.82	0.0000000e+00
13.85	0.0000000e+00
13.88	0.0000000e+00
13.92	0.0000000e+00
13.95	0.0000000e+00
13.99	0.0000000e+00
14.02	0.0000000e+00
14.05	0.0000000e+00
14.09	0.0000000e+00
14.12	0.0000000e+00
14.16	0.0000000e+00
14.19	0.0000000e+00
14.22	0.0000000e+00
14.26	0.0000000e+00
14.29	0.0000000e+00
14.33	0.0000000e+00
14.36	0.0000000e+00
14.39	0.0000000e+00
14.43	0.0000000e+00
14.46	0.0000000e+00
14.50	0.0000000e+00
14.53	0.0000000e+00
14.57	0.0000000e+00
14.60	0.0000000e+00
14.63	0.0000000e+00
14.67	0.0000000e+00
14.70	0.0000000e+00
14.74	0.0000000e+00
14.77	0.0000000e+00
14.80	0.0000000e+00
14.84	0.0000000e+00
14.87	0.0000000e+00
14.91	0.0000000e+00
14.94	0.0000000e+00
14.97	0.0000000e+00
15.01	0.0000000e+00
15.04	0.0000000e+00
15.08	0.0000000e+00
15.11	0.0000000e+00
15.14	0.0000000e+00
15.18	0.0000000e+00
15.21	0.0000000e+00
15.25	0.0000000e+00
15.28	0.0000000e+00
15.31	0.0000000e+00
15.35	0.0000000e+00
15.38	0.0000000e+00
15.42	0.0000000e+00
15.45	0.0000000e+00
15.48	0.0000000e+00
15.52	0.0000000e+00
15.55	0.0000000e+00
15.59	0.0000000e+00
15.62	0.0000000e+00
15.66	0.0000000e+00
15.69	0.0000000e+00
15.72	0.0000000e+00
15.76	0.0000000e+00
15.79	0.0000000e+00
15.83	0.0000000e+00
15.86	0.0000000e+00
15.89	0.0000000e+00
15.93	0.0000000e+00
15.96	0.0000000e+00
16.00	0.0000000e+00
16.03	0.0000000e+00
16.06	0.0000000e+00
16.10	0.0000000e+00
16.13	0.0000000e+00
16.17	0.0000000e+00
16.20	0.0000000e+00
16.23	0.0000000e+00
16.27	0.0000000e+00
16.30	0.0000000e+00
16.34	0.0000000e+00
16.37	0.0000000e+00
16.40	0.0000000e+00
16.44	0.0000000e+00
16.47	0.0000000e+00
16.51	0.0000000e+00
16.54	0.0000000e+00
16.58	0.0000000e+00
16.61	0.0000000e+00
16.64	0.0000000e+00
16.68	0.0000000e+00
16.71	0.0000000e+00
16.75	0.0000000e+00
16.78	0.0000000e+00
16.81	0.0000000e+00
16.85	0.0000000e+00
16.88	0.0000000e+00
16.92	0.0000000e+00
16.95	0.0000000e+00
16.98	0.0000000e+00
17.02	0.0000000e+00
17.05	0.0000000e+00
17.09	0.0000000e+00
17.12	0.0000000e+00
17.15	0.0000000e+00
17.19	0.0000000e+00
17.22	0.0000000e+00
17.26	0.0000000e+00
17.29	0.0000000e+00
17.32	0.0000000e+00
17.36	0.0000000e+00
17.39	0.0000000e+00
17.43	0.0000000e+00
17.46	0.0000000e+00
17.49	0.0000000e+00
17.53	0.0000000e+00
17.56	0.0000000e+00
17.60	0.0000000e+00
17.63	0.0000000e+00
17.67	0.0000000e+00
17.70	0.0000000e+00
17.73	0.0000000e+00
17.77	0.0000000e+00
17.80	0.0000000e+00
17.84	0.0000000e+00
17.87	0.0000000e+00
17.90	0.0000000e+00
17.94	0.0000000e+00
17.97	0.0000000e+00
18.01	0.0000000e+00
18.04	0.0000000e+00
18.07	0.0000000e+00
18.11	0.0000000e+00
18.14	0.0000000e+00
18.18	0.0000000e+00
18.21	0.0000000e+00
18.24	0.0000000e+00
18.28	0.0000000e+00
18.31	0.0000000e+00
18.35	0.0000000e+00
18.38	0.0000000e+00
18.41	0.0000000e+00
18.45	0.0000000e+00
18.48	0.0000000e+00
18.52	0.0000000e+00
18.55	0.0000000e+00
18.59	0.0000000e+00
18.62	0.0000000e+00
18.65	0.0000000e+00
18.69	0.0000000e+00
18.72	0.0000000e+00
18.76	0.0000000e+00
18.79	0.0000000e+00
18.82	0.0000000e+00
18.86	0.0000000e+00
18.89	0.0000000e+00
18.93	0.0000000e+00
18.96	0.0000000e+00
18.99	0.0000000e+00
19.03	0.0000000e+00
19.06	0.0000000e+00
19.10	0.0000000e+00
19.13	0.0000000e+00
19.16	0.0000000e+00
19.20	0.0000000e+00
19.23	0.0000000e+00
19.27	0.0000000e+00
19.30	0.0000000e+00
19.33	0.0000000e+00
19.37	0.0000000e+00
19.40	0.0000000e+00
19.44	0.0000000e+00
19.47	0.0000000e+00
19.51	0.0000000e+00
19.54	0.0000000e+00
19.57	0.0000000e+00
19.61	0.0000000e+00
19.64	0.0000000e+00
19.68	0.0000000e+00
19.71	0.0000000e+00
19.74	0.0000000e+00
19.78	0.0000000e+00
19.81	0.0000000e+00
19.85	0.0000000e+00
19.88	0.0000000e+00
19.91	0.0000000e+00
19.95	0.0000000e+00
19.98	0.0000000e+00
20.02	0.0000000e+00
20.05	0.0000000e+00
20.08	0.0000000e+00
20.12	0.0000000e+00
20.15	0.0000000e+00
20.19	0.0000000e+00
20.22	0.0000000e+00
20.25	0.0000000e+00
20.29	0.0000000e+00
20.32	0.0000000e+00
20.36	0.0000000e+00
20.39	0.0000000e+00
20.42	0.0000000e+00
20.46	0.0000000e+00
20.49	0.0000000e+00
20.53	0.0000000e+00
20.56	0.0000000e+00
20.60	0.0000000e+00
20.63	0.0000000e+00
20.66	3.2240752e-281
20.70	1.0559153e-259
20.73	8.2311012e-240
20.77	2.0246090e-221
20.80	2.0393233e-204
20.83	1.0704219e-188
20.87	3.6585549e-174
20.90	1.0004765e-160
20.94	2.6481983e-148
20.97	8.0909553e-137
21.00	3.3576964e-126
21.04	2.2000113e-116
21.07	2.6155655e-107
21.11	6.4167835e-99
21.14	3.6586198e-91
21.17	5.4113310e-84
21.21	2.2983344e-77
21.24	3.0792794e-71
21.28	1.4195062e-65
21.31	2.4398181e-60
21.34	1.6840650e-55
21.38	4.9998789e-51
21.41	6.8034655e-47
21.45	4.4995068e-43
21.48	1.5269963e-39
21.52	2.7960795e-36
21.55	2.8937417e-33
21.58	1.7669053e-30
21.62	6.6229832e-28
21.65	1.5809915e-25
21.69	2.4865231e-23
21.72	2.6588122e-21
21.75	1.9899270e-19
21.79	1.0708222e-17
21.82	4.2474697e-16
21.86	1.2707772e-14
21.89	2.9294119e-13
21.92	5.3066152e-12
21.96	7.6929921e-11
21.99	9.0768687e-10
22.03	8.8534921e-09
22.06	7.2426662e-08
22.09	5.0359969e-07
22.13	3.0132702e-06
22.16	1.5693332e-05
22.20	7.1895369e-05
22.23	2.9257111e-04
22.26	1.0671338e-03
22.30	3.5178179e-03
22.33	1.0561428e-02
22.37	2.9082365e-02
22.40	7.3927781e-02
22.43	1.7451490e-01
22.47	3.8463831e-01
22.50	7.9541593e-01
22.54	1.5501128e+00
22.57	2.8578425e+00
22.61	5.0009846e+00
22.64	8.3287472e+00
22.67	1.3226809e+01
22.71	2.0050731e+01
22.74	2.9010026e+01
22.78	3.9994707e+01
22.81	5.2358047e+01
22.84	6.4729417e+01
22.88	7.5045815e+01
22.91	8.1116100e+01
22.95	8.2172683e+01
22.98	8.0239882e+01
23.01	7.6948135e+01
23.05	7.3029399e+01
23.08	6.8867058e+01
23.12	6.4678129e+01
23.15	6.0588546e+01
23.18	5.6670480e+01
23.22	5.2962957e+01
23.25	4.9484094e+01
23.29	4.6238711e+01
23.32	4.3223224e+01
23.35	4.0428869e+01
23.39	3.7843832e+01
23.42	3.5454694e+01
23.46	3.3247381e+01
23.49	3.1207803e+01
23.53	2.9322262e+01
23.56	2.7577713e+01
23.59	2.5961912e+01
23.63	2.4463492e+01
23.66	2.3071988e+01
23.70	2.1777829e+01
23.73	2.0572307e+01
23.76	1.9447532e+01
23.80	1.8396377e+01
23.83	1.7412422e+01
23.87	1.6489895e+01
23.90	1.5623616e+01
23.93	1.4808935e+01
23.97	1.4041688e+01
24.00	1.3318142e+01
24.04	1.2634953e+01
24.07	1.1989118e+01
24.10	1.1377947e+01
24.14	1.0799019e+01
24.17	1.0250156e+01
24.21	9.7293938e+00
24.24	9.2349588e+00
24.27	8.7652427e+00
24.31	8.3187852e+00
24.34	7.8942559e+00
24.38	7.4904388e+00
24.41	7.1062188e+00
24.44	6.7405699e+00
24.48	6.3925447e+00
24.51	6.0612652e+00
24.55	5.7459152e+00
24.58	5.4457326e+00
24.62	5.1600043e+00
24.65	4.8880603e+00
24.68	4.6292694e+00
24.72	4.3830352e+00
24.75	4.1487928e+00
24.79	3.9260060e+00
24.82	3.7141643e+00
24.85	3.5127812e+00
24.89	3.3213922e+00
24.92	3.1395529e+00
24.96	2.9668381e+00
24.99	2.8028402e+00
25.02	2.6471680e+00
25.06	2.4994465e+00
25.09	2.3593152e+00
25.13	2.2264280e+00
25.16	2.1004525e+00
25.19	1.9810692e+00
25.23	1.8679710e+00
25.26	1.7608630e+00
25.30	1.6594620e+00
25.33	1.5634959e+00
25.36	1.4727036e+00
25.40	1.3868345e+00
25.43	1.3056481e+00
25.47	1.2289139e+00
25.50	1.1564110e+00
25.54	1.0879277e+00
25.57	1.0232614e+00
25.60	9.6221806e-01
25.64	9.0461232e-01
25.67	8.5026679e-01
25.71	7.9901205e-01
25.74	7.5068633e-01
25.77	7.0513520e-01
25.81	6.6221140e-01
25.84	6.2177449e-01
25.88	5.8369068e-01
25.91	5.4783255e-01
25.94	5.1407880e-01
25.98	4.8231405e-01
26.01	4.5242857e-01
26.05	4.2431809e-01
26.08	3.9788354e-01
26.11	3.7303089e-01
26.15	3.4967085e-01
26.18	3.2771878e-01
26.22	3.0709438e-01
26.25	2.8772158e-01
26.28	2.6952831e-01
26.32	2.5244631e-01
26.35	2.3641098e-01
26.39	2.2136122e-01
26.42	2.0723921e-01
26.45	1.9399032e-01
26.49	1.8156290e-01
26.52	1.6990817e-01
26.56	1.5898005e-01
26.59	1.4873507e-01
26.63	1.3913218e-01
26.66	1.3013266e-01
26.69	1.2170002e-01
26.73	1.1379982e-01
26.76	1.0639962e-01
26.80	9.9468879e-02
26.83	9.2978794e-02
26.86	8.6902262e-02
26.90	8.1213769e-02
26.93	7.5889301e-02
26.97	7.0906267e-02
27.00	6.6243418e-02
