# NeutrinoAntineutrinoInteraction/NeutrinoAntineutrinoElectron interaction rates
# neutrino field: massive Cosmic Neutrino Background, T_CnuB = 1.94535456 K
# Produced with crpropa-data version: 60a1560e37035039ec25f414e0c42a2444bad49c
# log10(E/eV), 1/lambda [1/Mpc]
10.00	0.0000000e+00
10.03	0.0000000e+00
10.07	0.0000000e+00
10.10	0.0000000e+00
10.14	0.0000000e+00
10.17	0.0000000e+00
10.20	0.0000000e+00
10.24	0.0000000e+00
10.27	0.0000000e+00
10.31	0.0000000e+00
10.34	0.0000000e+00
10.37	0.0000000e+00
10.41	0.0000000e+00
10.44	0.0000000e+00
10.48	0.0000000e+00
10.51	0.0000000e+00
10.55	0.0000000e+00
10.58	0.0000000e+00
10.61	0.0000000e+00
10.65	0.0000000e+00
10.68	0.0000000e+00
10.72	0.0000000e+00
10.75	0.0000000e+00
10.78	0.0000000e+00
10.82	0.0000000e+00
10.85	0.0000000e+00
10.89	0.0000000e+00
10.92	0.0000000e+00
10.95	0.0000000e+00
10.99	0.0000000e+00
11.02	0.0000000e+00
11.06	0.0000000e+00
11.09	0.0000000e+00
11.12	0.0000000e+00
11.16	0.0000000e+00
11.19	0.0000000e+00
11.23	0.0000000e+00
11.26	0.0000000e+00
11.29	0.0000000e+00
11.33	0.0000000e+00
11.36	0.0000000e+00
11.40	0.0000000e+00
11.43	0.0000000e+00
11.46	0.0000000e+00
11.50	0.0000000e+00
11.53	0.0000000e+00
11.57	0.0000000e+00
11.60	0.0000000e+00
11.64	0.0000000e+00
11.67	0.0000000e+00
11.70	0.0000000e+00
11.74	0.0000000e+00
11.77	0.0000000e+00
11.81	0.0000000e+00
11.84	0.0000000e+00
11.87	0.0000000e+00
11.91	0.0000000e+00
11.94	0.0000000e+00
11.98	0.0000000e+00
12.01	0.0000000e+00
12.04	0.0000000e+00
12.08	0.0000000e+00
12.11	0.0000000e+00
12.15	0.0000000e+00
12.18	0.0000000e+00
12.21	0.0000000e+00
12.25	0.0000000e+00
12.28	0.0000000e+00
12.32	0.0000000e+00
12.35	0.0000000e+00
12.38	0.0000000e+00
12.42	0.0000000e+00
12.45	0.0000000e+00
12.49	0.0000000e+00
12.52	0.0000000e+00
12.56	0.0000000e+00
12.59	0.0000000e+00
12.62	0.0000000e+00
12.66	0.0000000e+00
12.69	0.0000000e+00
12.73	0.0000000e+00
12.76	0.0000000e+00
12.79	0.0000000e+00
12.83	0.0000000e+00
12.86	0.0000000e+00
12.90	0.0000000e+00
12.93	0.0000000e+00
12.96	0.0000000e+00
13.00	0.0000000e+00
13.03	0.0000000e+00
13.07	0.0000000e+00
13.10	0.0000000e+00
13.13	0.0000000e+00
13.17	0.0000000e+00
13.20	0.0000000e+00
13.24	0.0000000e+00
13.27	0.0000000e+00
13.30	0.0000000e+00
13.34	0.0000000e+00
13.37	0.0000000e+00
13.41	0.0000000e+00
13.44	0.0000000e+00
13.47	0.0000000e+00
13.51	0.0000000e+00
13.54	0.0000000e+00
13.58	0.0000000e+00
13.61	0.0000000e+00
13.65	0.0000000e+00
13.68	0.0000000e+00
13.71	0.0000000e+00
13.75	0.0000000e+00
13.78	0.0000000e+00
13.82	0.0000000e+00
13.85	0.0000000e+00
13.88	0.0000000e+00
13.92	0.0000000e+00
13.95	0.0000000e+00
13.99	0.0000000e+00
14.02	0.0000000e+00
14.05	0.0000000e+00
14.09	0.0000000e+00
14.12	0.0000000e+00
14.16	0.0000000e+00
14.19	0.0000000e+00
14.22	0.0000000e+00
14.26	0.0000000e+00
14.29	0.0000000e+00
14.33	0.0000000e+00
14.36	0.0000000e+00
14.39	0.0000000e+00
14.43	0.0000000e+00
14.46	0.0000000e+00
14.50	0.0000000e+00
14.53	0.0000000e+00
14.57	0.0000000e+00
14.60	0.0000000e+00
14.63	0.0000000e+00
14.67	0.0000000e+00
14.70	0.0000000e+00
14.74	0.0000000e+00
14.77	0.0000000e+00
14.80	0.0000000e+00
14.84	0.0000000e+00
14.87	0.0000000e+00
14.91	0.0000000e+00
14.94	0.0000000e+00
14.97	0.0000000e+00
15.01	0.0000000e+00
15.04	0.0000000e+00
15.08	0.0000000e+00
15.11	0.0000000e+00
15.14	0.0000000e+00
15.18	0.0000000e+00
15.21	0.0000000e+00
15.25	0.0000000e+00
15.28	0.0000000e+00
15.31	0.0000000e+00
15.35	0.0000000e+00
15.38	0.0000000e+00
15.42	0.0000000e+00
15.45	0.0000000e+00
15.48	0.0000000e+00
15.52	0.0000000e+00
15.55	0.0000000e+00
15.59	0.0000000e+00
15.62	0.0000000e+00
15.66	0.0000000e+00
15.69	0.0000000e+00
15.72	0.0000000e+00
15.76	0.0000000e+00
15.79	0.0000000e+00
15.83	0.0000000e+00
15.86	0.0000000e+00
15.89	0.0000000e+00
15.93	0.0000000e+00
15.96	0.0000000e+00
16.00	0.0000000e+00
16.03	0.0000000e+00
16.06	0.0000000e+00
16.10	0.0000000e+00
16.13	0.0000000e+00
16.17	0.0000000e+00
16.20	0.0000000e+00
16.23	0.0000000e+00
16.27	0.0000000e+00
16.30	0.0000000e+00
16.34	0.0000000e+00
16.37	0.0000000e+00
16.40	0.0000000e+00
16.44	0.0000000e+00
16.47	0.0000000e+00
16.51	0.0000000e+00
16.54	0.0000000e+00
16.58	0.0000000e+00
16.61	0.0000000e+00
16.64	0.0000000e+00
16.68	0.0000000e+00
16.71	0.0000000e+00
16.75	0.0000000e+00
16.78	0.0000000e+00
16.81	0.0000000e+00
16.85	0.0000000e+00
16.88	0.0000000e+00
16.92	0.0000000e+00
16.95	0.0000000e+00
16.98	0.0000000e+00
17.02	0.0000000e+00
17.05	0.0000000e+00
17.09	0.0000000e+00
17.12	0.0000000e+00
17.15	0.0000000e+00
17.19	0.0000000e+00
17.22	0.0000000e+00
17.26	0.0000000e+00
17.29	0.0000000e+00
17.32	0.0000000e+00
17.36	0.0000000e+00
17.39	0.0000000e+00
17.43	0.0000000e+00
17.46	0.0000000e+00
17.49	0.0000000e+00
17.53	0.0000000e+00
17.56	0.0000000e+00
17.60	0.0000000e+00
17.63	0.0000000e+00
17.67	0.0000000e+00
17.70	0.0000000e+00
17.73	0.0000000e+00
17.77	0.0000000e+00
17.80	0.0000000e+00
17.84	0.0000000e+00
17.87	0.0000000e+00
17.90	0.0000000e+00
17.94	0.0000000e+00
17.97	0.0000000e+00
18.01	0.0000000e+00
18.04	0.0000000e+00
18.07	0.0000000e+00
18.11	0.0000000e+00
18.14	0.0000000e+00
18.18	0.0000000e+00
18.21	0.0000000e+00
18.24	0.0000000e+00
18.28	0.0000000e+00
18.31	0.0000000e+00
18.35	0.0000000e+00
18.38	0.0000000e+00
18.41	0.0000000e+00
18.45	0.0000000e+00
18.48	0.0000000e+00
18.52	0.0000000e+00
18.55	0.0000000e+00
18.59	0.0000000e+00
18.62	0.0000000e+00
18.65	0.0000000e+00
18.69	0.0000000e+00
18.72	0.0000000e+00
18.76	0.0000000e+00
18.79	0.0000000e+00
18.82	0.0000000e+00
18.86	0.0000000e+00
18.89	0.0000000e+00
18.93	0.0000000e+00
18.96	0.0000000e+00
18.99	0.0000000e+00
19.03	0.0000000e+00
19.06	0.0000000e+00
19.10	0.0000000e+00
19.13	0.0000000e+00
19.16	0.0000000e+00
19.20	0.0000000e+00
19.23	0.0000000e+00
19.27	0.0000000e+00
19.30	0.0000000e+00
19.33	0.0000000e+00
19.37	0.0000000e+00
19.40	0.0000000e+00
19.44	0.0000000e+00
19.47	0.0000000e+00
19.51	0.0000000e+00
19.54	0.0000000e+00
19.57	0.0000000e+00
19.61	0.0000000e+00
19.64	0.0000000e+00
19.68	0.0000000e+00
19.71	0.0000000e+00
19.74	0.0000000e+00
19.78	0.0000000e+00
19.81	0.0000000e+00
19.85	0.0000000e+00
19.88	0.0000000e+00
19.91	0.0000000e+00
19.95	0.0000000e+00
19.98	0.0000000e+00
20.02	0.0000000e+00
20.05	0.0000000e+00
20.08	0.0000000e+00
20.12	0.0000000e+00
20.15	0.0000000e+00
20.19	0.0000000e+00
20.22	0.0000000e+00
20.25	0.0000000e+00
20.29	0.0000000e+00
20.32	0.0000000e+00
20.36	0.0000000e+00
20.39	0.0000000e+00
20.42	0.0000000e+00
20.46	0.0000000e+00
20.49	0.0000000e+00
20.53	0.0000000e+00
20.56	0.0000000e+00
20.60	0.0000000e+00
20.63	0.0000000e+00
20.66	3.1621138e-281
20.70	1.0339969e-259
20.73	8.0465757e-240
20.77	1.9755966e-221
20.80	1.9860191e-204
20.83	1.0402167e-188
20.87	3.5471190e-174
20.90	9.6758821e-161
20.94	2.5542623e-148
20.97	7.7813210e-137
21.00	3.2190929e-126
21.04	2.1020733e-116
21.07	2.4900237e-107
21.11	6.0847875e-99
21.14	3.4546271e-91
21.17	5.0862702e-84
21.21	2.1496348e-77
21.24	2.8647703e-71
21.28	1.3130701e-65
21.31	2.2429805e-60
21.34	1.5379340e-55
21.38	4.5334360e-51
21.41	6.1213864e-47
21.45	4.0149639e-43
21.48	1.3504529e-39
21.52	2.4492004e-36
21.55	2.5087452e-33
21.58	1.5149545e-30
21.62	5.6114473e-28
21.65	1.3225371e-25
21.69	2.0517570e-23
21.72	2.1619661e-21
21.75	1.5928421e-19
21.79	8.4284331e-18
21.82	3.2835640e-16
21.86	9.6368206e-15
21.89	2.1763500e-13
21.92	3.8570537e-12
21.96	5.4626111e-11
21.99	6.2871928e-10
22.03	5.9727250e-09
22.06	4.7510443e-08
22.09	3.2068625e-07
22.13	1.8594636e-06
22.16	9.3681191e-06
22.20	4.1442499e-05
22.23	1.6255394e-04
22.26	5.7045303e-04
22.30	1.8060641e-03
22.33	5.1986026e-03
22.37	1.3701847e-02
22.40	3.3287237e-02
22.43	7.4995481e-02
22.47	1.5758147e-01
22.50	3.1042581e-01
22.54	5.7609267e-01
22.57	1.0116945e+00
22.61	1.6881937e+00
22.64	2.6869958e+00
22.67	4.0936601e+00
22.71	5.9891586e+00
22.74	8.4397107e+00
22.78	1.1486634e+01
22.81	1.5137786e+01
22.84	1.9361992e+01
22.88	2.4087411e+01
22.91	2.9204167e+01
22.95	3.4570974e+01
22.98	4.0024890e+01
23.01	4.5392973e+01
23.05	5.0504455e+01
23.08	5.5202082e+01
23.12	5.9351539e+01
23.15	6.2848204e+01
23.18	6.5620910e+01
23.22	6.7632775e+01
23.25	6.8879467e+01
23.29	6.9385480e+01
23.32	6.9199099e+01
23.35	6.8386707e+01
23.39	6.7027010e+01
23.42	6.5205631e+01
23.46	6.3010385e+01
23.49	6.0527387e+01
23.53	5.7838081e+01
23.56	5.5017146e+01
23.59	5.2131217e+01
23.63	4.9238339e+01
23.66	4.6388141e+01
23.70	4.3623123e+01
23.73	4.0982347e+01
23.76	3.8490926e+01
23.80	3.6155905e+01
23.83	3.3975624e+01
23.87	3.1944143e+01
23.90	3.0053358e+01
23.93	2.8294178e+01
23.97	2.6657208e+01
24.00	2.5133164e+01
24.04	2.3713123e+01
24.07	2.2388659e+01
24.10	2.1151919e+01
24.14	1.9995654e+01
24.17	1.8913211e+01
24.21	1.7898524e+01
24.24	1.6946078e+01
24.27	1.6050875e+01
24.31	1.5208397e+01
24.34	1.4414563e+01
24.38	1.3665689e+01
24.41	1.2958456e+01
24.44	1.2289866e+01
24.48	1.1657215e+01
24.51	1.1058059e+01
24.55	1.0490188e+01
24.58	9.9515984e+00
24.62	9.4404715e+00
24.65	8.9551523e+00
24.68	8.4941308e+00
24.72	8.0560259e+00
24.75	7.6395706e+00
24.79	7.2435994e+00
24.82	6.8670360e+00
24.85	6.5088844e+00
24.89	6.1682191e+00
24.92	5.8441777e+00
24.96	5.5359544e+00
24.99	5.2427936e+00
25.02	4.9639849e+00
25.06	4.6988587e+00
25.09	4.4467823e+00
25.13	4.2071564e+00
25.16	3.9794120e+00
25.19	3.7630082e+00
25.23	3.5574296e+00
25.26	3.3621846e+00
25.30	3.1768036e+00
25.33	3.0008375e+00
25.36	2.8338567e+00
25.40	2.6754495e+00
25.43	2.5252214e+00
25.47	2.3827943e+00
25.50	2.2478053e+00
25.54	2.1199065e+00
25.57	1.9987642e+00
25.60	1.8840581e+00
25.64	1.7754810e+00
25.67	1.6727383e+00
25.71	1.5755475e+00
25.74	1.4836377e+00
25.77	1.3967494e+00
25.81	1.3146339e+00
25.84	1.2370532e+00
25.88	1.1637793e+00
25.91	1.0945941e+00
25.94	1.0292891e+00
25.98	9.6766498e-01
26.01	9.0953115e-01
26.05	8.5470575e-01
26.08	8.0301518e-01
26.11	7.5429378e-01
26.15	7.0838363e-01
26.18	6.6513421e-01
26.22	6.2440214e-01
26.25	5.8605090e-01
26.28	5.4995060e-01
26.32	5.1597768e-01
26.35	4.8401468e-01
26.39	4.5394999e-01
26.42	4.2567759e-01
26.45	3.9909684e-01
26.49	3.7411227e-01
26.52	3.5063328e-01
26.56	3.2857402e-01
26.59	3.0785311e-01
26.63	2.8839347e-01
26.66	2.7012213e-01
26.69	2.5297001e-01
26.73	2.3687175e-01
26.76	2.2176557e-01
26.80	2.0759303e-01
26.83	1.9429892e-01
26.86	1.8183109e-01
26.90	1.7014029e-01
26.93	1.5918002e-01
26.97	1.4890641e-01
27.00	1.3927808e-01
