# NeutrinoAntineutrinoInteraction/NeutrinoAntineutrinoElectron interaction rates
# neutrino field: massive Cosmic Neutrino Background, T_CnuB = 1.94535456 K
# Produced with crpropa-data version: 60a1560e37035039ec25f414e0c42a2444bad49c
# log10(E/eV), 1/lambda [1/Mpc]
10.00	0.0000000e+00
10.03	0.0000000e+00
10.07	0.0000000e+00
10.10	0.0000000e+00
10.14	0.0000000e+00
10.17	0.0000000e+00
10.20	0.0000000e+00
10.24	0.0000000e+00
10.27	0.0000000e+00
10.31	0.0000000e+00
10.34	0.0000000e+00
10.37	0.0000000e+00
10.41	0.0000000e+00
10.44	0.0000000e+00
10.48	0.0000000e+00
10.51	0.0000000e+00
10.55	0.0000000e+00
10.58	0.0000000e+00
10.61	0.0000000e+00
10.65	0.0000000e+00
10.68	0.0000000e+00
10.72	0.0000000e+00
10.75	0.0000000e+00
10.78	0.0000000e+00
10.82	0.0000000e+00
10.85	0.0000000e+00
10.89	0.0000000e+00
10.92	0.0000000e+00
10.95	0.0000000e+00
10.99	0.0000000e+00
11.02	0.0000000e+00
11.06	0.0000000e+00
11.09	0.0000000e+00
11.12	0.0000000e+00
11.16	0.0000000e+00
11.19	0.0000000e+00
11.23	0.0000000e+00
11.26	0.0000000e+00
11.29	0.0000000e+00
11.33	0.0000000e+00
11.36	0.0000000e+00
11.40	0.0000000e+00
11.43	0.0000000e+00
11.46	0.0000000e+00
11.50	0.0000000e+00
11.53	0.0000000e+00
11.57	0.0000000e+00
11.60	0.0000000e+00
11.64	0.0000000e+00
11.67	0.0000000e+00
11.70	0.0000000e+00
11.74	0.0000000e+00
11.77	0.0000000e+00
11.81	0.0000000e+00
11.84	0.0000000e+00
11.87	0.0000000e+00
11.91	0.0000000e+00
11.94	0.0000000e+00
11.98	0.0000000e+00
12.01	0.0000000e+00
12.04	0.0000000e+00
12.08	0.0000000e+00
12.11	0.0000000e+00
12.15	0.0000000e+00
12.18	0.0000000e+00
12.21	0.0000000e+00
12.25	0.0000000e+00
12.28	0.0000000e+00
12.32	0.0000000e+00
12.35	0.0000000e+00
12.38	0.0000000e+00
12.42	0.0000000e+00
12.45	0.0000000e+00
12.49	0.0000000e+00
12.52	0.0000000e+00
12.56	0.0000000e+00
12.59	0.0000000e+00
12.62	0.0000000e+00
12.66	0.0000000e+00
12.69	0.0000000e+00
12.73	0.0000000e+00
12.76	0.0000000e+00
12.79	0.0000000e+00
12.83	0.0000000e+00
12.86	0.0000000e+00
12.90	0.0000000e+00
12.93	0.0000000e+00
12.96	0.0000000e+00
13.00	0.0000000e+00
13.03	0.0000000e+00
13.07	0.0000000e+00
13.10	0.0000000e+00
13.13	0.0000000e+00
13.17	0.0000000e+00
13.20	0.0000000e+00
13.24	0.0000000e+00
13.27	0.0000000e+00
13.30	0.0000000e+00
13.34	0.0000000e+00
13.37	0.0000000e+00
13.41	0.0000000e+00
13.44	0.0000000e+00
13.47	0.0000000e+00
13.51	0.0000000e+00
13.54	0.0000000e+00
13.58	0.0000000e+00
13.61	0.0000000e+00
13.65	0.0000000e+00
13.68	0.0000000e+00
13.71	0.0000000e+00
13.75	0.0000000e+00
13.78	0.0000000e+00
13.82	0.0000000e+00
13.85	0.0000000e+00
13.88	0.0000000e+00
13.92	0.0000000e+00
13.95	0.0000000e+00
13.99	0.0000000e+00
14.02	0.0000000e+00
14.05	0.0000000e+00
14.09	0.0000000e+00
14.12	0.0000000e+00
14.16	0.0000000e+00
14.19	0.0000000e+00
14.22	0.0000000e+00
14.26	0.0000000e+00
14.29	0.0000000e+00
14.33	0.0000000e+00
14.36	0.0000000e+00
14.39	0.0000000e+00
14.43	0.0000000e+00
14.46	0.0000000e+00
14.50	0.0000000e+00
14.53	0.0000000e+00
14.57	0.0000000e+00
14.60	0.0000000e+00
14.63	0.0000000e+00
14.67	0.0000000e+00
14.70	0.0000000e+00
14.74	0.0000000e+00
14.77	0.0000000e+00
14.80	0.0000000e+00
14.84	0.0000000e+00
14.87	0.0000000e+00
14.91	0.0000000e+00
14.94	0.0000000e+00
14.97	0.0000000e+00
15.01	0.0000000e+00
15.04	0.0000000e+00
15.08	0.0000000e+00
15.11	0.0000000e+00
15.14	0.0000000e+00
15.18	0.0000000e+00
15.21	0.0000000e+00
15.25	0.0000000e+00
15.28	0.0000000e+00
15.31	0.0000000e+00
15.35	0.0000000e+00
15.38	0.0000000e+00
15.42	0.0000000e+00
15.45	0.0000000e+00
15.48	0.0000000e+00
15.52	0.0000000e+00
15.55	0.0000000e+00
15.59	0.0000000e+00
15.62	0.0000000e+00
15.66	0.0000000e+00
15.69	0.0000000e+00
15.72	0.0000000e+00
15.76	0.0000000e+00
15.79	0.0000000e+00
15.83	0.0000000e+00
15.86	0.0000000e+00
15.89	0.0000000e+00
15.93	0.0000000e+00
15.96	0.0000000e+00
16.00	0.0000000e+00
16.03	0.0000000e+00
16.06	0.0000000e+00
16.10	0.0000000e+00
16.13	0.0000000e+00
16.17	0.0000000e+00
16.20	0.0000000e+00
16.23	0.0000000e+00
16.27	0.0000000e+00
16.30	0.0000000e+00
16.34	0.0000000e+00
16.37	0.0000000e+00
16.40	0.0000000e+00
16.44	0.0000000e+00
16.47	0.0000000e+00
16.51	0.0000000e+00
16.54	0.0000000e+00
16.58	0.0000000e+00
16.61	0.0000000e+00
16.64	0.0000000e+00
16.68	0.0000000e+00
16.71	0.0000000e+00
16.75	0.0000000e+00
16.78	0.0000000e+00
16.81	0.0000000e+00
16.85	0.0000000e+00
16.88	0.0000000e+00
16.92	0.0000000e+00
16.95	0.0000000e+00
16.98	0.0000000e+00
17.02	0.0000000e+00
17.05	0.0000000e+00
17.09	0.0000000e+00
17.12	0.0000000e+00
17.15	0.0000000e+00
17.19	0.0000000e+00
17.22	0.0000000e+00
17.26	0.0000000e+00
17.29	0.0000000e+00
17.32	0.0000000e+00
17.36	0.0000000e+00
17.39	0.0000000e+00
17.43	0.0000000e+00
17.46	0.0000000e+00
17.49	0.0000000e+00
17.53	0.0000000e+00
17.56	0.0000000e+00
17.60	0.0000000e+00
17.63	0.0000000e+00
17.67	0.0000000e+00
17.70	0.0000000e+00
17.73	0.0000000e+00
17.77	0.0000000e+00
17.80	0.0000000e+00
17.84	0.0000000e+00
17.87	0.0000000e+00
17.90	0.0000000e+00
17.94	0.0000000e+00
17.97	0.0000000e+00
18.01	0.0000000e+00
18.04	0.0000000e+00
18.07	0.0000000e+00
18.11	0.0000000e+00
18.14	0.0000000e+00
18.18	0.0000000e+00
18.21	0.0000000e+00
18.24	0.0000000e+00
18.28	0.0000000e+00
18.31	0.0000000e+00
18.35	0.0000000e+00
18.38	0.0000000e+00
18.41	0.0000000e+00
18.45	0.0000000e+00
18.48	0.0000000e+00
18.52	0.0000000e+00
18.55	0.0000000e+00
18.59	0.0000000e+00
18.62	0.0000000e+00
18.65	0.0000000e+00
18.69	0.0000000e+00
18.72	0.0000000e+00
18.76	0.0000000e+00
18.79	0.0000000e+00
18.82	0.0000000e+00
18.86	0.0000000e+00
18.89	0.0000000e+00
18.93	0.0000000e+00
18.96	0.0000000e+00
18.99	0.0000000e+00
19.03	0.0000000e+00
19.06	0.0000000e+00
19.10	0.0000000e+00
19.13	0.0000000e+00
19.16	0.0000000e+00
19.20	0.0000000e+00
19.23	0.0000000e+00
19.27	0.0000000e+00
19.30	0.0000000e+00
19.33	0.0000000e+00
19.37	0.0000000e+00
19.40	0.0000000e+00
19.44	0.0000000e+00
19.47	0.0000000e+00
19.51	0.0000000e+00
19.54	0.0000000e+00
19.57	0.0000000e+00
19.61	0.0000000e+00
19.64	0.0000000e+00
19.68	0.0000000e+00
19.71	0.0000000e+00
19.74	0.0000000e+00
19.78	0.0000000e+00
19.81	0.0000000e+00
19.85	0.0000000e+00
19.88	0.0000000e+00
19.91	0.0000000e+00
19.95	0.0000000e+00
19.98	0.0000000e+00
20.02	0.0000000e+00
20.05	0.0000000e+00
20.08	0.0000000e+00
20.12	0.0000000e+00
20.15	0.0000000e+00
20.19	0.0000000e+00
20.22	0.0000000e+00
20.25	0.0000000e+00
20.29	0.0000000e+00
20.32	0.0000000e+00
20.36	0.0000000e+00
20.39	0.0000000e+00
20.42	0.0000000e+00
20.46	0.0000000e+00
20.49	0.0000000e+00
20.53	0.0000000e+00
20.56	0.0000000e+00
20.60	0.0000000e+00
20.63	0.0000000e+00
20.66	0.0000000e+00
20.70	0.0000000e+00
20.73	0.0000000e+00
20.77	0.0000000e+00
20.80	0.0000000e+00
20.83	0.0000000e+00
20.87	0.0000000e+00
20.90	0.0000000e+00
20.94	0.0000000e+00
20.97	0.0000000e+00
21.00	0.0000000e+00
21.04	0.0000000e+00
21.07	0.0000000e+00
21.11	0.0000000e+00
21.14	0.0000000e+00
21.17	0.0000000e+00
21.21	0.0000000e+00
21.24	0.0000000e+00
21.28	0.0000000e+00
21.31	0.0000000e+00
21.34	1.4187580e-270
21.38	3.6758851e-250
21.41	2.7446120e-231
21.45	7.7168890e-214
21.48	1.0462930e-197
21.52	8.5983228e-183
21.55	5.2908659e-169
21.58	2.9639075e-156
21.62	1.8108883e-144
21.65	1.4260920e-133
21.69	1.6892527e-123
21.72	3.4716130e-114
21.75	1.4124545e-105
21.79	1.2853252e-97
21.82	2.9284313e-90
21.86	1.8540868e-83
21.89	3.5922685e-77
21.92	2.3284222e-71
21.96	5.4827474e-66
21.99	5.0613649e-61
22.03	1.9654575e-56
22.06	3.4266775e-52
22.09	2.8487306e-48
22.13	1.1939400e-44
22.16	2.6560095e-41
22.20	3.2890640e-38
22.23	2.3693769e-35
22.26	1.0341902e-32
22.30	2.8400558e-30
22.33	5.0808982e-28
22.37	6.1155026e-26
22.40	5.1020247e-24
22.43	3.0327842e-22
22.47	1.3176534e-20
22.50	4.2841416e-19
22.54	1.0653791e-17
22.57	2.0676989e-16
22.61	3.1909642e-15
22.64	3.9839112e-14
22.67	4.0887484e-13
22.71	3.5009376e-12
22.74	2.5353087e-11
22.78	1.5726200e-10
22.81	8.4536610e-10
22.84	3.9810121e-09
22.88	1.6588808e-08
22.91	6.1734320e-08
22.95	2.0693775e-07
22.98	6.2977079e-07
23.01	1.7527467e-06
23.05	4.4912532e-06
23.08	1.0661420e-05
23.12	2.3579394e-05
23.15	4.8841247e-05
23.18	9.5202628e-05
23.22	1.7538929e-04
23.25	3.0658379e-04
23.29	5.1027448e-04
23.32	8.1113966e-04
23.35	1.2346824e-03
23.39	1.8034280e-03
23.42	2.5316476e-03
23.46	3.4188047e-03
23.49	4.4423067e-03
23.53	5.5508300e-03
23.56	6.6606220e-03
23.59	7.6587090e-03
23.63	8.4181331e-03
23.66	8.8296884e-03
23.70	8.8537781e-03
23.73	8.6002817e-03
23.76	8.2197789e-03
23.80	7.7846968e-03
23.83	7.3316220e-03
23.87	6.8808473e-03
23.90	6.4439279e-03
23.93	6.0273156e-03
23.97	5.6343401e-03
24.00	5.2663760e-03
24.04	4.9235658e-03
24.07	4.6052830e-03
24.10	4.3104363e-03
24.14	4.0376703e-03
24.17	3.7855002e-03
24.21	3.5524005e-03
24.24	3.3368636e-03
24.27	3.1374370e-03
24.31	2.9527461e-03
24.34	2.7815070e-03
24.38	2.6225318e-03
24.41	2.4747302e-03
24.44	2.3371071e-03
24.48	2.2087588e-03
24.51	2.0888674e-03
24.55	1.9766948e-03
24.58	1.8715767e-03
24.62	1.7729159e-03
24.65	1.6801765e-03
24.68	1.5928778e-03
24.72	1.5105888e-03
24.75	1.4329231e-03
24.79	1.3595341e-03
24.82	1.2901106e-03
24.85	1.2243733e-03
24.89	1.1620704e-03
24.92	1.1029753e-03
24.96	1.0468831e-03
24.99	9.9360853e-04
25.02	9.4298312e-04
25.06	8.9485367e-04
25.09	8.4908027e-04
25.13	8.0553472e-04
25.16	7.6409919e-04
25.19	7.2466497e-04
25.23	6.8713148e-04
25.26	6.5140523e-04
25.30	6.1739912e-04
25.33	5.8503167e-04
25.36	5.5422644e-04
25.40	5.2491148e-04
25.43	4.9701888e-04
25.47	4.7048437e-04
25.50	4.4524699e-04
25.54	4.2124877e-04
25.57	3.9843449e-04
25.60	3.7675145e-04
25.64	3.5614930e-04
25.67	3.3657985e-04
25.71	3.1799692e-04
25.74	3.0035627e-04
25.77	2.8361543e-04
25.81	2.6773363e-04
25.84	2.5267172e-04
25.88	2.3839211e-04
25.91	2.2485866e-04
25.94	2.1203669e-04
25.98	1.9989283e-04
26.01	1.8839509e-04
26.05	1.7751269e-04
26.08	1.6721614e-04
26.11	1.5747709e-04
26.15	1.4826837e-04
26.18	1.3956392e-04
26.22	1.3133877e-04
26.25	1.2356897e-04
26.28	1.1623162e-04
26.32	1.0930479e-04
26.35	1.0276750e-04
26.39	9.6599685e-05
26.42	9.0782189e-05
26.45	8.5296706e-05
26.49	8.0125765e-05
26.52	7.5252700e-05
26.56	7.0661617e-05
26.59	6.6337373e-05
26.63	6.2265542e-05
26.66	5.8432393e-05
26.69	5.4824858e-05
26.73	5.1430514e-05
26.76	4.8237549e-05
26.80	4.5234742e-05
26.83	4.2411437e-05
26.86	3.9757522e-05
26.90	3.7263401e-05
26.93	3.4919978e-05
26.97	3.2718627e-05
27.00	3.0651180e-05
