# NeutrinoAntineutrinoInteraction/NeutrinoiAntineutrinojMuonAntitau interaction rates
# neutrino field: massive Cosmic Neutrino Background, T_CnuB = 1.94535456 K
# Produced with crpropa-data version: 60a1560e37035039ec25f414e0c42a2444bad49c
# log10(E/eV), 1/lambda [1/Mpc]
15.89	0.0000000e+00
15.93	0.0000000e+00
15.96	0.0000000e+00
16.00	0.0000000e+00
16.03	0.0000000e+00
16.06	0.0000000e+00
16.10	0.0000000e+00
16.13	0.0000000e+00
16.17	0.0000000e+00
16.20	0.0000000e+00
16.23	0.0000000e+00
16.27	0.0000000e+00
16.30	0.0000000e+00
16.34	0.0000000e+00
16.37	0.0000000e+00
16.40	0.0000000e+00
16.44	0.0000000e+00
16.47	0.0000000e+00
16.51	0.0000000e+00
16.54	0.0000000e+00
16.58	0.0000000e+00
16.61	0.0000000e+00
16.64	0.0000000e+00
16.68	0.0000000e+00
16.71	0.0000000e+00
16.75	0.0000000e+00
16.78	0.0000000e+00
16.81	0.0000000e+00
16.85	0.0000000e+00
16.88	0.0000000e+00
16.92	0.0000000e+00
16.95	0.0000000e+00
16.98	0.0000000e+00
17.02	0.0000000e+00
17.05	0.0000000e+00
17.09	0.0000000e+00
17.12	0.0000000e+00
17.15	0.0000000e+00
17.19	0.0000000e+00
17.22	0.0000000e+00
17.26	0.0000000e+00
17.29	0.0000000e+00
17.32	0.0000000e+00
17.36	0.0000000e+00
17.39	0.0000000e+00
17.43	0.0000000e+00
17.46	0.0000000e+00
17.49	0.0000000e+00
17.53	0.0000000e+00
17.56	0.0000000e+00
17.60	0.0000000e+00
17.63	0.0000000e+00
17.67	0.0000000e+00
17.70	0.0000000e+00
17.73	0.0000000e+00
17.77	0.0000000e+00
17.80	0.0000000e+00
17.84	8.0616496e-282
17.87	8.7629307e-261
17.90	2.4485470e-241
17.94	2.3200593e-223
17.97	9.6229442e-207
18.01	2.2123615e-191
18.04	3.5069531e-177
18.07	4.6899178e-164
18.11	6.3765558e-152
18.14	1.0473806e-140
18.18	2.4377031e-130
18.21	9.3164519e-121
18.24	6.7006772e-112
18.28	1.0287836e-103
18.31	3.7885777e-96
18.35	3.7270676e-89
18.38	1.0820812e-82
18.41	1.0166077e-76
18.45	3.3653520e-71
18.48	4.2470216e-66
18.52	2.1975055e-61
18.55	4.9865200e-57
18.59	5.2809691e-53
18.62	2.7648195e-49
18.65	7.5467799e-46
18.69	1.1281354e-42
18.72	9.6653589e-40
18.76	4.9498940e-37
18.79	1.5753699e-34
18.82	3.2299298e-32
18.86	4.4102819e-30
18.89	4.1357437e-28
18.93	2.7403168e-26
18.96	1.3171163e-24
18.99	4.7052282e-23
19.03	1.2777120e-21
19.06	2.6928297e-20
19.10	4.4901133e-19
19.13	6.0297475e-18
19.16	6.6294073e-17
19.20	6.0588123e-16
19.23	4.6681471e-15
19.27	3.0718054e-14
19.30	1.7472626e-13
19.33	8.6869704e-13
19.37	3.8140910e-12
19.40	1.4929897e-11
19.44	5.2563565e-11
19.47	1.6780538e-10
19.51	4.8942243e-10
19.54	1.3132128e-09
19.57	3.2624699e-09
19.61	7.5490432e-09
19.64	1.6358641e-08
19.68	3.3365997e-08
19.71	6.4355004e-08
19.74	1.1788020e-07
19.78	2.0586752e-07
19.81	3.4402445e-07
19.85	5.5192138e-07
19.88	8.5262191e-07
19.91	1.2717793e-06
19.95	1.8361743e-06
19.98	2.5717400e-06
20.02	3.5011964e-06
20.05	4.6414990e-06
20.08	6.0013914e-06
20.12	7.5794396e-06
20.15	9.3630022e-06
20.19	1.1328629e-05
20.22	1.3444333e-05
20.25	1.5674024e-05
20.29	1.7984138e-05
20.32	2.0352940e-05
20.36	2.2785061e-05
20.39	2.5303349e-05
20.42	2.7931089e-05
20.46	3.0691097e-05
20.49	3.3606023e-05
20.53	3.6698633e-05
20.56	3.9992063e-05
20.60	4.3510070e-05
20.63	4.7277258e-05
20.66	5.1319303e-05
20.70	5.5663175e-05
20.73	6.0337352e-05
20.77	6.5372042e-05
20.80	7.0799402e-05
20.83	7.6653762e-05
20.87	8.2971866e-05
20.90	8.9793108e-05
20.94	9.7159794e-05
20.97	1.0511740e-04
21.00	1.1371487e-04
21.04	1.2300491e-04
21.07	1.3304429e-04
21.11	1.4389421e-04
21.14	1.5562065e-04
21.17	1.6829475e-04
21.21	1.8199325e-04
21.24	1.9679888e-04
21.28	2.1280090e-04
21.31	2.3009553e-04
21.34	2.4878654e-04
21.38	2.6898581e-04
21.41	2.9081395e-04
21.45	3.1440093e-04
21.48	3.3988678e-04
21.52	3.6742236e-04
21.55	3.9717012e-04
21.58	4.2930494e-04
21.62	4.6401502e-04
21.65	5.0150280e-04
21.69	5.4198595e-04
21.72	5.8569844e-04
21.75	6.3289156e-04
21.79	6.8383516e-04
21.82	7.3881875e-04
21.86	7.9815279e-04
21.89	8.6216998e-04
21.92	9.3122656e-04
21.96	1.0057037e-03
21.99	1.0860089e-03
22.03	1.1725773e-03
22.06	1.2658734e-03
22.09	1.3663920e-03
22.13	1.4746600e-03
22.16	1.5912377e-03
22.20	1.7167199e-03
22.23	1.8517374e-03
22.26	1.9969579e-03
22.30	2.1530872e-03
22.33	2.3208696e-03
22.37	2.5010891e-03
22.40	2.6945692e-03
22.43	2.9021735e-03
22.47	3.1248046e-03
22.50	3.3634044e-03
22.54	3.6189522e-03
22.57	3.8924635e-03
22.61	4.1849876e-03
22.64	4.4976052e-03
22.67	4.8314243e-03
22.71	5.1875766e-03
22.74	5.5672127e-03
22.78	5.9714958e-03
22.81	6.4015960e-03
22.84	6.8586825e-03
22.88	7.3439156e-03
22.91	7.8584382e-03
22.95	8.4033656e-03
22.98	8.9797755e-03
23.01	9.5886969e-03
23.05	1.0231099e-02
23.08	1.0907878e-02
23.12	1.1619846e-02
23.15	1.2367720e-02
23.18	1.3152107e-02
23.22	1.3973494e-02
23.25	1.4832233e-02
23.29	1.5728537e-02
23.32	1.6662464e-02
23.35	1.7633910e-02
23.39	1.8642602e-02
23.42	1.9688093e-02
23.46	2.0769755e-02
23.49	2.1886778e-02
23.53	2.3038170e-02
23.56	2.4222757e-02
23.59	2.5439187e-02
23.63	2.6685937e-02
23.66	2.7961315e-02
23.70	2.9263478e-02
23.73	3.0590434e-02
23.76	3.1940060e-02
23.80	3.3310115e-02
23.83	3.4698255e-02
23.87	3.6102049e-02
23.90	3.7518997e-02
23.93	3.8946545e-02
23.97	4.0382105e-02
24.00	4.1823075e-02
24.04	4.3266851e-02
24.07	4.4710848e-02
24.10	4.6152514e-02
24.14	4.7589350e-02
24.17	4.9018917e-02
24.21	5.0438858e-02
24.24	5.1846903e-02
24.27	5.3240885e-02
24.31	5.4618743e-02
24.34	5.5978540e-02
24.38	5.7318459e-02
24.41	5.8636816e-02
24.44	5.9932057e-02
24.48	6.1202768e-02
24.51	6.2447671e-02
24.55	6.3665624e-02
24.58	6.4855625e-02
24.62	6.6016803e-02
24.65	6.7148422e-02
24.68	6.8249871e-02
24.72	6.9320664e-02
24.75	7.0360435e-02
24.79	7.1368931e-02
24.82	7.2346004e-02
24.85	7.3291610e-02
24.89	7.4205800e-02
24.92	7.5088713e-02
24.96	7.5940571e-02
24.99	7.6761669e-02
25.02	7.7552375e-02
25.06	7.8313117e-02
25.09	7.9044379e-02
25.13	7.9746696e-02
25.16	8.0420648e-02
25.19	8.1066852e-02
25.23	8.1685960e-02
25.26	8.2278650e-02
25.30	8.2845627e-02
25.33	8.3387610e-02
25.36	8.3905335e-02
25.40	8.4399550e-02
25.43	8.4871007e-02
25.47	8.5320462e-02
25.50	8.5748673e-02
25.54	8.6156395e-02
25.57	8.6544378e-02
25.60	8.6913364e-02
25.64	8.7264086e-02
25.67	8.7597267e-02
25.71	8.7913617e-02
25.74	8.8213832e-02
25.77	8.8498591e-02
25.81	8.8768560e-02
25.84	8.9024386e-02
25.88	8.9266698e-02
25.91	8.9496107e-02
25.94	8.9713207e-02
25.98	8.9918572e-02
26.01	9.0112755e-02
26.05	9.0296293e-02
26.08	9.0469702e-02
26.11	9.0633478e-02
26.15	9.0788100e-02
26.18	9.0934028e-02
26.22	9.1071702e-02
26.25	9.1201545e-02
26.28	9.1323963e-02
26.32	9.1439343e-02
26.35	9.1548055e-02
26.39	9.1650454e-02
26.42	9.1746878e-02
26.45	9.1837649e-02
26.49	9.1923075e-02
26.52	9.2003448e-02
26.56	9.2079047e-02
26.59	9.2150137e-02
26.63	9.2216970e-02
26.66	9.2279785e-02
26.69	9.2338811e-02
26.73	9.2394261e-02
26.76	9.2446342e-02
26.80	9.2495246e-02
26.83	9.2541158e-02
26.86	9.2584251e-02
26.90	9.2624691e-02
26.93	9.2662632e-02
26.97	9.2698222e-02
27.00	9.2731601e-02
