# NeutrinoAntineutrinoInteraction/NeutrinoiAntineutrinojMuonAntitau interaction rates
# neutrino field: massive Cosmic Neutrino Background, T_CnuB = 1.94535456 K
# Produced with crpropa-data version: 60a1560e37035039ec25f414e0c42a2444bad49c
# log10(E/eV), 1/lambda [1/Mpc]
15.35	0.0000000e+00
15.38	0.0000000e+00
15.42	0.0000000e+00
15.45	0.0000000e+00
15.48	0.0000000e+00
15.52	0.0000000e+00
15.55	0.0000000e+00
15.59	0.0000000e+00
15.62	0.0000000e+00
15.66	0.0000000e+00
15.69	0.0000000e+00
15.72	0.0000000e+00
15.76	0.0000000e+00
15.79	0.0000000e+00
15.83	0.0000000e+00
15.86	0.0000000e+00
15.89	0.0000000e+00
15.93	0.0000000e+00
15.96	0.0000000e+00
16.00	0.0000000e+00
16.03	0.0000000e+00
16.06	0.0000000e+00
16.10	0.0000000e+00
16.13	0.0000000e+00
16.17	0.0000000e+00
16.20	0.0000000e+00
16.23	0.0000000e+00
16.27	0.0000000e+00
16.30	0.0000000e+00
16.34	0.0000000e+00
16.37	0.0000000e+00
16.40	0.0000000e+00
16.44	0.0000000e+00
16.47	0.0000000e+00
16.51	0.0000000e+00
16.54	0.0000000e+00
16.58	0.0000000e+00
16.61	0.0000000e+00
16.64	0.0000000e+00
16.68	0.0000000e+00
16.71	0.0000000e+00
16.75	0.0000000e+00
16.78	0.0000000e+00
16.81	0.0000000e+00
16.85	0.0000000e+00
16.88	0.0000000e+00
16.92	0.0000000e+00
16.95	0.0000000e+00
16.98	0.0000000e+00
17.02	0.0000000e+00
17.05	0.0000000e+00
17.09	0.0000000e+00
17.12	0.0000000e+00
17.15	0.0000000e+00
17.19	0.0000000e+00
17.22	0.0000000e+00
17.26	0.0000000e+00
17.29	0.0000000e+00
17.32	1.7051190e-264
17.36	1.5844654e-244
17.39	4.5595995e-226
17.43	5.2813337e-209
17.46	3.1376213e-193
17.49	1.1962516e-178
17.53	3.6007424e-165
17.56	1.0363411e-152
17.60	3.4046435e-141
17.63	1.5038793e-130
17.67	1.0391441e-120
17.70	1.2919589e-111
17.73	3.2895334e-103
17.77	1.9332817e-95
17.80	2.9293658e-88
17.84	1.2676161e-81
17.87	1.7218871e-75
17.90	8.0129701e-70
17.94	1.3850297e-64
17.97	9.5820409e-60
18.01	2.8431428e-55
18.04	3.8567884e-51
18.07	2.5374146e-47
18.11	8.5509176e-44
18.14	1.5524515e-40
18.18	1.5910432e-37
18.21	9.6105921e-35
18.24	3.5608573e-32
18.28	8.3969283e-30
18.31	1.3039615e-27
18.35	1.3762190e-25
18.38	1.0163802e-23
18.41	5.3961437e-22
18.45	2.1115418e-20
18.48	6.2318810e-19
18.52	1.4171052e-17
18.55	2.5322789e-16
18.59	3.6213126e-15
18.62	4.2149104e-14
18.65	4.0555590e-13
18.69	3.2727765e-12
18.72	2.2448018e-11
18.76	1.3249325e-10
18.79	6.8064374e-10
18.82	3.0756806e-09
18.86	1.2345246e-08
18.89	4.4414038e-08
18.93	1.4442245e-07
18.96	4.2776420e-07
18.99	1.1623605e-06
19.03	2.9169190e-06
19.06	6.8017730e-06
19.10	1.4821907e-05
19.13	3.0342960e-05
19.16	5.8641210e-05
19.20	1.0747372e-04
19.23	1.8757502e-04
19.27	3.1297262e-04
19.30	5.0102330e-04
19.33	7.7210578e-04
19.37	1.1489583e-03
19.40	1.6557091e-03
19.44	2.3167012e-03
19.47	3.1552491e-03
19.51	4.1924784e-03
19.54	5.4463839e-03
19.57	6.9312127e-03
19.61	8.6572265e-03
19.64	1.0630853e-02
19.68	1.2855185e-02
19.71	1.5330750e-02
19.74	1.8056459e-02
19.78	2.1030638e-02
19.81	2.4252034e-02
19.85	2.7720745e-02
19.88	3.1439007e-02
19.91	3.5411827e-02
19.95	3.9647442e-02
19.98	4.4157632e-02
20.02	4.8957905e-02
20.05	5.4067579e-02
20.08	5.9509799e-02
20.12	6.5311517e-02
20.15	7.1503454e-02
20.19	7.8120068e-02
20.22	8.5199553e-02
20.25	9.2783853e-02
20.29	1.0091873e-01
20.32	1.0965389e-01
20.36	1.1904308e-01
20.39	1.2914437e-01
20.42	1.4002032e-01
20.46	1.5173833e-01
20.49	1.6437092e-01
20.53	1.7799618e-01
20.56	1.9269810e-01
20.60	2.0856714e-01
20.63	2.2570064e-01
20.66	2.4420344e-01
20.70	2.6418846e-01
20.73	2.8577731e-01
20.77	3.0910105e-01
20.80	3.3430087e-01
20.83	3.6152894e-01
20.87	3.9094923e-01
20.90	4.2273841e-01
20.94	4.5708690e-01
20.97	4.9419981e-01
21.00	5.3429811e-01
21.04	5.7761982e-01
21.07	6.2442121e-01
21.11	6.7497818e-01
21.14	7.2958765e-01
21.17	7.8856905e-01
21.21	8.5226592e-01
21.24	9.2104755e-01
21.28	9.9531076e-01
21.31	1.0754817e+00
21.34	1.1620179e+00
21.38	1.2554099e+00
21.41	1.3561840e+00
21.45	1.4649037e+00
21.48	1.5821725e+00
21.52	1.7086359e+00
21.55	1.8449837e+00
21.58	1.9919526e+00
21.62	2.1503285e+00
21.65	2.3209488e+00
21.69	2.5047048e+00
21.72	2.7025440e+00
21.75	2.9154726e+00
21.79	3.1445569e+00
21.82	3.3909260e+00
21.86	3.6557730e+00
21.89	3.9403568e+00
21.92	4.2460027e+00
21.96	4.5741037e+00
21.99	4.9261203e+00
22.03	5.3035809e+00
22.06	5.7080799e+00
22.09	6.1412774e+00
22.13	6.6048958e+00
22.16	7.1007176e+00
22.20	7.6305807e+00
22.23	8.1963740e+00
22.26	8.8000306e+00
22.30	9.4435214e+00
22.33	1.0128846e+01
22.37	1.0858025e+01
22.40	1.1633085e+01
22.43	1.2456054e+01
22.47	1.3328939e+01
22.50	1.4253719e+01
22.54	1.5232328e+01
22.57	1.6266637e+01
22.61	1.7358437e+01
22.64	1.8509424e+01
22.67	1.9721174e+01
22.71	2.0995134e+01
22.74	2.2332595e+01
22.78	2.3734676e+01
22.81	2.5202306e+01
22.84	2.6736208e+01
22.88	2.8336878e+01
22.91	3.0004576e+01
22.95	3.1739304e+01
22.98	3.3540801e+01
23.01	3.5408532e+01
23.05	3.7341676e+01
23.08	3.9339124e+01
23.12	4.1399476e+01
23.15	4.3521043e+01
23.18	4.5701842e+01
23.22	4.7939613e+01
23.25	5.0231816e+01
23.29	5.2575652e+01
23.32	5.4968068e+01
23.35	5.7405778e+01
23.39	5.9885283e+01
23.42	6.2402884e+01
23.46	6.4954711e+01
23.49	6.7536744e+01
23.53	7.0144837e+01
23.56	7.2774744e+01
23.59	7.5422146e+01
23.63	7.8082677e+01
23.66	8.0751949e+01
23.70	8.3425579e+01
23.73	8.6099213e+01
23.76	8.8768553e+01
23.80	9.1429378e+01
23.83	9.4077564e+01
23.87	9.6709111e+01
23.90	9.9320152e+01
23.93	1.0190698e+02
23.97	1.0446605e+02
24.00	1.0699402e+02
24.04	1.0948771e+02
24.07	1.1194417e+02
24.10	1.1436065e+02
24.14	1.1673462e+02
24.17	1.1906376e+02
24.21	1.2134598e+02
24.24	1.2357941e+02
24.27	1.2576239e+02
24.31	1.2789350e+02
24.34	1.2997149e+02
24.38	1.3199537e+02
24.41	1.3396431e+02
24.44	1.3587769e+02
24.48	1.3773507e+02
24.51	1.3953620e+02
24.55	1.4128097e+02
24.58	1.4296947e+02
24.62	1.4460190e+02
24.65	1.4617861e+02
24.68	1.4770009e+02
24.72	1.4916694e+02
24.75	1.5057985e+02
24.79	1.5193964e+02
24.82	1.5324720e+02
24.85	1.5450350e+02
24.89	1.5570958e+02
24.92	1.5686655e+02
24.96	1.5797556e+02
24.99	1.5903780e+02
25.02	1.6005452e+02
25.06	1.6102699e+02
25.09	1.6195647e+02
25.13	1.6284430e+02
25.16	1.6369177e+02
25.19	1.6450021e+02
25.23	1.6527094e+02
25.26	1.6600528e+02
25.30	1.6670454e+02
25.33	1.6737001e+02
25.36	1.6800297e+02
25.40	1.6860468e+02
25.43	1.6917640e+02
25.47	1.6971932e+02
25.50	1.7023465e+02
25.54	1.7072355e+02
25.57	1.7118715e+02
25.60	1.7162657e+02
25.64	1.7204287e+02
25.67	1.7243710e+02
25.71	1.7281026e+02
25.74	1.7316335e+02
25.77	1.7349730e+02
25.81	1.7381302e+02
25.84	1.7411140e+02
25.88	1.7439328e+02
25.91	1.7465948e+02
25.94	1.7491078e+02
25.98	1.7514794e+02
26.01	1.7537166e+02
26.05	1.7558265e+02
26.08	1.7578157e+02
26.11	1.7596904e+02
26.15	1.7614568e+02
26.18	1.7631205e+02
26.22	1.7646872e+02
26.25	1.7661619e+02
26.28	1.7675499e+02
26.32	1.7688557e+02
26.35	1.7700840e+02
26.39	1.7712391e+02
26.42	1.7723250e+02
26.45	1.7733456e+02
26.49	1.7743047e+02
26.52	1.7752057e+02
26.56	1.7760520e+02
26.59	1.7768467e+02
26.63	1.7775928e+02
26.66	1.7782931e+02
26.69	1.7789503e+02
26.73	1.7795669e+02
26.76	1.7801454e+02
26.80	1.7806879e+02
26.83	1.7811966e+02
26.86	1.7816736e+02
26.90	1.7821207e+02
26.93	1.7825397e+02
26.97	1.7829323e+02
27.00	1.7833002e+02
