# NeutrinoAntineutrinoInteraction/NeutrinoiAntineutrinojMuonAntitau interaction rates
# neutrino field: massive Cosmic Neutrino Background, T_CnuB = 1.94535456 K
# Produced with crpropa-data version: 60a1560e37035039ec25f414e0c42a2444bad49c
# log10(E/eV), 1/lambda [1/Mpc]
15.76	0.0000000e+00
15.79	0.0000000e+00
15.83	0.0000000e+00
15.86	0.0000000e+00
15.89	0.0000000e+00
15.93	0.0000000e+00
15.96	0.0000000e+00
16.00	0.0000000e+00
16.03	0.0000000e+00
16.06	0.0000000e+00
16.10	0.0000000e+00
16.13	0.0000000e+00
16.17	0.0000000e+00
16.20	0.0000000e+00
16.23	0.0000000e+00
16.27	0.0000000e+00
16.30	0.0000000e+00
16.34	0.0000000e+00
16.37	0.0000000e+00
16.40	0.0000000e+00
16.44	0.0000000e+00
16.47	0.0000000e+00
16.51	0.0000000e+00
16.54	0.0000000e+00
16.58	0.0000000e+00
16.61	0.0000000e+00
16.64	0.0000000e+00
16.68	0.0000000e+00
16.71	0.0000000e+00
16.75	0.0000000e+00
16.78	0.0000000e+00
16.81	0.0000000e+00
16.85	0.0000000e+00
16.88	0.0000000e+00
16.92	0.0000000e+00
16.95	0.0000000e+00
16.98	0.0000000e+00
17.02	0.0000000e+00
17.05	0.0000000e+00
17.09	0.0000000e+00
17.12	0.0000000e+00
17.15	0.0000000e+00
17.19	0.0000000e+00
17.22	0.0000000e+00
17.26	0.0000000e+00
17.29	0.0000000e+00
17.32	0.0000000e+00
17.36	0.0000000e+00
17.39	0.0000000e+00
17.43	0.0000000e+00
17.46	0.0000000e+00
17.49	0.0000000e+00
17.53	0.0000000e+00
17.56	0.0000000e+00
17.60	0.0000000e+00
17.63	0.0000000e+00
17.67	0.0000000e+00
17.70	0.0000000e+00
17.73	7.5038159e-267
17.77	6.8624164e-247
17.80	1.9459599e-228
17.84	2.2236701e-211
17.87	1.3047197e-195
17.90	4.9177480e-181
17.94	1.4647691e-167
17.97	4.1753354e-155
18.01	1.3596406e-143
18.04	5.9574155e-133
18.07	4.0862029e-123
18.11	5.0463695e-114
18.14	1.2770848e-105
18.18	7.4642826e-98
18.21	1.1254117e-90
18.24	4.8483543e-84
18.28	6.5598171e-78
18.31	3.0420176e-72
18.35	5.2420284e-67
18.38	3.6170344e-62
18.41	1.0708342e-57
18.45	1.4499275e-53
18.48	9.5251325e-50
18.52	3.2063342e-46
18.55	5.8167970e-43
18.59	5.9589221e-40
18.62	3.5991774e-37
18.65	1.3338922e-34
18.69	3.1473431e-32
18.72	4.8920371e-30
18.76	5.1696081e-28
18.79	3.8239793e-26
18.82	2.0341226e-24
18.86	7.9776295e-23
18.89	2.3605962e-21
18.93	5.3837224e-20
18.96	9.6520976e-19
18.99	1.3853498e-17
19.03	1.6189028e-16
19.06	1.5645149e-15
19.10	1.2685313e-14
19.13	8.7453922e-14
19.16	5.1900649e-13
19.20	2.6818716e-12
19.23	1.2194360e-11
19.27	4.9269233e-11
19.30	1.7848840e-10
19.33	5.8464038e-10
19.37	1.7448861e-09
19.40	4.7791167e-09
19.44	1.2092054e-08
19.47	2.8436623e-08
19.51	6.2507910e-08
19.54	1.2910378e-07
19.57	2.5175944e-07
19.61	4.6559799e-07
19.64	8.1997717e-07
19.68	1.3804024e-06
19.71	2.2291609e-06
19.74	3.4642299e-06
19.78	5.1962120e-06
19.81	7.5433246e-06
19.85	1.0624754e-05
19.88	1.4552951e-05
19.91	1.9425624e-05
19.95	2.5318305e-05
19.98	3.2278343e-05
20.02	4.0321112e-05
20.05	4.9429043e-05
20.08	5.9553844e-05
20.12	7.0621985e-05
20.15	8.2543198e-05
20.19	9.5221431e-05
20.22	1.0856744e-04
20.25	1.2251216e-04
20.29	1.3702022e-04
20.32	1.5210534e-04
20.36	1.6785502e-04
20.39	1.8440256e-04
20.42	2.0188337e-04
20.46	2.2043362e-04
20.49	2.4019177e-04
20.53	2.6130005e-04
20.56	2.8390583e-04
20.60	3.0816295e-04
20.63	3.3423304e-04
20.66	3.6228680e-04
20.70	3.9250533e-04
20.73	4.2508144e-04
20.77	4.6022100e-04
20.80	4.9814433e-04
20.83	5.3908768e-04
20.87	5.8330472e-04
20.90	6.3106819e-04
20.94	6.8267155e-04
20.97	7.3843078e-04
21.00	7.9868631e-04
21.04	8.6380501e-04
21.07	9.3418238e-04
21.11	1.0102449e-03
21.14	1.0924523e-03
21.17	1.1813004e-03
21.21	1.2773240e-03
21.24	1.3810994e-03
21.28	1.4932482e-03
21.31	1.6144402e-03
21.34	1.7453975e-03
21.38	1.8868979e-03
21.41	2.0397795e-03
21.45	2.2049447e-03
21.48	2.3833649e-03
21.52	2.5760857e-03
21.55	2.7842318e-03
21.58	3.0090126e-03
21.62	3.2517282e-03
21.65	3.5137750e-03
21.69	3.7966525e-03
21.72	4.1019700e-03
21.75	4.4314531e-03
21.79	4.7869513e-03
21.82	5.1704453e-03
21.86	5.5840548e-03
21.89	6.0300460e-03
21.92	6.5108398e-03
21.96	7.0290197e-03
21.99	7.5873401e-03
22.03	8.1887337e-03
22.06	8.8363200e-03
22.09	9.5334120e-03
22.13	1.0283524e-02
22.16	1.1090377e-02
22.20	1.1957907e-02
22.23	1.2890265e-02
22.26	1.3891828e-02
22.30	1.4967195e-02
22.33	1.6121189e-02
22.37	1.7358861e-02
22.40	1.8685480e-02
22.43	2.0106532e-02
22.47	2.1627713e-02
22.50	2.3254912e-02
22.54	2.4994203e-02
22.57	2.6851825e-02
22.61	2.8834159e-02
22.64	3.0947704e-02
22.67	3.3199047e-02
22.71	3.5594827e-02
22.74	3.8141698e-02
22.78	4.0846288e-02
22.81	4.3715146e-02
22.84	4.6754693e-02
22.88	4.9971167e-02
22.91	5.3370563e-02
22.95	5.6958569e-02
22.98	6.0740500e-02
23.01	6.4721236e-02
23.05	6.8905147e-02
23.08	7.3296031e-02
23.12	7.7897042e-02
23.15	8.2710627e-02
23.18	8.7738464e-02
23.22	9.2981402e-02
23.25	9.8439412e-02
23.29	1.0411154e-01
23.32	1.0999586e-01
23.35	1.1608946e-01
23.39	1.2238841e-01
23.42	1.2888776e-01
23.46	1.3558153e-01
23.49	1.4246272e-01
23.53	1.4952335e-01
23.56	1.5675448e-01
23.59	1.6414625e-01
23.63	1.7168794e-01
23.66	1.7936803e-01
23.70	1.8717430e-01
23.73	1.9509386e-01
23.76	2.0311326e-01
23.80	2.1121859e-01
23.83	2.1939559e-01
23.87	2.2762969e-01
23.90	2.3590616e-01
23.93	2.4421021e-01
23.97	2.5252705e-01
24.00	2.6084201e-01
24.04	2.6914065e-01
24.07	2.7740879e-01
24.10	2.8563264e-01
24.14	2.9379887e-01
24.17	3.0189465e-01
24.21	3.0990773e-01
24.24	3.1782649e-01
24.27	3.2563997e-01
24.31	3.3333793e-01
24.34	3.4091086e-01
24.38	3.4835003e-01
24.41	3.5564744e-01
24.44	3.6279590e-01
24.48	3.6978900e-01
24.51	3.7662107e-01
24.55	3.8328725e-01
24.58	3.8978338e-01
24.62	3.9610605e-01
24.65	4.0225255e-01
24.68	4.0822084e-01
24.72	4.1400951e-01
24.75	4.1961778e-01
24.79	4.2504543e-01
24.82	4.3029278e-01
24.85	4.3536066e-01
24.89	4.4025036e-01
24.92	4.4496360e-01
24.96	4.4950250e-01
24.99	4.5386952e-01
25.02	4.5806746e-01
25.06	4.6209937e-01
25.09	4.6596859e-01
25.13	4.6967866e-01
25.16	4.7323331e-01
25.19	4.7663645e-01
25.23	4.7989208e-01
25.26	4.8300435e-01
25.30	4.8597747e-01
25.33	4.8881572e-01
25.36	4.9152341e-01
25.40	4.9410488e-01
25.43	4.9656445e-01
25.47	4.9890646e-01
25.50	5.0113521e-01
25.54	5.0325493e-01
25.57	5.0526985e-01
25.60	5.0718409e-01
25.64	5.0900173e-01
25.67	5.1072675e-01
25.71	5.1236305e-01
25.74	5.1391444e-01
25.77	5.1538463e-01
25.81	5.1677723e-01
25.84	5.1809574e-01
25.88	5.1934357e-01
25.91	5.2052401e-01
25.94	5.2164022e-01
25.98	5.2269530e-01
26.01	5.2369219e-01
26.05	5.2463376e-01
26.08	5.2552273e-01
26.11	5.2636176e-01
26.15	5.2715337e-01
26.18	5.2789998e-01
26.22	5.2860393e-01
26.25	5.2926743e-01
26.28	5.2989262e-01
26.32	5.3048153e-01
26.35	5.3103609e-01
26.39	5.3155816e-01
26.42	5.3204951e-01
26.45	5.3251181e-01
26.49	5.3294667e-01
26.52	5.3335561e-01
26.56	5.3374008e-01
26.59	5.3410144e-01
26.63	5.3444101e-01
26.66	5.3476003e-01
26.69	5.3505967e-01
26.73	5.3534105e-01
26.76	5.3560521e-01
26.80	5.3585317e-01
26.83	5.3608586e-01
26.86	5.3630419e-01
26.90	5.3650899e-01
26.93	5.3670107e-01
26.97	5.3688119e-01
27.00	5.3705005e-01
