# NeutrinoAntineutrinoInteraction/NeutrinoiAntineutrinojMuonAntitau interaction rates
# neutrino field: massive Cosmic Neutrino Background, T_CnuB = 1.94535456 K
# Produced with crpropa-data version: 60a1560e37035039ec25f414e0c42a2444bad49c
# log10(E/eV), 1/lambda [1/Mpc]
15.66	0.0000000e+00
15.69	0.0000000e+00
15.72	0.0000000e+00
15.76	0.0000000e+00
15.79	0.0000000e+00
15.83	0.0000000e+00
15.86	0.0000000e+00
15.89	0.0000000e+00
15.93	0.0000000e+00
15.96	0.0000000e+00
16.00	0.0000000e+00
16.03	0.0000000e+00
16.06	0.0000000e+00
16.10	0.0000000e+00
16.13	0.0000000e+00
16.17	0.0000000e+00
16.20	0.0000000e+00
16.23	0.0000000e+00
16.27	0.0000000e+00
16.30	0.0000000e+00
16.34	0.0000000e+00
16.37	0.0000000e+00
16.40	0.0000000e+00
16.44	0.0000000e+00
16.47	0.0000000e+00
16.51	0.0000000e+00
16.54	0.0000000e+00
16.58	0.0000000e+00
16.61	0.0000000e+00
16.64	0.0000000e+00
16.68	0.0000000e+00
16.71	0.0000000e+00
16.75	0.0000000e+00
16.78	0.0000000e+00
16.81	0.0000000e+00
16.85	0.0000000e+00
16.88	0.0000000e+00
16.92	0.0000000e+00
16.95	0.0000000e+00
16.98	0.0000000e+00
17.02	0.0000000e+00
17.05	0.0000000e+00
17.09	0.0000000e+00
17.12	0.0000000e+00
17.15	0.0000000e+00
17.19	0.0000000e+00
17.22	0.0000000e+00
17.26	0.0000000e+00
17.29	0.0000000e+00
17.32	0.0000000e+00
17.36	0.0000000e+00
17.39	0.0000000e+00
17.43	0.0000000e+00
17.46	0.0000000e+00
17.49	0.0000000e+00
17.53	0.0000000e+00
17.56	0.0000000e+00
17.60	2.0378474e-277
17.63	1.3410286e-256
17.67	2.3599974e-237
17.70	1.4597895e-219
17.73	4.0862012e-203
17.77	6.5383569e-188
17.80	7.4225511e-174
17.84	7.2998698e-161
17.87	7.4809261e-149
17.90	9.4760640e-138
17.94	1.7373871e-127
17.97	5.3352703e-118
18.01	3.1406868e-109
18.04	4.0151430e-101
18.07	1.2511279e-93
18.11	1.0572255e-86
18.14	2.6739275e-80
18.18	2.2175435e-74
18.21	6.5611079e-69
18.24	7.4877183e-64
18.28	3.5426250e-59
18.31	7.4282125e-55
18.35	7.3422483e-51
18.38	3.6220001e-47
18.41	9.4009253e-44
18.45	1.3480421e-40
18.48	1.1172874e-37
18.52	5.5808842e-35
18.55	1.7462532e-32
18.59	3.5474059e-30
18.62	4.8359985e-28
18.65	4.5617512e-26
18.69	3.0630421e-24
18.72	1.5029268e-22
18.76	5.5210824e-21
18.79	1.5529741e-19
18.82	3.4149306e-18
18.86	5.9844897e-17
18.89	8.5079426e-16
18.93	9.9751260e-15
18.96	9.7929438e-14
18.99	8.1641507e-13
19.03	5.8552255e-12
19.06	3.6559660e-11
19.10	2.0093764e-10
19.13	9.8197240e-10
19.16	4.3063765e-09
19.20	1.7089123e-08
19.23	6.1825014e-08
19.27	2.0525334e-07
19.30	6.2878812e-07
19.33	1.7852205e-06
19.37	4.7103962e-06
19.40	1.1556114e-05
19.44	2.6275255e-05
19.47	5.4830659e-05
19.51	1.0287006e-04
19.54	1.6805291e-04
19.57	2.3627337e-04
19.61	3.0219337e-04
19.64	3.6671724e-04
19.68	4.3071428e-04
19.71	4.9498187e-04
19.74	5.6026033e-04
19.78	6.2724595e-04
19.81	6.9660258e-04
19.85	7.6897189e-04
19.88	8.4498263e-04
19.91	9.2525900e-04
19.95	1.0104284e-03
19.98	1.1011284e-03
20.02	1.1980139e-03
20.05	1.3017628e-03
20.08	1.4130830e-03
20.12	1.5327178e-03
20.15	1.6614525e-03
20.19	1.8001199e-03
20.22	1.9496065e-03
20.25	2.1108594e-03
20.29	2.2848917e-03
20.32	2.4727904e-03
20.36	2.6757226e-03
20.39	2.8949433e-03
20.42	3.1318033e-03
20.46	3.3877573e-03
20.49	3.6643733e-03
20.53	3.9633415e-03
20.56	4.2864844e-03
20.60	4.6357683e-03
20.63	5.0133139e-03
20.66	5.4214093e-03
20.70	5.8625229e-03
20.73	6.3393177e-03
20.77	6.8546662e-03
20.80	7.4116670e-03
20.83	8.0136615e-03
20.87	8.6642529e-03
20.90	9.3673256e-03
20.94	1.0127066e-02
20.97	1.0947987e-02
21.00	1.1834947e-02
21.04	1.2793180e-02
21.07	1.3828323e-02
21.11	1.4946437e-02
21.14	1.6154048e-02
21.17	1.7458170e-02
21.21	1.8866342e-02
21.24	2.0386662e-02
21.28	2.2027828e-02
21.31	2.3799168e-02
21.34	2.5710690e-02
21.38	2.7773114e-02
21.41	2.9997921e-02
21.45	3.2397395e-02
21.48	3.4984666e-02
21.52	3.7773759e-02
21.55	4.0779633e-02
21.58	4.4018234e-02
21.62	4.7506533e-02
21.65	5.1262571e-02
21.69	5.5305502e-02
21.72	5.9655627e-02
21.75	6.4334432e-02
21.79	6.9364614e-02
21.82	7.4770105e-02
21.86	8.0576086e-02
21.89	8.6808997e-02
21.92	9.3496532e-02
21.96	1.0066762e-01
21.99	1.0835239e-01
22.03	1.1658216e-01
22.06	1.2538930e-01
22.09	1.3480724e-01
22.13	1.4487031e-01
22.16	1.5561359e-01
22.20	1.6707285e-01
22.23	1.7928427e-01
22.26	1.9228431e-01
22.30	2.0610941e-01
22.33	2.2079582e-01
22.37	2.3637921e-01
22.40	2.5289443e-01
22.43	2.7037516e-01
22.47	2.8885351e-01
22.50	3.0835968e-01
22.54	3.2892156e-01
22.57	3.5056431e-01
22.61	3.7330997e-01
22.64	3.9717706e-01
22.67	4.2218014e-01
22.71	4.4832951e-01
22.74	4.7563079e-01
22.78	5.0408461e-01
22.81	5.3368637e-01
22.84	5.6442595e-01
22.88	5.9628759e-01
22.91	6.2924969e-01
22.95	6.6328483e-01
22.98	6.9835974e-01
23.01	7.3443535e-01
23.05	7.7146699e-01
23.08	8.0940457e-01
23.12	8.4819286e-01
23.15	8.8777185e-01
23.18	9.2807712e-01
23.22	9.6904030e-01
23.25	1.0105896e+00
23.29	1.0526502e+00
23.32	1.0951449e+00
23.35	1.1379949e+00
23.39	1.1811198e+00
23.42	1.2244389e+00
23.46	1.2678711e+00
23.49	1.3113359e+00
23.53	1.3547540e+00
23.56	1.3980472e+00
23.59	1.4411396e+00
23.63	1.4839576e+00
23.66	1.5264303e+00
23.70	1.5684901e+00
23.73	1.6100728e+00
23.76	1.6511178e+00
23.80	1.6915687e+00
23.83	1.7313728e+00
23.87	1.7704819e+00
23.90	1.8088518e+00
23.93	1.8464430e+00
23.97	1.8832198e+00
24.00	1.9191512e+00
24.04	1.9542102e+00
24.07	1.9883739e+00
24.10	2.0216234e+00
24.14	2.0539439e+00
24.17	2.0853238e+00
24.21	2.1157554e+00
24.24	2.1452342e+00
24.27	2.1737588e+00
24.31	2.2013309e+00
24.34	2.2279548e+00
24.38	2.2536372e+00
24.41	2.2783874e+00
24.44	2.3022167e+00
24.48	2.3251381e+00
24.51	2.3471667e+00
24.55	2.3683188e+00
24.58	2.3886122e+00
24.62	2.4080659e+00
24.65	2.4266998e+00
24.68	2.4445347e+00
24.72	2.4615921e+00
24.75	2.4778940e+00
24.79	2.4934629e+00
24.82	2.5083216e+00
24.85	2.5224930e+00
24.89	2.5360002e+00
24.92	2.5488662e+00
24.96	2.5611140e+00
24.99	2.5727665e+00
25.02	2.5838461e+00
25.06	2.5943752e+00
25.09	2.6043757e+00
25.13	2.6138692e+00
25.16	2.6228767e+00
25.19	2.6314188e+00
25.23	2.6395158e+00
25.26	2.6471871e+00
25.30	2.6544519e+00
25.33	2.6613287e+00
25.36	2.6678354e+00
25.40	2.6739892e+00
25.43	2.6798070e+00
25.47	2.6853050e+00
25.50	2.6904987e+00
25.54	2.6954031e+00
25.57	2.7000327e+00
25.60	2.7044012e+00
25.64	2.7085221e+00
25.67	2.7124080e+00
25.71	2.7160712e+00
25.74	2.7195232e+00
25.77	2.7227753e+00
25.81	2.7258382e+00
25.84	2.7287219e+00
25.88	2.7314363e+00
25.91	2.7339904e+00
25.94	2.7363933e+00
25.98	2.7386531e+00
26.01	2.7407779e+00
26.05	2.7427752e+00
26.08	2.7446522e+00
26.11	2.7464158e+00
26.15	2.7480724e+00
26.18	2.7496281e+00
26.22	2.7510888e+00
26.25	2.7524600e+00
26.28	2.7537469e+00
26.32	2.7549544e+00
26.35	2.7560871e+00
26.39	2.7571496e+00
26.42	2.7581460e+00
26.45	2.7590802e+00
26.49	2.7599560e+00
26.52	2.7607768e+00
26.56	2.7615460e+00
26.59	2.7622667e+00
26.63	2.7629418e+00
26.66	2.7635741e+00
26.69	2.7641663e+00
26.73	2.7647207e+00
26.76	2.7652398e+00
26.80	2.7657256e+00
26.83	2.7661804e+00
26.86	2.7666059e+00
26.90	2.7670040e+00
26.93	2.7673765e+00
26.97	2.7677249e+00
27.00	2.7680508e+00
