# NeutrinoAntineutrinoInteraction/NeutrinoiAntineutrinojMuonAntitau interaction rates
# neutrino field: massive Cosmic Neutrino Background, T_CnuB = 1.94535456 K
# Produced with crpropa-data version: 60a1560e37035039ec25f414e0c42a2444bad49c
# log10(E/eV), 1/lambda [1/Mpc]
16.20	0.0000000e+00
16.23	0.0000000e+00
16.27	0.0000000e+00
16.30	0.0000000e+00
16.34	0.0000000e+00
16.37	0.0000000e+00
16.40	0.0000000e+00
16.44	0.0000000e+00
16.47	0.0000000e+00
16.51	0.0000000e+00
16.54	0.0000000e+00
16.58	0.0000000e+00
16.61	0.0000000e+00
16.64	0.0000000e+00
16.68	0.0000000e+00
16.71	0.0000000e+00
16.75	0.0000000e+00
16.78	0.0000000e+00
16.81	0.0000000e+00
16.85	0.0000000e+00
16.88	0.0000000e+00
16.92	0.0000000e+00
16.95	0.0000000e+00
16.98	0.0000000e+00
17.02	0.0000000e+00
17.05	0.0000000e+00
17.09	0.0000000e+00
17.12	0.0000000e+00
17.15	0.0000000e+00
17.19	0.0000000e+00
17.22	0.0000000e+00
17.26	0.0000000e+00
17.29	0.0000000e+00
17.32	0.0000000e+00
17.36	0.0000000e+00
17.39	0.0000000e+00
17.43	0.0000000e+00
17.46	0.0000000e+00
17.49	0.0000000e+00
17.53	0.0000000e+00
17.56	0.0000000e+00
17.60	0.0000000e+00
17.63	0.0000000e+00
17.67	0.0000000e+00
17.70	0.0000000e+00
17.73	0.0000000e+00
17.77	0.0000000e+00
17.80	0.0000000e+00
17.84	0.0000000e+00
17.87	0.0000000e+00
17.90	0.0000000e+00
17.94	0.0000000e+00
17.97	0.0000000e+00
18.01	0.0000000e+00
18.04	0.0000000e+00
18.07	0.0000000e+00
18.11	0.0000000e+00
18.14	1.1999388e-279
18.18	7.5802483e-259
18.21	1.2990496e-239
18.24	7.9360954e-222
18.28	2.2249942e-205
18.31	3.6162015e-190
18.35	4.2288488e-176
18.38	4.3455244e-163
18.41	4.7207609e-151
18.45	6.4330871e-140
18.48	1.2882425e-129
18.52	4.3888177e-120
18.55	2.9129221e-111
18.59	4.2699367e-103
18.62	1.5526001e-95
18.65	1.5593431e-88
18.69	4.7787688e-82
18.72	4.9005598e-76
18.76	1.8316959e-70
18.79	2.7011441e-65
18.82	1.6913477e-60
18.86	4.8139533e-56
18.89	6.6346112e-52
18.93	4.6953439e-48
18.96	1.8019236e-44
18.99	3.9448104e-41
19.03	5.1640899e-38
19.06	4.2234425e-35
19.10	2.2477460e-32
19.13	8.0854999e-30
19.16	2.0364053e-27
19.20	3.7106286e-25
19.23	5.0423549e-23
19.27	5.2547486e-21
19.30	4.3076036e-19
19.33	2.8410054e-17
19.37	1.5362706e-15
19.40	6.9042764e-14
19.44	2.5902039e-12
19.47	7.9930871e-11
19.51	1.8981013e-09
19.54	2.5698357e-08
19.57	8.4017570e-08
19.61	1.3980816e-07
19.64	1.9304418e-07
19.68	2.4454884e-07
19.71	2.9506266e-07
19.74	3.4525849e-07
19.78	3.9575454e-07
19.81	4.4712589e-07
19.85	4.9991447e-07
19.88	5.5463804e-07
19.91	6.1179803e-07
19.95	6.7188683e-07
19.98	7.3539415e-07
20.02	8.0281311e-07
20.05	8.7464542e-07
20.08	9.5140715e-07
20.12	1.0336334e-06
20.15	1.1218832e-06
20.19	1.2167445e-06
20.22	1.3188384e-06
20.25	1.4288242e-06
20.29	1.5474045e-06
20.32	1.6753293e-06
20.36	1.8134020e-06
20.39	1.9624841e-06
20.42	2.1235014e-06
20.46	2.2974492e-06
20.49	2.4853992e-06
20.53	2.6885058e-06
20.56	2.9080131e-06
20.60	3.1452628e-06
20.63	3.4017009e-06
20.66	3.6788875e-06
20.70	3.9785061e-06
20.73	4.3023726e-06
20.77	4.6524466e-06
20.80	5.0308420e-06
20.83	5.4398391e-06
20.87	5.8818981e-06
20.90	6.3596721e-06
20.94	6.8760216e-06
20.97	7.4340305e-06
21.00	8.0370239e-06
21.04	8.6885838e-06
21.07	9.3925708e-06
21.11	1.0153141e-05
21.14	1.0974771e-05
21.17	1.1862278e-05
21.21	1.2820846e-05
21.24	1.3856043e-05
21.28	1.4973861e-05
21.31	1.6180735e-05
21.34	1.7483574e-05
21.38	1.8889795e-05
21.41	2.0407350e-05
21.45	2.2044762e-05
21.48	2.3811163e-05
21.52	2.5716315e-05
21.55	2.7770663e-05
21.58	2.9985359e-05
21.62	3.2372306e-05
21.65	3.4944191e-05
21.69	3.7714522e-05
21.72	4.0697660e-05
21.75	4.3908856e-05
21.79	4.7364285e-05
21.82	5.1081049e-05
21.86	5.5077231e-05
21.89	5.9371900e-05
21.92	6.3985134e-05
21.96	6.8938011e-05
21.99	7.4252621e-05
22.03	7.9952043e-05
22.06	8.6060335e-05
22.09	9.2602479e-05
22.13	9.9604347e-05
22.16	1.0709262e-04
22.20	1.1509474e-04
22.23	1.2363876e-04
22.26	1.3275327e-04
22.30	1.4246722e-04
22.33	1.5280978e-04
22.37	1.6381015e-04
22.40	1.7549732e-04
22.43	1.8789983e-04
22.47	2.0104562e-04
22.50	2.1496163e-04
22.54	2.2967362e-04
22.57	2.4520575e-04
22.61	2.6158039e-04
22.64	2.7881767e-04
22.67	2.9693527e-04
22.71	3.1594795e-04
22.74	3.3586736e-04
22.78	3.5670166e-04
22.81	3.7845530e-04
22.84	4.0112868e-04
22.88	4.2471801e-04
22.91	4.4921505e-04
22.95	4.7460705e-04
22.98	5.0087657e-04
23.01	5.2800132e-04
23.05	5.5595443e-04
23.08	5.8470437e-04
23.12	6.1421514e-04
23.15	6.4444635e-04
23.18	6.7535357e-04
23.22	7.0688847e-04
23.25	7.3899932e-04
23.29	7.7163111e-04
23.32	8.0472616e-04
23.35	8.3822442e-04
23.39	8.7206407e-04
23.42	9.0618177e-04
23.46	9.4051334e-04
23.49	9.7499404e-04
23.53	1.0095592e-03
23.56	1.0441447e-03
23.59	1.0786868e-03
23.63	1.1131232e-03
23.66	1.1473935e-03
23.70	1.1814388e-03
23.73	1.2152031e-03
23.76	1.2486324e-03
23.80	1.2816759e-03
23.83	1.3142856e-03
23.87	1.3464167e-03
23.90	1.3780276e-03
23.93	1.4090802e-03
23.97	1.4395396e-03
24.00	1.4693746e-03
24.04	1.4985574e-03
24.07	1.5270636e-03
24.10	1.5548721e-03
24.14	1.5819654e-03
24.17	1.6083287e-03
24.21	1.6339502e-03
24.24	1.6588213e-03
24.27	1.6829360e-03
24.31	1.7062914e-03
24.34	1.7288865e-03
24.38	1.7507231e-03
24.41	1.7718049e-03
24.44	1.7921377e-03
24.48	1.8117291e-03
24.51	1.8305882e-03
24.55	1.8487258e-03
24.58	1.8661540e-03
24.62	1.8828861e-03
24.65	1.8989365e-03
24.68	1.9143203e-03
24.72	1.9290539e-03
24.75	1.9431541e-03
24.79	1.9566376e-03
24.82	1.9695219e-03
24.85	1.9818253e-03
24.89	1.9935656e-03
24.92	2.0047614e-03
24.96	2.0154310e-03
24.99	2.0255929e-03
25.02	2.0352654e-03
25.06	2.0444667e-03
25.09	2.0532146e-03
25.13	2.0615269e-03
25.16	2.0694208e-03
25.19	2.0769137e-03
25.23	2.0840223e-03
25.26	2.0907630e-03
25.30	2.0971519e-03
25.33	2.1032047e-03
25.36	2.1089364e-03
25.40	2.1143613e-03
25.43	2.1194937e-03
25.47	2.1243472e-03
25.50	2.1289353e-03
25.54	2.1332706e-03
25.57	2.1373656e-03
25.60	2.1412322e-03
25.64	2.1448820e-03
25.67	2.1483256e-03
25.71	2.1515737e-03
25.74	2.1546362e-03
25.77	2.1575230e-03
25.81	2.1602432e-03
25.84	2.1628058e-03
25.88	2.1652190e-03
25.91	2.1674913e-03
25.94	2.1696303e-03
25.98	2.1716430e-03
26.01	2.1735361e-03
26.05	2.1753164e-03
26.08	2.1769901e-03
26.11	2.1785632e-03
26.15	2.1800415e-03
26.18	2.1814303e-03
26.22	2.1827349e-03
26.25	2.1839601e-03
26.28	2.1851102e-03
26.32	2.1861898e-03
26.35	2.1872028e-03
26.39	2.1881534e-03
26.42	2.1890450e-03
26.45	2.1898814e-03
26.49	2.1906658e-03
26.52	2.1914017e-03
26.56	2.1920915e-03
26.59	2.1927379e-03
26.63	2.1933436e-03
26.66	2.1939109e-03
26.69	2.1944422e-03
26.73	2.1949398e-03
26.76	2.1954057e-03
26.80	2.1958418e-03
26.83	2.1962503e-03
26.86	2.1966325e-03
26.90	2.1969901e-03
26.93	2.1973247e-03
26.97	2.1976377e-03
27.00	2.1979304e-03
