# NeutrinoAntineutrinoInteraction/NeutrinoiAntineutrinojMuonAntitau interaction rates
# neutrino field: massive Cosmic Neutrino Background, T_CnuB = 1.94535456 K
# Produced with crpropa-data version: 60a1560e37035039ec25f414e0c42a2444bad49c
# log10(E/eV), 1/lambda [1/Mpc]
16.00	0.0000000e+00
16.03	0.0000000e+00
16.06	0.0000000e+00
16.10	0.0000000e+00
16.13	0.0000000e+00
16.17	0.0000000e+00
16.20	0.0000000e+00
16.23	0.0000000e+00
16.27	0.0000000e+00
16.30	0.0000000e+00
16.34	0.0000000e+00
16.37	0.0000000e+00
16.40	0.0000000e+00
16.44	0.0000000e+00
16.47	0.0000000e+00
16.51	0.0000000e+00
16.54	0.0000000e+00
16.58	0.0000000e+00
16.61	0.0000000e+00
16.64	0.0000000e+00
16.68	0.0000000e+00
16.71	0.0000000e+00
16.75	0.0000000e+00
16.78	0.0000000e+00
16.81	0.0000000e+00
16.85	0.0000000e+00
16.88	0.0000000e+00
16.92	0.0000000e+00
16.95	0.0000000e+00
16.98	0.0000000e+00
17.02	0.0000000e+00
17.05	0.0000000e+00
17.09	0.0000000e+00
17.12	0.0000000e+00
17.15	0.0000000e+00
17.19	0.0000000e+00
17.22	0.0000000e+00
17.26	0.0000000e+00
17.29	0.0000000e+00
17.32	0.0000000e+00
17.36	0.0000000e+00
17.39	0.0000000e+00
17.43	0.0000000e+00
17.46	0.0000000e+00
17.49	0.0000000e+00
17.53	0.0000000e+00
17.56	0.0000000e+00
17.60	0.0000000e+00
17.63	0.0000000e+00
17.67	0.0000000e+00
17.70	0.0000000e+00
17.73	0.0000000e+00
17.77	0.0000000e+00
17.80	0.0000000e+00
17.84	0.0000000e+00
17.87	0.0000000e+00
17.90	0.0000000e+00
17.94	0.0000000e+00
17.97	2.1700673e-275
18.01	6.7507091e-255
18.04	5.9367730e-236
18.07	1.9316142e-218
18.11	2.9818644e-202
18.14	2.7487252e-187
18.18	1.8715166e-173
18.21	1.1456479e-160
18.24	7.5620352e-149
18.28	6.3670178e-138
18.31	7.9876148e-128
18.35	1.7237141e-118
18.38	7.3073075e-110
18.41	6.8804881e-102
18.45	1.6119572e-94
18.48	1.0436223e-87
18.52	2.0574689e-81
18.55	1.3511026e-75
18.59	3.2109545e-70
18.62	2.9818019e-65
18.65	1.1614959e-60
18.69	2.0263912e-56
18.72	1.6823658e-52
18.76	7.0298864e-49
18.79	1.5570780e-45
18.82	1.9178423e-42
18.86	1.3730710e-39
18.89	5.9530177e-37
18.93	1.6232700e-34
18.96	2.8830962e-32
18.99	3.4450969e-30
19.03	2.8537574e-28
19.06	1.6847118e-26
19.10	7.2717860e-25
19.13	2.3498501e-23
19.16	5.8106601e-22
19.20	1.1219776e-20
19.23	1.7236218e-19
19.27	2.1434493e-18
19.30	2.1925378e-17
19.33	1.8722783e-16
19.37	1.3530915e-15
19.40	8.3813732e-15
19.44	4.5021489e-14
19.47	2.1200469e-13
19.51	8.8398357e-13
19.54	3.2941451e-12
19.57	1.1065402e-11
19.61	3.3772707e-11
19.64	9.4347529e-11
19.68	2.4289346e-10
19.71	5.7990578e-10
19.74	1.2914830e-09
19.78	2.6974656e-09
19.81	5.3104641e-09
19.85	9.8999229e-09
19.88	1.7551704e-08
19.91	2.9711406e-08
19.95	4.8199766e-08
19.98	7.5191430e-08
20.02	1.1315370e-07
20.05	1.6474839e-07
20.08	2.3270641e-07
20.12	3.1968932e-07
20.15	4.2815463e-07
20.19	5.6024084e-07
20.22	7.1768540e-07
20.25	9.0178382e-07
20.29	1.1133924e-06
20.32	1.3529722e-06
20.36	1.6206658e-06
20.39	1.9163987e-06
20.42	2.2399925e-06
20.46	2.5912792e-06
20.49	2.9702093e-06
20.53	3.3769454e-06
20.56	3.8119387e-06
20.60	4.2759867e-06
20.63	4.7702738e-06
20.66	5.2963957e-06
20.70	5.8563724e-06
20.73	6.4526522e-06
20.77	7.0881104e-06
20.80	7.7660450e-06
20.83	8.4901737e-06
20.87	9.2646314e-06
20.90	1.0093972e-05
20.94	1.0983173e-05
20.97	1.1937648e-05
21.00	1.2963259e-05
21.04	1.4066340e-05
21.07	1.5253722e-05
21.11	1.6532762e-05
21.14	1.7911380e-05
21.17	1.9398103e-05
21.21	2.1002104e-05
21.24	2.2733258e-05
21.28	2.4602194e-05
21.31	2.6620360e-05
21.34	2.8800081e-05
21.38	3.1154634e-05
21.41	3.3698324e-05
21.45	3.6446565e-05
21.48	3.9415964e-05
21.52	4.2624419e-05
21.55	4.6091217e-05
21.58	4.9837141e-05
21.62	5.3884581e-05
21.65	5.8257662e-05
21.69	6.2982367e-05
21.72	6.8086678e-05
21.75	7.3600720e-05
21.79	7.9556919e-05
21.82	8.5990161e-05
21.86	9.2937972e-05
21.89	1.0044069e-04
21.92	1.0854169e-04
21.96	1.1728752e-04
21.99	1.2672819e-04
22.03	1.3691736e-04
22.06	1.4791253e-04
22.09	1.5977537e-04
22.13	1.7257188e-04
22.16	1.8637271e-04
22.20	2.0125335e-04
22.23	2.1729449e-04
22.26	2.3458218e-04
22.30	2.5320819e-04
22.33	2.7327022e-04
22.37	2.9487217e-04
22.40	3.1812441e-04
22.43	3.4314401e-04
22.47	3.7005494e-04
22.50	3.9898831e-04
22.54	4.3008251e-04
22.57	4.6348335e-04
22.61	4.9934418e-04
22.64	5.3782591e-04
22.67	5.7909703e-04
22.71	6.2333349e-04
22.74	6.7071863e-04
22.78	7.2144289e-04
22.81	7.7570351e-04
22.84	8.3370413e-04
22.88	8.9565425e-04
22.91	9.6176862e-04
22.95	1.0322664e-03
22.98	1.1073705e-03
23.01	1.1873061e-03
23.05	1.2723000e-03
23.08	1.3625792e-03
23.12	1.4583691e-03
23.15	1.5598925e-03
23.18	1.6673675e-03
23.22	1.7810060e-03
23.25	1.9010115e-03
23.29	2.0275774e-03
23.32	2.1608850e-03
23.35	2.3011009e-03
23.39	2.4483756e-03
23.42	2.6028410e-03
23.46	2.7646081e-03
23.49	2.9337657e-03
23.53	3.1103779e-03
23.56	3.2944826e-03
23.59	3.4860897e-03
23.63	3.6851800e-03
23.66	3.8917038e-03
23.70	4.1055798e-03
23.73	4.3266946e-03
23.76	4.5549026e-03
23.80	4.7900252e-03
23.83	5.0318514e-03
23.87	5.2801386e-03
23.90	5.5346128e-03
23.93	5.7949702e-03
23.97	6.0608785e-03
24.00	6.3319784e-03
24.04	6.6078861e-03
24.07	6.8881949e-03
24.10	7.1724778e-03
24.14	7.4602903e-03
24.17	7.7511729e-03
24.21	8.0446539e-03
24.24	8.3402526e-03
24.27	8.6374818e-03
24.31	8.9358510e-03
24.34	9.2348694e-03
24.38	9.5340486e-03
24.41	9.8329053e-03
24.44	1.0130964e-02
24.48	1.0427760e-02
24.51	1.0722840e-02
24.55	1.1015767e-02
24.58	1.1306120e-02
24.62	1.1593497e-02
24.65	1.1877514e-02
24.68	1.2157812e-02
24.72	1.2434050e-02
24.75	1.2705915e-02
24.79	1.2973114e-02
24.82	1.3235381e-02
24.85	1.3492473e-02
24.89	1.3744172e-02
24.92	1.3990286e-02
24.96	1.4230646e-02
24.99	1.4465107e-02
25.02	1.4693548e-02
25.06	1.4915871e-02
25.09	1.5131998e-02
25.13	1.5341874e-02
25.16	1.5545464e-02
25.19	1.5742750e-02
25.23	1.5933736e-02
25.26	1.6118439e-02
25.30	1.6296894e-02
25.33	1.6469150e-02
25.36	1.6635270e-02
25.40	1.6795329e-02
25.43	1.6949414e-02
25.47	1.7097621e-02
25.50	1.7240057e-02
25.54	1.7376834e-02
25.57	1.7508076e-02
25.60	1.7633908e-02
25.64	1.7754464e-02
25.67	1.7869880e-02
25.71	1.7980298e-02
25.74	1.8085860e-02
25.77	1.8186712e-02
25.81	1.8283001e-02
25.84	1.8374875e-02
25.88	1.8462481e-02
25.91	1.8545967e-02
25.94	1.8625479e-02
25.98	1.8701163e-02
26.01	1.8773164e-02
26.05	1.8841622e-02
26.08	1.8906678e-02
26.11	1.8968469e-02
26.15	1.9027129e-02
26.18	1.9082789e-02
26.22	1.9135577e-02
26.25	1.9185619e-02
26.28	1.9233035e-02
26.32	1.9277944e-02
26.35	1.9320459e-02
26.39	1.9360692e-02
26.42	1.9398750e-02
26.45	1.9434735e-02
26.49	1.9468747e-02
26.52	1.9500883e-02
26.56	1.9531235e-02
26.59	1.9559892e-02
26.63	1.9586938e-02
26.66	1.9612455e-02
26.69	1.9636523e-02
26.73	1.9659216e-02
26.76	1.9680605e-02
26.80	1.9700760e-02
26.83	1.9719746e-02
26.86	1.9737626e-02
26.90	1.9754458e-02
26.93	1.9770301e-02
26.97	1.9785209e-02
27.00	1.9799232e-02
