# NeutrinoAntineutrinoInteraction/NeutrinoiAntineutrinojMuonAntitau interaction rates
# neutrino field: massive Cosmic Neutrino Background, T_CnuB = 1.94535456 K
# Produced with crpropa-data version: 60a1560e37035039ec25f414e0c42a2444bad49c
# log10(E/eV), 1/lambda [1/Mpc]
15.48	0.0000000e+00
15.52	0.0000000e+00
15.55	0.0000000e+00
15.59	0.0000000e+00
15.62	0.0000000e+00
15.66	0.0000000e+00
15.69	0.0000000e+00
15.72	0.0000000e+00
15.76	0.0000000e+00
15.79	0.0000000e+00
15.83	0.0000000e+00
15.86	0.0000000e+00
15.89	0.0000000e+00
15.93	0.0000000e+00
15.96	0.0000000e+00
16.00	0.0000000e+00
16.03	0.0000000e+00
16.06	0.0000000e+00
16.10	0.0000000e+00
16.13	0.0000000e+00
16.17	0.0000000e+00
16.20	0.0000000e+00
16.23	0.0000000e+00
16.27	0.0000000e+00
16.30	0.0000000e+00
16.34	0.0000000e+00
16.37	0.0000000e+00
16.40	0.0000000e+00
16.44	0.0000000e+00
16.47	0.0000000e+00
16.51	0.0000000e+00
16.54	0.0000000e+00
16.58	0.0000000e+00
16.61	0.0000000e+00
16.64	0.0000000e+00
16.68	0.0000000e+00
16.71	0.0000000e+00
16.75	0.0000000e+00
16.78	0.0000000e+00
16.81	0.0000000e+00
16.85	0.0000000e+00
16.88	0.0000000e+00
16.92	0.0000000e+00
16.95	0.0000000e+00
16.98	0.0000000e+00
17.02	0.0000000e+00
17.05	0.0000000e+00
17.09	0.0000000e+00
17.12	0.0000000e+00
17.15	0.0000000e+00
17.19	0.0000000e+00
17.22	0.0000000e+00
17.26	0.0000000e+00
17.29	0.0000000e+00
17.32	0.0000000e+00
17.36	0.0000000e+00
17.39	0.0000000e+00
17.43	3.3724586e-277
17.46	2.5181638e-256
17.49	4.9757919e-237
17.53	3.4220781e-219
17.56	1.0553513e-202
17.60	1.8446431e-187
17.63	2.2692874e-173
17.67	2.4004158e-160
17.70	2.6272455e-148
17.73	3.5307254e-137
17.77	6.8249647e-127
17.80	2.1965917e-117
17.84	1.3475860e-108
17.87	1.7858120e-100
17.90	5.7385667e-93
17.94	4.9760837e-86
17.97	1.2853283e-79
18.01	1.0836025e-73
18.04	3.2445095e-68
18.07	3.7305840e-63
18.11	1.7705976e-58
18.14	3.7083334e-54
18.18	3.6455806e-50
18.21	1.7810433e-46
18.24	4.5585133e-43
18.28	6.4180848e-40
18.31	5.2001460e-37
18.35	2.5279609e-34
18.38	7.6633884e-32
18.41	1.5012569e-29
18.45	1.9642351e-27
18.48	1.7696093e-25
18.52	1.1291461e-23
18.55	5.2376031e-22
18.59	1.8092260e-20
18.62	4.7589433e-19
18.65	9.7305326e-18
18.69	1.5763340e-16
18.72	2.0592058e-15
18.76	2.2048032e-14
18.79	1.9642870e-13
18.82	1.4765891e-12
18.86	9.4871082e-12
18.89	5.2723854e-11
18.93	2.5625402e-10
18.96	1.1004153e-09
18.99	4.2146867e-09
19.03	1.4524137e-08
19.06	4.5398554e-08
19.10	1.2967871e-07
19.13	3.4086041e-07
19.16	8.2975184e-07
19.20	1.8817389e-06
19.23	3.9975543e-06
19.27	7.9957774e-06
19.30	1.5128710e-05
19.33	2.7196298e-05
19.37	4.6637519e-05
19.40	7.6577206e-05
19.44	1.2080969e-04
19.47	1.8370881e-04
19.51	2.7006514e-04
19.54	3.8486322e-04
19.57	5.3302193e-04
19.61	7.1912747e-04
19.64	9.4719020e-04
19.68	1.2204532e-03
19.71	1.5412732e-03
19.74	1.9110859e-03
19.78	2.3304548e-03
19.81	2.7991970e-03
19.85	3.3165679e-03
19.88	3.8814852e-03
19.91	4.4927697e-03
19.95	5.1493825e-03
19.98	5.8506423e-03
20.02	6.5964099e-03
20.05	7.3872341e-03
20.08	8.2244580e-03
20.12	9.1102874e-03
20.15	1.0047826e-02
20.19	1.1041090e-02
20.22	1.2094995e-02
20.25	1.3215352e-02
20.29	1.4408849e-02
20.32	1.5683070e-02
20.36	1.7046592e-02
20.39	1.8508744e-02
20.42	2.0079329e-02
20.46	2.1768679e-02
20.49	2.3587739e-02
20.53	2.5548149e-02
20.56	2.7662318e-02
20.60	2.9943520e-02
20.63	3.2405974e-02
20.66	3.5064940e-02
20.70	3.7936813e-02
20.73	4.1039226e-02
20.77	4.4391158e-02
20.80	4.8013048e-02
20.83	5.1926912e-02
20.87	5.6156480e-02
20.90	6.0727325e-02
20.94	6.5667015e-02
20.97	7.1005264e-02
21.00	7.6774106e-02
21.04	8.3008063e-02
21.07	8.9744342e-02
21.11	9.7023031e-02
21.14	1.0488732e-01
21.17	1.1338371e-01
21.21	1.2256229e-01
21.24	1.3247696e-01
21.28	1.4318571e-01
21.31	1.5475091e-01
21.34	1.6723963e-01
21.38	1.8072393e-01
21.41	1.9528121e-01
21.45	2.1099454e-01
21.48	2.2795306e-01
21.52	2.4625232e-01
21.55	2.6599473e-01
21.58	2.8728988e-01
21.62	3.1025505e-01
21.65	3.3501554e-01
21.69	3.6170521e-01
21.72	3.9046681e-01
21.75	4.2145248e-01
21.79	4.5482415e-01
21.82	4.9075397e-01
21.86	5.2942468e-01
21.89	5.7103004e-01
21.92	6.1577512e-01
21.96	6.6387665e-01
21.99	7.1556323e-01
22.03	7.7107555e-01
22.06	8.3066652e-01
22.09	8.9460128e-01
22.13	9.6315714e-01
22.16	1.0366234e+00
22.20	1.1153011e+00
22.23	1.1995025e+00
22.26	1.2895505e+00
22.30	1.3857779e+00
22.33	1.4885263e+00
22.37	1.5981451e+00
22.40	1.7149902e+00
22.43	1.8394221e+00
22.47	1.9718044e+00
22.50	2.1125015e+00
22.54	2.2618766e+00
22.57	2.4202887e+00
22.61	2.5880906e+00
22.64	2.7656254e+00
22.67	2.9532236e+00
22.71	3.1511998e+00
22.74	3.3598492e+00
22.78	3.5794445e+00
22.81	3.8102317e+00
22.84	4.0524272e+00
22.88	4.3062138e+00
22.91	4.5717376e+00
22.95	4.8491046e+00
22.98	5.1383774e+00
23.01	5.4395729e+00
23.05	5.7526594e+00
23.08	6.0775546e+00
23.12	6.4141240e+00
23.15	6.7621793e+00
23.18	7.1214782e+00
23.22	7.4917236e+00
23.25	7.8725643e+00
23.29	8.2635957e+00
23.32	8.6643613e+00
23.35	9.0743545e+00
23.39	9.4930212e+00
23.42	9.9197629e+00
23.46	1.0353940e+01
23.49	1.0794875e+01
23.53	1.1241859e+01
23.56	1.1694153e+01
23.59	1.2150996e+01
23.63	1.2611607e+01
23.66	1.3075191e+01
23.70	1.3540946e+01
23.73	1.4008066e+01
23.76	1.4475747e+01
23.80	1.4943192e+01
23.83	1.5409614e+01
23.87	1.5874244e+01
23.90	1.6336330e+01
23.93	1.6795147e+01
23.97	1.7249996e+01
24.00	1.7700210e+01
24.04	1.8145153e+01
24.07	1.8584226e+01
24.10	1.9016870e+01
24.14	1.9442561e+01
24.17	1.9860820e+01
24.21	2.0271207e+01
24.24	2.0673323e+01
24.27	2.1066813e+01
24.31	2.1451362e+01
24.34	2.1826697e+01
24.38	2.2192587e+01
24.41	2.2548836e+01
24.44	2.2895291e+01
24.48	2.3231833e+01
24.51	2.3558379e+01
24.55	2.3874878e+01
24.58	2.4181313e+01
24.62	2.4477695e+01
24.65	2.4764065e+01
24.68	2.5040486e+01
24.72	2.5307050e+01
24.75	2.5563867e+01
24.79	2.5811068e+01
24.82	2.6048802e+01
24.85	2.6277236e+01
24.89	2.6496549e+01
24.92	2.6706933e+01
24.96	2.6908592e+01
24.99	2.7101739e+01
25.02	2.7286594e+01
25.06	2.7463384e+01
25.09	2.7632340e+01
25.13	2.7793699e+01
25.16	2.7947699e+01
25.19	2.8094579e+01
25.23	2.8234580e+01
25.26	2.8367942e+01
25.30	2.8494903e+01
25.33	2.8615700e+01
25.36	2.8730568e+01
25.40	2.8839736e+01
25.43	2.8943433e+01
25.47	2.9041881e+01
25.50	2.9135299e+01
25.54	2.9223899e+01
25.57	2.9307890e+01
25.60	2.9387475e+01
25.64	2.9462851e+01
25.67	2.9534208e+01
25.71	2.9601732e+01
25.74	2.9665603e+01
25.77	2.9725993e+01
25.81	2.9783069e+01
25.84	2.9836993e+01
25.88	2.9887920e+01
25.91	2.9935999e+01
25.94	2.9981372e+01
25.98	3.0024178e+01
26.01	3.0064548e+01
26.05	3.0102608e+01
26.08	3.0138479e+01
26.11	3.0172277e+01
26.15	3.0204111e+01
26.18	3.0234087e+01
26.22	3.0262305e+01
26.25	3.0288861e+01
26.28	3.0313846e+01
26.32	3.0337347e+01
26.35	3.0359445e+01
26.39	3.0380221e+01
26.42	3.0399747e+01
26.45	3.0418095e+01
26.49	3.0435331e+01
26.52	3.0451520e+01
26.56	3.0466722e+01
26.59	3.0480993e+01
26.63	3.0494388e+01
26.66	3.0506959e+01
26.69	3.0518752e+01
26.73	3.0529815e+01
26.76	3.0540190e+01
26.80	3.0549919e+01
26.83	3.0559040e+01
26.86	3.0567589e+01
26.90	3.0575601e+01
26.93	3.0583108e+01
26.97	3.0590142e+01
27.00	3.0596730e+01
