# NeutrinoAntineutrinoInteraction/NeutrinoiAntineutrinojMuonAntitau interaction rates
# neutrino field: massive Cosmic Neutrino Background, T_CnuB = 1.94535456 K
# Produced with crpropa-data version: 60a1560e37035039ec25f414e0c42a2444bad49c
# log10(E/eV), 1/lambda [1/Mpc]
16.20	0.0000000e+00
16.23	0.0000000e+00
16.27	0.0000000e+00
16.30	0.0000000e+00
16.34	0.0000000e+00
16.37	0.0000000e+00
16.40	0.0000000e+00
16.44	0.0000000e+00
16.47	0.0000000e+00
16.51	0.0000000e+00
16.54	0.0000000e+00
16.58	0.0000000e+00
16.61	0.0000000e+00
16.64	0.0000000e+00
16.68	0.0000000e+00
16.71	0.0000000e+00
16.75	0.0000000e+00
16.78	0.0000000e+00
16.81	0.0000000e+00
16.85	0.0000000e+00
16.88	0.0000000e+00
16.92	0.0000000e+00
16.95	0.0000000e+00
16.98	0.0000000e+00
17.02	0.0000000e+00
17.05	0.0000000e+00
17.09	0.0000000e+00
17.12	0.0000000e+00
17.15	0.0000000e+00
17.19	0.0000000e+00
17.22	0.0000000e+00
17.26	0.0000000e+00
17.29	0.0000000e+00
17.32	0.0000000e+00
17.36	0.0000000e+00
17.39	0.0000000e+00
17.43	0.0000000e+00
17.46	0.0000000e+00
17.49	0.0000000e+00
17.53	0.0000000e+00
17.56	0.0000000e+00
17.60	0.0000000e+00
17.63	0.0000000e+00
17.67	0.0000000e+00
17.70	0.0000000e+00
17.73	0.0000000e+00
17.77	0.0000000e+00
17.80	0.0000000e+00
17.84	0.0000000e+00
17.87	0.0000000e+00
17.90	0.0000000e+00
17.94	0.0000000e+00
17.97	0.0000000e+00
18.01	0.0000000e+00
18.04	0.0000000e+00
18.07	0.0000000e+00
18.11	0.0000000e+00
18.14	4.5621489e-280
18.18	2.6647241e-259
18.21	4.1958107e-240
18.24	2.3391763e-222
18.28	5.9410340e-206
18.31	8.6780623e-191
18.35	9.0431343e-177
18.38	8.2047400e-164
18.41	7.7919720e-152
18.45	9.1837307e-141
18.48	1.5723648e-130
18.52	4.5233972e-121
18.55	2.5014921e-112
18.59	3.0115699e-104
18.62	8.8553547e-97
18.65	7.0734118e-90
18.69	1.6934330e-83
18.72	1.3307841e-77
18.76	3.7338206e-72
18.79	4.0425696e-67
18.82	1.8147868e-62
18.86	3.6100205e-58
18.89	3.3836489e-54
18.93	1.5816705e-50
18.96	3.8860209e-47
18.99	5.2678832e-44
19.03	4.1209985e-41
19.06	1.9392220e-38
19.10	5.7039504e-36
19.13	1.0865633e-33
19.16	1.3851976e-31
19.20	1.2181992e-29
19.23	7.6007156e-28
19.27	3.4528849e-26
19.30	1.1698081e-24
19.33	3.0219070e-23
19.37	6.0755494e-22
19.40	9.6886158e-21
19.44	1.2471647e-19
19.47	1.3170835e-18
19.51	1.1583567e-17
19.54	8.6026795e-17
19.57	5.4645981e-16
19.61	3.0044745e-15
19.64	1.4455435e-14
19.68	6.1483109e-14
19.71	2.3335781e-13
19.74	7.9727090e-13
19.78	2.4717254e-12
19.81	7.0054957e-12
19.85	1.8277436e-11
19.88	4.4177471e-11
19.91	9.9508913e-11
19.95	2.1002719e-10
19.98	4.1748715e-10
20.02	7.8524343e-10
20.05	1.4036172e-09
20.08	2.3940155e-09
20.12	3.9107604e-09
20.15	6.1398044e-09
20.19	9.2939421e-09
20.22	1.3604697e-08
20.25	1.9311635e-08
20.29	2.6650304e-08
20.32	3.5840246e-08
20.36	4.7074528e-08
20.39	6.0511982e-08
20.42	7.6272979e-08
20.46	9.4439030e-08
20.49	1.1505605e-07
20.53	1.3814071e-07
20.56	1.6368902e-07
20.60	1.9168611e-07
20.63	2.2211642e-07
20.66	2.5497321e-07
20.70	2.9026712e-07
20.73	3.2803306e-07
20.77	3.6833564e-07
20.80	4.1127291e-07
20.83	4.5697877e-07
20.87	5.0562422e-07
20.90	5.5741786e-07
20.94	6.1260580e-07
20.97	6.7147135e-07
21.00	7.3433468e-07
21.04	8.0155263e-07
21.07	8.7351873e-07
21.11	9.5066368e-07
21.14	1.0334561e-06
21.17	1.1224041e-06
21.21	1.2180564e-06
21.24	1.3210051e-06
21.28	1.4318883e-06
21.31	1.5513926e-06
21.34	1.6802573e-06
21.38	1.8192780e-06
21.41	1.9693107e-06
21.45	2.1312772e-06
21.48	2.3061699e-06
21.52	2.4950573e-06
21.55	2.6990907e-06
21.58	2.9195101e-06
21.62	3.1576517e-06
21.65	3.4149554e-06
21.69	3.6929726e-06
21.72	3.9933753e-06
21.75	4.3179653e-06
21.79	4.6686837e-06
21.82	5.0476220e-06
21.86	5.4570329e-06
21.89	5.8993424e-06
21.92	6.3771626e-06
21.96	6.8933052e-06
21.99	7.4507953e-06
22.03	8.0528871e-06
22.06	8.7030796e-06
22.09	9.4051333e-06
22.13	1.0163088e-05
22.16	1.0981281e-05
22.20	1.1864366e-05
22.23	1.2817335e-05
22.26	1.3845538e-05
22.30	1.4954703e-05
22.33	1.6150962e-05
22.37	1.7440870e-05
22.40	1.8831432e-05
22.43	2.0330120e-05
22.47	2.1944906e-05
22.50	2.3684276e-05
22.54	2.5557260e-05
22.57	2.7573449e-05
22.61	2.9743020e-05
22.64	3.2076753e-05
22.67	3.4586052e-05
22.71	3.7282957e-05
22.74	4.0180159e-05
22.78	4.3291008e-05
22.81	4.6629518e-05
22.84	5.0210369e-05
22.88	5.4048900e-05
22.91	5.8161096e-05
22.95	6.2563574e-05
22.98	6.7273550e-05
23.01	7.2308812e-05
23.05	7.7687668e-05
23.08	8.3428897e-05
23.12	8.9551683e-05
23.15	9.6075537e-05
23.18	1.0302021e-04
23.22	1.1040560e-04
23.25	1.1825163e-04
23.29	1.2657812e-04
23.32	1.3540469e-04
23.35	1.4475057e-04
23.39	1.5463445e-04
23.42	1.6507434e-04
23.46	1.7608739e-04
23.49	1.8768969e-04
23.53	1.9989611e-04
23.56	2.1272012e-04
23.59	2.2617357e-04
23.63	2.4026654e-04
23.66	2.5500717e-04
23.70	2.7040145e-04
23.73	2.8645311e-04
23.76	3.0316346e-04
23.80	3.2053123e-04
23.83	3.3855253e-04
23.87	3.5722069e-04
23.90	3.7652625e-04
23.93	3.9645687e-04
23.97	4.1699739e-04
24.00	4.3812976e-04
24.04	4.5983313e-04
24.07	4.8208391e-04
24.10	5.0485588e-04
24.14	5.2812025e-04
24.17	5.5184590e-04
24.21	5.7599945e-04
24.24	6.0054554e-04
24.27	6.2544697e-04
24.31	6.5066495e-04
24.34	6.7615935e-04
24.38	7.0188893e-04
24.41	7.2781159e-04
24.44	7.5388463e-04
24.48	7.8006505e-04
24.51	8.0630972e-04
24.55	8.3257571e-04
24.58	8.5882052e-04
24.62	8.8500226e-04
24.65	9.1107994e-04
24.68	9.3701363e-04
24.72	9.6276468e-04
24.75	9.8829587e-04
24.79	1.0135716e-03
24.82	1.0385580e-03
24.85	1.0632230e-03
24.89	1.0875365e-03
24.92	1.1114706e-03
24.96	1.1349993e-03
24.99	1.1580987e-03
25.02	1.1807473e-03
25.06	1.2029255e-03
25.09	1.2246161e-03
25.13	1.2458039e-03
25.16	1.2664758e-03
25.19	1.2866208e-03
25.23	1.3062300e-03
25.26	1.3252963e-03
25.30	1.3438146e-03
25.33	1.3617813e-03
25.36	1.3791949e-03
25.40	1.3960551e-03
25.43	1.4123634e-03
25.47	1.4281225e-03
25.50	1.4433366e-03
25.54	1.4580111e-03
25.57	1.4721522e-03
25.60	1.4857675e-03
25.64	1.4988653e-03
25.67	1.5114547e-03
25.71	1.5235458e-03
25.74	1.5351489e-03
25.77	1.5462753e-03
25.81	1.5569364e-03
25.84	1.5671443e-03
25.88	1.5769112e-03
25.91	1.5862498e-03
25.94	1.5951726e-03
25.98	1.6036927e-03
26.01	1.6118229e-03
26.05	1.6195763e-03
26.08	1.6269658e-03
26.11	1.6340043e-03
26.15	1.6407046e-03
26.18	1.6470793e-03
26.22	1.6531410e-03
26.25	1.6589019e-03
26.28	1.6643742e-03
26.32	1.6695696e-03
26.35	1.6744997e-03
26.39	1.6791759e-03
26.42	1.6836091e-03
26.45	1.6878100e-03
26.49	1.6917890e-03
26.52	1.6955563e-03
26.56	1.6991216e-03
26.59	1.7024943e-03
26.63	1.7056836e-03
26.66	1.7086982e-03
26.69	1.7115467e-03
26.73	1.7142372e-03
26.76	1.7167776e-03
26.80	1.7191754e-03
26.83	1.7214378e-03
26.86	1.7235717e-03
26.90	1.7255839e-03
26.93	1.7274805e-03
26.97	1.7292679e-03
27.00	1.7309516e-03
