# NeutrinoAntineutrinoInteraction/NeutrinoiAntineutrinojMuonAntitau interaction rates
# neutrino field: massive Cosmic Neutrino Background, T_CnuB = 1.94535456 K
# Produced with crpropa-data version: 60a1560e37035039ec25f414e0c42a2444bad49c
# log10(E/eV), 1/lambda [1/Mpc]
15.66	0.0000000e+00
15.69	0.0000000e+00
15.72	0.0000000e+00
15.76	0.0000000e+00
15.79	0.0000000e+00
15.83	0.0000000e+00
15.86	0.0000000e+00
15.89	0.0000000e+00
15.93	0.0000000e+00
15.96	0.0000000e+00
16.00	0.0000000e+00
16.03	0.0000000e+00
16.06	0.0000000e+00
16.10	0.0000000e+00
16.13	0.0000000e+00
16.17	0.0000000e+00
16.20	0.0000000e+00
16.23	0.0000000e+00
16.27	0.0000000e+00
16.30	0.0000000e+00
16.34	0.0000000e+00
16.37	0.0000000e+00
16.40	0.0000000e+00
16.44	0.0000000e+00
16.47	0.0000000e+00
16.51	0.0000000e+00
16.54	0.0000000e+00
16.58	0.0000000e+00
16.61	0.0000000e+00
16.64	0.0000000e+00
16.68	0.0000000e+00
16.71	0.0000000e+00
16.75	0.0000000e+00
16.78	0.0000000e+00
16.81	0.0000000e+00
16.85	0.0000000e+00
16.88	0.0000000e+00
16.92	0.0000000e+00
16.95	0.0000000e+00
16.98	0.0000000e+00
17.02	0.0000000e+00
17.05	0.0000000e+00
17.09	0.0000000e+00
17.12	0.0000000e+00
17.15	0.0000000e+00
17.19	0.0000000e+00
17.22	0.0000000e+00
17.26	0.0000000e+00
17.29	0.0000000e+00
17.32	0.0000000e+00
17.36	0.0000000e+00
17.39	0.0000000e+00
17.43	0.0000000e+00
17.46	0.0000000e+00
17.49	0.0000000e+00
17.53	0.0000000e+00
17.56	0.0000000e+00
17.60	1.8878990e-277
17.63	1.2346811e-256
17.67	2.1583483e-237
17.70	1.3254395e-219
17.73	3.6812648e-203
17.77	5.8409258e-188
17.80	6.5706567e-174
17.84	6.3987775e-161
17.87	6.4881770e-149
17.90	8.1248130e-138
17.94	1.4713101e-127
17.97	4.4582046e-118
18.01	2.5868134e-109
18.04	3.2559996e-101
18.07	9.9769178e-94
18.11	8.2794609e-87
18.14	2.0535694e-80
18.18	1.6676205e-74
18.21	4.8234614e-69
18.24	5.3718908e-64
18.28	2.4756165e-59
18.31	5.0460209e-55
18.35	4.8379853e-51
18.38	2.3096888e-47
18.41	5.7872863e-44
18.45	7.9903235e-41
18.48	6.3586268e-38
18.52	3.0404664e-35
18.55	9.0782285e-33
18.59	1.7538519e-30
18.62	2.2656781e-28
18.65	2.0175453e-26
18.69	1.2737359e-24
18.72	5.8513728e-23
18.76	2.0035462e-21
18.79	5.2282797e-20
18.82	1.0613632e-18
18.86	1.7083267e-17
18.89	2.2187808e-16
18.93	2.3634969e-15
18.96	2.0961514e-14
18.99	1.5694820e-13
19.03	1.0049434e-12
19.06	5.5685812e-12
19.10	2.6998751e-11
19.13	1.1570684e-10
19.16	4.4246557e-10
19.20	1.5229564e-09
19.23	4.7564440e-09
19.27	1.3580061e-08
19.30	3.5689539e-08
19.33	8.6890348e-08
19.37	1.9713235e-07
19.40	4.1905655e-07
19.44	8.3890119e-07
19.47	1.5889229e-06
19.51	2.8597390e-06
19.54	4.9104061e-06
19.57	8.0738375e-06
19.61	1.2755455e-05
19.64	1.9423772e-05
19.68	2.8592751e-05
19.71	4.0797092e-05
19.74	5.6562745e-05
19.78	7.6375763e-05
19.81	1.0065298e-04
19.85	1.2971785e-04
19.88	1.6378413e-04
19.91	2.0294938e-04
19.95	2.4719876e-04
19.98	2.9641899e-04
20.02	3.5042086e-04
20.05	4.0896819e-04
20.08	4.7181056e-04
20.12	5.3871707e-04
20.15	6.0950855e-04
20.19	6.8408627e-04
20.22	7.6245581e-04
20.25	8.4474591e-04
20.29	9.3122355e-04
20.32	1.0223116e-03
20.36	1.1186275e-03
20.39	1.2209087e-03
20.42	1.3299130e-03
20.46	1.4464203e-03
20.49	1.5712398e-03
20.53	1.7052172e-03
20.56	1.8492418e-03
20.60	2.0042538e-03
20.63	2.1712511e-03
20.66	2.3512966e-03
20.70	2.5455258e-03
20.73	2.7551544e-03
20.77	2.9814860e-03
20.80	3.2259207e-03
20.83	3.4899639e-03
20.87	3.7752355e-03
20.90	4.0834798e-03
20.94	4.4165760e-03
20.97	4.7765490e-03
21.00	5.1655817e-03
21.04	5.5860275e-03
21.07	6.0404236e-03
21.11	6.5315055e-03
21.14	7.0622226e-03
21.17	7.6357541e-03
21.21	8.2555271e-03
21.24	8.9252345e-03
21.28	9.6488556e-03
21.31	1.0430677e-02
21.34	1.1275313e-02
21.38	1.2187735e-02
21.41	1.3173290e-02
21.45	1.4237731e-02
21.48	1.5387243e-02
21.52	1.6628478e-02
21.55	1.7968579e-02
21.58	1.9415216e-02
21.62	2.0976621e-02
21.65	2.2661624e-02
21.69	2.4479686e-02
21.72	2.6440941e-02
21.75	2.8556235e-02
21.79	3.0837164e-02
21.82	3.3296118e-02
21.86	3.5946319e-02
21.89	3.8801863e-02
21.92	4.1877766e-02
21.96	4.5189995e-02
21.99	4.8755516e-02
22.03	5.2592325e-02
22.06	5.6719484e-02
22.09	6.1157154e-02
22.13	6.5926614e-02
22.16	7.1050291e-02
22.20	7.6551767e-02
22.23	8.2455788e-02
22.26	8.8788262e-02
22.30	9.5576244e-02
22.33	1.0284791e-01
22.37	1.1063253e-01
22.40	1.1896039e-01
22.43	1.2786276e-01
22.47	1.3737176e-01
22.50	1.4752030e-01
22.54	1.5834192e-01
22.57	1.6987068e-01
22.61	1.8214095e-01
22.64	1.9518723e-01
22.67	2.0904397e-01
22.71	2.2374527e-01
22.74	2.3932469e-01
22.78	2.5581493e-01
22.81	2.7324753e-01
22.84	2.9165258e-01
22.88	3.1105837e-01
22.91	3.3149109e-01
22.95	3.5297443e-01
22.98	3.7552927e-01
23.01	3.9917332e-01
23.05	4.2392082e-01
23.08	4.4978215e-01
23.12	4.7676361e-01
23.15	5.0486707e-01
23.18	5.3408976e-01
23.22	5.6442407e-01
23.25	5.9585734e-01
23.29	6.2837176e-01
23.32	6.6194429e-01
23.35	6.9654664e-01
23.39	7.3214529e-01
23.42	7.6870156e-01
23.46	8.0617180e-01
23.49	8.4450751e-01
23.53	8.8365567e-01
23.56	9.2355895e-01
23.59	9.6415611e-01
23.63	1.0053824e+00
23.66	1.0471698e+00
23.70	1.0894479e+00
23.73	1.1321437e+00
23.76	1.1751829e+00
23.80	1.2184896e+00
23.83	1.2619874e+00
23.87	1.3055997e+00
23.90	1.3492501e+00
23.93	1.3928629e+00
23.97	1.4363638e+00
24.00	1.4796799e+00
24.04	1.5227406e+00
24.07	1.5654774e+00
24.10	1.6078249e+00
24.14	1.6497204e+00
24.17	1.6911047e+00
24.21	1.7319220e+00
24.24	1.7721203e+00
24.27	1.8116513e+00
24.31	1.8504708e+00
24.34	1.8885383e+00
24.38	1.9258177e+00
24.41	1.9622764e+00
24.44	1.9978864e+00
24.48	2.0326230e+00
24.51	2.0664658e+00
24.55	2.0993978e+00
24.58	2.1314058e+00
24.62	2.1624800e+00
24.65	2.1926137e+00
24.68	2.2218036e+00
24.72	2.2500492e+00
24.75	2.2773527e+00
24.79	2.3037189e+00
24.82	2.3291551e+00
24.85	2.3536706e+00
24.89	2.3772769e+00
24.92	2.3999871e+00
24.96	2.4218161e+00
24.99	2.4427800e+00
25.02	2.4628966e+00
25.06	2.4821844e+00
25.09	2.5006630e+00
25.13	2.5183530e+00
25.16	2.5352753e+00
25.19	2.5514517e+00
25.23	2.5669041e+00
25.26	2.5816549e+00
25.30	2.5957267e+00
25.33	2.6091421e+00
25.36	2.6219236e+00
25.40	2.6340938e+00
25.43	2.6456752e+00
25.47	2.6566898e+00
25.50	2.6671596e+00
25.54	2.6771061e+00
25.57	2.6865505e+00
25.60	2.6955135e+00
25.64	2.7040154e+00
25.67	2.7120761e+00
25.71	2.7197147e+00
25.74	2.7269502e+00
25.77	2.7338008e+00
25.81	2.7402840e+00
25.84	2.7464170e+00
25.88	2.7522164e+00
25.91	2.7576981e+00
25.94	2.7628775e+00
25.98	2.7677694e+00
26.01	2.7723881e+00
26.05	2.7767473e+00
26.08	2.7808601e+00
26.11	2.7847391e+00
26.15	2.7883965e+00
26.18	2.7918437e+00
26.22	2.7950919e+00
26.25	2.7981516e+00
26.28	2.8010329e+00
26.32	2.8037454e+00
26.35	2.8062982e+00
26.39	2.8087002e+00
26.42	2.8109595e+00
26.45	2.8130842e+00
26.49	2.8150818e+00
26.52	2.8169593e+00
26.56	2.8187237e+00
26.59	2.8203812e+00
26.63	2.8219381e+00
26.66	2.8234000e+00
26.69	2.8247726e+00
26.73	2.8260609e+00
26.76	2.8272700e+00
26.80	2.8284044e+00
26.83	2.8294685e+00
26.86	2.8304665e+00
26.90	2.8314024e+00
26.93	2.8322798e+00
26.97	2.8331023e+00
27.00	2.8338731e+00
