# NeutrinoAntineutrinoInteraction/NeutrinoiAntineutrinojMuonAntitau interaction rates
# neutrino field: massive Cosmic Neutrino Background, T_CnuB = 1.94535456 K
# Produced with crpropa-data version: 60a1560e37035039ec25f414e0c42a2444bad49c
# log10(E/eV), 1/lambda [1/Mpc]
15.55	0.0000000e+00
15.59	0.0000000e+00
15.62	0.0000000e+00
15.66	0.0000000e+00
15.69	0.0000000e+00
15.72	0.0000000e+00
15.76	0.0000000e+00
15.79	0.0000000e+00
15.83	0.0000000e+00
15.86	0.0000000e+00
15.89	0.0000000e+00
15.93	0.0000000e+00
15.96	0.0000000e+00
16.00	0.0000000e+00
16.03	0.0000000e+00
16.06	0.0000000e+00
16.10	0.0000000e+00
16.13	0.0000000e+00
16.17	0.0000000e+00
16.20	0.0000000e+00
16.23	0.0000000e+00
16.27	0.0000000e+00
16.30	0.0000000e+00
16.34	0.0000000e+00
16.37	0.0000000e+00
16.40	0.0000000e+00
16.44	0.0000000e+00
16.47	0.0000000e+00
16.51	0.0000000e+00
16.54	0.0000000e+00
16.58	0.0000000e+00
16.61	0.0000000e+00
16.64	0.0000000e+00
16.68	0.0000000e+00
16.71	0.0000000e+00
16.75	0.0000000e+00
16.78	0.0000000e+00
16.81	0.0000000e+00
16.85	0.0000000e+00
16.88	0.0000000e+00
16.92	0.0000000e+00
16.95	0.0000000e+00
16.98	0.0000000e+00
17.02	0.0000000e+00
17.05	0.0000000e+00
17.09	0.0000000e+00
17.12	0.0000000e+00
17.15	0.0000000e+00
17.19	0.0000000e+00
17.22	0.0000000e+00
17.26	0.0000000e+00
17.29	0.0000000e+00
17.32	0.0000000e+00
17.36	0.0000000e+00
17.39	0.0000000e+00
17.43	0.0000000e+00
17.46	0.0000000e+00
17.49	5.6558779e-283
17.53	1.0859330e-261
17.56	5.0388924e-242
17.60	7.6302320e-224
17.63	4.8814782e-207
17.67	1.6751578e-191
17.70	3.8451077e-177
17.73	7.2399459e-164
17.77	1.3504404e-151
17.80	2.9708875e-140
17.84	9.0575257e-130
17.87	4.4422521e-120
17.90	4.0228997e-111
17.94	7.6413976e-103
17.97	3.4251772e-95
18.01	4.0400617e-88
18.04	1.3868708e-81
18.07	1.5208103e-75
18.11	5.8063310e-70
18.14	8.3577967e-65
18.18	4.8821648e-60
18.21	1.2388526e-55
18.24	1.4542528e-51
18.28	8.3702532e-48
18.31	2.4927307e-44
18.35	4.0369006e-41
18.38	3.7224227e-38
18.41	2.0392541e-35
18.45	6.9032865e-33
18.48	1.4974870e-30
18.52	2.1527152e-28
18.55	2.1155345e-26
18.59	1.4626495e-24
18.62	7.3060632e-23
18.65	2.7021956e-21
18.69	7.5701411e-20
18.72	1.6404609e-18
18.76	2.8037333e-17
18.79	3.8478303e-16
18.82	4.3113796e-15
18.86	4.0050525e-14
18.89	3.1286785e-13
18.93	2.0824776e-12
18.96	1.1954851e-11
18.99	5.9859681e-11
19.03	2.6416024e-10
19.06	1.0373416e-09
19.10	3.6573260e-09
19.13	1.1672691e-08
19.16	3.3982486e-08
19.20	9.0882717e-08
19.23	2.2474358e-07
19.27	5.1701223e-07
19.30	1.1126418e-06
19.33	2.2516717e-06
19.37	4.3056420e-06
19.40	7.8142693e-06
19.44	1.3516016e-05
19.47	2.2365545e-05
19.51	3.5531981e-05
19.54	5.4374396e-05
19.57	8.0394495e-05
19.61	1.1517036e-04
19.64	1.6027844e-04
19.68	2.1721296e-04
19.71	2.8731253e-04
19.74	3.7170265e-04
19.78	4.7126003e-04
19.81	5.8660223e-04
19.85	7.1810210e-04
19.88	8.6592407e-04
19.91	1.0300770e-03
19.95	1.2104776e-03
19.98	1.4070171e-03
20.02	1.6196266e-03
20.05	1.8483357e-03
20.08	2.0933219e-03
20.12	2.3549495e-03
20.15	2.6337975e-03
20.19	2.9306782e-03
20.22	3.2466479e-03
20.25	3.5830112e-03
20.29	3.9413212e-03
20.32	4.3233786e-03
20.36	4.7312283e-03
20.39	5.1671584e-03
20.42	5.6336997e-03
20.46	6.1336278e-03
20.49	6.6699678e-03
20.53	7.2460018e-03
20.56	7.8652794e-03
20.60	8.5316314e-03
20.63	9.2491863e-03
20.66	1.0022390e-02
20.70	1.0856026e-02
20.73	1.1755246e-02
20.77	1.2725591e-02
20.80	1.3773028e-02
20.83	1.4903978e-02
20.87	1.6125358e-02
20.90	1.7444619e-02
20.94	1.8869783e-02
20.97	2.0409499e-02
21.00	2.2073083e-02
21.04	2.3870574e-02
21.07	2.5812791e-02
21.11	2.7911393e-02
21.14	3.0178941e-02
21.17	3.2628970e-02
21.21	3.5276059e-02
21.24	3.8135909e-02
21.28	4.1225428e-02
21.31	4.4562815e-02
21.34	4.8167656e-02
21.38	5.2061021e-02
21.41	5.6265566e-02
21.45	6.0805646e-02
21.48	6.5707428e-02
21.52	7.0999009e-02
21.55	7.6710548e-02
21.58	8.2874393e-02
21.62	8.9525221e-02
21.65	9.6700176e-02
21.69	1.0443902e-01
21.72	1.1278428e-01
21.75	1.2178139e-01
21.79	1.3147888e-01
21.82	1.4192848e-01
21.86	1.5318532e-01
21.89	1.6530807e-01
21.92	1.7835908e-01
21.96	1.9240451e-01
21.99	2.0751451e-01
22.03	2.2376330e-01
22.06	2.4122930e-01
22.09	2.5999519e-01
22.13	2.8014803e-01
22.16	3.0177926e-01
22.20	3.2498471e-01
22.23	3.4986462e-01
22.26	3.7652352e-01
22.30	4.0507015e-01
22.33	4.3561732e-01
22.37	4.6828167e-01
22.40	5.0318339e-01
22.43	5.4044590e-01
22.47	5.8019545e-01
22.50	6.2256061e-01
22.54	6.6767175e-01
22.57	7.1566038e-01
22.61	7.6665842e-01
22.64	8.2079748e-01
22.67	8.7820791e-01
22.71	9.3901790e-01
22.74	1.0033525e+00
22.78	1.0713324e+00
22.81	1.1430731e+00
22.84	1.2186833e+00
22.88	1.2982642e+00
22.91	1.3819078e+00
22.95	1.4696961e+00
22.98	1.5616997e+00
23.01	1.6579763e+00
23.05	1.7585702e+00
23.08	1.8635108e+00
23.12	1.9728117e+00
23.15	2.0864700e+00
23.18	2.2044652e+00
23.22	2.3267589e+00
23.25	2.4532941e+00
23.29	2.5839951e+00
23.32	2.7187672e+00
23.35	2.8574967e+00
23.39	3.0000513e+00
23.42	3.1462803e+00
23.46	3.2960154e+00
23.49	3.4490710e+00
23.53	3.6052458e+00
23.56	3.7643232e+00
23.59	3.9260730e+00
23.63	4.0902524e+00
23.66	4.2566077e+00
23.70	4.4248758e+00
23.73	4.5947857e+00
23.76	4.7660601e+00
23.80	4.9384175e+00
23.83	5.1115734e+00
23.87	5.2852426e+00
23.90	5.4591401e+00
23.93	5.6329834e+00
23.97	5.8064938e+00
24.00	5.9793980e+00
24.04	6.1514293e+00
24.07	6.3223289e+00
24.10	6.4918476e+00
24.14	6.6597460e+00
24.17	6.8257963e+00
24.21	6.9897825e+00
24.24	7.1515017e+00
24.27	7.3107638e+00
24.31	7.4673929e+00
24.34	7.6212270e+00
24.38	7.7721183e+00
24.41	7.9199335e+00
24.44	8.0645537e+00
24.48	8.2058740e+00
24.51	8.3438039e+00
24.55	8.4782664e+00
24.58	8.6091978e+00
24.62	8.7365477e+00
24.65	8.8602779e+00
24.68	8.9803623e+00
24.72	9.0967863e+00
24.75	9.2095457e+00
24.79	9.3186469e+00
24.82	9.4241056e+00
24.85	9.5259463e+00
24.89	9.6242020e+00
24.92	9.7189128e+00
24.96	9.8101262e+00
24.99	9.8978955e+00
25.02	9.9822799e+00
25.06	1.0063344e+01
25.09	1.0141155e+01
25.13	1.0215787e+01
25.16	1.0287314e+01
25.19	1.0355816e+01
25.23	1.0421373e+01
25.26	1.0484067e+01
25.30	1.0543984e+01
25.33	1.0601207e+01
25.36	1.0655823e+01
25.40	1.0707917e+01
25.43	1.0757575e+01
25.47	1.0804883e+01
25.50	1.0849926e+01
25.54	1.0892788e+01
25.57	1.0933552e+01
25.60	1.0972299e+01
25.64	1.1009111e+01
25.67	1.1044066e+01
25.71	1.1077240e+01
25.74	1.1108711e+01
25.77	1.1138550e+01
25.81	1.1166831e+01
25.84	1.1193621e+01
25.88	1.1218988e+01
25.91	1.1242999e+01
25.94	1.1265716e+01
25.98	1.1287199e+01
26.01	1.1307509e+01
26.05	1.1326702e+01
26.08	1.1344832e+01
26.11	1.1361952e+01
26.15	1.1378113e+01
26.18	1.1393363e+01
26.22	1.1407749e+01
26.25	1.1421315e+01
26.28	1.1434104e+01
26.32	1.1446157e+01
26.35	1.1457512e+01
26.39	1.1468207e+01
26.42	1.1478277e+01
26.45	1.1487756e+01
26.49	1.1496676e+01
26.52	1.1505069e+01
26.56	1.1512962e+01
26.59	1.1520385e+01
26.63	1.1527363e+01
26.66	1.1533921e+01
26.69	1.1540083e+01
26.73	1.1545872e+01
26.76	1.1551310e+01
26.80	1.1556415e+01
26.83	1.1561208e+01
26.86	1.1565707e+01
26.90	1.1569928e+01
26.93	1.1573889e+01
26.97	1.1577605e+01
27.00	1.1581089e+01
