# NeutrinoAntineutrinoInteraction/NeutrinoiAntineutrinojMuonAntitau interaction rates
# neutrino field: massive Cosmic Neutrino Background, T_CnuB = 1.94535456 K
# Produced with crpropa-data version: 60a1560e37035039ec25f414e0c42a2444bad49c
# log10(E/eV), 1/lambda [1/Mpc]
15.55	0.0000000e+00
15.59	0.0000000e+00
15.62	0.0000000e+00
15.66	0.0000000e+00
15.69	0.0000000e+00
15.72	0.0000000e+00
15.76	0.0000000e+00
15.79	0.0000000e+00
15.83	0.0000000e+00
15.86	0.0000000e+00
15.89	0.0000000e+00
15.93	0.0000000e+00
15.96	0.0000000e+00
16.00	0.0000000e+00
16.03	0.0000000e+00
16.06	0.0000000e+00
16.10	0.0000000e+00
16.13	0.0000000e+00
16.17	0.0000000e+00
16.20	0.0000000e+00
16.23	0.0000000e+00
16.27	0.0000000e+00
16.30	0.0000000e+00
16.34	0.0000000e+00
16.37	0.0000000e+00
16.40	0.0000000e+00
16.44	0.0000000e+00
16.47	0.0000000e+00
16.51	0.0000000e+00
16.54	0.0000000e+00
16.58	0.0000000e+00
16.61	0.0000000e+00
16.64	0.0000000e+00
16.68	0.0000000e+00
16.71	0.0000000e+00
16.75	0.0000000e+00
16.78	0.0000000e+00
16.81	0.0000000e+00
16.85	0.0000000e+00
16.88	0.0000000e+00
16.92	0.0000000e+00
16.95	0.0000000e+00
16.98	0.0000000e+00
17.02	0.0000000e+00
17.05	0.0000000e+00
17.09	0.0000000e+00
17.12	0.0000000e+00
17.15	0.0000000e+00
17.19	0.0000000e+00
17.22	0.0000000e+00
17.26	0.0000000e+00
17.29	0.0000000e+00
17.32	0.0000000e+00
17.36	0.0000000e+00
17.39	0.0000000e+00
17.43	0.0000000e+00
17.46	0.0000000e+00
17.49	5.6558779e-283
17.53	1.0876807e-261
17.56	5.0476595e-242
17.60	7.6445838e-224
17.63	4.8914035e-207
17.67	1.6788396e-191
17.70	3.8542424e-177
17.73	7.2585360e-164
17.77	1.3541881e-151
17.80	2.9797976e-140
17.84	9.0868810e-130
17.87	4.4578093e-120
17.90	4.0381221e-111
17.94	7.6726366e-103
17.97	3.4403040e-95
18.01	4.0593347e-88
18.04	1.3940166e-81
18.07	1.5292726e-75
18.11	5.8412179e-70
18.14	8.4120142e-65
18.18	4.9163537e-60
18.21	1.2482163e-55
18.24	1.4661147e-51
18.28	8.4439172e-48
18.31	2.5163959e-44
18.35	4.0782346e-41
18.38	3.7635197e-38
18.41	2.0635243e-35
18.45	6.9918300e-33
18.48	1.5181806e-30
18.52	2.1847557e-28
18.55	2.1494363e-26
18.59	1.4878771e-24
18.62	7.4416387e-23
18.65	2.7561208e-21
18.69	7.7325309e-20
18.72	1.6782691e-18
18.76	2.8731224e-17
18.79	3.9500315e-16
18.82	4.4342011e-15
18.86	4.1273439e-14
18.89	3.2310002e-13
18.93	2.1553683e-12
18.96	1.2402317e-11
18.99	6.2253486e-11
19.03	2.7543593e-10
19.06	1.0845556e-09
19.10	3.8346250e-09
19.13	1.2274681e-08
19.16	3.5844546e-08
19.20	9.6166490e-08
19.23	2.3858671e-07
19.27	5.5069787e-07
19.30	1.1891943e-06
19.33	2.4149681e-06
19.37	4.6341353e-06
19.40	8.4401319e-06
19.44	1.4649866e-05
19.47	2.4325920e-05
19.51	3.8777483e-05
19.54	5.9535164e-05
19.57	8.8298600e-05
19.61	1.2686016e-04
19.64	1.7701198e-04
19.68	2.4044659e-04
19.71	3.1866227e-04
19.74	4.1288431e-04
19.78	5.2401072e-04
19.81	6.5258819e-04
19.85	7.9882014e-04
19.88	9.6260511e-04
19.91	1.1436007e-03
19.95	1.3413057e-03
19.98	1.5551528e-03
20.02	1.7846025e-03
20.05	2.0292331e-03
20.08	2.2888184e-03
20.12	2.5633921e-03
20.15	2.8532964e-03
20.19	3.1592146e-03
20.22	3.4821908e-03
20.25	3.8236395e-03
20.29	4.1853503e-03
20.32	4.5695027e-03
20.36	4.9787250e-03
20.39	5.4159450e-03
20.42	5.8842106e-03
20.46	6.3867040e-03
20.49	6.9267690e-03
20.53	7.5079375e-03
20.56	8.1339564e-03
20.60	8.8088150e-03
20.63	9.5367727e-03
20.66	1.0322388e-02
20.70	1.1170548e-02
20.73	1.2086500e-02
20.77	1.3075886e-02
20.80	1.4144775e-02
20.83	1.5299700e-02
20.87	1.6547699e-02
20.90	1.7896358e-02
20.94	1.9353848e-02
20.97	2.0928982e-02
21.00	2.2631257e-02
21.04	2.4470914e-02
21.07	2.6458992e-02
21.11	2.8607388e-02
21.14	3.0928926e-02
21.17	3.3437424e-02
21.21	3.6147767e-02
21.24	3.9075987e-02
21.28	4.2239348e-02
21.31	4.5656431e-02
21.34	4.9347228e-02
21.38	5.3333244e-02
21.41	5.7637599e-02
21.45	6.2285138e-02
21.48	6.7302547e-02
21.52	7.2718473e-02
21.55	7.8563650e-02
21.58	8.4871032e-02
21.62	9.1675926e-02
21.65	9.9016136e-02
21.69	1.0693210e-01
21.72	1.1546705e-01
21.75	1.2466714e-01
21.79	1.3458162e-01
21.82	1.4526297e-01
21.86	1.5676706e-01
21.89	1.6915327e-01
21.92	1.8248467e-01
21.96	1.9682809e-01
21.99	2.1225432e-01
22.03	2.2883814e-01
22.06	2.4665845e-01
22.09	2.6579833e-01
22.13	2.8634505e-01
22.16	3.0839016e-01
22.20	3.3202937e-01
22.23	3.5736257e-01
22.26	3.8449368e-01
22.30	4.1353050e-01
22.33	4.4458450e-01
22.37	4.7777059e-01
22.40	5.1320672e-01
22.43	5.5101351e-01
22.47	5.9131379e-01
22.50	6.3423199e-01
22.54	6.7989359e-01
22.57	7.2842431e-01
22.61	7.7994939e-01
22.64	8.3459269e-01
22.67	8.9247571e-01
22.71	9.5371663e-01
22.74	1.0184292e+00
22.78	1.0867215e+00
22.81	1.1586950e+00
22.84	1.2344430e+00
22.88	1.3140497e+00
22.91	1.3975888e+00
22.95	1.4851223e+00
22.98	1.5766992e+00
23.01	1.6723548e+00
23.05	1.7721089e+00
23.08	1.8759655e+00
23.12	1.9839116e+00
23.15	2.0959165e+00
23.18	2.2119313e+00
23.22	2.3318885e+00
23.25	2.4557016e+00
23.29	2.5832652e+00
23.32	2.7144551e+00
23.35	2.8491284e+00
23.39	2.9871245e+00
23.42	3.1282654e+00
23.46	3.2723567e+00
23.49	3.4191889e+00
23.53	3.5685382e+00
23.56	3.7201682e+00
23.59	3.8738315e+00
23.63	4.0292708e+00
23.66	4.1862213e+00
23.70	4.3444119e+00
23.73	4.5035670e+00
23.76	4.6634089e+00
23.80	4.8236587e+00
23.83	4.9840389e+00
23.87	5.1442744e+00
23.90	5.3040948e+00
23.93	5.4632352e+00
23.97	5.6214385e+00
24.00	5.7784559e+00
24.04	5.9340486e+00
24.07	6.0879887e+00
24.10	6.2400604e+00
24.14	6.3900602e+00
24.17	6.5377982e+00
24.21	6.6830981e+00
24.24	6.8257978e+00
24.27	6.9657498e+00
24.31	7.1028209e+00
24.34	7.2368926e+00
24.38	7.3678608e+00
24.41	7.4956354e+00
24.44	7.6201405e+00
24.48	7.7413136e+00
24.51	7.8591051e+00
24.55	7.9734782e+00
24.58	8.0844081e+00
24.62	8.1918810e+00
24.65	8.2958944e+00
24.68	8.3964555e+00
24.72	8.4935810e+00
24.75	8.5872964e+00
24.79	8.6776350e+00
24.82	8.7646378e+00
24.85	8.8483522e+00
24.89	8.9288316e+00
24.92	9.0061350e+00
24.96	9.0803259e+00
24.99	9.1514720e+00
25.02	9.2196447e+00
25.06	9.2849181e+00
25.09	9.3473692e+00
25.13	9.4070768e+00
25.16	9.4641212e+00
25.19	9.5185840e+00
25.23	9.5705476e+00
25.26	9.6200944e+00
25.30	9.6673073e+00
25.33	9.7122688e+00
25.36	9.7550609e+00
25.40	9.7957646e+00
25.43	9.8344602e+00
25.47	9.8712268e+00
25.50	9.9061419e+00
25.54	9.9392817e+00
25.57	9.9707208e+00
25.60	1.0000532e+01
25.64	1.0028786e+01
25.67	1.0055552e+01
25.71	1.0080896e+01
25.74	1.0104885e+01
25.77	1.0127580e+01
25.81	1.0149043e+01
25.84	1.0169333e+01
25.88	1.0188506e+01
25.91	1.0206616e+01
25.94	1.0223717e+01
25.98	1.0239858e+01
26.01	1.0255089e+01
26.05	1.0269455e+01
26.08	1.0283002e+01
26.11	1.0295771e+01
26.15	1.0307804e+01
26.18	1.0319140e+01
26.22	1.0329816e+01
26.25	1.0339867e+01
26.28	1.0349327e+01
26.32	1.0358229e+01
26.35	1.0366603e+01
26.39	1.0374479e+01
26.42	1.0381884e+01
26.45	1.0388844e+01
26.49	1.0395386e+01
26.52	1.0401531e+01
26.56	1.0407304e+01
26.59	1.0412726e+01
26.63	1.0417816e+01
26.66	1.0422594e+01
26.69	1.0427078e+01
26.73	1.0431286e+01
26.76	1.0435233e+01
26.80	1.0438935e+01
26.83	1.0442407e+01
26.86	1.0445663e+01
26.90	1.0448714e+01
26.93	1.0451574e+01
26.97	1.0454254e+01
27.00	1.0456766e+01
