# NeutrinoAntineutrinoInteraction/NeutrinoAntineutrinoResonanceMuon interaction rates
# neutrino field: massive Cosmic Neutrino Background, T_CnuB = 1.94535456 K
# Produced with crpropa-data version: 60a1560e37035039ec25f414e0c42a2444bad49c
# log10(E/eV), 1/lambda [1/Mpc]
14.29	0.0000000e+00
14.33	0.0000000e+00
14.36	0.0000000e+00
14.39	0.0000000e+00
14.43	0.0000000e+00
14.46	0.0000000e+00
14.50	0.0000000e+00
14.53	0.0000000e+00
14.57	0.0000000e+00
14.60	0.0000000e+00
14.63	0.0000000e+00
14.67	0.0000000e+00
14.70	0.0000000e+00
14.74	0.0000000e+00
14.77	0.0000000e+00
14.80	0.0000000e+00
14.84	0.0000000e+00
14.87	0.0000000e+00
14.91	0.0000000e+00
14.94	0.0000000e+00
14.97	0.0000000e+00
15.01	0.0000000e+00
15.04	0.0000000e+00
15.08	0.0000000e+00
15.11	0.0000000e+00
15.14	0.0000000e+00
15.18	0.0000000e+00
15.21	0.0000000e+00
15.25	0.0000000e+00
15.28	0.0000000e+00
15.31	0.0000000e+00
15.35	0.0000000e+00
15.38	0.0000000e+00
15.42	0.0000000e+00
15.45	0.0000000e+00
15.48	0.0000000e+00
15.52	0.0000000e+00
15.55	0.0000000e+00
15.59	0.0000000e+00
15.62	0.0000000e+00
15.66	0.0000000e+00
15.69	0.0000000e+00
15.72	0.0000000e+00
15.76	0.0000000e+00
15.79	0.0000000e+00
15.83	0.0000000e+00
15.86	0.0000000e+00
15.89	0.0000000e+00
15.93	0.0000000e+00
15.96	0.0000000e+00
16.00	0.0000000e+00
16.03	0.0000000e+00
16.06	0.0000000e+00
16.10	0.0000000e+00
16.13	0.0000000e+00
16.17	0.0000000e+00
16.20	0.0000000e+00
16.23	0.0000000e+00
16.27	1.4227438e-266
16.30	5.6539382e-247
16.34	7.5154423e-229
16.37	4.3223213e-212
16.40	1.3646461e-196
16.44	2.9476968e-182
16.47	5.3401164e-169
16.51	9.7957872e-157
16.54	2.1658965e-145
16.58	6.7822476e-135
16.61	3.4917604e-125
16.64	3.3932423e-116
16.68	7.0727066e-108
16.71	3.5590497e-100
16.75	4.8242432e-93
16.78	1.9495010e-86
16.81	2.5800153e-80
16.85	1.2199263e-74
16.88	2.2340791e-69
16.92	1.7076736e-64
16.95	5.8396129e-60
16.98	9.5278260e-56
17.02	7.8738329e-52
17.05	3.4838772e-48
17.09	8.6899628e-45
17.12	1.2819441e-41
17.15	1.1694381e-38
17.19	6.8762928e-36
17.22	2.7086933e-33
17.26	7.4093982e-31
17.29	1.4551555e-28
17.32	2.1162488e-26
17.36	2.3449761e-24
17.39	2.0320282e-22
17.43	1.4094465e-20
17.46	7.9823005e-19
17.49	3.7473272e-17
17.53	1.4687325e-15
17.56	4.7651367e-14
17.60	1.2196711e-12
17.63	2.0141485e-11
17.67	9.3444382e-11
17.70	1.6878281e-10
17.73	2.4043720e-10
17.77	3.0953454e-10
17.80	3.7708648e-10
17.84	4.4401007e-10
17.87	5.1114571e-10
17.90	5.7927295e-10
17.94	6.4912426e-10
17.97	7.2139724e-10
18.01	7.9676556e-10
18.04	8.7588880e-10
18.07	9.5942124e-10
18.11	1.0480201e-09
18.14	1.1423531e-09
18.18	1.2431054e-09
18.21	1.3509868e-09
18.24	1.4667380e-09
18.28	1.5911366e-09
18.31	1.7250043e-09
18.35	1.8692133e-09
18.38	2.0246922e-09
18.41	2.1924334e-09
18.45	2.3734997e-09
18.48	2.5690316e-09
18.52	2.7802552e-09
18.55	3.0084899e-09
18.59	3.2551572e-09
18.62	3.5217902e-09
18.65	3.8100425e-09
18.69	4.1216999e-09
18.72	4.4586906e-09
18.76	4.8230982e-09
18.79	5.2171739e-09
18.82	5.6433518e-09
18.86	6.1042607e-09
18.89	6.6027448e-09
18.93	7.1418785e-09
18.96	7.7249875e-09
18.99	8.3556673e-09
19.03	9.0378078e-09
19.06	9.7756150e-09
19.10	1.0573640e-08
19.13	1.1436803e-08
19.16	1.2370427e-08
19.20	1.3380270e-08
19.23	1.4472562e-08
19.27	1.5654041e-08
19.30	1.6931996e-08
19.33	1.8314313e-08
19.37	1.9809526e-08
19.40	2.1426866e-08
19.44	2.3176317e-08
19.47	2.5068680e-08
19.51	2.7115645e-08
19.54	2.9329858e-08
19.57	3.1725003e-08
19.61	3.4315890e-08
19.64	3.7118539e-08
19.68	4.0150292e-08
19.71	4.3429912e-08
19.74	4.6977705e-08
19.78	5.0815645e-08
19.81	5.4967519e-08
19.85	5.9459071e-08
19.88	6.4318173e-08
19.91	6.9574988e-08
19.95	7.5262182e-08
19.98	8.1415115e-08
20.02	8.8072085e-08
20.05	9.5274521e-08
20.08	1.0306732e-07
20.12	1.1149911e-07
20.15	1.2062256e-07
20.19	1.3049471e-07
20.22	1.4117739e-07
20.25	1.5273757e-07
20.29	1.6524787e-07
20.32	1.7878694e-07
20.36	1.9344010e-07
20.39	2.0929983e-07
20.42	2.2646644e-07
20.46	2.4504875e-07
20.49	2.6516482e-07
20.53	2.8694281e-07
20.56	3.1052182e-07
20.60	3.3605296e-07
20.63	3.6370026e-07
20.66	3.9364199e-07
20.70	4.2607196e-07
20.73	4.6120097e-07
20.77	4.9925830e-07
20.80	5.4049355e-07
20.83	5.8517852e-07
20.87	6.3360939e-07
20.90	6.8610903e-07
20.94	7.4302963e-07
20.97	8.0475565e-07
21.00	8.7170715e-07
21.04	9.4434331e-07
21.07	1.0231666e-06
21.11	1.1087274e-06
21.14	1.2016289e-06
21.17	1.3025333e-06
21.21	1.4121678e-06
21.24	1.5313321e-06
21.28	1.6609073e-06
21.31	1.8018648e-06
21.34	1.9552778e-06
21.38	2.1223333e-06
21.41	2.3043469e-06
21.45	2.5027785e-06
21.48	2.7192525e-06
21.52	2.9555788e-06
21.55	3.2137790e-06
21.58	3.4961169e-06
21.62	3.8051333e-06
21.65	4.1436878e-06
21.69	4.5150081e-06
21.72	4.9227484e-06
21.75	5.3710594e-06
21.79	5.8646726e-06
21.82	6.4089989e-06
21.86	7.0102543e-06
21.89	7.6756090e-06
21.92	8.4133714e-06
21.96	9.2332147e-06
21.99	1.0146462e-05
22.03	1.1166438e-05
22.06	1.2308923e-05
22.09	1.3592722e-05
22.13	1.5040401e-05
22.16	1.6679249e-05
22.20	1.8542539e-05
22.23	2.0671202e-05
22.26	2.3116093e-05
22.30	2.5941076e-05
22.33	2.9227326e-05
22.37	3.3079396e-05
22.40	3.7633971e-05
22.43	4.3072765e-05
22.47	4.9642047e-05
22.50	5.7682958e-05
22.54	6.7680320e-05
22.57	8.0344191e-05
22.61	9.6752755e-05
22.64	1.1861704e-04
22.67	1.4880722e-04
22.71	1.9249822e-04
22.74	2.5999469e-04
22.78	3.7516102e-04
22.81	6.1023850e-04
22.84	1.3067412e-03
22.88	4.5822703e-03
22.91	1.4404047e-02
22.95	1.6192307e-02
22.98	1.4539584e-02
23.01	1.2710962e-02
23.05	1.1018619e-02
23.08	9.5148691e-03
23.12	8.1991348e-03
23.15	7.0564025e-03
23.18	6.0679865e-03
23.22	5.2151781e-03
23.25	4.4805656e-03
23.29	3.8484668e-03
23.32	3.3050008e-03
23.35	2.8380030e-03
23.39	2.4368802e-03
23.42	2.0924451e-03
23.46	1.7967528e-03
23.49	1.5429462e-03
23.53	1.3251164e-03
23.56	1.1381770e-03
23.59	9.7775284e-04
23.63	8.4008377e-04
23.66	7.2193979e-04
23.70	6.2054716e-04
23.73	5.3352504e-04
23.76	4.5883008e-04
23.80	3.9470920e-04
23.83	3.3965844e-04
23.87	2.9238788e-04
23.90	2.5179112e-04
23.93	2.1691940e-04
23.97	1.8695913e-04
24.00	1.6121269e-04
24.04	1.3908184e-04
24.07	1.2005365e-04
24.10	1.0368827e-04
24.14	8.9608540e-05
24.17	7.7491022e-05
24.21	6.7058325e-05
24.24	5.8072573e-05
24.27	5.0329735e-05
24.31	4.3654800e-05
24.34	3.7897629e-05
24.38	3.2929407e-05
24.41	2.8639600e-05
24.44	2.4933347e-05
24.48	2.1729220e-05
24.51	1.8957316e-05
24.55	1.6557609e-05
24.58	1.4478548e-05
24.62	1.2675846e-05
24.65	1.1111450e-05
24.68	9.7526527e-06
24.72	8.5713347e-06
24.75	7.5433121e-06
24.79	6.6477780e-06
24.82	5.8668259e-06
24.85	5.1850405e-06
24.89	4.5891434e-06
24.92	4.0676936e-06
24.96	3.6108265e-06
24.99	3.2100344e-06
25.02	2.8579742e-06
25.06	2.5483058e-06
25.09	2.2755500e-06
25.13	2.0349701e-06
25.16	1.8224680e-06
25.19	1.6344951e-06
25.23	1.4679767e-06
25.26	1.3202465e-06
25.30	1.1889900e-06
25.33	1.0721970e-06
25.36	9.6811902e-07
25.40	8.7523411e-07
25.43	7.9221651e-07
25.47	7.1790974e-07
25.50	6.5130396e-07
25.54	5.9151631e-07
25.57	5.3777405e-07
25.60	4.8939992e-07
25.64	4.4579971e-07
25.67	4.0645117e-07
25.71	3.7089489e-07
25.74	3.3872606e-07
25.77	3.0958756e-07
25.81	2.8316380e-07
25.84	2.5917558e-07
25.88	2.3737545e-07
25.91	2.1754383e-07
25.94	1.9948555e-07
25.98	1.8302685e-07
26.01	1.6801285e-07
26.05	1.5430532e-07
26.08	1.4178064e-07
26.11	1.3032815e-07
26.15	1.1984862e-07
26.18	1.1025296e-07
26.22	1.0146103e-07
26.25	9.3400716e-08
26.28	8.6006954e-08
26.32	7.9221041e-08
26.35	7.2989906e-08
26.39	6.7265527e-08
26.42	6.2004389e-08
26.45	5.7167025e-08
26.49	5.2717596e-08
26.52	4.8623529e-08
26.56	4.4855170e-08
26.59	4.1385515e-08
26.63	3.8189955e-08
26.66	3.5246033e-08
26.69	3.2533245e-08
26.73	3.0032852e-08
26.76	2.7727718e-08
26.80	2.5602156e-08
26.83	2.3641805e-08
26.86	2.1833500e-08
26.90	2.0165173e-08
26.93	1.8625751e-08
26.97	1.7205071e-08
27.00	1.5893801e-08
