# NeutrinoAntineutrinoInteraction/NeutrinoAntineutrinoResonanceMuon interaction rates
# neutrino field: massive Cosmic Neutrino Background, T_CnuB = 1.94535456 K
# Produced with crpropa-data version: 60a1560e37035039ec25f414e0c42a2444bad49c
# log10(E/eV), 1/lambda [1/Mpc]
14.60	0.0000000e+00
14.63	0.0000000e+00
14.67	0.0000000e+00
14.70	0.0000000e+00
14.74	0.0000000e+00
14.77	0.0000000e+00
14.80	0.0000000e+00
14.84	0.0000000e+00
14.87	0.0000000e+00
14.91	0.0000000e+00
14.94	0.0000000e+00
14.97	0.0000000e+00
15.01	0.0000000e+00
15.04	0.0000000e+00
15.08	0.0000000e+00
15.11	0.0000000e+00
15.14	0.0000000e+00
15.18	0.0000000e+00
15.21	0.0000000e+00
15.25	0.0000000e+00
15.28	0.0000000e+00
15.31	0.0000000e+00
15.35	0.0000000e+00
15.38	0.0000000e+00
15.42	0.0000000e+00
15.45	0.0000000e+00
15.48	0.0000000e+00
15.52	0.0000000e+00
15.55	0.0000000e+00
15.59	0.0000000e+00
15.62	0.0000000e+00
15.66	0.0000000e+00
15.69	0.0000000e+00
15.72	0.0000000e+00
15.76	0.0000000e+00
15.79	0.0000000e+00
15.83	0.0000000e+00
15.86	0.0000000e+00
15.89	0.0000000e+00
15.93	0.0000000e+00
15.96	0.0000000e+00
16.00	0.0000000e+00
16.03	0.0000000e+00
16.06	0.0000000e+00
16.10	0.0000000e+00
16.13	0.0000000e+00
16.17	0.0000000e+00
16.20	0.0000000e+00
16.23	0.0000000e+00
16.27	0.0000000e+00
16.30	0.0000000e+00
16.34	0.0000000e+00
16.37	0.0000000e+00
16.40	0.0000000e+00
16.44	0.0000000e+00
16.47	0.0000000e+00
16.51	0.0000000e+00
16.54	0.0000000e+00
16.58	1.6355612e-265
16.61	3.3609937e-246
16.64	2.3968014e-228
16.68	7.6433805e-212
16.71	1.3779875e-196
16.75	1.7444047e-182
16.78	1.8946329e-169
16.81	2.1249387e-157
16.85	2.9208416e-146
16.88	5.7649285e-136
16.92	1.8914676e-126
16.95	1.1811905e-117
16.98	1.5911760e-109
17.02	5.1910340e-102
17.05	4.5645222e-95
17.09	1.1942779e-88
17.12	1.0188399e-82
17.15	3.0840553e-77
17.19	3.5818623e-72
17.22	1.7157722e-67
17.26	3.6240964e-63
17.29	3.5905850e-59
17.32	1.7667206e-55
17.36	4.5514323e-52
17.39	6.4463831e-49
17.43	5.2514904e-46
17.46	2.5655427e-43
17.49	7.8121518e-41
17.53	1.5365879e-38
17.56	2.0177688e-36
17.60	1.8237457e-34
17.63	1.1670485e-32
17.67	5.4271872e-31
17.70	1.8788753e-29
17.73	4.9515964e-28
17.77	1.0140844e-26
17.80	1.6450069e-25
17.84	2.1512256e-24
17.87	2.3052204e-23
17.90	2.0549365e-22
17.94	1.5452642e-21
17.97	9.9295475e-21
18.01	5.5177510e-20
18.04	2.6809929e-19
18.07	1.1507106e-18
18.11	4.4043077e-18
18.14	1.5164493e-17
18.18	4.7351228e-17
18.21	1.3509539e-16
18.24	3.5462297e-16
18.28	8.6198165e-16
18.31	1.9517110e-15
18.35	4.1391404e-15
18.38	8.2641185e-15
18.41	1.5607243e-14
18.45	2.8002691e-14
18.48	4.7926776e-14
18.52	7.8540410e-14
18.55	1.2366776e-13
18.59	1.8770221e-13
18.62	2.7544235e-13
18.65	3.9187286e-13
18.69	5.4191460e-13
18.72	7.3017390e-13
18.76	9.6072117e-13
18.79	1.2369245e-12
18.82	1.5613556e-12
18.86	1.9357755e-12
18.89	2.3611974e-12
18.93	2.8380140e-12
18.96	3.3661741e-12
18.99	3.9453851e-12
19.03	4.5753247e-12
19.06	5.2558420e-12
19.10	5.9871358e-12
19.13	6.7699035e-12
19.16	7.6054550e-12
19.20	8.4957942e-12
19.23	9.4436715e-12
19.27	1.0452612e-11
19.30	1.1526929e-11
19.33	1.2671719e-11
19.37	1.3892863e-11
19.40	1.5197015e-11
19.44	1.6591600e-11
19.47	1.8084817e-11
19.51	1.9685649e-11
19.54	2.1403881e-11
19.57	2.3250129e-11
19.61	2.5235874e-11
19.64	2.7373517e-11
19.68	2.9676430e-11
19.71	3.2159027e-11
19.74	3.4836840e-11
19.78	3.7726607e-11
19.81	4.0846367e-11
19.85	4.4215567e-11
19.88	4.7855181e-11
19.91	5.1787833e-11
19.95	5.6037940e-11
19.98	6.0631860e-11
20.02	6.5598057e-11
20.05	7.0967273e-11
20.08	7.6772723e-11
20.12	8.3050301e-11
20.15	8.9838800e-11
20.19	9.7180154e-11
20.22	1.0511970e-10
20.25	1.1370646e-10
20.29	1.2299345e-10
20.32	1.3303798e-10
20.36	1.4390207e-10
20.39	1.5565276e-10
20.42	1.6836259e-10
20.46	1.8211003e-10
20.49	1.9697995e-10
20.53	2.1306417e-10
20.56	2.3046203e-10
20.60	2.4928098e-10
20.63	2.6963731e-10
20.66	2.9165681e-10
20.70	3.1547560e-10
20.73	3.4124097e-10
20.77	3.6911230e-10
20.80	3.9926205e-10
20.83	4.3187686e-10
20.87	4.6715872e-10
20.90	5.0532624e-10
20.94	5.4661603e-10
20.97	5.9128419e-10
21.00	6.3960795e-10
21.04	6.9188744e-10
21.07	7.4844755e-10
21.11	8.0964007e-10
21.14	8.7584590e-10
21.17	9.4747753e-10
21.21	1.0249817e-09
21.24	1.1088422e-09
21.28	1.1995832e-09
21.31	1.2977725e-09
21.34	1.4040253e-09
21.38	1.5190084e-09
21.41	1.6434443e-09
21.45	1.7781164e-09
21.48	1.9238739e-09
21.52	2.0816379e-09
21.55	2.2524073e-09
21.58	2.4372658e-09
21.62	2.6373896e-09
21.65	2.8540553e-09
21.69	3.0886489e-09
21.72	3.3426759e-09
21.75	3.6177719e-09
21.79	3.9157147e-09
21.82	4.2384372e-09
21.86	4.5880420e-09
21.89	4.9668173e-09
21.92	5.3772544e-09
21.96	5.8220674e-09
21.99	6.3042146e-09
22.03	6.8269225e-09
22.06	7.3937128e-09
22.09	8.0084318e-09
22.13	8.6752838e-09
22.16	9.3988683e-09
22.20	1.0184222e-08
22.23	1.1036864e-08
22.26	1.1962852e-08
22.30	1.2968839e-08
22.33	1.4062144e-08
22.37	1.5250824e-08
22.40	1.6543768e-08
22.43	1.7950793e-08
22.47	1.9482762e-08
22.50	2.1151715e-08
22.54	2.2971024e-08
22.57	2.4955571e-08
22.61	2.7121955e-08
22.64	2.9488737e-08
22.67	3.2076727e-08
22.71	3.4909321e-08
22.74	3.8012909e-08
22.78	4.1417352e-08
22.81	4.5156569e-08
22.84	4.9269235e-08
22.88	5.3799648e-08
22.91	5.8798783e-08
22.95	6.4325610e-08
22.98	7.0448739e-08
23.01	7.7248521e-08
23.05	8.4819724e-08
23.08	9.3275050e-08
23.12	1.0274978e-07
23.15	1.1340813e-07
23.18	1.2545213e-07
23.22	1.3913499e-07
23.25	1.5478286e-07
23.29	1.7283485e-07
23.32	1.9392452e-07
23.35	2.1905399e-07
23.39	2.4995978e-07
23.42	2.8983693e-07
23.46	3.4465071e-07
23.49	4.2527692e-07
23.53	5.5060170e-07
23.56	7.5143076e-07
23.59	1.0746171e-06
23.63	1.5863283e-06
23.66	2.3730384e-06
23.70	3.5388490e-06
23.73	5.1982468e-06
23.76	7.4643307e-06
23.80	1.0433674e-05
23.83	1.4169998e-05
23.87	1.8689400e-05
23.90	2.3949874e-05
23.93	2.9847198e-05
23.97	3.6218207e-05
24.00	4.2851210e-05
24.04	4.9502160e-05
24.07	5.5914341e-05
24.10	6.1838955e-05
24.14	6.7054065e-05
24.17	7.1379800e-05
24.21	7.4688474e-05
24.24	7.6909100e-05
24.27	7.8026557e-05
24.31	7.8076287e-05
24.34	7.7135780e-05
24.38	7.5314237e-05
24.41	7.2741716e-05
24.44	6.9558831e-05
24.48	6.5907773e-05
24.51	6.1925078e-05
24.55	5.7736311e-05
24.58	5.3452588e-05
24.62	4.9168719e-05
24.65	4.4962685e-05
24.68	4.0896119e-05
24.72	3.7015497e-05
24.75	3.3353759e-05
24.79	2.9932158e-05
24.82	2.6762152e-05
24.85	2.3847241e-05
24.89	2.1184656e-05
24.92	1.8766866e-05
24.96	1.6582875e-05
24.99	1.4619318e-05
25.02	1.2861353e-05
25.06	1.1293383e-05
25.09	9.8996074e-06
25.13	8.6644491e-06
25.16	7.5728617e-06
25.19	6.6105449e-06
25.23	5.7640835e-06
25.26	5.0210284e-06
25.30	4.3699309e-06
25.33	3.8003436e-06
25.36	3.3027952e-06
25.40	2.8687489e-06
25.43	2.4905480e-06
25.47	2.1613559e-06
25.50	1.8750911e-06
25.54	1.6263631e-06
25.57	1.4104077e-06
25.60	1.2230261e-06
25.64	1.0605269e-06
25.67	9.1967130e-07
25.71	7.9762367e-07
25.74	6.9190545e-07
25.77	6.0035365e-07
25.81	5.2108337e-07
25.84	4.5245408e-07
25.88	3.9303962e-07
25.91	3.4160141e-07
25.94	2.9706481e-07
25.98	2.5849813e-07
26.01	2.2509423e-07
26.05	1.9615431e-07
26.08	1.7107371e-07
26.11	1.4932946e-07
26.15	1.3046948e-07
26.18	1.1410307e-07
26.22	9.9892681e-08
26.25	8.7546771e-08
26.28	7.6813561e-08
26.32	6.7475647e-08
26.35	5.9345322e-08
26.39	5.2260518e-08
26.42	4.6081303e-08
26.45	4.0686850e-08
26.49	3.5972812e-08
26.52	3.1849061e-08
26.56	2.8237735e-08
26.59	2.5071547e-08
26.63	2.2292333e-08
26.66	1.9849797e-08
26.69	1.7700428e-08
26.73	1.5806567e-08
26.76	1.4135607e-08
26.80	1.2659294e-08
26.83	1.1353136e-08
26.86	1.0195886e-08
26.90	9.1690982e-09
26.93	8.2567494e-09
26.97	7.4449076e-09
27.00	6.7214488e-09
