# NeutrinoAntineutrinoInteraction/NeutrinoAntineutrinoResonanceMuon interaction rates
# neutrino field: massive Cosmic Neutrino Background, T_CnuB = 1.94535456 K
# Produced with crpropa-data version: 60a1560e37035039ec25f414e0c42a2444bad49c
# log10(E/eV), 1/lambda [1/Mpc]
14.29	0.0000000e+00
14.33	0.0000000e+00
14.36	0.0000000e+00
14.39	0.0000000e+00
14.43	0.0000000e+00
14.46	0.0000000e+00
14.50	0.0000000e+00
14.53	0.0000000e+00
14.57	0.0000000e+00
14.60	0.0000000e+00
14.63	0.0000000e+00
14.67	0.0000000e+00
14.70	0.0000000e+00
14.74	0.0000000e+00
14.77	0.0000000e+00
14.80	0.0000000e+00
14.84	0.0000000e+00
14.87	0.0000000e+00
14.91	0.0000000e+00
14.94	0.0000000e+00
14.97	0.0000000e+00
15.01	0.0000000e+00
15.04	0.0000000e+00
15.08	0.0000000e+00
15.11	0.0000000e+00
15.14	0.0000000e+00
15.18	0.0000000e+00
15.21	0.0000000e+00
15.25	0.0000000e+00
15.28	0.0000000e+00
15.31	0.0000000e+00
15.35	0.0000000e+00
15.38	0.0000000e+00
15.42	0.0000000e+00
15.45	0.0000000e+00
15.48	0.0000000e+00
15.52	0.0000000e+00
15.55	0.0000000e+00
15.59	0.0000000e+00
15.62	0.0000000e+00
15.66	0.0000000e+00
15.69	0.0000000e+00
15.72	0.0000000e+00
15.76	0.0000000e+00
15.79	0.0000000e+00
15.83	0.0000000e+00
15.86	0.0000000e+00
15.89	0.0000000e+00
15.93	0.0000000e+00
15.96	0.0000000e+00
16.00	0.0000000e+00
16.03	0.0000000e+00
16.06	0.0000000e+00
16.10	0.0000000e+00
16.13	0.0000000e+00
16.17	0.0000000e+00
16.20	0.0000000e+00
16.23	0.0000000e+00
16.27	5.2565472e-267
16.30	1.9270442e-247
16.34	2.3477181e-229
16.37	1.2289118e-212
16.40	3.5047566e-197
16.44	6.7829561e-183
16.47	1.0913710e-169
16.51	1.7613103e-157
16.54	3.3913958e-146
16.58	9.1471266e-136
16.61	4.0085129e-126
16.64	3.2737385e-117
16.68	5.6564537e-109
16.71	2.3249209e-101
16.75	2.5334960e-94
16.78	8.0912349e-88
16.81	8.3089172e-82
16.85	2.9890102e-76
16.88	4.0773398e-71
16.92	2.2694093e-66
16.95	5.5151532e-62
16.98	6.2304165e-58
17.02	3.4669552e-54
17.05	1.0025675e-50
17.09	1.5831592e-47
17.12	1.4291361e-44
17.15	7.6940736e-42
17.19	2.5691233e-39
17.22	5.5168655e-37
17.26	7.8782375e-35
17.29	7.7170636e-33
17.32	5.3359002e-31
17.36	2.6742845e-29
17.39	9.9563302e-28
17.43	2.8166381e-26
17.46	6.1831822e-25
17.49	1.0739096e-23
17.53	1.5024187e-22
17.56	1.7214291e-21
17.60	1.6403165e-20
17.63	1.3184686e-19
17.67	9.0576108e-19
17.70	5.3830177e-18
17.73	2.7988025e-17
17.77	1.2863132e-16
17.80	5.2758981e-16
17.84	1.9482526e-15
17.87	6.5300281e-15
17.90	2.0014457e-14
17.94	5.6480951e-14
17.97	1.4767466e-13
18.01	3.5977269e-13
18.04	8.2092516e-13
18.07	1.7625058e-12
18.11	3.5749079e-12
18.14	6.8738854e-12
18.18	1.2564530e-11
18.21	2.1875241e-11
18.24	3.6311812e-11
18.28	5.7453524e-11
18.31	8.6496399e-11
18.35	1.2350880e-10
18.38	1.6664749e-10
18.41	2.1221155e-10
18.45	2.5731021e-10
18.48	3.0205529e-10
18.52	3.4700368e-10
18.55	3.9267264e-10
18.59	4.3954896e-10
18.62	4.8809703e-10
18.65	5.3876600e-10
18.69	5.9199626e-10
18.72	6.4822535e-10
18.76	7.0789333e-10
18.79	7.7144782e-10
18.82	8.3934873e-10
18.86	9.1207278e-10
18.89	9.9011790e-10
18.93	1.0740075e-09
18.96	1.1642948e-09
18.99	1.2615671e-09
19.03	1.3664501e-09
19.06	1.4796127e-09
19.10	1.6017714e-09
19.13	1.7336951e-09
19.16	1.8762107e-09
19.20	2.0302082e-09
19.23	2.1966464e-09
19.27	2.3765596e-09
19.30	2.5710636e-09
19.33	2.7813630e-09
19.37	3.0087589e-09
19.40	3.2546571e-09
19.44	3.5205764e-09
19.47	3.8081589e-09
19.51	4.1191794e-09
19.54	4.4555571e-09
19.57	4.8193670e-09
19.61	5.2128532e-09
19.64	5.6384424e-09
19.68	6.0987593e-09
19.71	6.5966429e-09
19.74	7.1351636e-09
19.78	7.7176429e-09
19.81	8.3476733e-09
19.85	9.0291413e-09
19.88	9.7662509e-09
19.91	1.0563550e-08
19.95	1.1425959e-08
19.98	1.2358800e-08
20.02	1.3367832e-08
20.05	1.4459284e-08
20.08	1.5639898e-08
20.12	1.6916965e-08
20.15	1.8298377e-08
20.19	1.9792671e-08
20.22	2.1409085e-08
20.25	2.3157617e-08
20.29	2.5049083e-08
20.32	2.7095190e-08
20.36	2.9308607e-08
20.39	3.1703046e-08
20.42	3.4293346e-08
20.46	3.7095571e-08
20.49	4.0127105e-08
20.53	4.3406772e-08
20.56	4.6954948e-08
20.60	5.0793691e-08
20.63	5.4946890e-08
20.66	5.9440407e-08
20.70	6.4302254e-08
20.73	6.9562768e-08
20.77	7.5254809e-08
20.80	8.1413975e-08
20.83	8.8078833e-08
20.87	9.5291177e-08
20.90	1.0309630e-07
20.94	1.1154329e-07
20.97	1.2068538e-07
21.00	1.3058027e-07
21.04	1.4129056e-07
21.07	1.5288415e-07
21.11	1.6543470e-07
21.14	1.7902217e-07
21.17	1.9373335e-07
21.21	2.0966252e-07
21.24	2.2691206e-07
21.28	2.4559324e-07
21.31	2.6582701e-07
21.34	2.8774490e-07
21.38	3.1149004e-07
21.41	3.3721818e-07
21.45	3.6509897e-07
21.48	3.9531727e-07
21.52	4.2807460e-07
21.55	4.6359083e-07
21.58	5.0210599e-07
21.62	5.4388231e-07
21.65	5.8920650e-07
21.69	6.3839231e-07
21.72	6.9178339e-07
21.75	7.4975651e-07
21.79	8.1272518e-07
21.82	8.8114373e-07
21.86	9.5551202e-07
21.89	1.0363806e-06
21.92	1.1243569e-06
21.96	1.2201118e-06
21.99	1.3243878e-06
22.03	1.4380079e-06
22.06	1.5618860e-06
22.09	1.6970390e-06
22.13	1.8446010e-06
22.16	2.0058391e-06
22.20	2.1821735e-06
22.23	2.3751990e-06
22.26	2.5867123e-06
22.30	2.8187432e-06
22.33	3.0735925e-06
22.37	3.3538772e-06
22.40	3.6625844e-06
22.43	4.0031380e-06
22.47	4.3794788e-06
22.50	4.7961636e-06
22.54	5.2584875e-06
22.57	5.7726368e-06
22.61	6.3458808e-06
22.64	6.9868154e-06
22.67	7.7056759e-06
22.71	8.5147423e-06
22.74	9.4288709e-06
22.78	1.0466204e-05
22.81	1.1649133e-05
22.84	1.3005623e-05
22.88	1.4571112e-05
22.91	1.6391316e-05
22.95	1.8526676e-05
22.98	2.1060115e-05
23.01	2.4112100e-05
23.05	2.7872421e-05
23.08	3.2669254e-05
23.12	3.9116105e-05
23.15	4.8407383e-05
23.18	6.2869215e-05
23.22	8.6898780e-05
23.25	1.2841477e-04
23.29	2.0085476e-04
23.32	3.2554931e-04
23.35	5.3393938e-04
23.39	8.6855292e-04
23.42	1.3808945e-03
23.46	2.1234249e-03
23.49	3.1317690e-03
23.53	4.3930206e-03
23.56	5.7995409e-03
23.59	7.1027543e-03
23.63	7.9193106e-03
23.66	7.8937205e-03
23.70	7.1136573e-03
23.73	6.1919921e-03
23.76	5.3523870e-03
23.80	4.6137841e-03
23.83	3.9712440e-03
23.87	3.4151622e-03
23.90	2.9352838e-03
23.93	2.5218954e-03
23.97	2.1661963e-03
24.00	1.8603797e-03
24.04	1.5975986e-03
24.07	1.3718887e-03
24.10	1.1780778e-03
24.14	1.0116930e-03
24.17	8.6887496e-04
24.21	7.4629784e-04
24.24	6.4109927e-04
24.27	5.5081767e-04
24.31	4.7333749e-04
24.34	4.0684152e-04
24.38	3.4976940e-04
24.41	3.0078181e-04
24.44	2.5872938e-04
24.48	2.2262602e-04
24.51	1.9162579e-04
24.55	1.6500313e-04
24.58	1.4213577e-04
24.62	1.2249005e-04
24.65	1.0560836e-04
24.68	9.1098279e-05
24.72	7.8623307e-05
24.75	6.7894904e-05
24.79	5.8665639e-05
24.82	5.0723329e-05
24.85	4.3886010e-05
24.89	3.7997626e-05
24.92	3.2924326e-05
24.96	2.8551298e-05
24.99	2.4780050e-05
25.02	2.1526080e-05
25.06	1.8716881e-05
25.09	1.6290227e-05
25.13	1.4192711e-05
25.16	1.2378481e-05
25.19	1.0808171e-05
25.23	9.4479716e-06
25.26	8.2688395e-06
25.30	7.2458217e-06
25.33	6.3574723e-06
25.36	5.5853546e-06
25.40	4.9136139e-06
25.43	4.3286118e-06
25.47	3.8186118e-06
25.50	3.3735102e-06
25.54	2.9846058e-06
25.57	2.6444014e-06
25.60	2.3464347e-06
25.64	2.0851323e-06
25.67	1.8556849e-06
25.71	1.6539405e-06
25.74	1.4763120e-06
25.77	1.3196986e-06
25.81	1.1814179e-06
25.84	1.0591481e-06
25.88	9.5087744e-07
25.91	8.5486203e-07
25.94	7.6958845e-07
25.98	6.9374232e-07
26.01	6.2618102e-07
26.05	5.6591028e-07
26.08	5.1206403e-07
26.11	4.6388708e-07
26.15	4.2072017e-07
26.18	3.8198715e-07
26.22	3.4718389e-07
26.25	3.1586871e-07
26.28	2.8765421e-07
26.32	2.6220009e-07
26.35	2.3920706e-07
26.39	2.1841153e-07
26.42	1.9958102e-07
26.45	1.8251019e-07
26.49	1.6701743e-07
26.52	1.5294188e-07
26.56	1.4014081e-07
26.59	1.2848744e-07
26.63	1.1786898e-07
26.66	1.0818489e-07
26.69	9.9345477e-08
26.73	9.1270582e-08
26.76	8.3888452e-08
26.80	7.7134780e-08
26.83	7.0951847e-08
26.86	6.5287771e-08
26.90	6.0095857e-08
26.93	5.5334022e-08
26.97	5.0964287e-08
27.00	4.6952337e-08
