# NeutrinoAntineutrinoInteraction/NeutrinoAntineutrinoResonanceMuon interaction rates
# neutrino field: massive Cosmic Neutrino Background, T_CnuB = 1.94535456 K
# Produced with crpropa-data version: 60a1560e37035039ec25f414e0c42a2444bad49c
# log10(E/eV), 1/lambda [1/Mpc]
13.65	0.0000000e+00
13.68	0.0000000e+00
13.71	0.0000000e+00
13.75	0.0000000e+00
13.78	0.0000000e+00
13.82	0.0000000e+00
13.85	0.0000000e+00
13.88	0.0000000e+00
13.92	0.0000000e+00
13.95	0.0000000e+00
13.99	0.0000000e+00
14.02	0.0000000e+00
14.05	0.0000000e+00
14.09	0.0000000e+00
14.12	0.0000000e+00
14.16	0.0000000e+00
14.19	0.0000000e+00
14.22	0.0000000e+00
14.26	0.0000000e+00
14.29	0.0000000e+00
14.33	0.0000000e+00
14.36	0.0000000e+00
14.39	0.0000000e+00
14.43	0.0000000e+00
14.46	0.0000000e+00
14.50	0.0000000e+00
14.53	0.0000000e+00
14.57	0.0000000e+00
14.60	0.0000000e+00
14.63	0.0000000e+00
14.67	0.0000000e+00
14.70	0.0000000e+00
14.74	0.0000000e+00
14.77	0.0000000e+00
14.80	0.0000000e+00
14.84	0.0000000e+00
14.87	0.0000000e+00
14.91	0.0000000e+00
14.94	0.0000000e+00
14.97	0.0000000e+00
15.01	0.0000000e+00
15.04	0.0000000e+00
15.08	0.0000000e+00
15.11	0.0000000e+00
15.14	0.0000000e+00
15.18	0.0000000e+00
15.21	0.0000000e+00
15.25	0.0000000e+00
15.28	0.0000000e+00
15.31	0.0000000e+00
15.35	0.0000000e+00
15.38	0.0000000e+00
15.42	0.0000000e+00
15.45	0.0000000e+00
15.48	0.0000000e+00
15.52	0.0000000e+00
15.55	0.0000000e+00
15.59	0.0000000e+00
15.62	1.5847765e-269
15.66	1.7435938e-249
15.69	5.8656773e-231
15.72	7.8498240e-214
15.76	5.3299447e-198
15.79	2.2992587e-183
15.83	7.7583122e-170
15.86	2.4817578e-157
15.89	8.9900754e-146
15.93	4.3466440e-135
15.96	3.2652909e-125
16.00	4.3861008e-116
16.03	1.1995914e-107
16.06	7.5325089e-100
16.10	1.2134353e-92
16.13	5.5570700e-86
16.17	7.9551031e-80
16.20	3.8862042e-74
16.23	7.0261871e-69
16.27	5.0676281e-64
16.30	1.5627882e-59
16.34	2.1971184e-55
16.37	1.4942114e-51
16.40	5.1925569e-48
16.44	9.6999898e-45
16.47	1.0207806e-41
16.51	6.3194680e-39
16.54	2.3955914e-36
16.58	5.7705164e-34
16.61	9.1402764e-32
16.64	9.8264967e-30
16.68	7.3832653e-28
16.71	3.9835123e-26
16.75	1.5824266e-24
16.78	4.7366764e-23
16.81	1.0914720e-21
16.85	1.9748604e-20
16.88	2.8575545e-19
16.92	3.3630884e-18
16.95	3.2701393e-17
16.98	2.6654219e-16
17.02	1.8456639e-15
17.05	1.0992712e-14
17.09	5.6963625e-14
17.12	2.5955710e-13
17.15	1.0501900e-12
17.19	3.8075088e-12
17.22	1.2473719e-11
17.26	3.7213841e-11
17.29	1.0183252e-10
17.32	2.5729370e-10
17.36	6.0395505e-10
17.39	1.3246039e-09
17.43	2.7287421e-09
17.46	5.3058212e-09
17.49	9.7817622e-09
17.53	1.7169998e-08
17.56	2.8806503e-08
17.60	4.6358609e-08
17.63	7.1800174e-08
17.67	1.0735032e-07
17.70	1.5537873e-07
17.73	2.1828608e-07
17.77	2.9837221e-07
17.80	3.9770727e-07
17.84	5.1802046e-07
17.87	6.6061904e-07
17.90	8.2634620e-07
17.94	1.0155816e-06
17.97	1.2282832e-06
18.01	1.4640653e-06
18.04	1.7223030e-06
18.07	2.0022536e-06
18.11	2.3031820e-06
18.14	2.6244833e-06
18.18	2.9657903e-06
18.21	3.3270646e-06
18.24	3.7086661e-06
18.28	4.1114021e-06
18.31	4.5365572e-06
18.35	4.9859090e-06
18.38	5.4617356e-06
18.41	5.9668286e-06
18.45	6.5045635e-06
18.48	7.0788064e-06
18.52	7.6936082e-06
18.55	8.3531947e-06
18.59	9.0620041e-06
18.62	9.8247227e-06
18.65	1.0646323e-05
18.69	1.1532099e-05
18.72	1.2487708e-05
18.76	1.3519208e-05
18.79	1.4633097e-05
18.82	1.5836364e-05
18.86	1.7136526e-05
18.89	1.8541685e-05
18.93	2.0060576e-05
18.96	2.1702624e-05
18.99	2.3478001e-05
19.03	2.5397697e-05
19.06	2.7473582e-05
19.10	2.9718484e-05
19.13	3.2146268e-05
19.16	3.4771924e-05
19.20	3.7611658e-05
19.23	4.0682994e-05
19.27	4.4004883e-05
19.30	4.7597821e-05
19.33	5.1483975e-05
19.37	5.5687322e-05
19.40	6.0233797e-05
19.44	6.5151455e-05
19.47	7.0470644e-05
19.51	7.6224194e-05
19.54	8.2447622e-05
19.57	8.9179353e-05
19.61	9.6460956e-05
19.64	1.0433741e-04
19.68	1.1285737e-04
19.71	1.2207350e-04
19.74	1.3204277e-04
19.78	1.4282682e-04
19.81	1.5449236e-04
19.85	1.6711158e-04
19.88	1.8076261e-04
19.91	1.9552998e-04
19.95	2.1150521e-04
19.98	2.2878735e-04
20.02	2.4748359e-04
20.05	2.6770998e-04
20.08	2.8959215e-04
20.12	3.1326612e-04
20.15	3.3887914e-04
20.19	3.6659067e-04
20.22	3.9657339e-04
20.25	4.2901432e-04
20.29	4.6411601e-04
20.32	5.0209789e-04
20.36	5.4319768e-04
20.39	5.8767296e-04
20.42	6.3580288e-04
20.46	6.8788999e-04
20.49	7.4426226e-04
20.53	8.0527531e-04
20.56	8.7131479e-04
20.60	9.4279900e-04
20.63	1.0201818e-03
20.66	1.1039557e-03
20.70	1.1946553e-03
20.73	1.2928612e-03
20.77	1.3992038e-03
20.80	1.5143684e-03
20.83	1.6390995e-03
20.87	1.7742069e-03
20.90	1.9205714e-03
20.94	2.0791518e-03
20.97	2.2509918e-03
21.00	2.4372287e-03
21.04	2.6391022e-03
21.07	2.8579646e-03
21.11	3.0952919e-03
21.14	3.3526964e-03
21.17	3.6319405e-03
21.21	3.9349528e-03
21.24	4.2638449e-03
21.28	4.6209317e-03
21.31	5.0087534e-03
21.34	5.4301009e-03
21.38	5.8880439e-03
21.41	6.3859634e-03
21.45	6.9275889e-03
21.48	7.5170403e-03
21.52	8.1588765e-03
21.55	8.8581514e-03
21.58	9.6204780e-03
21.62	1.0452104e-02
21.65	1.1359998e-02
21.69	1.2351954e-02
21.72	1.3436707e-02
21.75	1.4624083e-02
21.79	1.5925158e-02
21.82	1.7352467e-02
21.86	1.8920244e-02
21.89	2.0644715e-02
21.92	2.2544456e-02
21.96	2.4640832e-02
21.99	2.6958540e-02
22.03	2.9526289e-02
22.06	3.2377657e-02
22.09	3.5552189e-02
22.13	3.9096818e-02
22.16	4.3067734e-02
22.20	4.7532905e-02
22.23	5.2575553e-02
22.26	5.8299184e-02
22.30	6.4835413e-02
22.33	7.2357475e-02
22.37	8.1106456e-02
22.40	9.1446336e-02
22.43	1.0398134e-01
22.47	1.1979646e-01
22.50	1.4091490e-01
22.54	1.7108857e-01
22.57	2.1702175e-01
22.61	2.9004273e-01
22.64	4.0806961e-01
22.67	5.9749003e-01
22.71	8.9436081e-01
22.74	1.3442314e+00
22.78	1.9999895e+00
22.81	2.9174449e+00
22.84	4.1488539e+00
22.88	5.7351134e+00
22.91	7.6977758e+00
22.95	1.0032224e+01
22.98	1.2703256e+01
23.01	1.5643967e+01
23.05	1.8758322e+01
23.08	2.1927191e+01
23.12	2.5017165e+01
23.15	2.7891030e+01
23.18	3.0418668e+01
23.22	3.2487103e+01
23.25	3.4008656e+01
23.29	3.4926459e+01
23.32	3.5216978e+01
23.35	3.4889591e+01
23.39	3.3983584e+01
23.42	3.2563198e+01
23.46	3.0711439e+01
23.49	2.8523443e+01
23.53	2.6100037e+01
23.56	2.3542084e+01
23.59	2.0946046e+01
23.63	1.8401198e+01
23.66	1.5989428e+01
23.70	1.3790592e+01
23.73	1.1863644e+01
23.76	1.0198252e+01
23.80	8.7635306e+00
23.83	7.5292952e+00
23.87	6.4683882e+00
23.90	5.5569285e+00
23.93	4.7741213e+00
23.97	4.1019516e+00
24.00	3.5248608e+00
24.04	3.0294374e+00
24.07	2.6041370e+00
24.10	2.2390312e+00
24.14	1.9255876e+00
24.17	1.6564774e+00
24.21	1.4254080e+00
24.24	1.2269781e+00
24.27	1.0565530e+00
24.31	9.1015570e-01
24.34	7.8437494e-01
24.38	6.7628443e-01
24.41	5.8337428e-01
24.44	5.0349188e-01
24.48	4.3479102e-01
24.51	3.7568834e-01
24.55	3.2482585e-01
24.58	2.8103886e-01
24.62	2.4332836e-01
24.65	2.1083746e-01
24.68	1.8283110e-01
24.72	1.5867863e-01
24.75	1.3783898e-01
24.79	1.1984785e-01
24.82	1.0430676e-01
24.85	9.0873673e-02
24.89	7.9254966e-02
24.92	6.9198505e-02
24.96	6.0487754e-02
24.99	5.2936706e-02
25.02	4.6385537e-02
25.06	4.0696887e-02
25.09	3.5752668e-02
25.13	3.1451330e-02
25.16	2.7705517e-02
25.19	2.4440055e-02
25.23	2.1590229e-02
25.26	1.9100305e-02
25.30	1.6922263e-02
25.33	1.5014712e-02
25.36	1.3341953e-02
25.40	1.1873183e-02
25.43	1.0581808e-02
25.47	9.4448544e-03
25.50	8.4424614e-03
25.54	7.5574500e-03
25.57	6.7749493e-03
25.60	6.0820766e-03
25.64	5.4676626e-03
25.67	4.9220157e-03
25.71	4.4367187e-03
25.74	4.0044548e-03
25.77	3.6188571e-03
25.81	3.2743800e-03
25.84	2.9661879e-03
25.88	2.6900600e-03
25.91	2.4423072e-03
25.94	2.2197021e-03
25.98	2.0194170e-03
26.01	1.8389720e-03
26.05	1.6761885e-03
26.08	1.5291509e-03
26.11	1.3961720e-03
26.15	1.2757637e-03
26.18	1.1666120e-03
26.22	1.0675545e-03
26.25	9.7756176e-04
26.28	8.9572054e-04
26.32	8.2121958e-04
26.35	7.5333710e-04
26.39	6.9142997e-04
26.42	6.3492432e-04
26.45	5.8330730e-04
26.49	5.3611993e-04
26.52	4.9295087e-04
26.56	4.5343090e-04
26.59	4.1722820e-04
26.63	3.8404412e-04
26.66	3.5360952e-04
26.69	3.2568151e-04
26.73	3.0004066e-04
26.76	2.7648845e-04
26.80	2.5484509e-04
26.83	2.3494755e-04
26.86	2.1664784e-04
26.90	1.9981148e-04
26.93	1.8431614e-04
26.97	1.7005044e-04
27.00	1.5691289e-04
