# NeutrinoAntineutrinoInteraction/NeutrinoAntineutrinoResonanceMuon interaction rates
# neutrino field: massive Cosmic Neutrino Background, T_CnuB = 1.94535456 K
# Produced with crpropa-data version: 60a1560e37035039ec25f414e0c42a2444bad49c
# log10(E/eV), 1/lambda [1/Mpc]
13.75	0.0000000e+00
13.78	0.0000000e+00
13.82	0.0000000e+00
13.85	0.0000000e+00
13.88	0.0000000e+00
13.92	0.0000000e+00
13.95	0.0000000e+00
13.99	0.0000000e+00
14.02	0.0000000e+00
14.05	0.0000000e+00
14.09	0.0000000e+00
14.12	0.0000000e+00
14.16	0.0000000e+00
14.19	0.0000000e+00
14.22	0.0000000e+00
14.26	0.0000000e+00
14.29	0.0000000e+00
14.33	0.0000000e+00
14.36	0.0000000e+00
14.39	0.0000000e+00
14.43	0.0000000e+00
14.46	0.0000000e+00
14.50	0.0000000e+00
14.53	0.0000000e+00
14.57	0.0000000e+00
14.60	0.0000000e+00
14.63	0.0000000e+00
14.67	0.0000000e+00
14.70	0.0000000e+00
14.74	0.0000000e+00
14.77	0.0000000e+00
14.80	0.0000000e+00
14.84	0.0000000e+00
14.87	0.0000000e+00
14.91	0.0000000e+00
14.94	0.0000000e+00
14.97	0.0000000e+00
15.01	0.0000000e+00
15.04	0.0000000e+00
15.08	0.0000000e+00
15.11	0.0000000e+00
15.14	0.0000000e+00
15.18	0.0000000e+00
15.21	0.0000000e+00
15.25	0.0000000e+00
15.28	0.0000000e+00
15.31	0.0000000e+00
15.35	0.0000000e+00
15.38	0.0000000e+00
15.42	0.0000000e+00
15.45	0.0000000e+00
15.48	0.0000000e+00
15.52	0.0000000e+00
15.55	0.0000000e+00
15.59	0.0000000e+00
15.62	0.0000000e+00
15.66	0.0000000e+00
15.69	0.0000000e+00
15.72	2.4956757e-264
15.76	1.0219463e-244
15.79	1.3800593e-226
15.83	7.9511370e-210
15.86	2.4798207e-194
15.89	5.2176014e-180
15.93	9.0776180e-167
15.96	1.5763369e-154
16.00	3.2513678e-143
16.03	9.3559958e-133
16.06	4.3583395e-123
16.10	3.7712940e-114
16.13	6.8837926e-106
16.17	2.9812716e-98
16.20	3.4153316e-91
16.23	1.1444225e-84
16.27	1.2309457e-78
16.30	4.6315657e-73
16.34	6.6005617e-68
16.37	3.8346744e-63
16.40	9.7207571e-59
16.44	1.1450006e-54
16.47	6.6420763e-51
16.51	2.0024264e-47
16.54	3.2974096e-44
16.58	3.1055717e-41
16.61	1.7456349e-38
16.64	6.0913658e-36
16.68	1.3685216e-33
16.71	2.0474218e-31
16.75	2.1044113e-29
16.78	1.5295331e-27
16.81	8.0740945e-26
16.85	3.1730122e-24
16.88	9.4979095e-23
16.92	2.2118552e-21
16.95	4.0866271e-20
16.98	6.0999128e-19
17.02	7.4801856e-18
17.05	7.6535348e-17
17.09	6.6281483e-16
17.12	4.9231714e-15
17.15	3.1747891e-14
17.19	1.7975243e-13
17.22	9.0281050e-13
17.26	4.0603852e-12
17.29	1.6492903e-11
17.32	6.0970511e-11
17.36	2.0652773e-10
17.39	6.4474826e-10
17.43	1.8637031e-09
17.46	5.0041135e-09
17.49	1.2494898e-08
17.53	2.8950600e-08
17.56	6.1758377e-08
17.60	1.1917944e-07
17.63	2.0188956e-07
17.67	2.9331612e-07
17.70	3.8179579e-07
17.73	4.6812400e-07
17.77	5.5348600e-07
17.80	6.3896617e-07
17.84	7.2556850e-07
17.87	8.1423450e-07
17.90	9.0585915e-07
17.94	1.0013049e-06
17.97	1.1014146e-06
18.01	1.2070225e-06
18.04	1.3189652e-06
18.07	1.4380915e-06
18.11	1.5652709e-06
18.14	1.7014029e-06
18.18	1.8474254e-06
18.21	2.0043226e-06
18.24	2.1731333e-06
18.28	2.3549593e-06
18.31	2.5509733e-06
18.35	2.7624279e-06
18.38	2.9906642e-06
18.41	3.2371210e-06
18.45	3.5033444e-06
18.48	3.7909985e-06
18.52	4.1018757e-06
18.55	4.4379084e-06
18.59	4.8011817e-06
18.62	5.1939462e-06
18.65	5.6186324e-06
18.69	6.0778660e-06
18.72	6.5744844e-06
18.76	7.1115539e-06
18.79	7.6923897e-06
18.82	8.3205758e-06
18.86	8.9999874e-06
18.89	9.7348151e-06
18.93	1.0529591e-05
18.96	1.1389216e-05
18.99	1.2318991e-05
19.03	1.3324651e-05
19.06	1.4412397e-05
19.10	1.5588938e-05
19.13	1.6861530e-05
19.16	1.8238024e-05
19.20	1.9726911e-05
19.23	2.1337378e-05
19.27	2.3079362e-05
19.30	2.4963616e-05
19.33	2.7001772e-05
19.37	2.9206413e-05
19.40	3.1591155e-05
19.44	3.4170729e-05
19.47	3.6961075e-05
19.51	3.9979439e-05
19.54	4.3244481e-05
19.57	4.6776397e-05
19.61	5.0597038e-05
19.64	5.4730051e-05
19.68	5.9201030e-05
19.71	6.4037672e-05
19.74	6.9269955e-05
19.78	7.4930329e-05
19.81	8.1053917e-05
19.85	8.7678742e-05
19.88	9.4845967e-05
19.91	1.0260016e-04
19.95	1.1098957e-04
19.98	1.2006646e-04
20.02	1.2988742e-04
20.05	1.4051374e-04
20.08	1.5201180e-04
20.12	1.6445353e-04
20.15	1.7791685e-04
20.19	1.9248621e-04
20.22	2.0825313e-04
20.25	2.2531679e-04
20.29	2.4378475e-04
20.32	2.6377362e-04
20.36	2.8540989e-04
20.39	3.0883076e-04
20.42	3.3418511e-04
20.46	3.6163455e-04
20.49	3.9135449e-04
20.53	4.2353545e-04
20.56	4.5838440e-04
20.60	4.9612624e-04
20.63	5.3700549e-04
20.66	5.8128805e-04
20.70	6.2926325e-04
20.73	6.8124606e-04
20.77	7.3757947e-04
20.80	7.9863730e-04
20.83	8.6482710e-04
20.87	9.3659356e-04
20.90	1.0144222e-03
20.94	1.0988434e-03
20.97	1.1904372e-03
21.00	1.2898385e-03
21.04	1.3977427e-03
21.07	1.5149121e-03
21.11	1.6421837e-03
21.14	1.7804772e-03
21.17	1.9308044e-03
21.21	2.0942802e-03
21.24	2.2721343e-03
21.28	2.4657256e-03
21.31	2.6765578e-03
21.34	2.9062979e-03
21.38	3.1567974e-03
21.41	3.4301167e-03
21.45	3.7285532e-03
21.48	4.0546750e-03
21.52	4.4113592e-03
21.55	4.8018377e-03
21.58	5.2297508e-03
21.62	5.6992110e-03
21.65	6.2148788e-03
21.69	6.7820538e-03
21.72	7.4067835e-03
21.75	8.0959960e-03
21.79	8.8576606e-03
21.82	9.7009850e-03
21.86	1.0636658e-02
21.89	1.1677152e-02
21.92	1.2837097e-02
21.96	1.4133760e-02
21.99	1.5587649e-02
22.03	1.7223287e-02
22.06	1.9070224e-02
22.09	2.1164356e-02
22.13	2.3549689e-02
22.16	2.6280705e-02
22.20	2.9425607e-02
22.23	3.3070845e-02
22.26	3.7327544e-02
22.30	4.2340883e-02
22.33	4.8304212e-02
22.37	5.5481245e-02
22.40	6.4243378e-02
22.43	7.5138731e-02
22.47	8.9035501e-02
22.50	1.0745062e-01
22.54	1.3334292e-01
22.57	1.7302463e-01
22.61	2.4057999e-01
22.64	3.6739354e-01
22.67	6.2084281e-01
22.71	1.1363961e+00
22.74	2.1612597e+00
22.78	4.0819376e+00
22.81	7.3342396e+00
22.84	1.1951927e+01
22.88	1.6541687e+01
22.91	1.8028264e+01
22.95	1.6335184e+01
22.98	1.4261560e+01
23.01	1.2348875e+01
23.05	1.0655657e+01
23.08	9.1776365e+00
23.12	7.8958843e+00
23.15	6.7883259e+00
23.18	5.8333767e+00
23.22	5.0111796e+00
23.25	4.3039681e+00
23.29	3.6960791e+00
23.32	3.1738228e+00
23.35	2.7252990e+00
23.39	2.3402004e+00
23.42	2.0096216e+00
23.46	1.7258825e+00
23.49	1.4823680e+00
23.53	1.2733864e+00
23.56	1.0940439e+00
23.59	9.4013541e-01
23.63	8.0804941e-01
23.66	6.9468514e-01
23.70	5.9738124e-01
23.73	5.1385406e-01
23.76	4.4214436e-01
23.80	3.8057157e-01
23.83	3.2769422e-01
23.87	2.8227614e-01
23.90	2.4325720e-01
23.93	2.0972837e-01
23.97	1.8091012e-01
24.00	1.5613406e-01
24.04	1.3482703e-01
24.07	1.1649755e-01
24.10	1.0072417e-01
24.14	8.7145453e-02
24.17	7.5451430e-02
24.21	6.5376245e-02
24.24	5.6691856e-02
24.27	4.9202637e-02
24.31	4.2740755e-02
24.34	3.7162197e-02
24.38	3.2343376e-02
24.41	2.8178216e-02
24.44	2.4575653e-02
24.48	2.1457500e-02
24.51	1.8756609e-02
24.55	1.6415299e-02
24.58	1.4384012e-02
24.62	1.2620155e-02
24.65	1.1087114e-02
24.68	9.7534004e-03
24.72	8.5919290e-03
24.75	7.5793916e-03
24.79	6.6957230e-03
24.82	5.9236431e-03
24.85	5.2482635e-03
24.89	4.6567507e-03
24.92	4.1380369e-03
24.96	3.6825717e-03
24.99	3.2821100e-03
25.02	2.9295286e-03
25.06	2.6186702e-03
25.09	2.3442085e-03
25.13	2.1015328e-03
25.16	1.8866489e-03
25.19	1.6960938e-03
25.23	1.5268626e-03
25.26	1.3763456e-03
25.30	1.2422742e-03
25.33	1.1226742e-03
25.36	1.0158261e-03
25.40	9.2023073e-04
25.43	8.3457915e-04
25.47	7.5772759e-04
25.50	6.8867522e-04
25.54	6.2654528e-04
25.57	5.7056872e-04
25.60	5.2007003e-04
25.64	4.7445514e-04
25.67	4.3320084e-04
25.71	3.9584567e-04
25.74	3.6198211e-04
25.77	3.3124969e-04
25.81	3.0332913e-04
25.84	2.7793722e-04
25.88	2.5482233e-04
25.91	2.3376060e-04
25.94	2.1455258e-04
25.98	1.9702024e-04
26.01	1.8100453e-04
26.05	1.6636308e-04
26.08	1.5296829e-04
26.11	1.4070563e-04
26.15	1.2947218e-04
26.18	1.1917528e-04
26.22	1.0973146e-04
26.25	1.0106535e-04
26.28	9.3108892e-05
26.32	8.5800492e-05
26.35	7.9084372e-05
26.39	7.2909954e-05
26.42	6.7231324e-05
26.45	6.2006760e-05
26.49	5.7198309e-05
26.52	5.2771415e-05
26.56	4.8694585e-05
26.59	4.4939090e-05
26.63	4.1478704e-05
26.66	3.8289467e-05
26.69	3.5349468e-05
26.73	3.2638661e-05
26.76	3.0138691e-05
26.80	2.7832739e-05
26.83	2.5705390e-05
26.86	2.3742500e-05
26.90	2.1931092e-05
26.93	2.0259249e-05
26.97	1.8716022e-05
27.00	1.7291351e-05
