# NeutrinoAntineutrinoInteraction/NeutrinoAntineutrinoResonanceMuon interaction rates
# neutrino field: massive Cosmic Neutrino Background, T_CnuB = 1.94535456 K
# Produced with crpropa-data version: 60a1560e37035039ec25f414e0c42a2444bad49c
# log10(E/eV), 1/lambda [1/Mpc]
14.29	0.0000000e+00
14.33	0.0000000e+00
14.36	0.0000000e+00
14.39	0.0000000e+00
14.43	0.0000000e+00
14.46	0.0000000e+00
14.50	0.0000000e+00
14.53	0.0000000e+00
14.57	0.0000000e+00
14.60	0.0000000e+00
14.63	0.0000000e+00
14.67	0.0000000e+00
14.70	0.0000000e+00
14.74	0.0000000e+00
14.77	0.0000000e+00
14.80	0.0000000e+00
14.84	0.0000000e+00
14.87	0.0000000e+00
14.91	0.0000000e+00
14.94	0.0000000e+00
14.97	0.0000000e+00
15.01	0.0000000e+00
15.04	0.0000000e+00
15.08	0.0000000e+00
15.11	0.0000000e+00
15.14	0.0000000e+00
15.18	0.0000000e+00
15.21	0.0000000e+00
15.25	0.0000000e+00
15.28	0.0000000e+00
15.31	0.0000000e+00
15.35	0.0000000e+00
15.38	0.0000000e+00
15.42	0.0000000e+00
15.45	0.0000000e+00
15.48	0.0000000e+00
15.52	0.0000000e+00
15.55	0.0000000e+00
15.59	0.0000000e+00
15.62	0.0000000e+00
15.66	0.0000000e+00
15.69	0.0000000e+00
15.72	0.0000000e+00
15.76	0.0000000e+00
15.79	0.0000000e+00
15.83	0.0000000e+00
15.86	0.0000000e+00
15.89	0.0000000e+00
15.93	0.0000000e+00
15.96	0.0000000e+00
16.00	0.0000000e+00
16.03	0.0000000e+00
16.06	0.0000000e+00
16.10	0.0000000e+00
16.13	0.0000000e+00
16.17	0.0000000e+00
16.20	0.0000000e+00
16.23	0.0000000e+00
16.27	5.0993837e-267
16.30	1.8648366e-247
16.34	2.2659024e-229
16.37	1.1826860e-212
16.40	3.3624838e-197
16.44	6.4858537e-183
16.47	1.0398007e-169
16.51	1.6715441e-157
16.54	3.2050119e-146
16.58	8.6051717e-136
16.61	3.7525377e-126
16.64	3.0484841e-117
16.68	5.2372181e-109
16.71	2.1393686e-101
16.75	2.3158394e-94
16.78	7.3432415e-88
16.81	7.4827186e-82
16.85	2.6694612e-76
16.88	3.6088973e-71
16.92	1.9893524e-66
16.95	4.7844949e-62
16.98	5.3447911e-58
17.02	2.9385185e-54
17.05	8.3881518e-51
17.09	1.3062577e-47
17.12	1.1616636e-44
17.15	6.1544207e-42
17.19	2.0199030e-39
17.22	4.2580561e-37
17.26	5.9613825e-35
17.29	5.7168958e-33
17.32	3.8642254e-31
17.36	1.8902943e-29
17.39	6.8576062e-28
17.43	1.8871384e-26
17.46	4.0225013e-25
17.49	6.7707987e-24
17.53	9.1620691e-23
17.56	1.0132864e-21
17.60	9.3001818e-21
17.63	7.1846927e-20
17.67	4.7332410e-19
17.70	2.6914909e-18
17.73	1.3358807e-17
17.77	5.8475742e-17
17.80	2.2791554e-16
17.84	7.9801022e-16
17.87	2.5306881e-15
17.90	7.3241752e-15
17.94	1.9481309e-14
17.97	4.7933605e-14
18.01	1.0975865e-13
18.04	2.3519886e-13
18.07	4.7410222e-13
18.11	9.0328845e-13
18.14	1.6338915e-12
18.18	2.8173798e-12
18.21	4.6488456e-12
18.24	7.3663658e-12
18.28	1.1245754e-11
18.31	1.6590754e-11
18.35	2.3719499e-11
18.38	3.2948715e-11
18.41	4.4577550e-11
18.45	5.8872971e-11
18.48	7.6058446e-11
18.52	9.6307118e-11
18.55	1.1974005e-10
18.59	1.4642945e-10
18.62	1.7640628e-10
18.65	2.0967104e-10
18.69	2.4620662e-10
18.72	2.8599179e-10
18.76	3.2901425e-10
18.79	3.7528238e-10
18.82	4.2483500e-10
18.86	4.7774911e-10
18.89	5.3414541e-10
18.93	5.9419193e-10
18.96	6.5810612e-10
18.99	7.2615566e-10
19.03	7.9865862e-10
19.06	8.7598312e-10
19.10	9.5854694e-10
19.13	1.0468172e-09
19.16	1.1413106e-09
19.20	1.2425936e-09
19.23	1.3512840e-09
19.27	1.4680523e-09
19.30	1.5936241e-09
19.33	1.7287831e-09
19.37	1.8743747e-09
19.40	2.0313101e-09
19.44	2.2005713e-09
19.47	2.3832165e-09
19.51	2.5803861e-09
19.54	2.7933093e-09
19.57	3.0233121e-09
19.61	3.2718243e-09
19.64	3.5403894e-09
19.68	3.8306731e-09
19.71	4.1444742e-09
19.74	4.4837356e-09
19.78	4.8505563e-09
19.81	5.2472044e-09
19.85	5.6761311e-09
19.88	6.1399863e-09
19.91	6.6416347e-09
19.95	7.1841737e-09
19.98	7.7709526e-09
20.02	8.4055935e-09
20.05	9.0920138e-09
20.08	9.8344504e-09
20.12	1.0637486e-08
20.15	1.1506079e-08
20.19	1.2445590e-08
20.22	1.3461821e-08
20.25	1.4561049e-08
20.29	1.5750062e-08
20.32	1.7036207e-08
20.36	1.8427433e-08
20.39	1.9932337e-08
20.42	2.1560227e-08
20.46	2.3321170e-08
20.49	2.5226063e-08
20.53	2.7286697e-08
20.56	2.9515834e-08
20.60	3.1927283e-08
20.63	3.4535992e-08
20.66	3.7358142e-08
20.70	4.0411245e-08
20.73	4.3714261e-08
20.77	4.7287715e-08
20.80	5.1153830e-08
20.83	5.5336668e-08
20.87	5.9862285e-08
20.90	6.4758900e-08
20.94	7.0057076e-08
20.97	7.5789921e-08
21.00	8.1993299e-08
21.04	8.8706072e-08
21.07	9.5970351e-08
21.11	1.0383177e-07
21.14	1.1233982e-07
21.17	1.2154812e-07
21.21	1.3151484e-07
21.24	1.4230307e-07
21.28	1.5398125e-07
21.31	1.6662364e-07
21.34	1.8031086e-07
21.38	1.9513042e-07
21.41	2.1117738e-07
21.45	2.2855499e-07
21.48	2.4737550e-07
21.52	2.6776092e-07
21.55	2.8984397e-07
21.58	3.1376906e-07
21.62	3.3969344e-07
21.65	3.6778838e-07
21.69	3.9824054e-07
21.72	4.3125351e-07
21.75	4.6704944e-07
21.79	5.0587095e-07
21.82	5.4798321e-07
21.86	5.9367627e-07
21.89	6.4326767e-07
21.92	6.9710541e-07
21.96	7.5557125e-07
21.99	8.1908446e-07
22.03	8.8810610e-07
22.06	9.6314378e-07
22.09	1.0447572e-06
22.13	1.1335645e-06
22.16	1.2302494e-06
22.20	1.3355694e-06
22.23	1.4503656e-06
22.26	1.5755738e-06
22.30	1.7122373e-06
22.33	1.8615223e-06
22.37	2.0247356e-06
22.40	2.2033458e-06
22.43	2.3990085e-06
22.47	2.6135960e-06
22.50	2.8492336e-06
22.54	3.1083434e-06
22.57	3.3936970e-06
22.61	3.7084816e-06
22.64	4.0563808e-06
22.67	4.4416762e-06
22.71	4.8693765e-06
22.74	5.3453819e-06
22.78	5.8766991e-06
22.81	6.4717250e-06
22.84	7.1406316e-06
22.88	7.8959040e-06
22.91	8.7531346e-06
22.95	9.7322990e-06
22.98	1.0860056e-05
23.01	1.2174367e-05
23.05	1.3734327e-05
23.08	1.5640969e-05
23.12	1.8078922e-05
23.15	2.1393098e-05
23.18	2.6216091e-05
23.22	3.3656539e-05
23.25	4.5542575e-05
23.29	6.4687649e-05
23.32	9.5114519e-05
23.35	1.4214909e-04
23.39	2.1229264e-04
23.42	3.1280782e-04
23.46	4.5100957e-04
23.49	6.3332355e-04
23.53	8.6424208e-04
23.56	1.1453501e-03
23.59	1.4745988e-03
23.63	1.8459690e-03
23.66	2.2496019e-03
23.70	2.6723958e-03
23.73	3.0989887e-03
23.76	3.5129928e-03
23.80	3.8983142e-03
23.83	4.2403930e-03
23.87	4.5272224e-03
23.90	4.7500539e-03
23.93	4.9037446e-03
23.97	4.9867573e-03
24.00	5.0008631e-03
24.04	4.9506234e-03
24.07	4.8427423e-03
24.10	4.6853715e-03
24.14	4.4874417e-03
24.17	4.2580713e-03
24.21	4.0060846e-03
24.24	3.7396512e-03
24.27	3.4660446e-03
24.31	3.1915081e-03
24.34	2.9212082e-03
24.38	2.6592567e-03
24.41	2.4087805e-03
24.44	2.1720220e-03
24.48	1.9504554e-03
24.51	1.7449086e-03
24.55	1.5556814e-03
24.58	1.3826555e-03
24.62	1.2253926e-03
24.65	1.0832202e-03
24.68	9.5530373e-04
24.72	8.4070524e-04
24.75	7.3843168e-04
24.79	6.4747194e-04
24.82	5.6682520e-04
24.85	4.9552186e-04
24.89	4.3263813e-04
24.92	3.7730571e-04
24.96	3.2871751e-04
24.99	2.8613027e-04
25.02	2.4886491e-04
25.06	2.1630521e-04
25.09	1.8789523e-04
25.13	1.6313595e-04
25.16	1.4158152e-04
25.19	1.2283509e-04
25.23	1.0654470e-04
25.26	9.2399139e-05
25.30	8.0124027e-05
25.33	6.9478026e-05
25.36	6.0249340e-05
25.40	5.2252464e-05
25.43	4.5325216e-05
25.47	3.9326026e-05
25.50	3.4131496e-05
25.54	2.9634209e-05
25.57	2.5740763e-05
25.60	2.2370033e-05
25.64	1.9451615e-05
25.67	1.6924469e-05
25.71	1.4735706e-05
25.74	1.2839532e-05
25.77	1.1196317e-05
25.81	9.7717869e-06
25.84	8.5363071e-06
25.88	7.4642672e-06
25.91	6.5335402e-06
25.94	5.7250134e-06
25.98	5.0221808e-06
26.01	4.4107899e-06
26.05	3.8785345e-06
26.08	3.4147897e-06
26.11	3.0103818e-06
26.15	2.6573894e-06
26.18	2.3489721e-06
26.22	2.0792217e-06
26.25	1.8430340e-06
26.28	1.6359986e-06
26.32	1.4543031e-06
26.35	1.2946511e-06
26.39	1.1541910e-06
26.42	1.0304550e-06
26.45	9.2130644e-07
26.49	8.2489421e-07
26.52	7.3961373e-07
26.56	6.6407319e-07
26.59	5.9706452e-07
26.63	5.3753831e-07
26.66	4.8458229e-07
26.69	4.3740270e-07
26.73	3.9530832e-07
26.76	3.5769659e-07
26.80	3.2404179e-07
26.83	2.9388470e-07
26.86	2.6682378e-07
26.90	2.4250752e-07
26.93	2.2062784e-07
26.97	2.0091439e-07
27.00	1.8312966e-07
