# NeutrinoAntineutrinoInteraction/NeutrinoAntineutrinoResonanceMuon interaction rates
# neutrino field: massive Cosmic Neutrino Background, T_CnuB = 1.94535456 K
# Produced with crpropa-data version: 60a1560e37035039ec25f414e0c42a2444bad49c
# log10(E/eV), 1/lambda [1/Mpc]
13.44	0.0000000e+00
13.47	0.0000000e+00
13.51	0.0000000e+00
13.54	0.0000000e+00
13.58	0.0000000e+00
13.61	0.0000000e+00
13.65	0.0000000e+00
13.68	0.0000000e+00
13.71	0.0000000e+00
13.75	0.0000000e+00
13.78	0.0000000e+00
13.82	0.0000000e+00
13.85	0.0000000e+00
13.88	0.0000000e+00
13.92	0.0000000e+00
13.95	0.0000000e+00
13.99	0.0000000e+00
14.02	0.0000000e+00
14.05	0.0000000e+00
14.09	0.0000000e+00
14.12	0.0000000e+00
14.16	0.0000000e+00
14.19	0.0000000e+00
14.22	0.0000000e+00
14.26	0.0000000e+00
14.29	0.0000000e+00
14.33	0.0000000e+00
14.36	0.0000000e+00
14.39	0.0000000e+00
14.43	0.0000000e+00
14.46	0.0000000e+00
14.50	0.0000000e+00
14.53	0.0000000e+00
14.57	0.0000000e+00
14.60	0.0000000e+00
14.63	0.0000000e+00
14.67	0.0000000e+00
14.70	0.0000000e+00
14.74	0.0000000e+00
14.77	0.0000000e+00
14.80	0.0000000e+00
14.84	0.0000000e+00
14.87	0.0000000e+00
14.91	0.0000000e+00
14.94	0.0000000e+00
14.97	0.0000000e+00
15.01	0.0000000e+00
15.04	0.0000000e+00
15.08	0.0000000e+00
15.11	0.0000000e+00
15.14	0.0000000e+00
15.18	0.0000000e+00
15.21	0.0000000e+00
15.25	0.0000000e+00
15.28	0.0000000e+00
15.31	0.0000000e+00
15.35	0.0000000e+00
15.38	0.0000000e+00
15.42	2.0852822e-272
15.45	4.6550117e-252
15.48	3.0121760e-233
15.52	7.3801620e-216
15.55	8.7648918e-200
15.59	6.3401366e-185
15.62	3.4499760e-171
15.66	1.7166239e-158
15.69	9.3552683e-147
15.72	6.5982140e-136
15.76	7.0272515e-126
15.79	1.3034032e-116
15.83	4.8037249e-108
15.86	3.9740631e-100
15.89	8.2604772e-93
15.93	4.7879813e-86
15.96	8.5216796e-80
16.00	5.0911389e-74
16.03	1.1086499e-68
16.06	9.4959380e-64
16.10	3.4326106e-59
16.13	5.5889093e-55
16.17	4.3529683e-51
16.20	1.7146214e-47
16.23	3.5960095e-44
16.27	4.2111773e-41
16.30	2.8775209e-38
16.34	1.1948887e-35
16.37	3.1308361e-33
16.40	5.3593970e-31
16.44	6.1894883e-29
16.47	4.9680391e-27
16.51	2.8486698e-25
16.54	1.1969117e-23
16.58	3.7726776e-22
16.61	9.1167683e-21
16.64	1.7233020e-19
16.68	2.5958523e-18
16.71	3.1699938e-17
16.75	3.1885797e-16
16.78	2.6808869e-15
16.81	1.9098732e-14
16.85	1.1674407e-13
16.88	6.1946868e-13
16.92	2.8842282e-12
16.95	1.1901110e-11
16.98	4.3922971e-11
17.02	1.4623205e-10
17.05	4.4265408e-10
17.09	1.2272333e-09
17.12	3.1373635e-09
17.15	7.4420822e-09
17.19	1.6475247e-08
17.22	3.4222165e-08
17.26	6.7031609e-08
17.29	1.2437930e-07
17.32	2.1956620e-07
17.36	3.7021016e-07
17.39	5.9839382e-07
17.43	9.3036978e-07
17.46	1.3957891e-06
17.49	2.0264980e-06
17.53	2.8550228e-06
17.56	3.9129171e-06
17.60	5.2291714e-06
17.63	6.8288741e-06
17.67	8.7322755e-06
17.70	1.0954348e-05
17.73	1.3504864e-05
17.77	1.6388961e-05
17.80	1.9608090e-05
17.84	2.3161235e-05
17.87	2.7046276e-05
17.90	3.1261345e-05
17.94	3.5806101e-05
17.97	4.0682832e-05
18.01	4.5897348e-05
18.04	5.1459648e-05
18.07	5.7384391e-05
18.11	6.3691177e-05
18.14	7.0404689e-05
18.18	7.7554744e-05
18.21	8.5176271e-05
18.24	9.3309278e-05
18.28	1.0199881e-04
18.31	1.1129493e-04
18.35	1.2125276e-04
18.38	1.3193258e-04
18.41	1.4339993e-04
18.45	1.5572584e-04
18.48	1.6898709e-04
18.52	1.8326656e-04
18.55	1.9865360e-04
18.59	2.1524452e-04
18.62	2.3314309e-04
18.65	2.5246113e-04
18.69	2.7331919e-04
18.72	2.9584722e-04
18.76	3.2018538e-04
18.79	3.4648492e-04
18.82	3.7490906e-04
18.86	4.0563400e-04
18.89	4.3885007e-04
18.93	4.7476283e-04
18.96	5.1359440e-04
18.99	5.5558482e-04
19.03	6.0099355e-04
19.06	6.5010106e-04
19.10	7.0321059e-04
19.13	7.6065004e-04
19.16	8.2277399e-04
19.20	8.8996591e-04
19.23	9.6264053e-04
19.27	1.0412465e-03
19.30	1.1262689e-03
19.33	1.2182328e-03
19.37	1.3177059e-03
19.40	1.4253025e-03
19.44	1.5416871e-03
19.47	1.6675787e-03
19.51	1.8037551e-03
19.54	1.9510581e-03
19.57	2.1103983e-03
19.61	2.2827610e-03
19.64	2.4692127e-03
19.68	2.6709071e-03
19.71	2.8890931e-03
19.74	3.1251222e-03
19.78	3.3804569e-03
19.81	3.6566805e-03
19.85	3.9555067e-03
19.88	4.2787905e-03
19.91	4.6285400e-03
19.95	5.0069295e-03
19.98	5.4163131e-03
20.02	5.8592398e-03
20.05	6.3384699e-03
20.08	6.8569933e-03
20.12	7.4180480e-03
20.15	8.0251422e-03
20.19	8.6820762e-03
20.22	9.3929684e-03
20.25	1.0162281e-02
20.29	1.0994853e-02
20.32	1.1895927e-02
20.36	1.2871189e-02
20.39	1.3926807e-02
20.42	1.5069468e-02
20.46	1.6306432e-02
20.49	1.7645574e-02
20.53	1.9095444e-02
20.56	2.0665328e-02
20.60	2.2365311e-02
20.63	2.4206352e-02
20.66	2.6200363e-02
20.70	2.8360299e-02
20.73	3.0700252e-02
20.77	3.3235564e-02
20.80	3.5982938e-02
20.83	3.8960576e-02
20.87	4.2188321e-02
20.90	4.5687821e-02
20.94	4.9482710e-02
20.97	5.3598805e-02
21.00	5.8064335e-02
21.04	6.2910193e-02
21.07	6.8170216e-02
21.11	7.3881502e-02
21.14	8.0084776e-02
21.17	8.6824787e-02
21.21	9.4150776e-02
21.24	1.0211700e-01
21.28	1.1078331e-01
21.31	1.2021589e-01
21.34	1.3048798e-01
21.38	1.4168081e-01
21.41	1.5388468e-01
21.45	1.6720014e-01
21.48	1.8173945e-01
21.52	1.9762823e-01
21.55	2.1500746e-01
21.58	2.3403581e-01
21.62	2.5489242e-01
21.65	2.7778028e-01
21.69	3.0293021e-01
21.72	3.3060583e-01
21.75	3.6110950e-01
21.79	3.9478978e-01
21.82	4.3205062e-01
21.86	4.7336304e-01
21.89	5.1927989e-01
21.92	5.7045496e-01
21.96	6.2766806e-01
21.99	6.9185857e-01
22.03	7.6417145e-01
22.06	8.4602327e-01
22.09	9.3920331e-01
22.13	1.0460452e+00
22.16	1.1697550e+00
22.20	1.3150942e+00
22.23	1.4898416e+00
22.26	1.7078147e+00
22.30	1.9946898e+00
22.33	2.3981979e+00
22.37	3.0041363e+00
22.40	3.9585679e+00
22.43	5.4943612e+00
22.47	7.9571335e+00
22.50	1.1822654e+01
22.54	1.7696210e+01
22.57	2.6285584e+01
22.61	3.8343592e+01
22.64	5.4582817e+01
22.67	7.5572538e+01
22.71	1.0163366e+02
22.74	1.3275002e+02
22.78	1.6851273e+02
22.81	2.0810922e+02
22.84	2.5036071e+02
22.88	2.9380400e+02
22.91	3.3680630e+02
22.95	3.7769742e+02
22.98	4.1490208e+02
23.01	4.4705644e+02
23.05	4.7309687e+02
23.08	4.9231369e+02
23.12	5.0436849e+02
23.15	5.0927821e+02
23.18	5.0737254e+02
23.22	4.9923346e+02
23.25	4.8562586e+02
23.29	4.6742737e+02
23.32	4.4556367e+02
23.35	4.2095353e+02
23.39	3.9446591e+02
23.42	3.6688941e+02
23.46	3.3891333e+02
23.49	3.1111870e+02
23.53	2.8397735e+02
23.56	2.5785675e+02
23.59	2.3302890e+02
23.63	2.0968154e+02
23.66	1.8793042e+02
23.70	1.6783151e+02
23.73	1.4939277e+02
23.76	1.3258474e+02
23.80	1.1734990e+02
23.83	1.0361070e+02
23.87	9.1276253e+01
23.90	8.0247728e+01
23.93	7.0422687e+01
23.97	6.1698402e+01
24.00	5.3974342e+01
24.04	4.7153964e+01
24.07	4.1145941e+01
24.10	3.5864927e+01
24.14	3.1231976e+01
24.17	2.7174684e+01
24.21	2.3627132e+01
24.24	2.0529682e+01
24.27	1.7828671e+01
24.31	1.5476045e+01
24.34	1.3428952e+01
24.38	1.1649321e+01
24.41	1.0103442e+01
24.44	8.7615496e+00
24.48	7.5974330e+00
24.51	6.5880651e+00
24.55	5.7132579e+00
24.58	4.9553456e+00
24.62	4.2988961e+00
24.65	3.7304485e+00
24.68	3.2382776e+00
24.72	2.8121826e+00
24.75	2.4432987e+00
24.79	2.1239295e+00
24.82	1.8473991e+00
24.85	1.6079214e+00
24.89	1.4004845e+00
24.92	1.2207505e+00
24.96	1.0649662e+00
24.99	9.2988615e-01
25.02	8.1270509e-01
25.06	7.1099890e-01
25.09	6.2267346e-01
25.13	5.4592014e-01
25.16	4.7917708e-01
25.19	4.2109571e-01
25.23	3.7051168e-01
25.26	3.2641966e-01
25.30	2.8795165e-01
25.33	2.5435809e-01
25.36	2.2499166e-01
25.40	1.9929319e-01
25.43	1.7677957e-01
25.47	1.5703326e-01
25.50	1.3969330e-01
25.54	1.2444752e-01
25.57	1.1102580e-01
25.60	9.9194346e-02
25.64	8.8750653e-02
25.67	7.9519246e-02
25.71	7.1347965e-02
25.74	6.4104784e-02
25.77	5.7675063e-02
25.81	5.1959181e-02
25.84	4.6870497e-02
25.88	4.2333595e-02
25.91	3.8282768e-02
25.94	3.4660713e-02
25.98	3.1417403e-02
26.01	2.8509121e-02
26.05	2.5897615e-02
26.08	2.3549383e-02
26.11	2.1435043e-02
26.15	1.9528796e-02
26.18	1.7807958e-02
26.22	1.6252563e-02
26.25	1.4845006e-02
26.28	1.3569749e-02
26.32	1.2413055e-02
26.35	1.1362763e-02
26.39	1.0408092e-02
26.42	9.5394713e-03
26.45	8.7483898e-03
26.49	8.0272695e-03
26.52	7.3693528e-03
26.56	6.7686044e-03
26.59	6.2196271e-03
26.63	5.7175866e-03
26.66	5.2581469e-03
26.69	4.8374138e-03
26.73	4.4518846e-03
26.76	4.0984048e-03
26.80	3.7741296e-03
26.83	3.4764905e-03
26.86	3.2031650e-03
26.90	2.9520513e-03
26.93	2.7212443e-03
26.97	2.5090159e-03
27.00	2.3137966e-03
