# NeutrinoAntineutrinoInteraction/NeutrinoAntineutrinoResonanceMuon interaction rates
# neutrino field: massive Cosmic Neutrino Background, T_CnuB = 1.94535456 K
# Produced with crpropa-data version: 60a1560e37035039ec25f414e0c42a2444bad49c
# log10(E/eV), 1/lambda [1/Mpc]
13.99	0.0000000e+00
14.02	0.0000000e+00
14.05	0.0000000e+00
14.09	0.0000000e+00
14.12	0.0000000e+00
14.16	0.0000000e+00
14.19	0.0000000e+00
14.22	0.0000000e+00
14.26	0.0000000e+00
14.29	0.0000000e+00
14.33	0.0000000e+00
14.36	0.0000000e+00
14.39	0.0000000e+00
14.43	0.0000000e+00
14.46	0.0000000e+00
14.50	0.0000000e+00
14.53	0.0000000e+00
14.57	0.0000000e+00
14.60	0.0000000e+00
14.63	0.0000000e+00
14.67	0.0000000e+00
14.70	0.0000000e+00
14.74	0.0000000e+00
14.77	0.0000000e+00
14.80	0.0000000e+00
14.84	0.0000000e+00
14.87	0.0000000e+00
14.91	0.0000000e+00
14.94	0.0000000e+00
14.97	0.0000000e+00
15.01	0.0000000e+00
15.04	0.0000000e+00
15.08	0.0000000e+00
15.11	0.0000000e+00
15.14	0.0000000e+00
15.18	0.0000000e+00
15.21	0.0000000e+00
15.25	0.0000000e+00
15.28	0.0000000e+00
15.31	0.0000000e+00
15.35	0.0000000e+00
15.38	0.0000000e+00
15.42	0.0000000e+00
15.45	0.0000000e+00
15.48	0.0000000e+00
15.52	0.0000000e+00
15.55	0.0000000e+00
15.59	0.0000000e+00
15.62	0.0000000e+00
15.66	0.0000000e+00
15.69	0.0000000e+00
15.72	0.0000000e+00
15.76	0.0000000e+00
15.79	0.0000000e+00
15.83	0.0000000e+00
15.86	0.0000000e+00
15.89	0.0000000e+00
15.93	0.0000000e+00
15.96	1.4510861e-268
16.00	9.5200883e-249
16.03	1.9858976e-230
16.06	1.7085837e-213
16.10	7.7116985e-198
16.13	2.2808020e-183
16.17	5.4293953e-170
16.20	1.2580769e-157
16.23	3.3829189e-146
16.27	1.2418886e-135
16.30	7.2332616e-126
16.34	7.6802859e-117
16.37	1.6904115e-108
16.40	8.6846389e-101
16.44	1.1623519e-93
16.47	4.4857561e-87
16.51	5.4828481e-81
16.54	2.3149168e-75
16.58	3.6581958e-70
16.61	2.3303272e-65
16.64	6.4087268e-61
16.68	8.1072196e-57
16.71	5.0024329e-53
16.75	1.5894386e-49
16.78	2.7341887e-46
16.81	2.6672491e-43
16.85	1.5401397e-40
16.88	5.4767977e-38
16.92	1.2441570e-35
16.95	1.8677501e-33
16.98	1.9118877e-31
17.02	1.3736824e-29
17.05	7.1158002e-28
17.09	2.7241564e-26
17.12	7.8860408e-25
17.15	1.7632096e-23
17.19	3.1050887e-22
17.22	4.3856767e-21
17.26	5.0520484e-20
17.29	4.8205365e-19
17.32	3.8649425e-18
17.36	2.6385510e-17
17.39	1.5526908e-16
17.43	7.9656923e-16
17.46	3.6002512e-15
17.49	1.4475107e-14
17.53	5.2237494e-14
17.56	1.7061318e-13
17.60	5.0820468e-13
17.63	1.3903840e-12
17.67	3.5167486e-12
17.70	8.2733617e-12
17.73	1.8204510e-11
17.77	3.7658853e-11
17.80	7.3587879e-11
17.84	1.3642479e-10
17.87	2.4091934e-10
17.90	4.0676246e-10
17.94	6.5881640e-10
17.97	1.0267794e-09
18.01	1.5441592e-09
18.04	2.2465022e-09
18.07	3.1689153e-09
18.11	4.3430185e-09
18.14	5.7935742e-09
18.18	7.5351517e-09
18.21	9.5693017e-09
18.24	1.1882825e-08
18.28	1.4447789e-08
18.31	1.7223908e-08
18.35	2.0163741e-08
18.38	2.3220830e-08
18.41	2.6360981e-08
18.45	2.9580647e-08
18.48	3.2907916e-08
18.52	3.6374096e-08
18.55	4.0009781e-08
18.59	4.3845265e-08
18.62	4.7910925e-08
18.65	5.2237574e-08
18.69	5.6856793e-08
18.72	6.1801249e-08
18.76	6.7104997e-08
18.79	7.2803785e-08
18.82	7.8935344e-08
18.86	8.5539688e-08
18.89	9.2659416e-08
18.93	1.0034002e-07
18.96	1.0863022e-07
18.99	1.1758228e-07
19.03	1.2725235e-07
19.06	1.3770089e-07
19.10	1.4899299e-07
19.13	1.6119888e-07
19.16	1.7439427e-07
19.20	1.8866093e-07
19.23	2.0408716e-07
19.27	2.2076834e-07
19.30	2.3880754e-07
19.33	2.5831616e-07
19.37	2.7941464e-07
19.40	3.0223318e-07
19.44	3.2691257e-07
19.47	3.5360507e-07
19.51	3.8247531e-07
19.54	4.1370138e-07
19.57	4.4747589e-07
19.61	4.8400717e-07
19.64	5.2352056e-07
19.68	5.6625982e-07
19.71	6.1248865e-07
19.74	6.6249231e-07
19.78	7.1657937e-07
19.81	7.7508369e-07
19.85	8.3836644e-07
19.88	9.0681838e-07
19.91	9.8086228e-07
19.95	1.0609555e-06
19.98	1.1475931e-06
20.02	1.2413105e-06
20.05	1.3426871e-06
20.08	1.4523500e-06
20.12	1.5709777e-06
20.15	1.6993046e-06
20.19	1.8381252e-06
20.22	1.9882998e-06
20.25	2.1507591e-06
20.29	2.3265107e-06
20.32	2.5166454e-06
20.36	2.7223439e-06
20.39	2.9448844e-06
20.42	3.1856508e-06
20.46	3.4461418e-06
20.49	3.7279800e-06
20.53	4.0329228e-06
20.56	4.3628736e-06
20.60	4.7198943e-06
20.63	5.1062186e-06
20.66	5.5242666e-06
20.70	5.9766609e-06
20.73	6.4662439e-06
20.77	6.9960967e-06
20.80	7.5695600e-06
20.83	8.1902560e-06
20.87	8.8621138e-06
20.90	9.5893958e-06
20.94	1.0376727e-05
20.97	1.1229128e-05
21.00	1.2152049e-05
21.04	1.3151410e-05
21.07	1.4233642e-05
21.11	1.5405735e-05
21.14	1.6675287e-05
21.17	1.8050563e-05
21.21	1.9540558e-05
21.24	2.1155062e-05
21.28	2.2904742e-05
21.31	2.4801221e-05
21.34	2.6857175e-05
21.38	2.9086436e-05
21.41	3.1504111e-05
21.45	3.4126706e-05
21.48	3.6972278e-05
21.52	4.0060591e-05
21.55	4.3413303e-05
21.58	4.7054169e-05
21.62	5.1009274e-05
21.65	5.5307296e-05
21.69	5.9979800e-05
21.72	6.5061583e-05
21.75	7.0591055e-05
21.79	7.6610687e-05
21.82	8.3167514e-05
21.86	9.0313728e-05
21.89	9.8107351e-05
21.92	1.0661303e-04
21.96	1.1590294e-04
21.99	1.2605790e-04
22.03	1.3716859e-04
22.06	1.4933708e-04
22.09	1.6267860e-04
22.13	1.7732367e-04
22.16	1.9342066e-04
22.20	2.1113886e-04
22.23	2.3067224e-04
22.26	2.5224407e-04
22.30	2.7611257e-04
22.33	3.0257803e-04
22.37	3.3199169e-04
22.40	3.6476702e-04
22.43	4.0139434e-04
22.47	4.4245969e-04
22.50	4.8867000e-04
22.54	5.4088705e-04
22.57	6.0017471e-04
22.61	6.6786767e-04
22.64	7.4567874e-04
22.67	8.3588491e-04
22.71	9.4168816e-04
22.74	1.0679713e-03
22.78	1.2229071e-03
22.81	1.4212589e-03
22.84	1.6906858e-03
22.88	2.0827339e-03
22.91	2.6900902e-03
22.95	3.6706660e-03
22.98	5.2768777e-03
23.01	7.8853198e-03
23.05	1.2018648e-02
23.08	1.8349177e-02
23.12	2.7673696e-02
23.15	4.0851979e-02
23.18	5.8707210e-02
23.22	8.1893838e-02
23.25	1.1074564e-01
23.29	1.4512252e-01
23.32	1.8427800e-01
23.35	2.2677052e-01
23.39	2.7044158e-01
23.42	3.1248231e-01
23.46	3.4960828e-01
23.49	3.7835748e-01
23.53	3.9551488e-01
23.56	3.9864537e-01
23.59	3.8668462e-01
23.63	3.6051063e-01
23.66	3.2345650e-01
23.70	2.8198337e-01
23.73	2.4343877e-01
23.76	2.0963943e-01
23.80	1.8032454e-01
23.83	1.5500706e-01
23.87	1.3319056e-01
23.90	1.1441602e-01
23.93	9.8273343e-02
23.97	8.4401787e-02
24.00	7.2486764e-02
24.04	6.2255307e-02
24.07	5.3471335e-02
24.10	4.5931120e-02
24.14	3.9459125e-02
24.17	3.3904275e-02
24.21	2.9136658e-02
24.24	2.5044632e-02
24.27	2.1532304e-02
24.31	1.8517342e-02
24.34	1.5929077e-02
24.38	1.3706864e-02
24.41	1.1798676e-02
24.44	1.0159880e-02
24.48	8.7521943e-03
24.51	7.5427859e-03
24.55	6.5034976e-03
24.58	5.6101826e-03
24.62	4.8421341e-03
24.65	4.1815950e-03
24.68	3.6133378e-03
24.72	3.1243036e-03
24.75	2.7032931e-03
24.79	2.3407009e-03
24.82	2.0282884e-03
24.85	1.7589885e-03
24.89	1.5267384e-03
24.92	1.3263367e-03
24.96	1.1533198e-03
24.99	1.0038571e-03
25.02	8.7466087e-04
25.06	7.6290839e-04
25.09	6.6617603e-04
25.13	5.8238229e-04
25.16	5.0973913e-04
25.19	4.4671020e-04
25.23	3.9197507e-04
25.26	3.4439856e-04
25.30	3.0300447e-04
25.33	2.6695299e-04
25.36	2.3552144e-04
25.40	2.0808765e-04
25.43	1.8411579e-04
25.47	1.6314416e-04
25.50	1.4477480e-04
25.54	1.2866445e-04
25.57	1.1451691e-04
25.60	1.0207646e-04
25.64	9.1122145e-05
25.67	8.1462972e-05
25.71	7.2933710e-05
25.74	6.5391321e-05
25.77	5.8711881e-05
25.81	5.2787942e-05
25.84	4.7526262e-05
25.88	4.2845853e-05
25.91	3.8676307e-05
25.94	3.4956355e-05
25.98	3.1632622e-05
26.01	2.8658565e-05
26.05	2.5993548e-05
26.08	2.3602058e-05
26.11	2.1453017e-05
26.15	1.9519196e-05
26.18	1.7776709e-05
26.22	1.6204573e-05
26.25	1.4784331e-05
26.28	1.3499729e-05
26.32	1.2336426e-05
26.35	1.1281759e-05
26.39	1.0324523e-05
26.42	9.4547938e-06
26.45	8.6637663e-06
26.49	7.9436172e-06
26.52	7.2873850e-06
26.56	6.6888661e-06
26.59	6.1425242e-06
26.63	5.6434107e-06
26.66	5.1870964e-06
26.69	4.7696111e-06
26.73	4.3873909e-06
26.76	4.0372321e-06
26.80	3.7162512e-06
26.83	3.4218489e-06
26.86	3.1516797e-06
26.90	2.9036239e-06
26.93	2.6757637e-06
26.97	2.4663621e-06
27.00	2.2738436e-06
