# NeutrinoAntineutrinoInteraction/NeutrinoAntineutrinoResonanceMuon interaction rates
# neutrino field: massive Cosmic Neutrino Background, T_CnuB = 1.94535456 K
# Produced with crpropa-data version: 60a1560e37035039ec25f414e0c42a2444bad49c
# log10(E/eV), 1/lambda [1/Mpc]
15.08	0.0000000e+00
15.11	0.0000000e+00
15.14	0.0000000e+00
15.18	0.0000000e+00
15.21	0.0000000e+00
15.25	0.0000000e+00
15.28	0.0000000e+00
15.31	0.0000000e+00
15.35	0.0000000e+00
15.38	0.0000000e+00
15.42	0.0000000e+00
15.45	0.0000000e+00
15.48	0.0000000e+00
15.52	0.0000000e+00
15.55	0.0000000e+00
15.59	0.0000000e+00
15.62	0.0000000e+00
15.66	0.0000000e+00
15.69	0.0000000e+00
15.72	0.0000000e+00
15.76	0.0000000e+00
15.79	0.0000000e+00
15.83	0.0000000e+00
15.86	0.0000000e+00
15.89	0.0000000e+00
15.93	0.0000000e+00
15.96	0.0000000e+00
16.00	0.0000000e+00
16.03	0.0000000e+00
16.06	0.0000000e+00
16.10	0.0000000e+00
16.13	0.0000000e+00
16.17	0.0000000e+00
16.20	0.0000000e+00
16.23	0.0000000e+00
16.27	0.0000000e+00
16.30	0.0000000e+00
16.34	0.0000000e+00
16.37	0.0000000e+00
16.40	0.0000000e+00
16.44	0.0000000e+00
16.47	0.0000000e+00
16.51	0.0000000e+00
16.54	0.0000000e+00
16.58	0.0000000e+00
16.61	0.0000000e+00
16.64	0.0000000e+00
16.68	0.0000000e+00
16.71	0.0000000e+00
16.75	0.0000000e+00
16.78	0.0000000e+00
16.81	0.0000000e+00
16.85	0.0000000e+00
16.88	0.0000000e+00
16.92	0.0000000e+00
16.95	0.0000000e+00
16.98	0.0000000e+00
17.02	0.0000000e+00
17.05	5.4047641e-268
17.09	1.2358288e-248
17.12	9.8643603e-231
17.15	3.5442456e-214
17.19	7.2517942e-199
17.22	1.0502485e-184
17.26	1.3165535e-171
17.29	1.7207350e-159
17.32	2.7854738e-148
17.36	6.5491579e-138
17.39	2.5917991e-128
17.43	1.9788129e-119
17.46	3.3071010e-111
17.49	1.3599148e-103
17.53	1.5332798e-96
17.56	5.2399903e-90
17.60	5.9564726e-84
17.63	2.4546553e-78
17.67	3.9719023e-73
17.70	2.7174333e-68
17.73	8.4196440e-64
17.77	1.2591627e-59
17.80	9.6432808e-56
17.84	3.9957662e-52
17.87	9.4276135e-49
17.90	1.3282188e-45
17.94	1.1679012e-42
17.97	6.6785390e-40
18.01	2.5806321e-37
18.04	6.9824464e-35
18.07	1.3673800e-32
18.11	1.9983049e-30
18.14	2.2414842e-28
18.18	1.9795509e-26
18.21	1.4075398e-24
18.24	8.2061658e-23
18.28	3.9699781e-21
18.31	1.5943356e-19
18.35	5.1813725e-18
18.38	1.2264289e-16
18.41	1.2383875e-15
18.45	2.9193327e-15
18.48	4.5080488e-15
18.52	6.0303190e-15
18.55	7.5091948e-15
18.59	8.9654730e-15
18.62	1.0418115e-14
18.65	1.1884606e-14
18.69	1.3381281e-14
18.72	1.4923596e-14
18.76	1.6526384e-14
18.79	1.8204076e-14
18.82	1.9970904e-14
18.86	2.1841079e-14
18.89	2.3828961e-14
18.93	2.5949227e-14
18.96	2.8217014e-14
18.99	3.0648066e-14
19.03	3.3258872e-14
19.06	3.6066812e-14
19.10	3.9090288e-14
19.13	4.2348872e-14
19.16	4.5863439e-14
19.20	4.9656329e-14
19.23	5.3751491e-14
19.27	5.8174657e-14
19.30	6.2953498e-14
19.33	6.8117825e-14
19.37	7.3699759e-14
19.40	7.9733964e-14
19.44	8.6257845e-14
19.47	9.3311775e-14
19.51	1.0093936e-13
19.54	1.0918776e-13
19.57	1.1810788e-13
19.61	1.2775482e-13
19.64	1.3818807e-13
19.68	1.4947204e-13
19.71	1.6167630e-13
19.74	1.7487614e-13
19.78	1.8915295e-13
19.81	2.0459476e-13
19.85	2.2129679e-13
19.88	2.3936205e-13
19.91	2.5890194e-13
19.95	2.8003700e-13
19.98	3.0289757e-13
20.02	3.2762475e-13
20.05	3.5437103e-13
20.08	3.8330141e-13
20.12	4.1459443e-13
20.15	4.4844323e-13
20.19	4.8505679e-13
20.22	5.2466117e-13
20.25	5.6750101e-13
20.29	6.1384094e-13
20.32	6.6396739e-13
20.36	7.1819013e-13
20.39	7.7684446e-13
20.42	8.4029314e-13
20.46	9.0892885e-13
20.49	9.8317641e-13
20.53	1.0634957e-12
20.56	1.1503845e-12
20.60	1.2443814e-12
20.63	1.3460697e-12
20.66	1.4560802e-12
20.70	1.5750961e-12
20.73	1.7038570e-12
20.77	1.8431639e-12
20.80	1.9938839e-12
20.83	2.1569561e-12
20.87	2.3333976e-12
20.90	2.5243098e-12
20.94	2.7308863e-12
20.97	2.9544192e-12
21.00	3.1963096e-12
21.04	3.4580750e-12
21.07	3.7413608e-12
21.11	4.0479503e-12
21.14	4.3797771e-12
21.17	4.7389383e-12
21.21	5.1277089e-12
21.24	5.5485553e-12
21.28	6.0041546e-12
21.31	6.4974132e-12
21.34	7.0314863e-12
21.38	7.6098015e-12
21.41	8.2360818e-12
21.45	8.9143747e-12
21.48	9.6490800e-12
21.52	1.0444985e-11
21.55	1.1307295e-11
21.58	1.2241683e-11
21.62	1.3254324e-11
21.65	1.4351950e-11
21.69	1.5541904e-11
21.72	1.6832199e-11
21.75	1.8231584e-11
21.79	1.9749624e-11
21.82	2.1396778e-11
21.86	2.3184491e-11
21.89	2.5125309e-11
21.92	2.7232992e-11
21.96	2.9522649e-11
21.99	3.2010892e-11
22.03	3.4715998e-11
22.06	3.7658122e-11
22.09	4.0859499e-11
22.13	4.4344714e-11
22.16	4.8140977e-11
22.20	5.2278479e-11
22.23	5.6790763e-11
22.26	6.1715182e-11
22.30	6.7093410e-11
22.33	7.2972063e-11
22.37	7.9403398e-11
22.40	8.6446164e-11
22.43	9.4166549e-11
22.47	1.0263939e-10
22.50	1.1194958e-10
22.54	1.2219369e-10
22.57	1.3348205e-10
22.61	1.4594110e-10
22.64	1.5971643e-10
22.67	1.7497635e-10
22.71	1.9191642e-10
22.74	2.1076490e-10
22.78	2.3178980e-10
22.81	2.5530750e-10
22.84	2.8169395e-10
22.88	3.1139880e-10
22.91	3.4496388e-10
22.95	3.8304716e-10
22.98	4.2645476e-10
23.01	4.7618329e-10
23.05	5.3347803e-10
23.08	5.9991262e-10
23.12	6.7750117e-10
23.15	7.6885788e-10
23.18	8.7743042e-10
23.22	1.0078478e-09
23.25	1.1664547e-09
23.29	1.3621560e-09
23.32	1.6078027e-09
23.35	1.9225637e-09
23.39	2.3361996e-09
23.42	2.8972618e-09
23.46	3.6901289e-09
23.49	4.8743415e-09
23.53	6.7901941e-09
23.56	1.0321064e-08
23.59	1.8762561e-08
23.63	5.1718343e-08
23.66	2.0659141e-07
23.70	3.5714596e-07
23.73	3.3364510e-07
23.76	2.9399269e-07
23.80	2.5560548e-07
23.83	2.2104228e-07
23.87	1.9063267e-07
23.90	1.6414721e-07
23.93	1.4120141e-07
23.97	1.2138382e-07
24.00	1.0430152e-07
24.04	8.9596289e-08
24.07	7.6948894e-08
24.10	6.6078479e-08
24.14	5.6739824e-08
24.17	4.8719916e-08
24.21	4.1834293e-08
24.24	3.5923641e-08
24.27	3.0850578e-08
24.31	2.6496799e-08
24.34	2.2760506e-08
24.38	1.9554187e-08
24.41	1.6802643e-08
24.44	1.4441292e-08
24.48	1.2414686e-08
24.51	1.0675236e-08
24.55	9.1821057e-09
24.58	7.9002627e-09
24.62	6.7996561e-09
24.65	5.8545123e-09
24.68	5.0427272e-09
24.72	4.3453460e-09
24.75	3.7461148e-09
24.79	3.2310958e-09
24.82	2.7883370e-09
24.85	2.4075909e-09
24.89	2.0800704e-09
24.92	1.7982403e-09
24.96	1.5556389e-09
24.99	1.3467242e-09
25.02	1.1667434e-09
25.06	1.0116197e-09
25.09	8.7785570e-10
25.13	7.6245103e-10
25.16	6.6283134e-10
25.19	5.7678733e-10
25.23	5.0242291e-10
25.26	4.3811030e-10
25.30	3.8245201e-10
25.33	3.3424782e-10
25.36	2.9246690e-10
25.40	2.5622340e-10
25.43	2.2475618e-10
25.47	1.9741088e-10
25.50	1.7362488e-10
25.54	1.5291420e-10
25.57	1.3486239e-10
25.60	1.1911097e-10
25.64	1.0535124e-10
25.67	9.3317233e-11
25.71	8.2779718e-11
25.74	7.3541011e-11
25.77	6.5430559e-11
25.81	5.8301123e-11
25.84	5.2025521e-11
25.88	4.6493821e-11
25.91	4.1610944e-11
25.94	3.7294596e-11
25.98	3.3473485e-11
26.01	3.0085811e-11
26.05	2.7077960e-11
26.08	2.4403378e-11
26.11	2.2021599e-11
26.15	1.9897421e-11
26.18	1.8000182e-11
26.22	1.6303155e-11
26.25	1.4783011e-11
26.28	1.3419366e-11
26.32	1.2194387e-11
26.35	1.1092457e-11
26.39	1.0099878e-11
26.42	9.2046232e-12
26.45	8.3961160e-12
26.49	7.6650453e-12
26.52	7.0031997e-12
26.56	6.4033303e-12
26.59	5.8590235e-12
26.63	5.3646027e-12
26.66	4.9150327e-12
26.69	4.5058423e-12
26.73	4.1330535e-12
26.76	3.7931233e-12
26.80	3.4828905e-12
26.83	3.1995309e-12
26.86	2.9405172e-12
26.90	2.7035848e-12
26.93	2.4867016e-12
26.97	2.2880418e-12
27.00	2.1059625e-12
