# NeutrinoAntineutrinoInteraction/NeutrinoAntineutrinoResonanceMuon interaction rates
# neutrino field: massive Cosmic Neutrino Background, T_CnuB = 1.94535456 K
# Produced with crpropa-data version: 60a1560e37035039ec25f414e0c42a2444bad49c
# log10(E/eV), 1/lambda [1/Mpc]
13.37	0.0000000e+00
13.41	0.0000000e+00
13.44	0.0000000e+00
13.47	0.0000000e+00
13.51	0.0000000e+00
13.54	0.0000000e+00
13.58	0.0000000e+00
13.61	0.0000000e+00
13.65	0.0000000e+00
13.68	0.0000000e+00
13.71	0.0000000e+00
13.75	0.0000000e+00
13.78	0.0000000e+00
13.82	0.0000000e+00
13.85	0.0000000e+00
13.88	0.0000000e+00
13.92	0.0000000e+00
13.95	0.0000000e+00
13.99	0.0000000e+00
14.02	0.0000000e+00
14.05	0.0000000e+00
14.09	0.0000000e+00
14.12	0.0000000e+00
14.16	0.0000000e+00
14.19	0.0000000e+00
14.22	0.0000000e+00
14.26	0.0000000e+00
14.29	0.0000000e+00
14.33	0.0000000e+00
14.36	0.0000000e+00
14.39	0.0000000e+00
14.43	0.0000000e+00
14.46	0.0000000e+00
14.50	0.0000000e+00
14.53	0.0000000e+00
14.57	0.0000000e+00
14.60	0.0000000e+00
14.63	0.0000000e+00
14.67	0.0000000e+00
14.70	0.0000000e+00
14.74	0.0000000e+00
14.77	0.0000000e+00
14.80	0.0000000e+00
14.84	0.0000000e+00
14.87	0.0000000e+00
14.91	0.0000000e+00
14.94	0.0000000e+00
14.97	0.0000000e+00
15.01	0.0000000e+00
15.04	0.0000000e+00
15.08	0.0000000e+00
15.11	0.0000000e+00
15.14	0.0000000e+00
15.18	0.0000000e+00
15.21	0.0000000e+00
15.25	0.0000000e+00
15.28	0.0000000e+00
15.31	1.7656626e-276
15.35	8.8573394e-256
15.38	1.2117709e-236
15.42	5.9335012e-219
15.45	1.3368883e-202
15.48	1.7484816e-187
15.52	1.6454557e-173
15.55	1.3589742e-160
15.59	1.1835076e-148
15.62	1.2879109e-137
15.66	2.0488707e-127
15.69	5.5090275e-118
15.72	2.8630652e-109
15.76	3.2557640e-101
15.79	9.0854488e-94
15.83	6.9176969e-87
15.86	1.5851679e-80
15.89	1.1968883e-74
15.93	3.2381286e-69
15.96	3.3919515e-64
16.00	1.4778689e-59
16.03	2.8616909e-55
16.06	2.6182505e-51
16.10	1.1978362e-47
16.13	2.8875125e-44
16.17	3.8496324e-41
16.20	2.9684385e-38
16.23	1.3798441e-35
16.27	4.0174529e-33
16.30	7.5903919e-31
16.34	9.6158281e-29
16.37	8.4190818e-27
16.40	5.2390867e-25
16.44	2.3779458e-23
16.47	8.0630791e-22
16.51	2.0881793e-20
16.54	4.2159452e-19
16.58	6.7624845e-18
16.61	8.7701591e-17
16.64	9.3461428e-16
16.68	8.3078010e-15
16.71	6.2457430e-14
16.75	4.0224371e-13
16.78	2.2456656e-12
16.81	1.0987705e-11
16.85	4.7596030e-11
16.88	1.8424631e-10
16.92	6.4290167e-10
16.95	2.0383295e-09
16.98	5.9154540e-09
17.02	1.5821126e-08
17.05	3.9241248e-08
17.09	9.0783919e-08
17.12	1.9694172e-07
17.15	4.0256912e-07
17.19	7.7883860e-07
17.22	1.4319110e-06
17.26	2.5109383e-06
17.29	4.2134036e-06
17.32	6.7853023e-06
17.36	1.0513352e-05
17.39	1.5706410e-05
17.43	2.2663755e-05
17.46	3.1629271e-05
17.49	4.2733793e-05
17.53	5.5934089e-05
17.56	7.0967119e-05
17.60	8.7350526e-05
17.63	1.0446860e-04
17.67	1.2179564e-04
17.70	1.3926623e-04
17.73	1.5706895e-04
17.77	1.7538968e-04
17.80	1.9440646e-04
17.84	2.1429210e-04
17.87	2.3521670e-04
17.90	2.5734982e-04
17.94	2.8086257e-04
17.97	3.0592948e-04
18.01	3.3273036e-04
18.04	3.6145198e-04
18.07	3.9228980e-04
18.11	4.2544960e-04
18.14	4.6114918e-04
18.18	4.9961999e-04
18.21	5.4110887e-04
18.24	5.8587983e-04
18.28	6.3421586e-04
18.31	6.8642084e-04
18.35	7.4282161e-04
18.38	8.0377011e-04
18.41	8.6964561e-04
18.45	9.4085720e-04
18.48	1.0178464e-03
18.52	1.1010899e-03
18.55	1.1911025e-03
18.59	1.2884407e-03
18.62	1.3937056e-03
18.65	1.5075472e-03
18.69	1.6306681e-03
18.72	1.7638278e-03
18.76	1.9078480e-03
18.79	2.0636170e-03
18.82	2.2320954e-03
18.86	2.4143225e-03
18.89	2.6114221e-03
18.93	2.8246099e-03
18.96	3.0552009e-03
18.99	3.3046175e-03
19.03	3.5743986e-03
19.06	3.8662085e-03
19.10	4.1818482e-03
19.13	4.5232658e-03
19.16	4.8925688e-03
19.20	5.2920374e-03
19.23	5.7241386e-03
19.27	6.1915416e-03
19.30	6.6971344e-03
19.33	7.2440418e-03
19.37	7.8356450e-03
19.40	8.4756028e-03
19.44	9.1678745e-03
19.47	9.9167447e-03
19.51	1.0726850e-02
19.54	1.1603209e-02
19.57	1.2551254e-02
19.61	1.3576863e-02
19.64	1.4686399e-02
19.68	1.5886753e-02
19.71	1.7185380e-02
19.74	1.8590357e-02
19.78	2.0110424e-02
19.81	2.1755050e-02
19.85	2.3534486e-02
19.88	2.5459835e-02
19.91	2.7543126e-02
19.95	2.9797388e-02
19.98	3.2236737e-02
20.02	3.4876470e-02
20.05	3.7733165e-02
20.08	4.0824792e-02
20.12	4.4170833e-02
20.15	4.7792411e-02
20.19	5.1712436e-02
20.22	5.5955762e-02
20.25	6.0549356e-02
20.29	6.5522483e-02
20.32	7.0906919e-02
20.36	7.6737167e-02
20.39	8.3050710e-02
20.42	8.9888279e-02
20.46	9.7294152e-02
20.49	1.0531648e-01
20.53	1.1400767e-01
20.56	1.2342473e-01
20.60	1.3362978e-01
20.63	1.4469050e-01
20.66	1.5668068e-01
20.70	1.6968083e-01
20.73	1.8377884e-01
20.77	1.9907074e-01
20.80	2.1566154e-01
20.83	2.3366614e-01
20.87	2.5321044e-01
20.90	2.7443243e-01
20.94	2.9748362e-01
20.97	3.2253049e-01
21.00	3.4975621e-01
21.04	3.7936258e-01
21.07	4.1157226e-01
21.11	4.4663126e-01
21.14	4.8481189e-01
21.17	5.2641606e-01
21.21	5.7177917e-01
21.24	6.2127453e-01
21.28	6.7531861e-01
21.31	7.3437710e-01
21.34	7.9897201e-01
21.38	8.6969008e-01
21.41	9.4719276e-01
21.45	1.0322280e+00
21.48	1.1256443e+00
21.52	1.2284081e+00
21.55	1.3416239e+00
21.58	1.4665596e+00
21.62	1.6046773e+00
21.65	1.7576712e+00
21.69	1.9275152e+00
21.72	2.1165222e+00
21.75	2.3274198e+00
21.79	2.5634476e+00
21.82	2.8284833e+00
21.86	3.1272089e+00
21.89	3.4653353e+00
21.92	3.8499084e+00
21.96	4.2897457e+00
21.99	4.7960873e+00
22.03	5.3836506e+00
22.06	6.0725364e+00
22.09	6.8920480e+00
22.13	7.8887969e+00
22.16	9.1438934e+00
22.20	1.0807730e+01
22.23	1.3165271e+01
22.26	1.6747888e+01
22.30	2.2506206e+01
22.33	3.2048165e+01
22.37	4.7925121e+01
22.40	7.3917567e+01
22.43	1.1523719e+02
22.47	1.7853332e+02
22.50	2.7157965e+02
22.54	4.0252798e+02
22.57	5.7865089e+02
22.61	8.0455194e+02
22.64	1.0799021e+03
22.67	1.3968795e+03
22.71	1.7376896e+03
22.74	2.0728889e+03
22.78	2.3617798e+03
22.81	2.5567692e+03
22.84	2.6137991e+03
22.88	2.5099154e+03
22.91	2.2672682e+03
22.95	1.9751039e+03
22.98	1.7062195e+03
23.01	1.4700538e+03
23.05	1.2649034e+03
23.08	1.0875395e+03
23.12	9.3459074e+02
23.15	8.0290103e+02
23.18	6.8963062e+02
23.22	5.9227100e+02
23.25	5.0862826e+02
23.29	4.3679506e+02
23.32	3.7511955e+02
23.35	3.2217476e+02
23.39	2.7673025e+02
23.42	2.3772643e+02
23.46	2.0425171e+02
23.49	1.7552244e+02
23.53	1.5086531e+02
23.56	1.2970209e+02
23.59	1.1153638e+02
23.63	9.5942153e+01
23.66	8.2553849e+01
23.70	7.1057856e+01
23.73	6.1185166e+01
23.76	5.2705054e+01
23.80	4.5419647e+01
23.83	3.9159256e+01
23.87	3.3778365e+01
23.90	2.9152194e+01
23.93	2.5173740e+01
23.97	2.1751246e+01
24.00	1.8806024e+01
24.04	1.6270592e+01
24.07	1.4087077e+01
24.10	1.2205837e+01
24.14	1.0584294e+01
24.17	9.1859199e+00
24.21	7.9793767e+00
24.24	6.9377735e+00
24.27	6.0380334e+00
24.31	5.2603489e+00
24.34	4.5877158e+00
24.38	4.0055342e+00
24.41	3.5012654e+00
24.44	3.0641388e+00
24.48	2.6849002e+00
24.51	2.3555964e+00
24.55	2.0693900e+00
24.58	1.8204016e+00
24.62	1.6035733e+00
24.65	1.4145527e+00
24.68	1.2495933e+00
24.72	1.1054683e+00
24.75	9.7939772e-01
24.79	8.6898515e-01
24.82	7.7216398e-01
24.85	6.8715099e-01
24.89	6.1240662e-01
24.92	5.4660088e-01
24.96	4.8858409e-01
24.99	4.3736177e-01
25.02	3.9207305e-01
25.06	3.5197220e-01
25.09	3.1641266e-01
25.13	2.8483342e-01
25.16	2.5674724e-01
25.19	2.3173059e-01
25.23	2.0941493e-01
25.26	1.8947925e-01
25.30	1.7164366e-01
25.33	1.5566384e-01
25.36	1.4132627e-01
25.40	1.2844413e-01
25.43	1.1685377e-01
25.47	1.0641163e-01
25.50	9.6991624e-02
25.54	8.8482882e-02
25.57	8.0787748e-02
25.60	7.3820100e-02
25.64	6.7503881e-02
25.67	6.1771822e-02
25.71	5.6564339e-02
25.74	5.1828582e-02
25.77	4.7517596e-02
25.81	4.3589612e-02
25.84	4.0007409e-02
25.88	3.6737775e-02
25.91	3.3751032e-02
25.94	3.1020618e-02
25.98	2.8522727e-02
26.01	2.6235993e-02
26.05	2.4141214e-02
26.08	2.2221107e-02
26.11	2.0460097e-02
26.15	1.8844130e-02
26.18	1.7360507e-02
26.22	1.5997740e-02
26.25	1.4745425e-02
26.28	1.3594129e-02
26.32	1.2535287e-02
26.35	1.1561119e-02
26.39	1.0664545e-02
26.42	9.8391216e-03
26.45	9.0789746e-03
26.49	8.3787467e-03
26.52	7.7335469e-03
26.56	7.1389066e-03
26.59	6.5907401e-03
26.63	6.0853091e-03
26.66	5.6191905e-03
26.69	5.1892484e-03
26.73	4.7926079e-03
26.76	4.4266320e-03
26.80	4.0889006e-03
26.83	3.7771914e-03
26.86	3.4894631e-03
26.90	3.2238396e-03
26.93	2.9785961e-03
26.97	2.7521459e-03
27.00	2.5430293e-03
