# NeutrinoAntineutrinoInteraction/NeutrinoAntineutrinoResonanceMuon interaction rates
# neutrino field: massive Cosmic Neutrino Background, T_CnuB = 1.94535456 K
# Produced with crpropa-data version: 60a1560e37035039ec25f414e0c42a2444bad49c
# log10(E/eV), 1/lambda [1/Mpc]
13.37	0.0000000e+00
13.41	0.0000000e+00
13.44	0.0000000e+00
13.47	0.0000000e+00
13.51	0.0000000e+00
13.54	0.0000000e+00
13.58	0.0000000e+00
13.61	0.0000000e+00
13.65	0.0000000e+00
13.68	0.0000000e+00
13.71	0.0000000e+00
13.75	0.0000000e+00
13.78	0.0000000e+00
13.82	0.0000000e+00
13.85	0.0000000e+00
13.88	0.0000000e+00
13.92	0.0000000e+00
13.95	0.0000000e+00
13.99	0.0000000e+00
14.02	0.0000000e+00
14.05	0.0000000e+00
14.09	0.0000000e+00
14.12	0.0000000e+00
14.16	0.0000000e+00
14.19	0.0000000e+00
14.22	0.0000000e+00
14.26	0.0000000e+00
14.29	0.0000000e+00
14.33	0.0000000e+00
14.36	0.0000000e+00
14.39	0.0000000e+00
14.43	0.0000000e+00
14.46	0.0000000e+00
14.50	0.0000000e+00
14.53	0.0000000e+00
14.57	0.0000000e+00
14.60	0.0000000e+00
14.63	0.0000000e+00
14.67	0.0000000e+00
14.70	0.0000000e+00
14.74	0.0000000e+00
14.77	0.0000000e+00
14.80	0.0000000e+00
14.84	0.0000000e+00
14.87	0.0000000e+00
14.91	0.0000000e+00
14.94	0.0000000e+00
14.97	0.0000000e+00
15.01	0.0000000e+00
15.04	0.0000000e+00
15.08	0.0000000e+00
15.11	0.0000000e+00
15.14	0.0000000e+00
15.18	0.0000000e+00
15.21	0.0000000e+00
15.25	0.0000000e+00
15.28	0.0000000e+00
15.31	1.7424749e-276
15.35	8.7296953e-256
15.38	1.1929045e-236
15.42	5.8337054e-219
15.45	1.3126007e-202
15.48	1.7141738e-187
15.52	1.6105891e-173
15.55	1.3278805e-160
15.59	1.1542721e-148
15.62	1.2535677e-137
15.66	1.9899027e-127
15.69	5.3379275e-118
15.72	2.7671250e-109
15.76	3.1380764e-101
15.79	8.7312551e-94
15.83	6.6269111e-87
15.86	1.5133393e-80
15.89	1.1384402e-74
15.93	3.0677627e-69
15.96	3.1997412e-64
16.00	1.3876997e-59
16.03	2.6737652e-55
16.06	2.4332596e-51
16.10	1.1068165e-47
16.13	2.6516439e-44
16.17	3.5117467e-41
16.20	2.6886279e-38
16.23	1.2402337e-35
16.27	3.5813996e-33
16.30	6.7071364e-31
16.34	8.4170013e-29
16.37	7.2953130e-27
16.40	4.4909426e-25
16.44	2.0149489e-23
16.47	6.7484447e-22
16.51	1.7248638e-20
16.54	3.4339422e-19
16.58	5.4265733e-18
16.61	6.9269619e-17
16.64	7.2587760e-16
16.68	6.3383885e-15
16.71	4.6761979e-14
16.75	2.9522859e-13
16.78	1.6140308e-12
16.81	7.7251074e-12
16.85	3.2698828e-11
16.88	1.2355541e-10
16.92	4.2039398e-10
16.95	1.2983717e-09
16.98	3.6670163e-09
17.02	9.5363436e-09
17.05	2.2981001e-08
17.09	5.1621702e-08
17.12	1.0867796e-07
17.15	2.1552181e-07
17.19	4.0449649e-07
17.22	7.2159876e-07
17.26	1.2285125e-06
17.29	2.0034717e-06
17.32	3.1405459e-06
17.36	4.7471628e-06
17.39	6.9399699e-06
17.43	9.8394237e-06
17.46	1.3563718e-05
17.49	1.8222776e-05
17.53	2.3913037e-05
17.56	3.0713625e-05
17.60	3.8684300e-05
17.63	4.7865340e-05
17.67	5.8279257e-05
17.70	6.9934038e-05
17.73	8.2827499e-05
17.77	9.6952234e-05
17.80	1.1230070e-04
17.84	1.2887004e-04
17.87	1.4666630e-04
17.90	1.6570791e-04
17.94	1.8602836e-04
17.97	2.0767809e-04
18.01	2.3072566e-04
18.04	2.5525838e-04
18.07	2.8138256e-04
18.11	3.0922348e-04
18.14	3.3892527e-04
18.18	3.7065071e-04
18.21	4.0458124e-04
18.24	4.4091696e-04
18.28	4.7987694e-04
18.31	5.2169967e-04
18.35	5.6664377e-04
18.38	6.1498896e-04
18.41	6.6703720e-04
18.45	7.2311413e-04
18.48	7.8357073e-04
18.52	8.4878522e-04
18.55	9.1916516e-04
18.59	9.9514981e-04
18.62	1.0772128e-03
18.65	1.1658648e-03
18.69	1.2616568e-03
18.72	1.3651836e-03
18.76	1.4770871e-03
18.79	1.5980605e-03
18.82	1.7288527e-03
18.86	1.8702727e-03
18.89	2.0231948e-03
18.93	2.1885640e-03
18.96	2.3674018e-03
18.99	2.5608125e-03
19.03	2.7699903e-03
19.06	2.9962266e-03
19.10	3.2409178e-03
19.13	3.5055743e-03
19.16	3.7918297e-03
19.20	4.1014510e-03
19.23	4.4363496e-03
19.27	4.7985932e-03
19.30	5.1904185e-03
19.33	5.6142456e-03
19.37	6.0726925e-03
19.40	6.5685917e-03
19.44	7.1050080e-03
19.47	7.6852575e-03
19.51	8.3129284e-03
19.54	8.9919033e-03
19.57	9.7263840e-03
19.61	1.0520917e-02
19.64	1.1380424e-02
19.68	1.2310231e-02
19.71	1.3316101e-02
19.74	1.4404275e-02
19.78	1.5581507e-02
19.81	1.6855108e-02
19.85	1.8232994e-02
19.88	1.9723736e-02
19.91	2.1336615e-02
19.95	2.3081680e-02
19.98	2.4969815e-02
20.02	2.7012810e-02
20.05	2.9223434e-02
20.08	3.1615522e-02
20.12	3.4204066e-02
20.15	3.7005311e-02
20.19	4.0036864e-02
20.22	4.3317813e-02
20.25	4.6868852e-02
20.29	5.0712426e-02
20.32	5.4872878e-02
20.36	5.9376619e-02
20.39	6.4252310e-02
20.42	6.9531065e-02
20.46	7.5246665e-02
20.49	8.1435802e-02
20.53	8.8138345e-02
20.56	9.5397625e-02
20.60	1.0326076e-01
20.63	1.1177901e-01
20.66	1.2100815e-01
20.70	1.3100893e-01
20.73	1.4184752e-01
20.77	1.5359606e-01
20.80	1.6633322e-01
20.83	1.8014489e-01
20.87	1.9512488e-01
20.90	2.1137575e-01
20.94	2.2900969e-01
20.97	2.4814958e-01
21.00	2.6893012e-01
21.04	2.9149911e-01
21.07	3.1601895e-01
21.11	3.4266825e-01
21.14	3.7164377e-01
21.17	4.0316255e-01
21.21	4.3746437e-01
21.24	4.7481459e-01
21.28	5.1550738e-01
21.31	5.5986956e-01
21.34	6.0826491e-01
21.38	6.6109935e-01
21.41	7.1882687e-01
21.45	7.8195665e-01
21.48	8.5106135e-01
21.52	9.2678714e-01
21.55	1.0098655e+00
21.58	1.1011277e+00
21.62	1.2015220e+00
21.65	1.3121351e+00
21.69	1.4342183e+00
21.72	1.5692200e+00
21.75	1.7188267e+00
21.79	1.8850151e+00
21.82	2.0701185e+00
21.86	2.2769147e+00
21.89	2.5087423e+00
21.92	2.7696591e+00
21.96	3.0646675e+00
21.99	3.4000530e+00
22.03	3.7839453e+00
22.06	4.2273638e+00
22.09	4.7463653e+00
22.13	5.3666367e+00
22.16	6.1330998e+00
22.20	7.1287425e+00
22.23	8.5083449e+00
22.26	1.0552783e+01
22.30	1.3746507e+01
22.33	1.8873489e+01
22.37	2.7115977e+01
22.40	4.0128778e+01
22.43	6.0054417e+01
22.47	8.9446324e+01
22.50	1.3108064e+02
22.54	1.8766052e+02
22.57	2.6144433e+02
22.61	3.5385230e+02
22.64	4.6511901e+02
22.67	5.9405620e+02
22.71	7.3797374e+02
22.74	8.9277972e+02
22.78	1.0532505e+03
22.81	1.2134338e+03
22.84	1.3671301e+03
22.88	1.5083878e+03
22.91	1.6319521e+03
22.95	1.7336189e+03
22.98	1.8104638e+03
23.01	1.8609349e+03
23.05	1.8848186e+03
23.08	1.8831015e+03
23.12	1.8577570e+03
23.15	1.8114936e+03
23.18	1.7474929e+03
23.22	1.6691638e+03
23.25	1.5799307e+03
23.29	1.4830639e+03
23.32	1.3815569e+03
23.35	1.2780472e+03
23.39	1.1747757e+03
23.42	1.0735775e+03
23.46	9.7589555e+02
23.49	8.8281117e+02
23.53	7.9508402e+02
23.56	7.1319699e+02
23.59	6.3740188e+02
23.63	5.6776338e+02
23.66	5.0419941e+02
23.70	4.4651682e+02
23.73	3.9444225e+02
23.76	3.4764787e+02
23.80	3.0577250e+02
23.83	2.6843841e+02
23.87	2.3526440e+02
23.90	2.0587566e+02
23.93	1.7991087e+02
23.97	1.5702721e+02
24.00	1.3690355e+02
24.04	1.1924220e+02
24.07	1.0376965e+02
24.10	9.0236546e+01
24.14	7.8416971e+01
24.17	6.8107430e+01
24.21	5.9125513e+01
24.24	5.1308414e+01
24.27	4.4511384e+01
24.31	3.8606156e+01
24.34	3.3479414e+01
24.38	2.9031317e+01
24.41	2.5174107e+01
24.44	2.1830813e+01
24.48	1.8934053e+01
24.51	1.6424946e+01
24.55	1.4252114e+01
24.58	1.2370793e+01
24.62	1.0742027e+01
24.65	9.3319556e+00
24.68	8.1111743e+00
24.72	7.0541735e+00
24.75	6.1388394e+00
24.79	5.3460153e+00
24.82	4.6591175e+00
24.85	4.0637968e+00
24.89	3.5476440e+00
24.92	3.0999315e+00
24.96	2.7113891e+00
24.99	2.3740082e+00
25.02	2.0808713e+00
25.06	1.8260050e+00
25.09	1.6042512e+00
25.13	1.4111565e+00
25.16	1.2428758e+00
25.19	1.0960891e+00
25.23	9.6792985e-01
25.26	8.5592217e-01
25.30	7.5792766e-01
25.33	6.7209884e-01
25.36	5.9683912e-01
25.40	5.3076833e-01
25.43	4.7269292e-01
25.47	4.2158032e-01
25.50	3.7653679e-01
25.54	3.3678839e-01
25.57	3.0166452e-01
25.60	2.7058378e-01
25.64	2.4304178e-01
25.67	2.1860060e-01
25.71	1.9687979e-01
25.74	1.7754850e-01
25.77	1.6031882e-01
25.81	1.4493995e-01
25.84	1.3119322e-01
25.88	1.1888775e-01
25.91	1.0785680e-01
25.94	9.7954491e-02
25.98	8.9053107e-02
26.01	8.1040656e-02
26.05	7.3818834e-02
26.08	6.7301236e-02
26.11	6.1411821e-02
26.15	5.6083570e-02
26.18	5.1257345e-02
26.22	4.6880879e-02
26.25	4.2907920e-02
26.28	3.9297474e-02
26.32	3.6013160e-02
26.35	3.3022637e-02
26.39	3.0297118e-02
26.42	2.7810942e-02
26.45	2.5541198e-02
26.49	2.3467400e-02
26.52	2.1571210e-02
26.56	1.9836182e-02
26.59	1.8247549e-02
26.63	1.6792037e-02
26.66	1.5457690e-02
26.69	1.4233732e-02
26.73	1.3110435e-02
26.76	1.2079007e-02
26.80	1.1131490e-02
26.83	1.0260676e-02
26.86	9.4600256e-03
26.90	8.7236032e-03
26.93	8.0460119e-03
26.97	7.4223419e-03
27.00	6.8481217e-03
