# NeutrinoAntineutrinoInteraction/NeutrinoAntineutrinoResonanceMuon interaction rates
# neutrino field: massive Cosmic Neutrino Background, T_CnuB = 1.94535456 K
# Produced with crpropa-data version: 60a1560e37035039ec25f414e0c42a2444bad49c
# log10(E/eV), 1/lambda [1/Mpc]
13.65	0.0000000e+00
13.68	0.0000000e+00
13.71	0.0000000e+00
13.75	0.0000000e+00
13.78	0.0000000e+00
13.82	0.0000000e+00
13.85	0.0000000e+00
13.88	0.0000000e+00
13.92	0.0000000e+00
13.95	0.0000000e+00
13.99	0.0000000e+00
14.02	0.0000000e+00
14.05	0.0000000e+00
14.09	0.0000000e+00
14.12	0.0000000e+00
14.16	0.0000000e+00
14.19	0.0000000e+00
14.22	0.0000000e+00
14.26	0.0000000e+00
14.29	0.0000000e+00
14.33	0.0000000e+00
14.36	0.0000000e+00
14.39	0.0000000e+00
14.43	0.0000000e+00
14.46	0.0000000e+00
14.50	0.0000000e+00
14.53	0.0000000e+00
14.57	0.0000000e+00
14.60	0.0000000e+00
14.63	0.0000000e+00
14.67	0.0000000e+00
14.70	0.0000000e+00
14.74	0.0000000e+00
14.77	0.0000000e+00
14.80	0.0000000e+00
14.84	0.0000000e+00
14.87	0.0000000e+00
14.91	0.0000000e+00
14.94	0.0000000e+00
14.97	0.0000000e+00
15.01	0.0000000e+00
15.04	0.0000000e+00
15.08	0.0000000e+00
15.11	0.0000000e+00
15.14	0.0000000e+00
15.18	0.0000000e+00
15.21	0.0000000e+00
15.25	0.0000000e+00
15.28	0.0000000e+00
15.31	0.0000000e+00
15.35	0.0000000e+00
15.38	0.0000000e+00
15.42	0.0000000e+00
15.45	0.0000000e+00
15.48	0.0000000e+00
15.52	0.0000000e+00
15.55	0.0000000e+00
15.59	0.0000000e+00
15.62	1.5822772e-269
15.66	1.7406215e-249
15.69	5.8548692e-231
15.72	7.8341904e-214
15.76	5.3184720e-198
15.79	2.2939101e-183
15.83	7.7388088e-170
15.86	2.4750162e-157
15.89	8.9636888e-146
15.93	4.3328604e-135
15.96	3.2541048e-125
16.00	4.3698701e-116
16.03	1.1947968e-107
16.06	7.4999950e-100
16.10	1.2077794e-92
16.13	5.5291039e-86
16.17	7.9118845e-80
16.20	3.8634154e-74
16.23	6.9817224e-69
16.27	5.0330244e-64
16.30	1.5512760e-59
16.34	2.1796618e-55
16.37	1.4814097e-51
16.40	5.1445965e-48
16.44	9.6034279e-45
16.47	1.0098315e-41
16.51	6.2464541e-39
16.54	2.3657873e-36
16.58	5.6932368e-34
16.61	9.0085622e-32
16.64	9.6741900e-30
16.68	7.2602309e-28
16.71	3.9121779e-26
16.75	1.5519903e-24
16.78	4.6388751e-23
16.81	1.0672932e-21
16.85	1.9279534e-20
16.88	2.7848289e-19
16.92	3.2714427e-18
16.95	3.1747960e-17
16.98	2.5823443e-16
17.02	1.7842191e-15
17.05	1.0602189e-14
17.09	5.4806305e-14
17.12	2.4908911e-13
17.15	1.0051375e-12
17.19	3.6339742e-12
17.22	1.1870497e-11
17.26	3.5306953e-11
17.29	9.6311558e-11
17.32	2.4255726e-10
17.36	5.6747214e-10
17.39	1.2403608e-09
17.43	2.5463650e-09
17.46	4.9338871e-09
17.49	9.0640858e-09
17.53	1.5854425e-08
17.56	2.6506967e-08
17.60	4.2512805e-08
17.63	6.5626906e-08
17.67	9.7812108e-08
17.70	1.4115620e-07
17.73	1.9777066e-07
17.77	2.6968301e-07
17.80	3.5873552e-07
17.84	4.6650267e-07
17.87	5.9423610e-07
17.90	7.4284258e-07
17.94	9.1289556e-07
17.97	1.1046772e-06
18.01	1.3182441e-06
18.04	1.5535094e-06
18.07	1.8103315e-06
18.11	2.0886021e-06
18.14	2.3883268e-06
18.18	2.7096947e-06
18.21	3.0531335e-06
18.24	3.4193502e-06
18.28	3.8093592e-06
18.31	4.2244986e-06
18.35	4.6664384e-06
18.38	5.1371822e-06
18.41	5.6390657e-06
18.45	6.1747542e-06
18.48	6.7472404e-06
18.52	7.3598439e-06
18.55	8.0162139e-06
18.59	8.7203354e-06
18.62	9.4765389e-06
18.65	1.0289515e-05
18.69	1.1164332e-05
18.72	1.2106459e-05
18.76	1.3121791e-05
18.79	1.4216685e-05
18.82	1.5397985e-05
18.86	1.6673072e-05
18.89	1.8049898e-05
18.93	1.9537040e-05
18.96	2.1143749e-05
18.99	2.2880006e-05
19.03	2.4756584e-05
19.06	2.6785115e-05
19.10	2.8978162e-05
19.13	3.1349295e-05
19.16	3.3913178e-05
19.20	3.6685658e-05
19.23	3.9683866e-05
19.27	4.2926318e-05
19.30	4.6433036e-05
19.33	5.0225671e-05
19.37	5.4327633e-05
19.40	5.8764243e-05
19.44	6.3562886e-05
19.47	6.8753182e-05
19.51	7.4367171e-05
19.54	8.0439511e-05
19.57	8.7007695e-05
19.61	9.4112285e-05
19.64	1.0179716e-04
19.68	1.1010980e-04
19.71	1.1910156e-04
19.74	1.2882804e-04
19.78	1.3934935e-04
19.81	1.5073057e-04
19.85	1.6304211e-04
19.88	1.7636019e-04
19.91	1.9076725e-04
19.95	2.0635254e-04
19.98	2.2321266e-04
20.02	2.4145216e-04
20.05	2.6118420e-04
20.08	2.8253130e-04
20.12	3.0562608e-04
20.15	3.3061212e-04
20.19	3.5764490e-04
20.22	3.8689276e-04
20.25	4.1853802e-04
20.29	4.5277814e-04
20.32	4.8982699e-04
20.36	5.2991628e-04
20.39	5.7329704e-04
20.42	6.2024128e-04
20.46	6.7104381e-04
20.49	7.2602417e-04
20.53	7.8552878e-04
20.56	8.4993327e-04
20.60	9.1964505e-04
20.63	9.9510604e-04
20.66	1.0767958e-03
20.70	1.1652347e-03
20.73	1.2609877e-03
20.77	1.3646685e-03
20.80	1.4769435e-03
20.83	1.5985370e-03
20.87	1.7302365e-03
20.90	1.8728980e-03
20.94	2.0274535e-03
20.97	2.1949169e-03
21.00	2.3763929e-03
21.04	2.5730851e-03
21.07	2.7863057e-03
21.11	3.0174867e-03
21.14	3.2681916e-03
21.17	3.5401284e-03
21.21	3.8351653e-03
21.24	4.1553469e-03
21.28	4.5029130e-03
21.31	4.8803201e-03
21.34	5.2902653e-03
21.38	5.7357127e-03
21.41	6.2199251e-03
21.45	6.7464983e-03
21.48	7.3194010e-03
21.52	7.9430212e-03
21.55	8.6222182e-03
21.58	9.3623837e-03
21.62	1.0169512e-02
21.65	1.1050282e-02
21.69	1.2012155e-02
21.72	1.3063481e-02
21.75	1.4213640e-02
21.79	1.5473193e-02
21.82	1.6854073e-02
21.86	1.8369809e-02
21.89	2.0035798e-02
21.92	2.1869640e-02
21.96	2.3891538e-02
21.99	2.6124808e-02
22.03	2.8596500e-02
22.06	3.1338194e-02
22.09	3.4387008e-02
22.13	3.7786906e-02
22.16	4.1590421e-02
22.20	4.5860966e-02
22.23	5.0676038e-02
22.26	5.6131844e-02
22.30	6.2350523e-02
22.33	6.9492694e-02
22.37	7.7781904e-02
22.40	8.7556139e-02
22.43	9.9377646e-02
22.47	1.1425752e-01
22.50	1.3408094e-01
22.54	1.6233734e-01
22.57	2.0524120e-01
22.61	2.7324547e-01
22.64	3.8279178e-01
22.67	5.5793546e-01
22.71	8.3129888e-01
22.74	1.2437343e+00
22.78	1.8421919e+00
22.81	2.6756041e+00
22.84	3.7890512e+00
22.88	5.2169443e+00
22.91	6.9763050e+00
22.95	9.0613348e+00
22.98	1.1440317e+01
23.01	1.4055506e+01
23.05	1.6826167e+01
23.08	1.9654372e+01
23.12	2.2432776e+01
23.15	2.5053303e+01
23.18	2.7415626e+01
23.22	2.9434447e+01
23.25	3.1044854e+01
23.29	3.2205354e+01
23.32	3.2898557e+01
23.35	3.3129764e+01
23.39	3.2923928e+01
23.42	3.2321560e+01
23.46	3.1374176e+01
23.49	3.0139767e+01
23.53	2.8678702e+01
23.56	2.7050298e+01
23.59	2.5310184e+01
23.63	2.3508470e+01
23.66	2.1688645e+01
23.70	1.9887114e+01
23.73	1.8133211e+01
23.76	1.6449580e+01
23.80	1.4852790e+01
23.83	1.3354081e+01
23.87	1.1960163e+01
23.90	1.0674017e+01
23.93	9.4956357e+00
23.97	8.4227057e+00
24.00	7.4511960e+00
24.04	6.5758642e+00
24.07	5.7906737e+00
24.10	5.0891325e+00
24.14	4.4645600e+00
24.17	3.9102918e+00
24.21	3.4198324e+00
24.24	2.9869639e+00
24.27	2.6058192e+00
24.31	2.2709270e+00
24.34	1.9772354e+00
24.38	1.7201179e+00
24.41	1.4953681e+00
24.44	1.2991844e+00
24.48	1.1281495e+00
24.51	9.7920602e-01
24.55	8.4962946e-01
24.58	7.3700102e-01
24.62	6.3918009e-01
24.65	5.5427770e-01
24.68	4.8063121e-01
24.72	4.1678054e-01
24.75	3.6144610e-01
24.79	3.1350858e-01
24.82	2.7199047e-01
24.85	2.3603938e-01
24.89	2.0491301e-01
24.92	1.7796570e-01
24.96	1.5463646e-01
24.99	1.3443834e-01
25.02	1.1694903e-01
25.06	1.0180254e-01
25.09	8.8681910e-02
25.13	7.7312810e-02
25.16	6.7457933e-02
25.19	5.8912084e-02
25.23	5.1497908e-02
25.26	4.5062160e-02
25.30	3.9472461e-02
25.33	3.4614483e-02
25.36	3.0389501e-02
25.40	2.6712272e-02
25.43	2.3509197e-02
25.47	2.0716731e-02
25.50	1.8280005e-02
25.54	1.6151640e-02
25.57	1.4290715e-02
25.60	1.2661881e-02
25.64	1.1234596e-02
25.67	9.9824626e-03
25.71	8.8826570e-03
25.74	7.9154394e-03
25.77	7.0637288e-03
25.81	6.3127380e-03
25.84	5.6496588e-03
25.88	5.0633906e-03
25.91	4.5443068e-03
25.94	4.0840534e-03
25.98	3.6753755e-03
26.01	3.3119676e-03
26.05	2.9883449e-03
26.08	2.6997325e-03
26.11	2.4419691e-03
26.15	2.2114253e-03
26.18	2.0049318e-03
26.22	1.8197182e-03
26.25	1.6533603e-03
26.28	1.5037341e-03
26.32	1.3689766e-03
26.35	1.2474515e-03
26.39	1.1377196e-03
26.42	1.0385139e-03
26.45	9.4871707e-04
26.49	8.6734243e-04
26.52	7.9351758e-04
26.56	7.2647002e-04
26.59	6.6551466e-04
26.63	6.1004311e-04
26.66	5.5951427e-04
26.69	5.1344618e-04
26.73	4.7140893e-04
26.76	4.3301848e-04
26.80	3.9793126e-04
26.83	3.6583948e-04
26.86	3.3646700e-04
26.90	3.0956573e-04
26.93	2.8491247e-04
26.97	2.6230616e-04
27.00	2.4156544e-04
