# NeutrinoAntineutrinoInteraction/NeutrinoAntineutrinoResonanceMuon interaction rates
# neutrino field: massive Cosmic Neutrino Background, T_CnuB = 1.94535456 K
# Produced with crpropa-data version: 60a1560e37035039ec25f414e0c42a2444bad49c
# log10(E/eV), 1/lambda [1/Mpc]
14.60	0.0000000e+00
14.63	0.0000000e+00
14.67	0.0000000e+00
14.70	0.0000000e+00
14.74	0.0000000e+00
14.77	0.0000000e+00
14.80	0.0000000e+00
14.84	0.0000000e+00
14.87	0.0000000e+00
14.91	0.0000000e+00
14.94	0.0000000e+00
14.97	0.0000000e+00
15.01	0.0000000e+00
15.04	0.0000000e+00
15.08	0.0000000e+00
15.11	0.0000000e+00
15.14	0.0000000e+00
15.18	0.0000000e+00
15.21	0.0000000e+00
15.25	0.0000000e+00
15.28	0.0000000e+00
15.31	0.0000000e+00
15.35	0.0000000e+00
15.38	0.0000000e+00
15.42	0.0000000e+00
15.45	0.0000000e+00
15.48	0.0000000e+00
15.52	0.0000000e+00
15.55	0.0000000e+00
15.59	0.0000000e+00
15.62	0.0000000e+00
15.66	0.0000000e+00
15.69	0.0000000e+00
15.72	0.0000000e+00
15.76	0.0000000e+00
15.79	0.0000000e+00
15.83	0.0000000e+00
15.86	0.0000000e+00
15.89	0.0000000e+00
15.93	0.0000000e+00
15.96	0.0000000e+00
16.00	0.0000000e+00
16.03	0.0000000e+00
16.06	0.0000000e+00
16.10	0.0000000e+00
16.13	0.0000000e+00
16.17	0.0000000e+00
16.20	0.0000000e+00
16.23	0.0000000e+00
16.27	0.0000000e+00
16.30	0.0000000e+00
16.34	0.0000000e+00
16.37	0.0000000e+00
16.40	0.0000000e+00
16.44	0.0000000e+00
16.47	0.0000000e+00
16.51	0.0000000e+00
16.54	0.0000000e+00
16.58	1.0447622e-263
16.61	3.0065491e-244
16.64	3.0848676e-226
16.68	1.4573932e-209
16.71	4.0170380e-194
16.75	8.0433214e-180
16.78	1.4333606e-166
16.81	2.7439528e-154
16.85	6.7178626e-143
16.88	2.4725017e-132
16.92	1.5893743e-122
16.95	2.0509089e-113
16.98	6.0454093e-105
17.02	4.5900383e-97
17.05	1.0037140e-89
17.09	7.0134358e-83
17.12	1.7250662e-76
17.15	1.6346092e-70
17.19	6.4910646e-65
17.22	1.1685914e-59
17.26	1.0265573e-54
17.29	4.7135539e-50
17.32	1.2064416e-45
17.36	1.8279987e-41
17.39	1.7341276e-37
17.43	1.0846244e-33
17.46	4.6869831e-30
17.49	1.4568871e-26
17.53	3.3564278e-23
17.56	5.7838500e-20
17.60	7.1167399e-17
17.63	4.6870267e-14
17.67	1.3713466e-12
17.70	2.9827918e-12
17.73	4.5080041e-12
17.77	5.9715621e-12
17.80	7.3954563e-12
17.84	8.7995539e-12
17.87	1.0201982e-11
17.90	1.1619492e-11
17.94	1.3067740e-11
17.97	1.4561567e-11
18.01	1.6115229e-11
18.04	1.7742627e-11
18.07	1.9457479e-11
18.11	2.1273511e-11
18.14	2.3204610e-11
18.18	2.5264985e-11
18.21	2.7469318e-11
18.24	2.9832866e-11
18.28	3.2371603e-11
18.31	3.5102390e-11
18.35	3.8043103e-11
18.38	4.1212745e-11
18.41	4.4631615e-11
18.45	4.8321417e-11
18.48	5.2305455e-11
18.52	5.6608746e-11
18.55	6.1258206e-11
18.59	6.6282792e-11
18.62	7.1713778e-11
18.65	7.7584846e-11
18.69	8.3932417e-11
18.72	9.0795750e-11
18.76	9.8217343e-11
18.79	1.0624305e-10
18.82	1.1492257e-10
18.86	1.2430927e-10
18.89	1.3446112e-10
18.93	1.4544067e-10
18.96	1.5731572e-10
18.99	1.7015942e-10
19.03	1.8405108e-10
19.06	1.9907626e-10
19.10	2.1532778e-10
19.13	2.3290578e-10
19.16	2.5191864e-10
19.20	2.7248353e-10
19.23	2.9472738e-10
19.27	3.1878735e-10
19.30	3.4481196e-10
19.33	3.7296180e-10
19.37	4.0341072e-10
19.40	4.3634700e-10
19.44	4.7197368e-10
19.47	5.1051050e-10
19.51	5.5219540e-10
19.54	5.9728596e-10
19.57	6.4606073e-10
19.61	6.9882132e-10
19.64	7.5589385e-10
19.68	8.1763163e-10
19.71	8.8441667e-10
19.74	9.5666234e-10
19.78	1.0348157e-09
19.81	1.1193614e-09
19.85	1.2108231e-09
19.88	1.3097688e-09
19.91	1.4168123e-09
19.95	1.5326192e-09
19.98	1.6579095e-09
20.02	1.7934642e-09
20.05	1.9401239e-09
20.08	2.0988033e-09
20.12	2.2704912e-09
20.15	2.4562605e-09
20.19	2.6572712e-09
20.22	2.8747827e-09
20.25	3.1101570e-09
20.29	3.3648737e-09
20.32	3.6405320e-09
20.36	3.9388674e-09
20.39	4.2617606e-09
20.42	4.6112534e-09
20.46	4.9895584e-09
20.49	5.3990785e-09
20.53	5.8424196e-09
20.56	6.3224131e-09
20.60	6.8421358e-09
20.63	7.4049167e-09
20.66	8.0143778e-09
20.70	8.6744578e-09
20.73	9.3894407e-09
20.77	1.0163984e-08
20.80	1.1003161e-08
20.83	1.1912489e-08
20.87	1.2897987e-08
20.90	1.3966210e-08
20.94	1.5124304e-08
20.97	1.6380066e-08
21.00	1.7742023e-08
21.04	1.9219482e-08
21.07	2.0822638e-08
21.11	2.2562637e-08
21.14	2.4451717e-08
21.17	2.6503288e-08
21.21	2.8732084e-08
21.24	3.1154247e-08
21.28	3.3787609e-08
21.31	3.6651788e-08
21.34	3.9768481e-08
21.38	4.3161631e-08
21.41	4.6857799e-08
21.45	5.0886407e-08
21.48	5.5280210e-08
21.52	6.0075605e-08
21.55	6.5313262e-08
21.58	7.1038645e-08
21.62	7.7302779e-08
21.65	8.4162995e-08
21.69	9.1683962e-08
21.72	9.9938793e-08
21.75	1.0901046e-07
21.79	1.1899346e-07
21.82	1.2999546e-07
21.86	1.4214011e-07
21.89	1.5556981e-07
21.92	1.7044927e-07
21.96	1.8696987e-07
21.99	2.0535522e-07
22.03	2.2586782e-07
22.06	2.4881791e-07
22.09	2.7457406e-07
22.13	3.0357743e-07
22.16	3.3635973e-07
22.20	3.7356736e-07
22.23	4.1599232e-07
22.26	4.6461495e-07
22.30	5.2066060e-07
22.33	5.8567946e-07
22.37	6.6165683e-07
22.40	7.5117154e-07
22.43	8.5762668e-07
22.47	9.8559736e-07
22.50	1.1413594e-06
22.54	1.3337316e-06
22.57	1.5754525e-06
22.61	1.8855432e-06
22.64	2.2935557e-06
22.67	2.8477157e-06
22.71	3.6317548e-06
22.74	4.8033931e-06
22.78	6.6949222e-06
22.81	1.0132631e-05
22.84	1.7829798e-05
22.88	4.5802198e-05
22.91	2.4185797e-04
22.95	3.4878344e-04
22.98	3.1871545e-04
23.01	2.7986872e-04
23.05	2.4304734e-04
23.08	2.1007281e-04
23.12	1.8112133e-04
23.15	1.5593093e-04
23.18	1.3411912e-04
23.22	1.1528715e-04
23.25	9.9057951e-05
23.29	8.5089123e-05
23.32	7.3076309e-05
23.35	6.2752048e-05
23.39	5.3883076e-05
23.42	4.6266806e-05
23.46	3.9727948e-05
23.49	3.4115084e-05
23.53	2.9297714e-05
23.56	2.5163439e-05
23.59	2.1615546e-05
23.63	1.8570891e-05
23.66	1.5958075e-05
23.70	1.3715760e-05
23.73	1.1791301e-05
23.76	1.0139505e-05
23.80	8.7216008e-06
23.83	7.5043212e-06
23.87	6.4591366e-06
23.90	5.5615664e-06
23.93	4.7906255e-06
23.97	4.1283151e-06
24.00	3.5592036e-06
24.04	3.0700569e-06
24.07	2.6495282e-06
24.10	2.2878873e-06
24.14	1.9767919e-06
24.17	1.7090860e-06
24.21	1.4786318e-06
24.24	1.2801678e-06
24.27	1.1091812e-06
24.31	9.6180129e-07
24.34	8.3470722e-07
24.38	7.2505036e-07
24.41	6.3038599e-07
24.44	5.4861663e-07
24.48	4.7794127e-07
24.51	4.1681430e-07
24.55	3.6390841e-07
24.58	3.1808405e-07
24.62	2.7836203e-07
24.65	2.4390134e-07
24.68	2.1397894e-07
24.72	1.8797352e-07
24.75	1.6535061e-07
24.79	1.4565033e-07
24.82	1.2847698e-07
24.85	1.1349015e-07
24.89	1.0039652e-07
24.92	8.8943500e-08
24.96	7.8913262e-08
24.99	7.0118038e-08
25.02	6.2395743e-08
25.06	5.5606495e-08
25.09	4.9629368e-08
25.13	4.4359909e-08
25.16	3.9707736e-08
25.19	3.5594636e-08
25.23	3.1952838e-08
25.26	2.8723600e-08
25.30	2.5855944e-08
25.33	2.3305616e-08
25.36	2.1034109e-08
25.40	1.9007919e-08
25.43	1.7197888e-08
25.47	1.5578586e-08
25.50	1.4127823e-08
25.54	1.2826199e-08
25.57	1.1656749e-08
25.60	1.0604603e-08
25.64	9.6567271e-09
25.67	8.8016619e-09
25.71	8.0293385e-09
25.74	7.3308846e-09
25.77	6.6984825e-09
25.81	6.1252218e-09
25.84	5.6049967e-09
25.88	5.1323942e-09
25.91	4.7026189e-09
25.94	4.3114059e-09
25.98	3.9549571e-09
26.01	3.6298913e-09
26.05	3.3331957e-09
26.08	3.0621741e-09
26.11	2.8144171e-09
26.15	2.5877623e-09
26.18	2.3802719e-09
26.22	2.1902020e-09
26.25	2.0159845e-09
26.28	1.8562038e-09
26.32	1.7095851e-09
26.35	1.5749755e-09
26.39	1.4513329e-09
26.42	1.3377127e-09
26.45	1.2332592e-09
26.49	1.1371954e-09
26.52	1.0488156e-09
26.56	9.6747618e-10
26.59	8.9259178e-10
26.63	8.2362962e-10
26.66	7.6010354e-10
26.69	7.0156996e-10
26.73	6.4762333e-10
26.76	5.9789317e-10
26.80	5.5204018e-10
26.83	5.0975409e-10
26.86	4.7074990e-10
26.90	4.3476699e-10
26.93	4.0156593e-10
26.97	3.7092738e-10
27.00	3.4264957e-10
