# NeutrinoAntineutrinoInteraction/NeutrinoAntineutrinoResonanceMuon interaction rates
# neutrino field: massive Cosmic Neutrino Background, T_CnuB = 1.94535456 K
# Produced with crpropa-data version: 60a1560e37035039ec25f414e0c42a2444bad49c
# log10(E/eV), 1/lambda [1/Mpc]
13.85	0.0000000e+00
13.88	0.0000000e+00
13.92	0.0000000e+00
13.95	0.0000000e+00
13.99	0.0000000e+00
14.02	0.0000000e+00
14.05	0.0000000e+00
14.09	0.0000000e+00
14.12	0.0000000e+00
14.16	0.0000000e+00
14.19	0.0000000e+00
14.22	0.0000000e+00
14.26	0.0000000e+00
14.29	0.0000000e+00
14.33	0.0000000e+00
14.36	0.0000000e+00
14.39	0.0000000e+00
14.43	0.0000000e+00
14.46	0.0000000e+00
14.50	0.0000000e+00
14.53	0.0000000e+00
14.57	0.0000000e+00
14.60	0.0000000e+00
14.63	0.0000000e+00
14.67	0.0000000e+00
14.70	0.0000000e+00
14.74	0.0000000e+00
14.77	0.0000000e+00
14.80	0.0000000e+00
14.84	0.0000000e+00
14.87	0.0000000e+00
14.91	0.0000000e+00
14.94	0.0000000e+00
14.97	0.0000000e+00
15.01	0.0000000e+00
15.04	0.0000000e+00
15.08	0.0000000e+00
15.11	0.0000000e+00
15.14	0.0000000e+00
15.18	0.0000000e+00
15.21	0.0000000e+00
15.25	0.0000000e+00
15.28	0.0000000e+00
15.31	0.0000000e+00
15.35	0.0000000e+00
15.38	0.0000000e+00
15.42	0.0000000e+00
15.45	0.0000000e+00
15.48	0.0000000e+00
15.52	0.0000000e+00
15.55	0.0000000e+00
15.59	0.0000000e+00
15.62	0.0000000e+00
15.66	0.0000000e+00
15.69	0.0000000e+00
15.72	0.0000000e+00
15.76	0.0000000e+00
15.79	0.0000000e+00
15.83	9.1761595e-275
15.86	2.0146601e-254
15.89	1.2837800e-235
15.93	3.1010494e-218
15.96	3.6348559e-202
16.00	2.5975704e-187
16.03	1.3976892e-173
16.06	6.8827704e-161
16.10	3.7151636e-149
16.13	2.5971440e-138
16.17	2.7434288e-128
16.20	5.0500334e-119
16.23	1.8482015e-110
16.27	1.5191175e-102
16.30	3.1387703e-95
16.34	1.8092599e-88
16.37	3.2036819e-82
16.40	1.9049459e-76
16.44	4.1301023e-71
16.47	3.5232738e-66
16.51	1.2688429e-61
16.54	2.0587700e-57
16.58	1.5983692e-53
16.61	6.2773384e-50
16.64	1.3129275e-46
16.68	1.5336479e-43
16.71	1.0455041e-40
16.75	4.3320794e-38
16.78	1.1328225e-35
16.81	1.9355995e-33
16.85	2.2315824e-31
16.88	1.7883718e-29
16.92	1.0239560e-27
16.95	4.2965075e-26
16.98	1.3525760e-24
17.02	3.2647684e-23
17.05	6.1646749e-22
17.09	9.2768620e-21
17.12	1.1318379e-19
17.15	1.1375166e-18
17.19	9.5565529e-18
17.22	6.8032315e-17
17.26	4.1558243e-16
17.29	2.2038155e-15
17.32	1.0255086e-14
17.36	4.2293120e-14
17.39	1.5601411e-13
17.43	5.1918328e-13
17.46	1.5709539e-12
17.49	4.3537221e-12
17.53	1.1126172e-11
17.56	2.6383627e-11
17.60	5.8390476e-11
17.63	1.2125446e-10
17.67	2.3744304e-10
17.70	4.4047993e-10
17.73	7.7740940e-10
17.77	1.3105282e-09
17.80	2.1179015e-09
17.84	3.2923142e-09
17.87	4.9385386e-09
17.90	7.1690779e-09
17.94	1.0098812e-08
17.97	1.3839158e-08
18.01	1.8492457e-08
18.04	2.4147250e-08
18.07	3.0874978e-08
18.11	3.8728437e-08
18.14	4.7742068e-08
18.18	5.7933944e-08
18.21	6.9309139e-08
18.24	8.1864045e-08
18.28	9.5591158e-08
18.31	1.1048390e-07
18.35	1.2654110e-07
18.38	1.4377088e-07
18.41	1.6219384e-07
18.45	1.8184535e-07
18.48	2.0277728e-07
18.52	2.2505892e-07
18.55	2.4877753e-07
18.59	2.7403852e-07
18.62	3.0096534e-07
18.65	3.2969936e-07
18.69	3.6039975e-07
18.72	3.9324345e-07
18.76	4.2842522e-07
18.79	4.6615802e-07
18.82	5.0667344e-07
18.86	5.5022243e-07
18.89	5.9707631e-07
18.93	6.4752787e-07
18.96	7.0189282e-07
18.99	7.6051142e-07
19.03	8.2375030e-07
19.06	8.9200458e-07
19.10	9.6570013e-07
19.13	1.0452961e-06
19.16	1.1312878e-06
19.20	1.2242094e-06
19.23	1.3246378e-06
19.27	1.4331955e-06
19.30	1.5505549e-06
19.33	1.6774423e-06
19.37	1.8146426e-06
19.40	1.9630038e-06
19.44	2.1234427e-06
19.47	2.2969501e-06
19.51	2.4845977e-06
19.54	2.6875437e-06
19.57	2.9070412e-06
19.61	3.1444449e-06
19.64	3.4012203e-06
19.68	3.6789522e-06
19.71	3.9793552e-06
19.74	4.3042838e-06
19.78	4.6557441e-06
19.81	5.0359064e-06
19.85	5.4471188e-06
19.88	5.8919215e-06
19.91	6.3730629e-06
19.95	6.8935168e-06
19.98	7.4565007e-06
20.02	8.0654963e-06
20.05	8.7242711e-06
20.08	9.4369022e-06
20.12	1.0207802e-05
20.15	1.1041744e-05
20.19	1.1943899e-05
20.22	1.2919858e-05
20.25	1.3975677e-05
20.29	1.5117911e-05
20.32	1.6353654e-05
20.36	1.7690588e-05
20.39	1.9137032e-05
20.42	2.0701991e-05
20.46	2.2395218e-05
20.49	2.4227278e-05
20.53	2.6209611e-05
20.56	2.8354611e-05
20.60	3.0675708e-05
20.63	3.3187451e-05
20.66	3.5905609e-05
20.70	3.8847274e-05
20.73	4.2030975e-05
20.77	4.5476801e-05
20.80	4.9206541e-05
20.83	5.3243829e-05
20.87	5.7614309e-05
20.90	6.2345811e-05
20.94	6.7468544e-05
20.97	7.3015316e-05
21.00	7.9021760e-05
21.04	8.5526598e-05
21.07	9.2571921e-05
21.11	1.0020350e-04
21.14	1.0847113e-04
21.17	1.1742901e-04
21.21	1.2713617e-04
21.24	1.3765692e-04
21.28	1.4906137e-04
21.31	1.6142601e-04
21.34	1.7483434e-04
21.38	1.8937759e-04
21.41	2.0515552e-04
21.45	2.2227726e-04
21.48	2.4086238e-04
21.52	2.6104197e-04
21.55	2.8295992e-04
21.58	3.0677436e-04
21.62	3.3265928e-04
21.65	3.6080639e-04
21.69	3.9142722e-04
21.72	4.2475556e-04
21.75	4.6105025e-04
21.79	5.0059835e-04
21.82	5.4371892e-04
21.86	5.9076729e-04
21.89	6.4214013e-04
21.92	6.9828139e-04
21.96	7.5968925e-04
21.99	8.2692443e-04
22.03	9.0062003e-04
22.06	9.8149336e-04
22.09	1.0703602e-03
22.13	1.1681522e-03
22.16	1.2759379e-03
22.20	1.3949493e-03
22.23	1.5266140e-03
22.26	1.6725969e-03
22.30	1.8348521e-03
22.33	2.0156905e-03
22.37	2.2178686e-03
22.40	2.4447072e-03
22.43	2.7002540e-03
22.47	2.9895172e-03
22.50	3.3188236e-03
22.54	3.6964264e-03
22.57	4.1336667e-03
22.61	4.6473965e-03
22.64	5.2651560e-03
22.67	6.0358824e-03
22.71	7.0505201e-03
22.74	8.4781163e-03
22.78	1.0622474e-02
22.81	1.4000648e-02
22.84	1.9436726e-02
22.88	2.8153388e-02
22.91	4.1833166e-02
22.95	6.2615842e-02
22.98	9.3002537e-02
23.01	1.3565227e-01
23.05	1.9308043e-01
23.08	2.6729454e-01
23.12	3.5942331e-01
23.15	4.6940367e-01
23.18	5.9578502e-01
23.22	7.3569111e-01
23.25	8.8495326e-01
23.29	1.0383998e+00
23.32	1.1902620e+00
23.35	1.3346415e+00
23.39	1.4659767e+00
23.42	1.5794550e+00
23.46	1.6713249e+00
23.49	1.7390856e+00
23.53	1.7815478e+00
23.56	1.7987768e+00
23.59	1.7919415e+00
23.63	1.7631008e+00
23.66	1.7149589e+00
23.70	1.6506166e+00
23.73	1.5733437e+00
23.76	1.4863848e+00
23.80	1.3928080e+00
23.83	1.2953972e+00
23.87	1.1965851e+00
23.90	1.0984223e+00
23.93	1.0025736e+00
23.97	9.1033513e-01
24.00	8.2266627e-01
24.04	7.4022888e-01
24.07	6.6343063e-01
24.10	5.9246845e-01
24.14	5.2736973e-01
24.17	4.6802990e-01
24.21	4.1424543e-01
24.24	3.6574217e-01
24.27	3.2219891e-01
24.31	2.8326651e-01
24.34	2.4858314e-01
24.38	2.1778598e-01
24.41	1.9052000e-01
24.44	1.6644431e-01
24.48	1.4523641e-01
24.51	1.2659498e-01
24.55	1.1024128e-01
24.58	9.5919684e-02
24.62	8.3397477e-02
24.65	7.2464112e-02
24.68	6.2930148e-02
24.72	5.4625944e-02
24.75	4.7400231e-02
24.79	4.1118616e-02
24.82	3.5662098e-02
24.85	3.0925610e-02
24.89	2.6816629e-02
24.92	2.3253872e-02
24.96	2.0166078e-02
24.99	1.7490891e-02
25.02	1.5173837e-02
25.06	1.3167403e-02
25.09	1.1430201e-02
25.13	9.9262265e-03
25.16	8.6241878e-03
25.19	7.4969194e-03
25.23	6.5208574e-03
25.26	5.6755782e-03
25.30	4.9433923e-03
25.33	4.3089875e-03
25.36	3.7591168e-03
25.40	3.2823250e-03
25.43	2.8687102e-03
25.47	2.5097163e-03
25.50	2.1979518e-03
25.54	1.9270329e-03
25.57	1.6914468e-03
25.60	1.4864336e-03
25.64	1.3078835e-03
25.67	1.1522481e-03
25.71	1.0164637e-03
25.74	8.9788457e-04
25.77	7.9422596e-04
25.81	7.0351420e-04
25.84	6.2404407e-04
25.88	5.5434182e-04
25.91	4.9313339e-04
25.94	4.3931688e-04
25.98	3.9193893e-04
26.01	3.5017426e-04
26.05	3.1330812e-04
26.08	2.8072114e-04
26.11	2.5187623e-04
26.15	2.2630738e-04
26.18	2.0360994e-04
26.22	1.8343228e-04
26.25	1.6546858e-04
26.28	1.4945263e-04
26.32	1.3515251e-04
26.35	1.2236594e-04
26.39	1.1091635e-04
26.42	1.0064941e-04
26.45	9.1430108e-05
26.49	8.3140180e-05
26.52	7.5675911e-05
26.56	6.8946234e-05
26.59	6.2871081e-05
26.63	5.7379964e-05
26.66	5.2410746e-05
26.69	4.7908574e-05
26.73	4.3824955e-05
26.76	4.0116964e-05
26.80	3.6746542e-05
26.83	3.3679902e-05
26.86	3.0887001e-05
26.90	2.8341086e-05
26.93	2.6018303e-05
26.97	2.3897346e-05
27.00	2.1959160e-05
