# NeutrinoAntineutrinoInteraction/NeutrinoAntineutrinoResonanceMuon interaction rates
# neutrino field: massive Cosmic Neutrino Background, T_CnuB = 1.94535456 K
# Produced with crpropa-data version: 60a1560e37035039ec25f414e0c42a2444bad49c
# log10(E/eV), 1/lambda [1/Mpc]
14.12	0.0000000e+00
14.16	0.0000000e+00
14.19	0.0000000e+00
14.22	0.0000000e+00
14.26	0.0000000e+00
14.29	0.0000000e+00
14.33	0.0000000e+00
14.36	0.0000000e+00
14.39	0.0000000e+00
14.43	0.0000000e+00
14.46	0.0000000e+00
14.50	0.0000000e+00
14.53	0.0000000e+00
14.57	0.0000000e+00
14.60	0.0000000e+00
14.63	0.0000000e+00
14.67	0.0000000e+00
14.70	0.0000000e+00
14.74	0.0000000e+00
14.77	0.0000000e+00
14.80	0.0000000e+00
14.84	0.0000000e+00
14.87	0.0000000e+00
14.91	0.0000000e+00
14.94	0.0000000e+00
14.97	0.0000000e+00
15.01	0.0000000e+00
15.04	0.0000000e+00
15.08	0.0000000e+00
15.11	0.0000000e+00
15.14	0.0000000e+00
15.18	0.0000000e+00
15.21	0.0000000e+00
15.25	0.0000000e+00
15.28	0.0000000e+00
15.31	0.0000000e+00
15.35	0.0000000e+00
15.38	0.0000000e+00
15.42	0.0000000e+00
15.45	0.0000000e+00
15.48	0.0000000e+00
15.52	0.0000000e+00
15.55	0.0000000e+00
15.59	0.0000000e+00
15.62	0.0000000e+00
15.66	0.0000000e+00
15.69	0.0000000e+00
15.72	0.0000000e+00
15.76	0.0000000e+00
15.79	0.0000000e+00
15.83	0.0000000e+00
15.86	0.0000000e+00
15.89	0.0000000e+00
15.93	0.0000000e+00
15.96	0.0000000e+00
16.00	0.0000000e+00
16.03	0.0000000e+00
16.06	0.0000000e+00
16.10	1.4962987e-262
16.13	3.0224966e-243
16.17	2.1214809e-225
16.20	6.6668614e-209
16.23	1.1857436e-193
16.27	1.4823362e-179
16.30	1.5914370e-166
16.34	1.7658570e-154
16.37	2.4033284e-143
16.40	4.7002372e-133
16.44	1.5291346e-123
16.47	9.4746967e-115
16.51	1.2671231e-106
16.54	4.1062646e-99
16.58	3.5883949e-92
16.61	9.3352299e-86
16.64	7.9218710e-80
16.68	2.3862700e-74
16.71	2.7589399e-69
16.75	1.3160643e-64
16.78	2.7690982e-60
16.81	2.7337052e-56
16.85	1.3406621e-52
16.88	3.4432839e-49
16.92	4.8631122e-46
16.95	3.9513615e-43
16.98	1.9257285e-40
17.02	5.8508270e-38
17.05	1.1484390e-35
17.09	1.5051977e-33
17.12	1.3580651e-31
17.15	8.6763536e-30
17.19	4.0287346e-28
17.22	1.3927937e-26
17.26	3.6658509e-25
17.29	7.4987120e-24
17.32	1.2150731e-22
17.36	1.5873727e-21
17.39	1.6994060e-20
17.43	1.5135813e-19
17.46	1.1372642e-18
17.49	7.3024034e-18
17.53	4.0550916e-17
17.56	1.9690607e-16
17.60	8.4464725e-16
17.63	3.2311126e-15
17.67	1.1119505e-14
17.70	3.4704720e-14
17.73	9.8972134e-14
17.77	2.5969798e-13
17.80	6.3101869e-13
17.84	1.4282834e-12
17.87	3.0281336e-12
17.90	6.0441867e-12
17.94	1.1411787e-11
17.97	2.0470214e-11
18.01	3.5027108e-11
18.04	5.7389230e-11
18.07	9.0346649e-11
18.11	1.3710392e-10
18.14	2.0116030e-10
18.18	2.8614985e-10
18.21	3.9565918e-10
18.24	5.3304477e-10
18.28	7.0127168e-10
18.31	9.0279251e-10
18.35	1.1394791e-09
18.38	1.4126125e-09
18.41	1.7229287e-09
18.45	2.0707122e-09
18.48	2.4559243e-09
18.52	2.8783513e-09
18.55	3.3377585e-09
18.59	3.8340368e-09
18.62	4.3673328e-09
18.65	4.9381567e-09
18.69	5.5474659e-09
18.72	6.1967239e-09
18.76	6.8879383e-09
18.79	7.6236823e-09
18.82	8.4071018e-09
18.86	9.2419166e-09
18.89	1.0132415e-08
18.93	1.1083452e-08
18.96	1.2100442e-08
18.99	1.3189367e-08
19.03	1.4356776e-08
19.06	1.5609806e-08
19.10	1.6956199e-08
19.13	1.8404329e-08
19.16	1.9963238e-08
19.20	2.1642678e-08
19.23	2.3453162e-08
19.27	2.5406017e-08
19.30	2.7513447e-08
19.33	2.9788610e-08
19.37	3.2245687e-08
19.40	3.4899973e-08
19.44	3.7767969e-08
19.47	4.0867480e-08
19.51	4.4217729e-08
19.54	4.7839473e-08
19.57	5.1755133e-08
19.61	5.5988931e-08
19.64	6.0567044e-08
19.68	6.5517763e-08
19.71	7.0871670e-08
19.74	7.6661828e-08
19.78	8.2923987e-08
19.81	8.9696807e-08
19.85	9.7022094e-08
19.88	1.0494506e-07
19.91	1.1351462e-07
19.95	1.2278366e-07
19.98	1.3280941e-07
20.02	1.4365376e-07
20.05	1.5538368e-07
20.08	1.6807161e-07
20.12	1.8179592e-07
20.15	1.9664141e-07
20.19	2.1269982e-07
20.22	2.3007042e-07
20.25	2.4886063e-07
20.29	2.6918667e-07
20.32	2.9117432e-07
20.36	3.1495970e-07
20.39	3.4069011e-07
20.42	3.6852498e-07
20.46	3.9863686e-07
20.49	4.3121253e-07
20.53	4.6645417e-07
20.56	5.0458065e-07
20.60	5.4582892e-07
20.63	5.9045552e-07
20.66	6.3873825e-07
20.70	6.9097792e-07
20.73	7.4750032e-07
20.77	8.0865831e-07
20.80	8.7483413e-07
20.83	9.4644187e-07
20.87	1.0239302e-06
20.90	1.1077854e-06
20.94	1.1985344e-06
20.97	1.2967485e-06
21.00	1.4030471e-06
21.04	1.5181017e-06
21.07	1.6426411e-06
21.11	1.7774555e-06
21.14	1.9234026e-06
21.17	2.0814136e-06
21.21	2.2524991e-06
21.24	2.4377573e-06
21.28	2.6383808e-06
21.31	2.8556663e-06
21.34	3.0910234e-06
21.38	3.3459856e-06
21.41	3.6222216e-06
21.45	3.9215484e-06
21.48	4.2459453e-06
21.52	4.5975699e-06
21.55	4.9787754e-06
21.58	5.3921301e-06
21.62	5.8404392e-06
21.65	6.3267690e-06
21.69	6.8544741e-06
21.72	7.4272274e-06
21.75	8.0490552e-06
21.79	8.7243748e-06
21.82	9.4580389e-06
21.86	1.0255384e-05
21.89	1.1122289e-05
21.92	1.2065236e-05
21.96	1.3091385e-05
21.99	1.4208658e-05
22.03	1.5425839e-05
22.06	1.6752680e-05
22.09	1.8200035e-05
22.13	1.9780012e-05
22.16	2.1506149e-05
22.20	2.3393627e-05
22.23	2.5459509e-05
22.26	2.7723047e-05
22.30	3.0206022e-05
22.33	3.2933176e-05
22.37	3.5932723e-05
22.40	3.9236977e-05
22.43	4.2883126e-05
22.47	4.6914189e-05
22.50	5.1380223e-05
22.54	5.6339848e-05
22.57	6.1862208e-05
22.61	6.8029535e-05
22.64	7.4940543e-05
22.67	8.2715053e-05
22.71	9.1500511e-05
22.74	1.0148172e-04
22.78	1.1289676e-04
22.81	1.2606625e-04
22.84	1.4145301e-04
22.88	1.5978938e-04
22.91	1.8234496e-04
22.95	2.1145608e-04
22.98	2.5148464e-04
23.01	3.1038168e-04
23.05	4.0195056e-04
23.08	5.4869889e-04
23.12	7.8484672e-04
23.15	1.1587030e-03
23.18	1.7333778e-03
23.22	2.5848141e-03
23.25	3.7964912e-03
23.29	5.4508274e-03
23.32	7.6181363e-03
23.35	1.0344724e-02
23.39	1.3642133e-02
23.42	1.7479522e-02
23.46	2.1780691e-02
23.49	2.6426496e-02
23.53	3.1262469e-02
23.56	3.6110615e-02
23.59	4.0783781e-02
23.63	4.5100659e-02
23.66	4.8899581e-02
23.70	5.2049594e-02
23.73	5.4457813e-02
23.76	5.6072694e-02
23.80	5.6883406e-02
23.83	5.6915953e-02
23.87	5.6226958e-02
23.90	5.4896123e-02
23.93	5.3018315e-02
23.97	5.0696064e-02
24.00	4.8033017e-02
24.04	4.5128678e-02
24.07	4.2074538e-02
24.10	3.8951545e-02
24.14	3.5828754e-02
24.17	3.2762954e-02
24.21	2.9799020e-02
24.24	2.6970779e-02
24.27	2.4302201e-02
24.31	2.1808739e-02
24.34	1.9498716e-02
24.38	1.7374658e-02
24.41	1.5434526e-02
24.44	1.3672815e-02
24.48	1.2081500e-02
24.51	1.0650830e-02
24.55	9.3699828e-03
24.58	8.2275844e-03
24.62	7.2121174e-03
24.65	6.3122274e-03
24.68	5.5169482e-03
24.72	4.8158574e-03
24.75	4.1991790e-03
24.79	3.6578408e-03
24.82	3.1835007e-03
24.85	2.7685458e-03
24.89	2.4060751e-03
24.92	2.0898684e-03
24.96	1.8143472e-03
24.99	1.5745303e-03
25.02	1.3659869e-03
25.06	1.1847896e-03
25.09	1.0274676e-03
25.13	8.9096188e-04
25.16	7.7258295e-04
25.19	6.6997140e-04
25.23	5.8106137e-04
25.26	5.0404719e-04
25.30	4.3735312e-04
25.33	3.7960597e-04
25.36	3.2961064e-04
25.40	2.8632816e-04
25.43	2.4885625e-04
25.47	2.1641202e-04
25.50	1.8831677e-04
25.54	1.6398250e-04
25.57	1.4290014e-04
25.60	1.2462921e-04
25.64	1.0878875e-04
25.67	9.5049419e-05
25.71	8.3126596e-05
25.74	7.2774394e-05
25.77	6.3780427e-05
25.81	5.5961282e-05
25.84	4.9158585e-05
25.88	4.3235597e-05
25.91	3.8074254e-05
25.94	3.3572622e-05
25.98	2.9642678e-05
26.01	2.6208411e-05
26.05	2.3204164e-05
26.08	2.0573215e-05
26.11	1.8266548e-05
26.15	1.6241792e-05
26.18	1.4462307e-05
26.22	1.2896396e-05
26.25	1.1516625e-05
26.28	1.0299240e-05
26.32	9.2236587e-06
26.35	8.2720388e-06
26.39	7.4289017e-06
26.42	6.6808105e-06
26.45	6.0160919e-06
26.49	5.4245962e-06
26.52	4.8974914e-06
26.56	4.4270848e-06
26.59	4.0066698e-06
26.63	3.6303934e-06
26.66	3.2931425e-06
26.69	2.9904453e-06
26.73	2.7183864e-06
26.76	2.4735333e-06
26.80	2.2528736e-06
26.83	2.0537596e-06
26.86	1.8738617e-06
26.90	1.7111270e-06
26.93	1.5637443e-06
26.97	1.4301130e-06
27.00	1.3088171e-06
