# NeutrinoAntineutrinoInteraction/NeutrinoAntineutrinoResonanceMuon interaction rates
# neutrino field: massive Cosmic Neutrino Background, T_CnuB = 1.94535456 K
# Produced with crpropa-data version: 60a1560e37035039ec25f414e0c42a2444bad49c
# log10(E/eV), 1/lambda [1/Mpc]
13.85	0.0000000e+00
13.88	0.0000000e+00
13.92	0.0000000e+00
13.95	0.0000000e+00
13.99	0.0000000e+00
14.02	0.0000000e+00
14.05	0.0000000e+00
14.09	0.0000000e+00
14.12	0.0000000e+00
14.16	0.0000000e+00
14.19	0.0000000e+00
14.22	0.0000000e+00
14.26	0.0000000e+00
14.29	0.0000000e+00
14.33	0.0000000e+00
14.36	0.0000000e+00
14.39	0.0000000e+00
14.43	0.0000000e+00
14.46	0.0000000e+00
14.50	0.0000000e+00
14.53	0.0000000e+00
14.57	0.0000000e+00
14.60	0.0000000e+00
14.63	0.0000000e+00
14.67	0.0000000e+00
14.70	0.0000000e+00
14.74	0.0000000e+00
14.77	0.0000000e+00
14.80	0.0000000e+00
14.84	0.0000000e+00
14.87	0.0000000e+00
14.91	0.0000000e+00
14.94	0.0000000e+00
14.97	0.0000000e+00
15.01	0.0000000e+00
15.04	0.0000000e+00
15.08	0.0000000e+00
15.11	0.0000000e+00
15.14	0.0000000e+00
15.18	0.0000000e+00
15.21	0.0000000e+00
15.25	0.0000000e+00
15.28	0.0000000e+00
15.31	0.0000000e+00
15.35	0.0000000e+00
15.38	0.0000000e+00
15.42	0.0000000e+00
15.45	0.0000000e+00
15.48	0.0000000e+00
15.52	0.0000000e+00
15.55	0.0000000e+00
15.59	0.0000000e+00
15.62	0.0000000e+00
15.66	0.0000000e+00
15.69	0.0000000e+00
15.72	0.0000000e+00
15.76	0.0000000e+00
15.79	0.0000000e+00
15.83	1.0542558e-274
15.86	2.3408425e-254
15.89	1.5098690e-235
15.93	3.6953842e-218
15.96	4.3933706e-202
16.00	3.1880943e-187
16.03	1.7440536e-173
16.06	8.7432264e-161
16.10	4.8113192e-149
16.13	3.4342082e-138
16.17	3.7101100e-128
16.20	6.9971831e-119
16.23	2.6287352e-110
16.27	2.2225600e-102
16.30	4.7342390e-95
16.34	2.8200487e-88
16.37	5.1734939e-82
16.40	3.1958960e-76
16.44	7.2198932e-71
16.47	6.4380522e-66
16.51	2.4318216e-61
16.54	4.1536563e-57
16.58	3.4079522e-53
16.61	1.4203598e-49
16.64	3.1667023e-46
16.68	3.9619040e-43
16.71	2.9075098e-40
16.75	1.3039412e-37
16.78	3.7118317e-35
16.81	6.9464166e-33
16.85	8.8286015e-31
16.88	7.8532689e-29
16.92	5.0273210e-27
16.95	2.3765887e-25
16.98	8.4972086e-24
17.02	2.3491340e-22
17.05	5.1255370e-21
17.09	8.9949503e-20
17.12	1.2921000e-18
17.15	1.5440612e-17
17.19	1.5580982e-16
17.22	1.3460628e-15
17.26	1.0082395e-14
17.29	6.6237020e-14
17.32	3.8566696e-13
17.36	2.0088341e-12
17.39	9.4364530e-12
17.43	4.0243949e-11
17.46	1.5657666e-10
17.49	5.5703091e-10
17.53	1.8085759e-09
17.56	5.3071556e-09
17.60	1.3707601e-08
17.63	2.9373750e-08
17.67	4.8689029e-08
17.70	6.7321483e-08
17.73	8.5345897e-08
17.77	1.0302172e-07
17.80	1.2058471e-07
17.84	1.3825147e-07
17.87	1.5622353e-07
17.90	1.7469081e-07
17.94	1.9383478e-07
17.97	2.1383123e-07
18.01	2.3485281e-07
18.04	2.5707126e-07
18.07	2.8065957e-07
18.11	3.0579393e-07
18.14	3.3265552e-07
18.18	3.6143236e-07
18.21	3.9232096e-07
18.24	4.2552804e-07
18.28	4.6127220e-07
18.31	4.9978563e-07
18.35	5.4131581e-07
18.38	5.8612731e-07
18.41	6.3450365e-07
18.45	6.8674920e-07
18.48	7.4319124e-07
18.52	8.0418210e-07
18.55	8.7010147e-07
18.59	9.4135880e-07
18.62	1.0183960e-06
18.65	1.1016900e-06
18.69	1.1917562e-06
18.72	1.2891512e-06
18.76	1.3944766e-06
18.79	1.5083827e-06
18.82	1.6315724e-06
18.86	1.7648059e-06
18.89	1.9089048e-06
18.93	2.0647581e-06
18.96	2.2333268e-06
18.99	2.4156505e-06
19.03	2.6128535e-06
19.06	2.8261519e-06
19.10	3.0568611e-06
19.13	3.3064041e-06
19.16	3.5763200e-06
19.20	3.8682737e-06
19.23	4.1840665e-06
19.27	4.5256469e-06
19.30	4.8951228e-06
19.33	5.2947746e-06
19.37	5.7270697e-06
19.40	6.1946774e-06
19.44	6.7004856e-06
19.47	7.2476190e-06
19.51	7.8394585e-06
19.54	8.4796624e-06
19.57	9.1721890e-06
19.61	9.9213219e-06
19.64	1.0731696e-05
19.68	1.1608329e-05
19.71	1.2556648e-05
19.74	1.3582529e-05
19.78	1.4692332e-05
19.81	1.5892939e-05
19.85	1.7191803e-05
19.88	1.8596988e-05
19.91	2.0117229e-05
19.95	2.1761978e-05
19.98	2.3541475e-05
20.02	2.5466804e-05
20.05	2.7549972e-05
20.08	2.9803982e-05
20.12	3.2242920e-05
20.15	3.4882047e-05
20.19	3.7737896e-05
20.22	4.0828385e-05
20.25	4.4172934e-05
20.29	4.7792592e-05
20.32	5.1710182e-05
20.36	5.5950453e-05
20.39	6.0540247e-05
20.42	6.5508688e-05
20.46	7.0887374e-05
20.49	7.6710605e-05
20.53	8.3015623e-05
20.56	8.9842872e-05
20.60	9.7236294e-05
20.63	1.0524364e-04
20.66	1.1391683e-04
20.70	1.2331233e-04
20.73	1.3349160e-04
20.77	1.4452153e-04
20.80	1.5647498e-04
20.83	1.6943138e-04
20.87	1.8347732e-04
20.90	1.9870730e-04
20.94	2.1522452e-04
20.97	2.3314173e-04
21.00	2.5258226e-04
21.04	2.7368111e-04
21.07	2.9658618e-04
21.11	3.2145967e-04
21.14	3.4847968e-04
21.17	3.7784195e-04
21.21	4.0976191e-04
21.24	4.4447695e-04
21.28	4.8224903e-04
21.31	5.2336770e-04
21.34	5.6815349e-04
21.38	6.1696185e-04
21.41	6.7018769e-04
21.45	7.2827065e-04
21.48	7.9170122e-04
21.52	8.6102781e-04
21.55	9.3686516e-04
21.58	1.0199041e-03
21.62	1.1109232e-03
21.65	1.2108025e-03
21.69	1.3205396e-03
21.72	1.4412699e-03
21.75	1.5742895e-03
21.79	1.7210841e-03
21.82	1.8833640e-03
21.86	2.0631061e-03
21.89	2.2626070e-03
21.92	2.4845478e-03
21.96	2.7320758e-03
21.99	3.0089076e-03
22.03	3.3194593e-03
22.06	3.6690150e-03
22.09	4.0639440e-03
22.13	4.5119865e-03
22.16	5.0226320e-03
22.20	5.6076288e-03
22.23	6.2816781e-03
22.26	7.0633973e-03
22.30	7.9766806e-03
22.33	9.0526605e-03
22.37	1.0332607e-02
22.40	1.1872336e-02
22.43	1.3749150e-02
22.47	1.6073307e-02
22.50	1.9008324e-02
22.54	2.2810753e-02
22.57	2.7919091e-02
22.61	3.5179410e-02
22.64	4.6465201e-02
22.67	6.6404993e-02
22.71	1.0699679e-01
22.74	1.9881629e-01
22.78	4.1388685e-01
22.81	8.9613666e-01
22.84	1.8375475e+00
22.88	3.1712938e+00
22.91	3.9453228e+00
22.95	3.6655580e+00
22.98	3.2160876e+00
23.01	2.7903252e+00
23.05	2.4102393e+00
23.08	2.0772038e+00
23.12	1.7878041e+00
23.15	1.5374287e+00
23.18	1.3213817e+00
23.22	1.1352685e+00
23.25	9.7512312e-01
23.29	8.3743143e-01
23.32	7.1911270e-01
23.35	6.1748349e-01
23.39	5.3021634e-01
23.42	4.5529835e-01
23.46	3.9099228e-01
23.49	3.3580105e-01
23.53	2.8843595e-01
23.56	2.4778862e-01
23.59	2.1290643e-01
23.63	1.8297101e-01
23.66	1.5727966e-01
23.70	1.3522918e-01
23.73	1.1630189e-01
23.76	1.0005364e-01
23.80	8.6103421e-02
23.83	7.4124422e-02
23.87	6.3836356e-02
23.90	5.4998854e-02
23.93	4.7405796e-02
23.97	4.0880431e-02
24.00	3.5271204e-02
24.04	3.0448155e-02
24.07	2.6299849e-02
24.10	2.2730727e-02
24.14	1.9658844e-02
24.17	1.7013926e-02
24.21	1.4735699e-02
24.24	1.2772468e-02
24.27	1.1079889e-02
24.31	9.6199200e-03
24.34	8.3599201e-03
24.38	7.2718810e-03
24.41	6.3317649e-03
24.44	5.5189382e-03
24.48	4.8156863e-03
24.51	4.2067979e-03
24.55	3.6792081e-03
24.58	3.2216932e-03
24.62	2.8246085e-03
24.65	2.4796641e-03
24.68	2.1797325e-03
24.72	1.9186836e-03
24.75	1.6912433e-03
24.79	1.4928723e-03
24.82	1.3196623e-03
24.85	1.1682468e-03
24.89	1.0357246e-03
24.92	9.1959437e-04
24.96	8.1769856e-04
24.99	7.2817491e-04
25.02	6.4941518e-04
25.06	5.8002967e-04
25.09	5.1881673e-04
25.13	4.6473656e-04
25.16	4.1688876e-04
25.19	3.7449308e-04
25.23	3.3687275e-04
25.26	3.0344034e-04
25.30	2.7368543e-04
25.33	2.4716413e-04
25.36	2.2349002e-04
25.40	2.0232636e-04
25.43	1.8337937e-04
25.47	1.6639249e-04
25.50	1.5114137e-04
25.54	1.3742961e-04
25.57	1.2508506e-04
25.60	1.1395663e-04
25.64	1.0391152e-04
25.67	9.4832894e-05
25.71	8.6617758e-05
25.74	7.9175239e-05
25.77	7.2425023e-05
25.81	6.6296031e-05
25.84	6.0725261e-05
25.88	5.5656789e-05
25.91	5.1040900e-05
25.94	4.6833335e-05
25.98	4.2994628e-05
26.01	3.9489540e-05
26.05	3.6286560e-05
26.08	3.3357466e-05
26.11	3.0676949e-05
26.15	2.8222279e-05
26.18	2.5973013e-05
26.22	2.3910743e-05
26.25	2.2018866e-05
26.28	2.0282394e-05
26.32	1.8687775e-05
26.35	1.7222745e-05
26.39	1.5876189e-05
26.42	1.4638024e-05
26.45	1.3499092e-05
26.49	1.2451068e-05
26.52	1.1486375e-05
26.56	1.0598113e-05
26.59	9.7799879e-06
26.63	9.0262594e-06
26.66	8.3316835e-06
26.69	7.6914679e-06
26.73	7.1012291e-06
26.76	6.5569552e-06
26.80	6.0549717e-06
26.83	5.5919111e-06
26.86	5.1646854e-06
26.90	4.7704614e-06
26.93	4.4066385e-06
26.97	4.0708281e-06
27.00	3.7608355e-06
