# NeutrinoAntineutrinoInteraction/NeutrinoAntineutrinoResonanceMuon interaction rates
# neutrino field: massive Cosmic Neutrino Background, T_CnuB = 1.94535456 K
# Produced with crpropa-data version: 60a1560e37035039ec25f414e0c42a2444bad49c
# log10(E/eV), 1/lambda [1/Mpc]
14.12	0.0000000e+00
14.16	0.0000000e+00
14.19	0.0000000e+00
14.22	0.0000000e+00
14.26	0.0000000e+00
14.29	0.0000000e+00
14.33	0.0000000e+00
14.36	0.0000000e+00
14.39	0.0000000e+00
14.43	0.0000000e+00
14.46	0.0000000e+00
14.50	0.0000000e+00
14.53	0.0000000e+00
14.57	0.0000000e+00
14.60	0.0000000e+00
14.63	0.0000000e+00
14.67	0.0000000e+00
14.70	0.0000000e+00
14.74	0.0000000e+00
14.77	0.0000000e+00
14.80	0.0000000e+00
14.84	0.0000000e+00
14.87	0.0000000e+00
14.91	0.0000000e+00
14.94	0.0000000e+00
14.97	0.0000000e+00
15.01	0.0000000e+00
15.04	0.0000000e+00
15.08	0.0000000e+00
15.11	0.0000000e+00
15.14	0.0000000e+00
15.18	0.0000000e+00
15.21	0.0000000e+00
15.25	0.0000000e+00
15.28	0.0000000e+00
15.31	0.0000000e+00
15.35	0.0000000e+00
15.38	0.0000000e+00
15.42	0.0000000e+00
15.45	0.0000000e+00
15.48	0.0000000e+00
15.52	0.0000000e+00
15.55	0.0000000e+00
15.59	0.0000000e+00
15.62	0.0000000e+00
15.66	0.0000000e+00
15.69	0.0000000e+00
15.72	0.0000000e+00
15.76	0.0000000e+00
15.79	0.0000000e+00
15.83	0.0000000e+00
15.86	0.0000000e+00
15.89	0.0000000e+00
15.93	0.0000000e+00
15.96	0.0000000e+00
16.00	0.0000000e+00
16.03	0.0000000e+00
16.06	0.0000000e+00
16.10	2.3751366e-262
16.13	4.9807176e-243
16.17	3.6402180e-225
16.20	1.1950372e-208
16.23	2.2281434e-193
16.27	2.9311060e-179
16.30	3.3248742e-166
16.34	3.9151541e-154
16.37	5.6815761e-143
16.40	1.1908356e-132
16.44	4.1748291e-123
16.47	2.8040573e-114
16.51	4.0910294e-106
16.54	1.4562179e-98
16.58	1.4081310e-91
16.61	4.0857203e-85
16.64	3.9000061e-79
16.68	1.3335728e-73
16.71	1.7674815e-68
16.75	9.7671903e-64
16.78	2.4077016e-59
16.81	2.8185554e-55
16.85	1.6603920e-51
16.88	5.1936631e-48
16.92	9.0662127e-45
16.95	9.2490774e-42
16.98	5.7552536e-39
17.02	2.2727401e-36
17.05	5.9092779e-34
17.09	1.0467576e-31
17.12	1.3039030e-29
17.15	1.1762556e-27
17.19	7.8970176e-26
17.22	4.0468260e-24
17.26	1.6204190e-22
17.29	5.1807823e-21
17.32	1.3491297e-19
17.36	2.9138830e-18
17.39	5.3052722e-17
17.43	8.2582559e-16
17.46	1.1116511e-14
17.49	1.3038509e-13
17.53	1.3341305e-12
17.56	1.1778546e-11
17.60	8.6120029e-11
17.63	4.5230560e-10
17.67	1.1901802e-09
17.70	1.9148028e-09
17.73	2.6074443e-09
17.77	3.2787249e-09
17.80	3.9382103e-09
17.84	4.5946050e-09
17.87	5.2559198e-09
17.90	5.9296201e-09
17.94	6.6227542e-09
17.97	7.3420694e-09
18.01	8.0941138e-09
18.04	8.8853298e-09
18.07	9.7221377e-09
18.11	1.0611014e-08
18.14	1.1558564e-08
18.18	1.2571589e-08
18.21	1.3657154e-08
18.24	1.4822651e-08
18.28	1.6075861e-08
18.31	1.7425016e-08
18.35	1.8878868e-08
18.38	2.0446745e-08
18.41	2.2138627e-08
18.45	2.3965208e-08
18.48	2.5937975e-08
18.52	2.8069277e-08
18.55	3.0372415e-08
18.59	3.2861720e-08
18.62	3.5552651e-08
18.65	3.8461891e-08
18.69	4.1607453e-08
18.72	4.5008792e-08
18.76	4.8686931e-08
18.79	5.2664586e-08
18.82	5.6966317e-08
18.86	6.1618665e-08
18.89	6.6650335e-08
18.93	7.2092360e-08
18.96	7.7978307e-08
18.99	8.4344472e-08
19.03	9.1230114e-08
19.06	9.8677694e-08
19.10	1.0673314e-07
19.13	1.1544613e-07
19.16	1.2487040e-07
19.20	1.3506408e-07
19.23	1.4609004e-07
19.27	1.5801632e-07
19.30	1.7091649e-07
19.33	1.8487017e-07
19.37	1.9996348e-07
19.40	2.1628962e-07
19.44	2.3394937e-07
19.47	2.5305181e-07
19.51	2.7371494e-07
19.54	2.9606644e-07
19.57	3.2024447e-07
19.61	3.4639853e-07
19.64	3.7469037e-07
19.68	4.0529507e-07
19.71	4.3840207e-07
19.74	4.7421639e-07
19.78	5.1295991e-07
19.81	5.5487281e-07
19.85	6.0021503e-07
19.88	6.4926799e-07
19.91	7.0233629e-07
19.95	7.5974975e-07
19.98	8.2186542e-07
20.02	8.8906999e-07
20.05	9.6178202e-07
20.08	1.0404549e-06
20.12	1.1255798e-06
20.15	1.2176887e-06
20.19	1.3173577e-06
20.22	1.4252115e-06
20.25	1.5419265e-06
20.29	1.6682362e-06
20.32	1.8049356e-06
20.36	1.9528864e-06
20.39	2.1130234e-06
20.42	2.2863603e-06
20.46	2.4739967e-06
20.49	2.6771260e-06
20.53	2.8970437e-06
20.56	3.1351560e-06
20.60	3.3929905e-06
20.63	3.6722062e-06
20.66	3.9746064e-06
20.70	4.3021517e-06
20.73	4.6569746e-06
20.77	5.0413954e-06
20.80	5.4579403e-06
20.83	5.9093608e-06
20.87	6.3986558e-06
20.90	6.9290953e-06
20.94	7.5042474e-06
20.97	8.1280084e-06
21.00	8.8046361e-06
21.04	9.5387869e-06
21.07	1.0335558e-05
21.11	1.1200533e-05
21.14	1.2139836e-05
21.17	1.3160191e-05
21.21	1.4268989e-05
21.24	1.5474359e-05
21.28	1.6785264e-05
21.31	1.8211593e-05
21.34	1.9764273e-05
21.38	2.1455401e-05
21.41	2.3298394e-05
21.45	2.5308153e-05
21.48	2.7501268e-05
21.52	2.9896243e-05
21.55	3.2513768e-05
21.58	3.5377030e-05
21.62	3.8512086e-05
21.65	4.1948291e-05
21.69	4.5718824e-05
21.72	4.9861295e-05
21.75	5.4418483e-05
21.79	5.9439224e-05
21.82	6.4979471e-05
21.86	7.1103607e-05
21.89	7.7886034e-05
21.92	8.5413134e-05
21.96	9.3785701e-05
21.99	1.0312198e-04
22.03	1.1356150e-04
22.06	1.2526990e-04
22.09	1.3844517e-04
22.13	1.5332569e-04
22.16	1.7020071e-04
22.20	1.8942426e-04
22.23	2.1143372e-04
22.26	2.3677503e-04
22.30	2.6613743e-04
22.33	3.0040212e-04
22.37	3.4071167e-04
22.40	3.8857124e-04
22.43	4.4599962e-04
22.47	5.1576102e-04
22.50	6.0173181e-04
22.54	7.0950329e-04
22.57	8.4741665e-04
22.61	1.0284402e-03
22.64	1.2738215e-03
22.67	1.6209217e-03
22.71	2.1427408e-03
22.74	3.0088990e-03
22.78	4.7310504e-03
22.81	9.2990624e-03
22.84	2.4933976e-02
22.88	7.5543406e-02
22.91	1.5047731e-01
22.95	1.5282036e-01
22.98	1.3581440e-01
23.01	1.1836749e-01
23.05	1.0246751e-01
23.08	8.8418301e-02
23.12	7.6158038e-02
23.15	6.5525187e-02
23.18	5.6336215e-02
23.22	4.8412406e-02
23.25	4.1589415e-02
23.29	3.5720140e-02
23.32	3.0674834e-02
23.35	2.6340043e-02
23.39	2.2617111e-02
23.42	1.9420560e-02
23.46	1.6676519e-02
23.49	1.4321271e-02
23.53	1.2299924e-02
23.56	1.0565244e-02
23.59	9.0766127e-03
23.63	7.7991258e-03
23.66	6.7028041e-03
23.70	5.7619067e-03
23.73	4.9543401e-03
23.76	4.2611448e-03
23.80	3.6660549e-03
23.83	3.1551172e-03
23.87	2.7163642e-03
23.90	2.3395318e-03
23.93	2.0158185e-03
23.97	1.7376766e-03
24.00	1.4986342e-03
24.04	1.2931418e-03
24.07	1.1164408e-03
24.10	9.6445071e-04
24.14	8.3367269e-04
24.17	7.2110611e-04
24.21	6.2417763e-04
24.24	5.4068026e-04
24.27	4.6872103e-04
24.31	4.0667611e-04
24.34	3.5315240e-04
24.38	3.0695463e-04
24.41	2.6705707e-04
24.44	2.3257941e-04
24.48	2.0276596e-04
24.51	1.7696794e-04
24.55	1.5462819e-04
24.58	1.3526817e-04
24.62	1.1847677e-04
24.65	1.0390069e-04
24.68	9.1236219e-05
24.72	8.0222252e-05
24.75	7.0634184e-05
24.79	6.2278761e-05
24.82	5.4989645e-05
24.85	4.8623610e-05
24.89	4.3057271e-05
24.92	3.8184293e-05
24.96	3.3912985e-05
24.99	3.0164247e-05
25.02	2.6869797e-05
25.06	2.3970664e-05
25.09	2.1415879e-05
25.13	1.9161368e-05
25.16	1.7168985e-05
25.19	1.5405694e-05
25.23	1.3842864e-05
25.26	1.2455656e-05
25.30	1.1222505e-05
25.33	1.0124671e-05
25.36	9.1458528e-06
25.40	8.2718569e-06
25.43	7.4903117e-06
25.47	6.7904222e-06
25.50	6.1627583e-06
25.54	5.5990722e-06
25.57	5.0921418e-06
25.60	4.6356350e-06
25.64	4.2239928e-06
25.67	3.8523281e-06
25.71	3.5163395e-06
25.74	3.2122348e-06
25.77	2.9366670e-06
25.81	2.6866769e-06
25.84	2.4596450e-06
25.88	2.2532486e-06
25.91	2.0654256e-06
25.94	1.8943422e-06
25.98	1.7383649e-06
26.01	1.5960373e-06
26.05	1.4660583e-06
26.08	1.3472642e-06
26.11	1.2386124e-06
26.15	1.1391677e-06
26.18	1.0480900e-06
26.22	9.6462344e-07
26.25	8.8808717e-07
26.28	8.1786707e-07
26.32	7.5340852e-07
26.35	6.9421000e-07
26.39	6.3981747e-07
26.42	5.8981937e-07
26.45	5.4384226e-07
26.49	5.0154692e-07
26.52	4.6262490e-07
26.56	4.2679539e-07
26.59	3.9380257e-07
26.63	3.6341318e-07
26.66	3.3541435e-07
26.69	3.0961161e-07
26.73	2.8582722e-07
26.76	2.6389858e-07
26.80	2.4367684e-07
26.83	2.2502567e-07
26.86	2.0782009e-07
26.90	1.9194550e-07
26.93	1.7729674e-07
26.97	1.6377727e-07
27.00	1.5129841e-07
