# NeutrinoAntineutrinoInteraction/NeutrinoAntineutrinoResonanceMuon interaction rates
# neutrino field: massive Cosmic Neutrino Background, T_CnuB = 1.94535456 K
# Produced with crpropa-data version: 60a1560e37035039ec25f414e0c42a2444bad49c
# log10(E/eV), 1/lambda [1/Mpc]
13.65	0.0000000e+00
13.68	0.0000000e+00
13.71	0.0000000e+00
13.75	0.0000000e+00
13.78	0.0000000e+00
13.82	0.0000000e+00
13.85	0.0000000e+00
13.88	0.0000000e+00
13.92	0.0000000e+00
13.95	0.0000000e+00
13.99	0.0000000e+00
14.02	0.0000000e+00
14.05	0.0000000e+00
14.09	0.0000000e+00
14.12	0.0000000e+00
14.16	0.0000000e+00
14.19	0.0000000e+00
14.22	0.0000000e+00
14.26	0.0000000e+00
14.29	0.0000000e+00
14.33	0.0000000e+00
14.36	0.0000000e+00
14.39	0.0000000e+00
14.43	0.0000000e+00
14.46	0.0000000e+00
14.50	0.0000000e+00
14.53	0.0000000e+00
14.57	0.0000000e+00
14.60	0.0000000e+00
14.63	0.0000000e+00
14.67	0.0000000e+00
14.70	0.0000000e+00
14.74	0.0000000e+00
14.77	0.0000000e+00
14.80	0.0000000e+00
14.84	0.0000000e+00
14.87	0.0000000e+00
14.91	0.0000000e+00
14.94	0.0000000e+00
14.97	0.0000000e+00
15.01	0.0000000e+00
15.04	0.0000000e+00
15.08	0.0000000e+00
15.11	0.0000000e+00
15.14	0.0000000e+00
15.18	0.0000000e+00
15.21	0.0000000e+00
15.25	0.0000000e+00
15.28	0.0000000e+00
15.31	0.0000000e+00
15.35	0.0000000e+00
15.38	0.0000000e+00
15.42	0.0000000e+00
15.45	0.0000000e+00
15.48	0.0000000e+00
15.52	0.0000000e+00
15.55	0.0000000e+00
15.59	0.0000000e+00
15.62	1.6689814e-269
15.66	1.8439563e-249
15.69	6.2314882e-231
15.72	8.3803066e-214
15.76	5.7203106e-198
15.79	2.4817935e-183
15.83	8.4260556e-170
15.86	2.7133738e-157
15.89	9.9000482e-146
15.93	4.8239214e-135
15.96	3.6543307e-125
16.00	4.9532770e-116
16.03	1.3679986e-107
16.06	8.6808880e-100
16.10	1.4144007e-92
16.13	6.5572106e-86
16.17	9.5115535e-80
16.20	4.7131286e-74
16.23	8.6528621e-69
16.27	6.3447478e-64
16.30	1.9917252e-59
16.34	2.8542480e-55
16.37	1.9814812e-51
16.40	7.0400117e-48
16.44	1.3467848e-44
16.47	1.4539963e-41
16.51	9.2519926e-39
16.54	3.6121388e-36
16.58	8.9803168e-34
16.61	1.4714562e-31
16.64	1.6403735e-29
16.68	1.2813105e-27
16.71	7.2061293e-26
16.75	2.9924066e-24
16.78	9.3913178e-23
16.81	2.2760360e-21
16.85	4.3454716e-20
16.88	6.6574762e-19
16.92	8.3254171e-18
16.95	8.6333166e-17
16.98	7.5328505e-16
17.02	5.6053862e-15
17.05	3.6018358e-14
17.09	2.0216477e-13
17.12	1.0017320e-12
17.15	4.4248375e-12
17.19	1.7580551e-11
17.22	6.3345742e-11
17.26	2.0854301e-10
17.29	6.3153886e-10
17.32	1.7699143e-09
17.36	4.6147672e-09
17.39	1.1244403e-08
17.43	2.5694575e-08
17.46	5.5190819e-08
17.49	1.1150173e-07
17.53	2.1147674e-07
17.56	3.7439940e-07
17.60	6.1206255e-07
17.63	9.1041765e-07
17.67	1.2241659e-06
17.70	1.5296848e-06
17.73	1.8302792e-06
17.77	2.1298823e-06
17.80	2.4321192e-06
17.84	2.7403724e-06
17.87	3.0578406e-06
17.90	3.3875907e-06
17.94	3.7326032e-06
17.97	4.0958152e-06
18.01	4.4801575e-06
18.04	4.8885903e-06
18.07	5.3241361e-06
18.11	5.7899106e-06
18.14	6.2891527e-06
18.18	6.8252536e-06
18.21	7.4017856e-06
18.24	8.0225306e-06
18.28	8.6915093e-06
18.31	9.4130106e-06
18.35	1.0191623e-05
18.38	1.1032264e-05
18.41	1.1940218e-05
18.45	1.2921167e-05
18.48	1.3981229e-05
18.52	1.5127001e-05
18.55	1.6365596e-05
18.59	1.7704692e-05
18.62	1.9152579e-05
18.65	2.0718212e-05
18.69	2.2411265e-05
18.72	2.4242197e-05
18.76	2.6222308e-05
18.79	2.8363820e-05
18.82	3.0679944e-05
18.86	3.3184967e-05
18.89	3.5894339e-05
18.93	3.8824769e-05
18.96	4.1994329e-05
18.99	4.5422566e-05
19.03	4.9130621e-05
19.06	5.3141363e-05
19.10	5.7479530e-05
19.13	6.2171882e-05
19.16	6.7247366e-05
19.20	7.2737297e-05
19.23	7.8675553e-05
19.27	8.5098782e-05
19.30	9.2046636e-05
19.33	9.9562011e-05
19.37	1.0769132e-04
19.40	1.1648478e-04
19.44	1.2599671e-04
19.47	1.3628592e-04
19.51	1.4741600e-04
19.54	1.5945579e-04
19.57	1.7247977e-04
19.61	1.8656856e-04
19.64	2.0180938e-04
19.68	2.1829665e-04
19.71	2.3613254e-04
19.74	2.5542766e-04
19.78	2.7630172e-04
19.81	2.9888432e-04
19.85	3.2331575e-04
19.88	3.4974791e-04
19.91	3.7834526e-04
19.95	4.0928591e-04
19.98	4.4276270e-04
20.02	4.7898453e-04
20.05	5.1817764e-04
20.08	5.6058715e-04
20.12	6.0647859e-04
20.15	6.5613973e-04
20.19	7.0988240e-04
20.22	7.6804464e-04
20.25	8.3099290e-04
20.29	8.9912451e-04
20.32	9.7287043e-04
20.36	1.0526981e-03
20.39	1.1391148e-03
20.42	1.2326709e-03
20.46	1.3339641e-03
20.49	1.4436433e-03
20.53	1.5624135e-03
20.56	1.6910406e-03
20.60	1.8303573e-03
20.63	1.9812693e-03
20.66	2.1447616e-03
20.70	2.3219066e-03
20.73	2.5138720e-03
20.77	2.7219304e-03
20.80	2.9474690e-03
20.83	3.1920010e-03
20.87	3.4571787e-03
20.90	3.7448069e-03
20.94	4.0568588e-03
20.97	4.3954936e-03
21.00	4.7630762e-03
21.04	5.1621992e-03
21.07	5.5957078e-03
21.11	6.0667279e-03
21.14	6.5786981e-03
21.17	7.1354058e-03
21.21	7.7410283e-03
21.24	8.4001799e-03
21.28	9.1179657e-03
21.31	9.9000436e-03
21.34	1.0752695e-02
21.38	1.1682909e-02
21.41	1.2698476e-02
21.45	1.3808101e-02
21.48	1.5021532e-02
21.52	1.6349717e-02
21.55	1.7804983e-02
21.58	1.9401248e-02
21.62	2.1154281e-02
21.65	2.3082004e-02
21.69	2.5204863e-02
21.72	2.7546269e-02
21.75	3.0133142e-02
21.79	3.2996575e-02
21.82	3.6172647e-02
21.86	3.9703443e-02
21.89	4.3638320e-02
21.92	4.8035514e-02
21.96	5.2964181e-02
21.99	5.8507023e-02
22.03	6.4763702e-02
22.06	7.1855338e-02
22.09	7.9930504e-02
22.13	8.9173346e-02
22.16	9.9814777e-02
22.20	1.1214823e-01
22.23	1.2655241e-01
22.26	1.4352545e-01
22.30	1.6373895e-01
22.33	1.8813130e-01
22.37	2.1808667e-01
22.40	2.5581487e-01
22.43	3.0520655e-01
22.47	3.7376942e-01
22.50	4.7685823e-01
22.54	6.4635676e-01
22.57	9.4713741e-01
22.61	1.5054478e+00
22.64	2.5524110e+00
22.67	4.4800384e+00
22.71	7.8907343e+00
22.74	1.3583989e+01
22.78	2.2351973e+01
22.81	3.4354486e+01
22.84	4.7865408e+01
22.88	5.8002025e+01
22.91	5.8794993e+01
22.95	5.2517385e+01
22.98	4.5699495e+01
23.01	3.9513654e+01
23.05	3.4069050e+01
23.08	2.9329455e+01
23.12	2.5225547e+01
23.15	2.1682732e+01
23.18	1.8629985e+01
23.22	1.6002745e+01
23.25	1.3743620e+01
23.29	1.1802201e+01
23.32	1.0134538e+01
23.35	8.7024835e+00
23.39	7.4730374e+00
23.42	6.4177090e+00
23.46	5.5119421e+00
23.49	4.7345960e+00
23.53	4.0674870e+00
23.56	3.4949850e+00
23.59	3.0036625e+00
23.63	2.5819888e+00
23.66	2.2200659e+00
23.70	1.9093991e+00
23.73	1.6426999e+00
23.76	1.4137158e+00
23.80	1.2170836e+00
23.83	1.0482036e+00
23.87	9.0313130e-01
23.90	7.7848385e-01
23.93	6.7136063e-01
23.97	5.7927435e-01
24.00	5.0009219e-01
24.04	4.3198526e-01
24.07	3.7338526e-01
24.10	3.2294728e-01
24.14	2.7951792e-01
24.17	2.4210798e-01
24.21	2.0986897e-01
24.24	1.8207306e-01
24.27	1.5809584e-01
24.31	1.3740158e-01
24.34	1.1953054e-01
24.38	1.0408815e-01
24.41	9.0735734e-02
24.44	7.9182498e-02
24.48	6.9178744e-02
24.51	6.0510003e-02
24.55	5.2992025e-02
24.58	4.6466478e-02
24.62	4.0797266e-02
24.65	3.5867372e-02
24.68	3.1576150e-02
24.72	2.7837007e-02
24.75	2.4575410e-02
24.79	2.1727184e-02
24.82	1.9237049e-02
24.85	1.7057362e-02
24.89	1.5147047e-02
24.92	1.3470668e-02
24.96	1.1997638e-02
24.99	1.0701543e-02
25.02	9.5595554e-03
25.06	8.5519341e-03
25.09	7.6615972e-03
25.13	6.8737515e-03
25.16	6.1755762e-03
25.19	5.5559506e-03
25.23	5.0052205e-03
25.26	4.5149972e-03
25.30	4.0779845e-03
25.33	3.6878299e-03
25.36	3.3389974e-03
25.40	3.0266566e-03
25.43	2.7465884e-03
25.47	2.4951032e-03
25.50	2.2689707e-03
25.54	2.0653589e-03
25.57	1.8817818e-03
25.60	1.7160547e-03
25.64	1.5662543e-03
25.67	1.4306857e-03
25.71	1.3078531e-03
25.74	1.1964340e-03
25.77	1.0952581e-03
25.81	1.0032879e-03
25.84	9.1960219e-04
25.88	8.4338200e-04
25.91	7.7389812e-04
25.94	7.1050025e-04
25.98	6.5260761e-04
26.01	5.9970080e-04
26.05	5.5131456e-04
26.08	5.0703161e-04
26.11	4.6647712e-04
26.15	4.2931394e-04
26.18	3.9523842e-04
26.22	3.6397669e-04
26.25	3.3528146e-04
26.28	3.0892911e-04
26.32	2.8471725e-04
26.35	2.6246242e-04
26.39	2.4199820e-04
26.42	2.2317340e-04
26.45	2.0585059e-04
26.49	1.8990465e-04
26.52	1.7522163e-04
26.56	1.6169762e-04
26.59	1.4923779e-04
26.63	1.3775553e-04
26.66	1.2717169e-04
26.69	1.1741384e-04
26.73	1.0841571e-04
26.76	1.0011659e-04
26.80	9.2460836e-05
26.83	8.5397432e-05
26.86	7.8879558e-05
26.90	7.2864235e-05
26.93	6.7311993e-05
26.97	6.2186559e-05
27.00	5.7454593e-05
