# NeutrinoAntineutrinoInteraction/NeutrinoAntineutrinoResonanceMuon interaction rates
# neutrino field: massive Cosmic Neutrino Background, T_CnuB = 1.94535456 K
# Produced with crpropa-data version: 60a1560e37035039ec25f414e0c42a2444bad49c
# log10(E/eV), 1/lambda [1/Mpc]
13.75	0.0000000e+00
13.78	0.0000000e+00
13.82	0.0000000e+00
13.85	0.0000000e+00
13.88	0.0000000e+00
13.92	0.0000000e+00
13.95	0.0000000e+00
13.99	0.0000000e+00
14.02	0.0000000e+00
14.05	0.0000000e+00
14.09	0.0000000e+00
14.12	0.0000000e+00
14.16	0.0000000e+00
14.19	0.0000000e+00
14.22	0.0000000e+00
14.26	0.0000000e+00
14.29	0.0000000e+00
14.33	0.0000000e+00
14.36	0.0000000e+00
14.39	0.0000000e+00
14.43	0.0000000e+00
14.46	0.0000000e+00
14.50	0.0000000e+00
14.53	0.0000000e+00
14.57	0.0000000e+00
14.60	0.0000000e+00
14.63	0.0000000e+00
14.67	0.0000000e+00
14.70	0.0000000e+00
14.74	0.0000000e+00
14.77	0.0000000e+00
14.80	0.0000000e+00
14.84	0.0000000e+00
14.87	0.0000000e+00
14.91	0.0000000e+00
14.94	0.0000000e+00
14.97	0.0000000e+00
15.01	0.0000000e+00
15.04	0.0000000e+00
15.08	0.0000000e+00
15.11	0.0000000e+00
15.14	0.0000000e+00
15.18	0.0000000e+00
15.21	0.0000000e+00
15.25	0.0000000e+00
15.28	0.0000000e+00
15.31	0.0000000e+00
15.35	0.0000000e+00
15.38	0.0000000e+00
15.42	0.0000000e+00
15.45	0.0000000e+00
15.48	0.0000000e+00
15.52	0.0000000e+00
15.55	0.0000000e+00
15.59	0.0000000e+00
15.62	0.0000000e+00
15.66	0.0000000e+00
15.69	0.0000000e+00
15.72	2.2956036e-264
15.76	9.3367690e-245
15.79	1.2516698e-226
15.83	7.1546718e-210
15.86	2.2124532e-194
15.89	4.6123399e-180
15.93	7.9450915e-167
15.96	1.3649214e-154
16.00	2.7828158e-143
16.03	7.9080155e-133
16.06	3.6343446e-123
16.10	3.0992620e-114
16.13	5.5687580e-106
16.17	2.3711365e-98
16.20	2.6670643e-91
16.23	8.7621434e-85
16.27	9.2260886e-79
16.30	3.3926832e-73
16.34	4.7169640e-68
16.37	2.6683936e-63
16.40	6.5731783e-59
16.44	7.5073434e-55
16.47	4.2128352e-51
16.51	1.2255523e-47
16.54	1.9421982e-44
16.58	1.7553779e-41
16.61	9.4400134e-39
16.64	3.1413823e-36
16.68	6.7073831e-34
16.71	9.5021305e-32
16.75	9.2125303e-30
16.78	6.2902421e-28
16.81	3.1059125e-26
16.85	1.1365297e-24
16.88	3.1526597e-23
16.92	6.7697500e-22
16.95	1.1473004e-20
16.98	1.5623112e-19
17.02	1.7379439e-18
17.05	1.6037360e-17
17.09	1.2451174e-16
17.12	8.2405739e-16
17.15	4.7058366e-15
17.19	2.3448573e-14
17.22	1.0301478e-13
17.26	4.0285866e-13
17.29	1.4149174e-12
17.32	4.4998942e-12
17.36	1.3057747e-11
17.39	3.4816526e-11
17.43	8.5858550e-11
17.46	1.9700754e-10
17.49	4.2297038e-10
17.53	8.5410756e-10
17.56	1.6299446e-09
17.60	2.9527030e-09
17.63	5.0984781e-09
17.67	8.4234723e-09
17.70	1.3363060e-08
17.73	2.0422402e-08
17.77	3.0158652e-08
17.80	4.3156241e-08
17.84	5.9997910e-08
17.87	8.1234957e-08
17.90	1.0736025e-07
17.94	1.3878721e-07
17.97	1.7583699e-07
18.01	2.1873497e-07
18.04	2.6761642e-07
18.07	3.2254025e-07
18.11	3.8350873e-07
18.14	4.5049102e-07
18.18	5.2344797e-07
18.21	6.0235616e-07
18.24	6.8722953e-07
18.28	7.7813758e-07
18.31	8.7521956e-07
18.35	9.7869484e-07
18.38	1.0888696e-06
18.41	1.2061409e-06
18.45	1.3309979e-06
18.48	1.4640226e-06
18.52	1.6058889e-06
18.55	1.7573621e-06
18.59	1.9192982e-06
18.62	2.0926442e-06
18.65	2.2784388e-06
18.69	2.4778146e-06
18.72	2.6920013e-06
18.76	2.9223297e-06
18.79	3.1702371e-06
18.82	3.4372740e-06
18.86	3.7251117e-06
18.89	4.0355515e-06
18.93	4.3705340e-06
18.96	4.7321509e-06
18.99	5.1226570e-06
19.03	5.5444838e-06
19.06	6.0002543e-06
19.10	6.4927989e-06
19.13	7.0251727e-06
19.16	7.6006749e-06
19.20	8.2228687e-06
19.23	8.8956035e-06
19.27	9.6230391e-06
19.30	1.0409671e-05
19.33	1.1260359e-05
19.37	1.2180357e-05
19.40	1.3175345e-05
19.44	1.4251467e-05
19.47	1.5415364e-05
19.51	1.6674220e-05
19.54	1.8035807e-05
19.57	1.9508529e-05
19.61	2.1101477e-05
19.64	2.2824486e-05
19.68	2.4688195e-05
19.71	2.6704113e-05
19.74	2.8884692e-05
19.78	3.1243405e-05
19.81	3.3794827e-05
19.85	3.6554729e-05
19.88	3.9540178e-05
19.91	4.2769637e-05
19.95	4.6263091e-05
19.98	5.0042162e-05
20.02	5.4130254e-05
20.05	5.8552694e-05
20.08	6.3336894e-05
20.12	6.8512527e-05
20.15	7.4111711e-05
20.19	8.0169214e-05
20.22	8.6722679e-05
20.25	9.3812858e-05
20.29	1.0148388e-04
20.32	1.0978353e-04
20.36	1.1876355e-04
20.39	1.2847999e-04
20.42	1.3899358e-04
20.46	1.5037007e-04
20.49	1.6268074e-04
20.53	1.7600281e-04
20.56	1.9041998e-04
20.60	2.0602296e-04
20.63	2.2291013e-04
20.66	2.4118814e-04
20.70	2.6097269e-04
20.73	2.8238927e-04
20.77	3.0557407e-04
20.80	3.3067491e-04
20.83	3.5785228e-04
20.87	3.8728047e-04
20.90	4.1914884e-04
20.94	4.5366318e-04
20.97	4.9104724e-04
21.00	5.3154436e-04
21.04	5.7541937e-04
21.07	6.2296056e-04
21.11	6.7448196e-04
21.14	7.3032583e-04
21.17	7.9086543e-04
21.21	8.5650807e-04
21.24	9.2769858e-04
21.28	1.0049231e-03
21.31	1.0887133e-03
21.34	1.1796515e-03
21.38	1.2783755e-03
21.41	1.3855851e-03
21.45	1.5020490e-03
21.48	1.6286121e-03
21.52	1.7662050e-03
21.55	1.9158536e-03
21.58	2.0786906e-03
21.62	2.2559690e-03
21.65	2.4490772e-03
21.69	2.6595565e-03
21.72	2.8891213e-03
21.75	3.1396833e-03
21.79	3.4133791e-03
21.82	3.7126026e-03
21.86	4.0400440e-03
21.89	4.3987355e-03
21.92	4.7921062e-03
21.96	5.2240480e-03
21.99	5.6989953e-03
22.03	6.2220226e-03
22.06	6.7989635e-03
22.09	7.4365597e-03
22.13	8.1426460e-03
22.16	8.9263851e-03
22.20	9.7985692e-03
22.23	1.0772010e-02
22.26	1.1862059e-02
22.30	1.3087302e-02
22.33	1.4470546e-02
22.37	1.6040254e-02
22.40	1.7832857e-02
22.43	1.9896898e-02
22.47	2.2301341e-02
22.50	2.5153235e-02
22.54	2.8635126e-02
22.57	3.3080144e-02
22.61	3.9110612e-02
22.64	4.7869072e-02
22.67	6.1361145e-02
22.71	8.2900605e-02
22.74	1.1759823e-01
22.78	1.7277809e-01
22.81	2.5815974e-01
22.84	3.8563771e-01
22.88	5.6853711e-01
22.91	8.2032538e-01
22.95	1.1528914e+00
22.98	1.5746273e+00
23.01	2.0886296e+00
23.05	2.6913453e+00
23.08	3.3719294e+00
23.12	4.1124591e+00
23.15	4.8890053e+00
23.18	5.6734217e+00
23.22	6.4356045e+00
23.25	7.1459183e+00
23.29	7.7774834e+00
23.32	8.3080654e+00
23.35	8.7213898e+00
23.39	9.0078008e+00
23.42	9.1642794e+00
23.46	9.1939107e+00
23.49	9.1049430e+00
23.53	8.9096001e+00
23.56	8.6228056e+00
23.59	8.2609503e+00
23.63	7.8408001e+00
23.66	7.3786032e+00
23.70	6.8894210e+00
23.73	6.3866782e+00
23.76	5.8819103e+00
23.80	5.3846742e+00
23.83	4.9025852e+00
23.87	4.4414429e+00
23.90	4.0054153e+00
23.93	3.5972516e+00
23.97	3.2185062e+00
24.00	2.8697561e+00
24.04	2.5508040e+00
24.07	2.2608598e+00
24.10	1.9986982e+00
24.14	1.7627918e+00
24.17	1.5514210e+00
24.21	1.3627624e+00
24.24	1.1949572e+00
24.27	1.0461645e+00
24.31	9.1459993e-01
24.34	7.9856233e-01
24.38	6.9645234e-01
24.41	6.0678283e-01
24.44	5.2818394e-01
24.48	4.5940385e-01
24.51	3.9930636e-01
24.55	3.4686624e-01
24.58	3.0116317e-01
24.62	2.6137469e-01
24.65	2.2676872e-01
24.68	1.9669586e-01
24.72	1.7058193e-01
24.75	1.4792060e-01
24.79	1.2826649e-01
24.82	1.1122874e-01
24.85	9.6464957e-02
24.89	8.3675806e-02
24.92	7.2599973e-02
24.96	6.3009680e-02
24.99	5.4706635e-02
25.02	4.7518419e-02
25.06	4.1295267e-02
25.09	3.5907207e-02
25.13	3.1241547e-02
25.16	2.7200641e-02
25.19	2.3699945e-02
25.23	2.0666291e-02
25.26	1.8036397e-02
25.30	1.5755550e-02
25.33	1.3776463e-02
25.36	1.2058283e-02
25.40	1.0565720e-02
25.43	9.2682981e-03
25.47	8.1397017e-03
25.50	7.1572089e-03
25.54	6.3012020e-03
25.57	5.5547427e-03
25.60	4.9032055e-03
25.64	4.3339601e-03
25.67	3.8360980e-03
25.71	3.4001951e-03
25.74	3.0181083e-03
25.77	2.6827987e-03
25.81	2.3881802e-03
25.84	2.1289880e-03
25.88	1.9006660e-03
25.91	1.6992693e-03
25.94	1.5213806e-03
25.98	1.3640375e-03
26.01	1.2246707e-03
26.05	1.1010498e-03
26.08	9.9123769e-04
26.11	8.9355033e-04
26.15	8.0652250e-04
26.18	7.2887825e-04
26.22	6.5950539e-04
26.25	5.9743354e-04
26.28	5.4181512e-04
26.32	4.9190903e-04
26.35	4.4706652e-04
26.39	4.0671902e-04
26.42	3.7036764e-04
26.45	3.3757403e-04
26.49	3.0795258e-04
26.52	2.8116359e-04
26.56	2.5690741e-04
26.59	2.3491936e-04
26.63	2.1496528e-04
26.66	1.9683776e-04
26.69	1.8035279e-04
26.73	1.6534687e-04
26.76	1.5167455e-04
26.80	1.3920622e-04
26.83	1.2782621e-04
26.86	1.1743115e-04
26.90	1.0792854e-04
26.93	9.9235474e-05
26.97	9.1277531e-05
27.00	8.3987836e-05
