# NeutrinoAntineutrinoInteraction/NeutrinoAntineutrinoResonanceMuon interaction rates
# neutrino field: massive Cosmic Neutrino Background, T_CnuB = 1.94535456 K
# Produced with crpropa-data version: 60a1560e37035039ec25f414e0c42a2444bad49c
# log10(E/eV), 1/lambda [1/Mpc]
13.99	0.0000000e+00
14.02	0.0000000e+00
14.05	0.0000000e+00
14.09	0.0000000e+00
14.12	0.0000000e+00
14.16	0.0000000e+00
14.19	0.0000000e+00
14.22	0.0000000e+00
14.26	0.0000000e+00
14.29	0.0000000e+00
14.33	0.0000000e+00
14.36	0.0000000e+00
14.39	0.0000000e+00
14.43	0.0000000e+00
14.46	0.0000000e+00
14.50	0.0000000e+00
14.53	0.0000000e+00
14.57	0.0000000e+00
14.60	0.0000000e+00
14.63	0.0000000e+00
14.67	0.0000000e+00
14.70	0.0000000e+00
14.74	0.0000000e+00
14.77	0.0000000e+00
14.80	0.0000000e+00
14.84	0.0000000e+00
14.87	0.0000000e+00
14.91	0.0000000e+00
14.94	0.0000000e+00
14.97	0.0000000e+00
15.01	0.0000000e+00
15.04	0.0000000e+00
15.08	0.0000000e+00
15.11	0.0000000e+00
15.14	0.0000000e+00
15.18	0.0000000e+00
15.21	0.0000000e+00
15.25	0.0000000e+00
15.28	0.0000000e+00
15.31	0.0000000e+00
15.35	0.0000000e+00
15.38	0.0000000e+00
15.42	0.0000000e+00
15.45	0.0000000e+00
15.48	0.0000000e+00
15.52	0.0000000e+00
15.55	0.0000000e+00
15.59	0.0000000e+00
15.62	0.0000000e+00
15.66	0.0000000e+00
15.69	0.0000000e+00
15.72	0.0000000e+00
15.76	0.0000000e+00
15.79	0.0000000e+00
15.83	0.0000000e+00
15.86	0.0000000e+00
15.89	0.0000000e+00
15.93	0.0000000e+00
15.96	1.4402546e-268
16.00	9.4432924e-249
16.03	1.9685864e-230
16.06	1.6924903e-213
16.10	7.6332166e-198
16.13	2.2557249e-183
16.17	5.3649085e-170
16.20	1.2419366e-157
16.23	3.3360443e-146
16.27	1.2233055e-135
16.30	7.1163913e-126
16.34	7.5463111e-117
16.37	1.6585805e-108
16.40	8.5081353e-101
16.44	1.1368596e-93
16.47	4.3796116e-87
16.51	5.3428981e-81
16.54	2.2511912e-75
16.58	3.5496138e-70
16.61	2.2557660e-65
16.64	6.1877446e-61
16.68	7.8060419e-57
16.71	4.8022791e-53
16.75	1.5209664e-49
16.78	2.6074140e-46
16.81	2.5341928e-43
16.85	1.4575129e-40
16.88	5.1609440e-38
16.92	1.1670617e-35
16.95	1.7434577e-33
16.98	1.7753267e-31
17.02	1.2684287e-29
17.05	6.5312904e-28
17.09	2.4844225e-26
17.12	7.1430578e-25
17.15	1.5854969e-23
17.19	2.7705594e-22
17.22	3.8810495e-21
17.26	4.4317791e-20
17.29	4.1896268e-19
17.32	3.3262655e-18
17.36	2.2473565e-17
17.39	1.3080920e-16
17.43	6.6339902e-16
17.46	2.9623210e-15
17.49	1.1760349e-14
17.53	4.1882692e-14
17.56	1.3492114e-13
17.60	3.9618019e-13
17.63	1.0679750e-12
17.67	2.6603819e-12
17.70	6.1615337e-12
17.73	1.3342810e-11
17.77	2.7157527e-11
17.80	5.2206091e-11
17.84	9.5211409e-11
17.87	1.6542428e-10
17.90	2.7486842e-10
17.94	4.3834485e-10
17.97	6.7314548e-10
18.01	9.9847093e-10
18.04	1.4345976e-09
18.07	2.0018826e-09
18.11	2.7197239e-09
18.14	3.6056013e-09
18.18	4.6743112e-09
18.21	5.9374790e-09
18.24	7.4033929e-09
18.28	9.0771607e-09
18.31	1.0961153e-08
18.35	1.3055667e-08
18.38	1.5359735e-08
18.41	1.7871981e-08
18.45	2.0591471e-08
18.48	2.3518476e-08
18.52	2.6655126e-08
18.55	3.0005921e-08
18.59	3.3578107e-08
18.62	3.7381930e-08
18.65	4.1430784e-08
18.69	4.5741271e-08
18.72	5.0333221e-08
18.76	5.5229670e-08
18.79	6.0456837e-08
18.82	6.6044101e-08
18.86	7.2024005e-08
18.89	7.8432283e-08
18.93	8.5307927e-08
18.96	9.2693286e-08
18.99	1.0063421e-07
19.03	1.0918023e-07
19.06	1.1838479e-07
19.10	1.2830550e-07
19.13	1.3900443e-07
19.16	1.5054849e-07
19.20	1.6300976e-07
19.23	1.7646598e-07
19.27	1.9100092e-07
19.30	2.0670500e-07
19.33	2.2367575e-07
19.37	2.4201846e-07
19.40	2.6184680e-07
19.44	2.8328356e-07
19.47	3.0646138e-07
19.51	3.3152358e-07
19.54	3.5862507e-07
19.57	3.8793327e-07
19.61	4.1962920e-07
19.64	4.5390856e-07
19.68	4.9098300e-07
19.71	5.3108136e-07
19.74	5.7445115e-07
19.78	6.2136007e-07
19.81	6.7209769e-07
19.85	7.2697720e-07
19.88	7.8633742e-07
19.91	8.5054486e-07
19.95	9.1999605e-07
19.98	9.9511995e-07
20.02	1.0763807e-06
20.05	1.1642804e-06
20.08	1.2593624e-06
20.12	1.3622146e-06
20.15	1.4734731e-06
20.19	1.5938263e-06
20.22	1.7240191e-06
20.25	1.8648578e-06
20.29	2.0172148e-06
20.32	2.1820344e-06
20.36	2.3603389e-06
20.39	2.5532345e-06
20.42	2.7619191e-06
20.46	2.9876892e-06
20.49	3.2319487e-06
20.53	3.4962176e-06
20.56	3.7821419e-06
20.60	4.0915041e-06
20.63	4.4262349e-06
20.66	4.7884255e-06
20.70	5.1803414e-06
20.73	5.6044371e-06
20.77	6.0633725e-06
20.80	6.5600303e-06
20.83	7.0975351e-06
20.87	7.6792745e-06
20.90	8.3089220e-06
20.94	8.9904616e-06
20.97	9.7282154e-06
21.00	1.0526873e-05
21.04	1.1391525e-05
21.07	1.2327696e-05
21.11	1.3341390e-05
21.14	1.4439124e-05
21.17	1.5627985e-05
21.21	1.6915675e-05
21.24	1.8310572e-05
21.28	1.9821791e-05
21.31	2.1459256e-05
21.34	2.3233774e-05
21.38	2.5157126e-05
21.41	2.7242155e-05
21.45	2.9502878e-05
21.48	3.1954598e-05
21.52	3.4614040e-05
21.55	3.7499495e-05
21.58	4.0630985e-05
21.62	4.4030448e-05
21.65	4.7721948e-05
21.69	5.1731907e-05
21.72	5.6089373e-05
21.75	6.0826324e-05
21.79	6.5978008e-05
21.82	7.1583342e-05
21.86	7.7685359e-05
21.89	8.4331731e-05
21.92	9.1575365e-05
21.96	9.9475102e-05
21.99	1.0809652e-04
22.03	1.1751291e-04
22.06	1.2780632e-04
22.09	1.3906896e-04
22.13	1.5140470e-04
22.16	1.6493095e-04
22.20	1.7978090e-04
22.23	1.9610622e-04
22.26	2.1408038e-04
22.30	2.3390267e-04
22.33	2.5580322e-04
22.37	2.8004929e-04
22.40	3.0695313e-04
22.43	3.3688218e-04
22.47	3.7027214e-04
22.50	4.0764436e-04
22.54	4.4962918e-04
22.57	4.9699845e-04
22.61	5.5071299e-04
22.64	6.1199759e-04
22.67	6.8247355e-04
22.71	7.6442086e-04
22.74	8.6133362e-04
22.78	9.7910061e-04
22.81	1.1283972e-03
22.84	1.3291556e-03
22.88	1.6181248e-03
22.91	2.0602760e-03
22.95	2.7638959e-03
22.98	3.8975942e-03
23.01	5.7054359e-03
23.05	8.5147293e-03
23.08	1.2730527e-02
23.12	1.8812283e-02
23.15	2.7231422e-02
23.18	3.8413041e-02
23.22	5.2669460e-02
23.25	7.0136348e-02
23.29	9.0722915e-02
23.32	1.1408582e-01
23.35	1.3963253e-01
23.39	1.6655479e-01
23.42	1.9388803e-01
23.46	2.2058841e-01
23.49	2.4561717e-01
23.53	2.6802142e-01
23.56	2.8700229e-01
23.59	3.0196355e-01
23.63	3.1253767e-01
23.66	3.1858932e-01
23.70	3.2019910e-01
23.73	3.1763236e-01
23.76	3.1129873e-01
23.80	3.0170774e-01
23.83	2.8942556e-01
23.87	2.7503611e-01
23.90	2.5910901e-01
23.93	2.4217524e-01
23.97	2.2471046e-01
24.00	2.0712539e-01
24.04	1.8976198e-01
24.07	1.7289421e-01
24.10	1.5673212e-01
24.14	1.4142802e-01
24.17	1.2708378e-01
24.21	1.1375864e-01
24.24	1.0147682e-01
24.27	9.0234674e-02
24.31	8.0007127e-02
24.34	7.0753255e-02
24.38	6.2421053e-02
24.41	5.4951355e-02
24.44	4.8281004e-02
24.48	4.2345339e-02
24.51	3.7080097e-02
24.55	3.2422821e-02
24.58	2.8313860e-02
24.62	2.4697029e-02
24.65	2.1520015e-02
24.68	1.8734576e-02
24.72	1.6296582e-02
24.75	1.4165943e-02
24.79	1.2306461e-02
24.82	1.0685619e-02
24.85	9.2743419e-03
24.89	8.0467349e-03
24.92	6.9798199e-03
24.96	6.0532705e-03
24.99	5.2491567e-03
25.02	4.5517018e-03
25.06	3.9470560e-03
25.09	3.4230846e-03
25.13	2.9691757e-03
25.16	2.5760637e-03
25.19	2.2356706e-03
25.23	1.9409631e-03
25.26	1.6858245e-03
25.30	1.4649410e-03
25.33	1.2737007e-03
25.36	1.1081044e-03
25.40	9.6468650e-04
25.43	8.4044607e-04
25.47	7.3278596e-04
25.50	6.3945965e-04
25.54	5.5852476e-04
25.57	4.8830252e-04
25.60	4.2734241e-04
25.64	3.7439150e-04
25.67	3.2836771e-04
25.71	2.8833665e-04
25.74	2.5349154e-04
25.77	2.2313582e-04
25.81	1.9666808e-04
25.84	1.7356900e-04
25.88	1.5339015e-04
25.91	1.3574422e-04
25.94	1.2029662e-04
25.98	1.0675825e-04
26.01	9.4879236e-05
26.05	8.4443511e-05
26.08	7.5264197e-05
26.11	6.7179576e-05
26.15	6.0049636e-05
26.18	5.3753094e-05
26.22	4.8184828e-05
26.25	4.3253664e-05
26.28	3.8880475e-05
26.32	3.4996535e-05
26.35	3.1542107e-05
26.39	2.8465220e-05
26.42	2.5720626e-05
26.45	2.3268886e-05
26.49	2.1075596e-05
26.52	1.9110708e-05
26.56	1.7347956e-05
26.59	1.5764348e-05
26.63	1.4339737e-05
26.66	1.3056450e-05
26.69	1.1898959e-05
26.73	1.0853608e-05
26.76	9.9083692e-06
26.80	9.0526336e-06
26.83	8.2770326e-06
26.86	7.5732801e-06
26.90	6.9340372e-06
26.93	6.3527944e-06
26.97	5.8237695e-06
27.00	5.3418188e-06
