# NeutrinoAntineutrinoInteraction/NeutrinoAntineutrinoResonanceMuon interaction rates
# neutrino field: massive Cosmic Neutrino Background, T_CnuB = 1.94535456 K
# Produced with crpropa-data version: 60a1560e37035039ec25f414e0c42a2444bad49c
# log10(E/eV), 1/lambda [1/Mpc]
13.85	0.0000000e+00
13.88	0.0000000e+00
13.92	0.0000000e+00
13.95	0.0000000e+00
13.99	0.0000000e+00
14.02	0.0000000e+00
14.05	0.0000000e+00
14.09	0.0000000e+00
14.12	0.0000000e+00
14.16	0.0000000e+00
14.19	0.0000000e+00
14.22	0.0000000e+00
14.26	0.0000000e+00
14.29	0.0000000e+00
14.33	0.0000000e+00
14.36	0.0000000e+00
14.39	0.0000000e+00
14.43	0.0000000e+00
14.46	0.0000000e+00
14.50	0.0000000e+00
14.53	0.0000000e+00
14.57	0.0000000e+00
14.60	0.0000000e+00
14.63	0.0000000e+00
14.67	0.0000000e+00
14.70	0.0000000e+00
14.74	0.0000000e+00
14.77	0.0000000e+00
14.80	0.0000000e+00
14.84	0.0000000e+00
14.87	0.0000000e+00
14.91	0.0000000e+00
14.94	0.0000000e+00
14.97	0.0000000e+00
15.01	0.0000000e+00
15.04	0.0000000e+00
15.08	0.0000000e+00
15.11	0.0000000e+00
15.14	0.0000000e+00
15.18	0.0000000e+00
15.21	0.0000000e+00
15.25	0.0000000e+00
15.28	0.0000000e+00
15.31	0.0000000e+00
15.35	0.0000000e+00
15.38	0.0000000e+00
15.42	0.0000000e+00
15.45	0.0000000e+00
15.48	0.0000000e+00
15.52	0.0000000e+00
15.55	0.0000000e+00
15.59	0.0000000e+00
15.62	0.0000000e+00
15.66	0.0000000e+00
15.69	0.0000000e+00
15.72	0.0000000e+00
15.76	0.0000000e+00
15.79	0.0000000e+00
15.83	9.2139114e-275
15.86	2.0236238e-254
15.89	1.2899556e-235
15.93	3.1171775e-218
15.96	3.6552937e-202
16.00	2.6133600e-187
16.03	1.4068736e-173
16.06	6.9316608e-161
16.10	3.7436895e-149
16.13	2.6186983e-138
16.17	2.7680374e-128
16.20	5.0989904e-119
16.23	1.8675644e-110
16.27	1.5363157e-102
16.30	3.1771665e-95
16.34	1.8331729e-88
16.37	3.2494271e-82
16.40	1.9343293e-76
16.44	4.1989135e-71
16.47	3.5866717e-66
16.51	1.2934985e-61
16.54	2.1019653e-57
16.58	1.6345740e-53
16.61	6.4308205e-50
16.64	1.3475728e-46
16.68	1.5773170e-43
16.71	1.0776211e-40
16.75	4.4756199e-38
16.78	1.1732997e-35
16.81	2.0101633e-33
16.85	2.3242384e-31
16.88	1.8683812e-29
16.92	1.0733019e-27
16.95	4.5194667e-26
16.98	1.4281291e-24
17.02	3.4609917e-23
17.05	6.5631757e-22
17.09	9.9215326e-21
17.12	1.2163500e-19
17.15	1.2287286e-18
17.19	1.0378978e-17
17.22	7.4311905e-17
17.26	4.5669645e-16
17.29	2.4373198e-15
17.32	1.1417840e-14
17.36	4.7420071e-14
17.39	1.7621511e-13
17.43	5.9091178e-13
17.46	1.8022670e-12
17.49	5.0360989e-12
17.53	1.2979919e-11
17.56	3.1049627e-11
17.60	6.9334233e-11
17.63	1.4529722e-10
17.67	2.8715817e-10
17.70	5.3766592e-10
17.73	9.5775171e-10
17.77	1.6293820e-09
17.80	2.6568759e-09
17.84	4.1660459e-09
17.87	6.3007595e-09
17.90	9.2168625e-09
17.94	1.3073792e-08
17.97	1.8024565e-08
18.01	2.4205105e-08
18.04	3.1724050e-08
18.07	4.0654188e-08
18.11	5.1026613e-08
18.14	6.2828478e-08
18.18	7.6004904e-08
18.21	9.0465261e-08
18.24	1.0609359e-07
18.28	1.2276248e-07
18.31	1.4034950e-07
18.35	1.5875477e-07
18.38	1.7791903e-07
18.41	1.9784277e-07
18.45	2.1861756e-07
18.48	2.4041549e-07
18.52	2.6341767e-07
18.55	2.8780583e-07
18.59	3.1376441e-07
18.62	3.4148254e-07
18.65	3.7115595e-07
18.69	4.0298877e-07
18.72	4.3719532e-07
18.76	4.7400190e-07
18.79	5.1364855e-07
18.82	5.5639087e-07
18.86	6.0250185e-07
18.89	6.5227385e-07
18.93	7.0602057e-07
18.96	7.6407913e-07
18.99	8.2681239e-07
19.03	8.9461121e-07
19.06	9.6789707e-07
19.10	1.0471247e-06
19.13	1.1327849e-06
19.16	1.2254079e-06
19.20	1.3255664e-06
19.23	1.4338793e-06
19.27	1.5510154e-06
19.30	1.6776980e-06
19.33	1.8147089e-06
19.37	1.9628934e-06
19.40	2.1231658e-06
19.44	2.2965148e-06
19.47	2.4840097e-06
19.51	2.6868072e-06
19.54	2.9061583e-06
19.57	3.1434162e-06
19.61	3.4000449e-06
19.64	3.6776278e-06
19.68	3.9778779e-06
19.71	4.3026487e-06
19.74	4.6539450e-06
19.78	5.0339359e-06
19.81	5.4449683e-06
19.85	5.8895813e-06
19.88	6.3705223e-06
19.91	6.8907638e-06
19.95	7.4535225e-06
19.98	8.0622788e-06
20.02	8.7207994e-06
20.05	9.4331602e-06
20.08	1.0203772e-05
20.12	1.1037410e-05
20.15	1.1939240e-05
20.19	1.2914856e-05
20.22	1.3970311e-05
20.25	1.5112160e-05
20.29	1.6347497e-05
20.32	1.7684004e-05
20.36	1.9129999e-05
20.39	2.0694488e-05
20.42	2.2387226e-05
20.46	2.4218777e-05
20.49	2.6200585e-05
20.53	2.8345047e-05
20.56	3.0665595e-05
20.60	3.3176784e-05
20.63	3.5894389e-05
20.66	3.8835511e-05
20.70	4.2018686e-05
20.73	4.5464019e-05
20.77	4.9193311e-05
20.80	5.3230217e-05
20.83	5.7600402e-05
20.87	6.2331722e-05
20.90	6.7454421e-05
20.94	7.3001345e-05
20.97	7.9008176e-05
21.00	8.5513692e-05
21.04	9.2560050e-05
21.07	1.0019310e-04
21.11	1.0846274e-04
21.14	1.1742328e-04
21.17	1.2713388e-04
21.21	1.3765901e-04
21.24	1.4906897e-04
21.28	1.6144048e-04
21.31	1.7485731e-04
21.34	1.8941098e-04
21.38	2.0520161e-04
21.41	2.2233879e-04
21.45	2.4094258e-04
21.48	2.6114467e-04
21.52	2.8308964e-04
21.55	3.0693644e-04
21.58	3.3286001e-04
21.62	3.6105319e-04
21.65	3.9172883e-04
21.69	4.2512224e-04
21.72	4.6149404e-04
21.75	5.0113337e-04
21.79	5.4436171e-04
21.82	5.9153716e-04
21.86	6.4305965e-04
21.89	6.9937682e-04
21.92	7.6099114e-04
21.96	8.2846817e-04
21.99	9.0244651e-04
22.03	9.8364966e-04
22.06	1.0729002e-03
22.09	1.1711372e-03
22.13	1.2794371e-03
22.16	1.3990396e-03
22.20	1.5313799e-03
22.23	1.6781285e-03
22.26	1.8412419e-03
22.30	2.0230271e-03
22.33	2.2262254e-03
22.37	2.4541221e-03
22.40	2.7106939e-03
22.43	3.0008116e-03
22.47	3.3305288e-03
22.50	3.7075242e-03
22.54	4.1418415e-03
22.57	4.6472881e-03
22.61	5.2443234e-03
22.64	5.9662208e-03
22.67	6.8718739e-03
22.71	8.0707100e-03
22.74	9.7670097e-03
22.78	1.2330935e-02
22.81	1.6399733e-02
22.84	2.3003484e-02
22.88	3.3696008e-02
22.91	5.0656575e-02
22.95	7.6717640e-02
22.98	1.1527396e-01
23.01	1.7004261e-01
23.05	2.4467021e-01
23.08	3.4221754e-01
23.12	4.6458337e-01
23.15	6.1195123e-01
23.18	7.8234878e-01
23.22	9.7139993e-01
23.25	1.1723263e+00
23.29	1.3762239e+00
23.32	1.5726087e+00
23.35	1.7501914e+00
23.39	1.8978188e+00
23.42	2.0054953e+00
23.46	2.0653867e+00
23.49	2.0727035e+00
23.53	2.0263642e+00
23.56	1.9293654e+00
23.59	1.7888264e+00
23.63	1.6157657e+00
23.66	1.4248709e+00
23.70	1.2351269e+00
23.73	1.0643861e+00
23.76	9.1576887e-01
23.80	7.8729393e-01
23.83	6.7654539e-01
23.87	5.8122423e-01
23.90	4.9925901e-01
23.93	4.2882226e-01
23.97	3.6831820e-01
24.00	3.1636148e-01
24.04	2.7175365e-01
24.07	2.3346041e-01
24.10	2.0059057e-01
24.14	1.7237712e-01
24.17	1.4816053e-01
24.21	1.2737404e-01
24.24	1.0953082e-01
24.27	9.4212919e-02
24.31	8.1061592e-02
24.34	6.9768992e-02
24.38	6.0071000e-02
24.41	5.1741048e-02
24.44	4.4584801e-02
24.48	3.8435584e-02
24.51	3.3150454e-02
24.55	2.8606824e-02
24.58	2.4699570e-02
24.62	2.1338536e-02
24.65	1.8446408e-02
24.68	1.5956880e-02
24.72	1.3813083e-02
24.75	1.1966240e-02
24.79	1.0374511e-02
24.82	9.0020035e-03
24.85	7.8179222e-03
24.89	6.7958445e-03
24.92	5.9130948e-03
24.96	5.1502107e-03
24.99	4.4904848e-03
25.02	3.9195723e-03
25.06	3.4251543e-03
25.09	2.9966492e-03
25.13	2.6249660e-03
25.16	2.3022918e-03
25.19	2.0219106e-03
25.23	1.7780475e-03
25.26	1.5657351e-03
25.30	1.3806993e-03
25.33	1.2192609e-03
25.36	1.0782518e-03
25.40	9.5494259e-04
25.43	8.4698094e-04
25.47	7.5233839e-04
25.50	6.6926487e-04
25.54	5.9624963e-04
25.57	5.3198781e-04
25.60	4.7535158e-04
25.64	4.2536557e-04
25.67	3.8118556e-04
25.71	3.4208041e-04
25.74	3.0741631e-04
25.77	2.7664345e-04
25.81	2.4928440e-04
25.84	2.2492428e-04
25.88	2.0320213e-04
25.91	1.8380365e-04
25.94	1.6645486e-04
25.98	1.5091666e-04
26.01	1.3698016e-04
26.05	1.2446264e-04
26.08	1.1320409e-04
26.11	1.0306420e-04
26.15	9.3919774e-05
26.18	8.5662493e-05
26.22	7.8197006e-05
26.25	7.1439250e-05
26.28	6.5315007e-05
26.32	5.9758658e-05
26.35	5.4712106e-05
26.39	5.0123833e-05
26.42	4.5948090e-05
26.45	4.2144188e-05
26.49	3.8675889e-05
26.52	3.5510866e-05
26.56	3.2620242e-05
26.59	2.9978183e-05
26.63	2.7561543e-05
26.66	2.5349555e-05
26.69	2.3323561e-05
26.73	2.1466774e-05
26.76	1.9764072e-05
26.80	1.8201812e-05
26.83	1.6767672e-05
26.86	1.5450508e-05
26.90	1.4240229e-05
26.93	1.3127689e-05
26.97	1.2104587e-05
27.00	1.1163383e-05
