# NeutrinoAntineutrinoInteraction/NeutrinoAntineutrinoResonanceMuon interaction rates
# neutrino field: massive Cosmic Neutrino Background, T_CnuB = 1.94535456 K
# Produced with crpropa-data version: 60a1560e37035039ec25f414e0c42a2444bad49c
# log10(E/eV), 1/lambda [1/Mpc]
13.44	0.0000000e+00
13.47	0.0000000e+00
13.51	0.0000000e+00
13.54	0.0000000e+00
13.58	0.0000000e+00
13.61	0.0000000e+00
13.65	0.0000000e+00
13.68	0.0000000e+00
13.71	0.0000000e+00
13.75	0.0000000e+00
13.78	0.0000000e+00
13.82	0.0000000e+00
13.85	0.0000000e+00
13.88	0.0000000e+00
13.92	0.0000000e+00
13.95	0.0000000e+00
13.99	0.0000000e+00
14.02	0.0000000e+00
14.05	0.0000000e+00
14.09	0.0000000e+00
14.12	0.0000000e+00
14.16	0.0000000e+00
14.19	0.0000000e+00
14.22	0.0000000e+00
14.26	0.0000000e+00
14.29	0.0000000e+00
14.33	0.0000000e+00
14.36	0.0000000e+00
14.39	0.0000000e+00
14.43	0.0000000e+00
14.46	0.0000000e+00
14.50	0.0000000e+00
14.53	0.0000000e+00
14.57	0.0000000e+00
14.60	0.0000000e+00
14.63	0.0000000e+00
14.67	0.0000000e+00
14.70	0.0000000e+00
14.74	0.0000000e+00
14.77	0.0000000e+00
14.80	0.0000000e+00
14.84	0.0000000e+00
14.87	0.0000000e+00
14.91	0.0000000e+00
14.94	0.0000000e+00
14.97	0.0000000e+00
15.01	0.0000000e+00
15.04	0.0000000e+00
15.08	0.0000000e+00
15.11	0.0000000e+00
15.14	0.0000000e+00
15.18	0.0000000e+00
15.21	0.0000000e+00
15.25	0.0000000e+00
15.28	0.0000000e+00
15.31	0.0000000e+00
15.35	0.0000000e+00
15.38	0.0000000e+00
15.42	2.0865862e-272
15.45	4.6581588e-252
15.48	3.0143775e-233
15.52	7.3859925e-216
15.55	8.7723766e-200
15.59	6.3459886e-185
15.62	3.4534177e-171
15.66	1.7184747e-158
15.69	9.3661683e-147
15.72	6.6065213e-136
15.76	7.0368114e-126
15.79	1.3053189e-116
15.83	4.8113527e-108
15.86	3.9808798e-100
15.89	8.2757815e-93
15.93	4.7975617e-86
15.96	8.5400928e-80
16.00	5.1030167e-74
16.03	1.1114423e-68
16.06	9.5217547e-64
16.10	3.4426823e-59
16.13	5.6066042e-55
16.17	4.3678367e-51
16.20	1.7209385e-47
16.23	3.6102966e-44
16.27	4.2292155e-41
16.30	2.8908061e-38
16.34	1.2008331e-35
16.37	3.1476145e-33
16.40	5.3903264e-31
16.44	6.2279408e-29
16.47	5.0012519e-27
16.51	2.8691548e-25
16.54	1.2061660e-23
16.58	3.8040256e-22
16.61	9.1981381e-21
16.64	1.7398144e-19
16.68	2.6225393e-18
16.71	3.2049381e-17
16.75	3.2262430e-16
16.78	2.7147937e-15
16.81	1.9357173e-14
16.85	1.1843287e-13
16.88	6.2903961e-13
16.92	2.9317768e-12
16.95	1.2110242e-11
16.98	4.4744770e-11
17.02	1.4914170e-10
17.05	4.5200890e-10
17.09	1.2547425e-09
17.12	3.2118474e-09
17.15	7.6289187e-09
17.19	1.6911909e-08
17.22	3.5178025e-08
17.26	6.9000913e-08
17.29	1.2821498e-07
17.32	2.2665831e-07
17.36	3.8270580e-07
17.39	6.1944649e-07
17.43	9.6439601e-07
17.46	1.4487012e-06
17.49	2.1058758e-06
17.53	2.9701865e-06
17.56	4.0748680e-06
17.60	5.4503778e-06
17.63	7.1228963e-06
17.67	9.1132421e-06
17.70	1.1436313e-05
17.73	1.4101097e-05
17.77	1.7111217e-05
17.80	2.0465940e-05
17.84	2.4161496e-05
17.87	2.8192597e-05
17.90	3.2553981e-05
17.94	3.7241885e-05
17.97	4.2255336e-05
18.01	4.7597214e-05
18.04	5.3275062e-05
18.07	5.9301651e-05
18.11	6.5695325e-05
18.14	7.2480164e-05
18.18	7.9686023e-05
18.21	8.7348478e-05
18.24	9.5508735e-05
18.28	1.0421353e-04
18.31	1.1351506e-04
18.35	1.2347093e-04
18.38	1.3414425e-04
18.41	1.4560374e-04
18.45	1.5792427e-04
18.48	1.7118672e-04
18.52	1.8547720e-04
18.55	2.0088754e-04
18.59	2.1751587e-04
18.62	2.3546741e-04
18.65	2.5485509e-04
18.69	2.7580037e-04
18.72	2.9843401e-04
18.76	3.2289693e-04
18.79	3.4934111e-04
18.82	3.7793056e-04
18.86	4.0884235e-04
18.89	4.4226778e-04
18.93	4.7841348e-04
18.96	5.1750281e-04
18.99	5.5977719e-04
19.03	6.0549761e-04
19.06	6.5494630e-04
19.10	7.0842842e-04
19.13	7.6627401e-04
19.16	8.2884001e-04
19.20	8.9651250e-04
19.23	9.6970908e-04
19.27	1.0488815e-03
19.30	1.1345183e-03
19.33	1.2271482e-03
19.37	1.3273431e-03
19.40	1.4357216e-03
19.44	1.5529530e-03
19.47	1.6797617e-03
19.51	1.8169311e-03
19.54	1.9653091e-03
19.57	2.1258130e-03
19.61	2.2994355e-03
19.64	2.4872509e-03
19.68	2.6904215e-03
19.71	2.9102054e-03
19.74	3.1479641e-03
19.78	3.4051713e-03
19.81	3.6834220e-03
19.85	3.9844427e-03
19.88	4.3101025e-03
19.91	4.6624247e-03
19.95	5.0435999e-03
19.98	5.4560002e-03
20.02	5.9021940e-03
20.05	6.3849630e-03
20.08	6.9073198e-03
20.12	7.4725276e-03
20.15	8.0841216e-03
20.19	8.7459320e-03
20.22	9.4621093e-03
20.25	1.0237152e-02
20.29	1.1075935e-02
20.32	1.1983745e-02
20.36	1.2966313e-02
20.39	1.4029857e-02
20.42	1.5181120e-02
20.46	1.6427419e-02
20.49	1.7776697e-02
20.53	1.9237575e-02
20.56	2.0819419e-02
20.60	2.2532399e-02
20.63	2.4387570e-02
20.66	2.6396950e-02
20.70	2.8573609e-02
20.73	3.0931767e-02
20.77	3.3486907e-02
20.80	3.6255888e-02
20.83	3.9257085e-02
20.87	4.2510535e-02
20.90	4.6038099e-02
20.94	4.9863649e-02
20.97	5.4013268e-02
21.00	5.8515484e-02
21.04	6.3401520e-02
21.07	6.8705587e-02
21.11	7.4465206e-02
21.14	8.0721572e-02
21.17	8.7519972e-02
21.21	9.4910250e-02
21.24	1.0294735e-01
21.28	1.1169191e-01
21.31	1.2121099e-01
21.34	1.3157886e-01
21.38	1.4287793e-01
21.41	1.5519981e-01
21.45	1.6864663e-01
21.48	1.8333242e-01
21.52	1.9938489e-01
21.55	2.1694743e-01
21.58	2.3618152e-01
21.62	2.5726964e-01
21.65	2.8041863e-01
21.69	3.0586393e-01
21.72	3.3387459e-01
21.75	3.6475947e-01
21.79	3.9887488e-01
21.82	4.3663414e-01
21.86	4.7851955e-01
21.89	5.2509771e-01
21.92	5.7703930e-01
21.96	6.3514494e-01
21.99	7.0037996e-01
22.03	7.7392199e-01
22.06	8.5722920e-01
22.09	9.5214482e-01
22.13	1.0610741e+00
22.16	1.1873215e+00
22.20	1.3357933e+00
22.23	1.5144976e+00
22.26	1.7376507e+00
22.30	2.0316673e+00
22.33	2.4456821e+00
22.37	3.0681261e+00
22.40	4.0498094e+00
22.43	5.6316928e+00
22.47	8.1723253e+00
22.50	1.2166752e+01
22.54	1.8246959e+01
22.57	2.7154954e+01
22.61	3.9683836e+01
22.64	5.6589110e+01
22.67	7.8480140e+01
22.71	1.0570793e+02
22.74	1.3826838e+02
22.78	1.7573897e+02
22.81	2.1726168e+02
22.84	2.6157743e+02
22.88	3.0710873e+02
22.91	3.5207978e+02
22.95	3.9465821e+02
22.98	4.3310029e+02
23.01	4.6588229e+02
23.05	4.9180413e+02
23.08	5.1005633e+02
23.12	5.2024709e+02
23.15	5.2239156e+02
23.18	5.1686969e+02
23.22	5.0436150e+02
23.25	4.8576971e+02
23.29	4.6213905e+02
23.32	4.3457988e+02
23.35	4.0420175e+02
23.39	3.7205991e+02
23.42	3.3911614e+02
23.46	3.0621334e+02
23.49	2.7406239e+02
23.53	2.4323925e+02
23.56	2.1419010e+02
23.59	1.8724269e+02
23.63	1.6262290e+02
23.66	1.4047823e+02
23.70	1.2091840e+02
23.73	1.0395727e+02
23.76	8.9346258e+01
23.80	7.6780199e+01
23.83	6.5980933e+01
23.87	5.6703926e+01
23.90	4.8736577e+01
23.93	4.1894980e+01
23.97	3.6020494e+01
24.00	3.0976502e+01
24.04	2.6645491e+01
24.07	2.2926461e+01
24.10	1.9732650e+01
24.14	1.6989559e+01
24.17	1.4633243e+01
24.21	1.2608823e+01
24.24	1.0869214e+01
24.27	9.3740212e+00
24.31	8.0885913e+00
24.34	6.9832012e+00
24.38	6.0323555e+00
24.41	5.2141864e+00
24.44	4.5099369e+00
24.48	3.9035179e+00
24.51	3.3811285e+00
24.55	2.9309295e+00
24.58	2.5427637e+00
24.62	2.2079165e+00
24.65	1.9189100e+00
24.68	1.6693266e+00
24.72	1.4536580e+00
24.75	1.2671755e+00
24.79	1.1058193e+00
24.82	9.6610269e-01
24.85	8.4503097e-01
24.89	7.4003118e-01
24.92	6.4889223e-01
24.96	5.6971351e-01
24.99	5.0086078e-01
25.02	4.4092840e-01
25.06	3.8870697e-01
25.09	3.4315552e-01
25.13	3.0337771e-01
25.16	2.6860142e-01
25.19	2.3816121e-01
25.23	2.1148335e-01
25.26	1.8807287e-01
25.30	1.6750257e-01
25.33	1.4940347e-01
25.36	1.3345673e-01
25.40	1.1938661e-01
25.43	1.0695451e-01
25.47	9.5953807e-02
25.50	8.6205421e-02
25.54	7.7554025e-02
25.57	6.9864772e-02
25.60	6.3020493e-02
25.64	5.6919280e-02
25.67	5.1472412e-02
25.71	4.6602563e-02
25.74	4.2242272e-02
25.77	3.8332614e-02
25.81	3.4822058e-02
25.84	3.1665491e-02
25.88	2.8823361e-02
25.91	2.6260952e-02
25.94	2.3947753e-02
25.98	2.1856909e-02
26.01	1.9964750e-02
26.05	1.8250387e-02
26.08	1.6695357e-02
26.11	1.5283317e-02
26.15	1.3999779e-02
26.18	1.2831882e-02
26.22	1.1768193e-02
26.25	1.0798529e-02
26.28	9.9138118e-03
26.32	9.1059333e-03
26.35	8.3676420e-03
26.39	7.6924434e-03
26.42	7.0745120e-03
26.45	6.5086155e-03
26.49	5.9900478e-03
26.52	5.5145701e-03
26.56	5.0783599e-03
26.59	4.6779653e-03
26.63	4.3102655e-03
26.66	3.9724354e-03
26.69	3.6619147e-03
26.73	3.3763805e-03
26.76	3.1137230e-03
26.80	2.8720238e-03
26.83	2.6495373e-03
26.86	2.4446729e-03
26.90	2.2559807e-03
26.93	2.0821373e-03
26.97	1.9219340e-03
27.00	1.7742663e-03
