# NeutrinoAntineutrinoInteraction/NeutrinoAntineutrinoZProduction interaction rates
# neutrino field: massive Cosmic Neutrino Background, T_CnuB = 1.94535456 K
# Produced with crpropa-data version: 60a1560e37035039ec25f414e0c42a2444bad49c
# log10(E/eV), 1/lambda [1/Mpc]
20.15	0.0000000e+00
20.19	0.0000000e+00
20.22	0.0000000e+00
20.25	0.0000000e+00
20.29	0.0000000e+00
20.32	0.0000000e+00
20.36	0.0000000e+00
20.39	0.0000000e+00
20.42	0.0000000e+00
20.46	0.0000000e+00
20.49	0.0000000e+00
20.53	0.0000000e+00
20.56	0.0000000e+00
20.60	0.0000000e+00
20.63	0.0000000e+00
20.66	0.0000000e+00
20.70	0.0000000e+00
20.73	0.0000000e+00
20.77	0.0000000e+00
20.80	0.0000000e+00
20.83	0.0000000e+00
20.87	0.0000000e+00
20.90	0.0000000e+00
20.94	0.0000000e+00
20.97	0.0000000e+00
21.00	0.0000000e+00
21.04	0.0000000e+00
21.07	0.0000000e+00
21.11	0.0000000e+00
21.14	0.0000000e+00
21.17	0.0000000e+00
21.21	0.0000000e+00
21.24	0.0000000e+00
21.28	0.0000000e+00
21.31	0.0000000e+00
21.34	0.0000000e+00
21.38	0.0000000e+00
21.41	0.0000000e+00
21.45	0.0000000e+00
21.48	0.0000000e+00
21.52	0.0000000e+00
21.55	0.0000000e+00
21.58	0.0000000e+00
21.62	0.0000000e+00
21.65	0.0000000e+00
21.69	0.0000000e+00
21.72	0.0000000e+00
21.75	0.0000000e+00
21.79	0.0000000e+00
21.82	0.0000000e+00
21.86	0.0000000e+00
21.89	0.0000000e+00
21.92	0.0000000e+00
21.96	0.0000000e+00
21.99	0.0000000e+00
22.03	0.0000000e+00
22.06	0.0000000e+00
22.09	2.4006312e-291
22.13	1.4951399e-269
22.16	2.0873067e-249
22.20	8.7797815e-231
22.23	1.4492347e-213
22.26	1.1985561e-197
22.30	6.2250852e-183
22.33	2.5020832e-169
22.37	9.4403465e-157
22.40	3.9970382e-145
22.43	2.2399526e-134
22.47	1.9353895e-124
22.50	2.9689761e-115
22.54	9.2132245e-107
22.57	6.5248126e-99
22.61	1.1789898e-91
22.64	6.0258650e-85
22.67	9.5829902e-79
22.71	5.1789057e-73
22.74	1.0318748e-67
22.78	8.1732787e-63
22.81	2.7593529e-58
22.84	4.2348724e-54
22.88	3.1359379e-50
22.91	1.1838893e-46
22.95	2.3976815e-43
22.98	2.7306284e-40
23.01	1.8265770e-37
23.05	7.4714861e-35
23.08	1.9397345e-32
23.12	3.3082562e-30
23.15	3.8265490e-28
23.18	3.0914039e-26
23.22	1.7925501e-24
23.25	7.6505182e-23
23.29	2.4599621e-21
23.32	6.0888725e-20
23.35	1.1834915e-18
23.39	1.8399699e-17
23.42	2.3273860e-16
23.46	2.4331849e-15
23.49	2.1332955e-14
23.53	1.5897828e-13
23.56	1.0196085e-12
23.59	5.6927816e-12
23.63	2.7965034e-11
23.66	1.2205486e-10
23.70	4.7759747e-10
23.73	1.6894512e-09
23.76	5.4441040e-09
23.80	1.6093588e-08
23.83	4.3925482e-08
23.87	1.1134313e-07
23.90	2.6351324e-07
23.93	5.8507100e-07
23.97	1.2238271e-06
24.00	2.4206160e-06
24.04	4.5408718e-06
24.07	8.0974922e-06
24.10	1.3745192e-05
24.14	2.2213507e-05
24.17	3.4132096e-05
24.21	4.9704979e-05
24.24	6.8260448e-05
24.27	8.7925124e-05
24.31	1.0608947e-04
24.34	1.2122886e-04
24.38	1.3312670e-04
24.41	1.4199401e-04
24.44	1.4818259e-04
24.48	1.5207713e-04
24.51	1.5404829e-04
24.55	1.5443297e-04
24.58	1.5352743e-04
24.62	1.5158693e-04
24.65	1.4882827e-04
24.68	1.4543374e-04
24.72	1.4155535e-04
24.75	1.3731905e-04
24.79	1.3282858e-04
24.82	1.2816892e-04
24.85	1.2340931e-04
24.89	1.1860584e-04
24.92	1.1380366e-04
24.96	1.0903886e-04
24.99	1.0434000e-04
25.02	9.9729495e-05
25.06	9.5224626e-05
25.09	9.0838506e-05
25.13	8.6580813e-05
25.16	8.2458419e-05
25.19	7.8475904e-05
25.23	7.4635988e-05
25.26	7.0939876e-05
25.30	6.7387553e-05
25.33	6.3978025e-05
25.36	6.0709511e-05
25.40	5.7579612e-05
25.43	5.4585437e-05
25.47	5.1723724e-05
25.50	4.8990921e-05
25.54	4.6383267e-05
25.57	4.3896851e-05
25.60	4.1527663e-05
25.64	3.9271638e-05
25.67	3.7124686e-05
25.71	3.5082725e-05
25.74	3.3141699e-05
25.77	3.1297600e-05
25.81	2.9546484e-05
25.84	2.7884478e-05
25.88	2.6307795e-05
25.91	2.4812742e-05
25.94	2.3395719e-05
25.98	2.2053232e-05
26.01	2.0781890e-05
26.05	1.9578413e-05
26.08	1.8439626e-05
26.11	1.7362467e-05
26.15	1.6343982e-05
26.18	1.5381327e-05
26.22	1.4471764e-05
26.25	1.3612664e-05
26.28	1.2801504e-05
26.32	1.2035861e-05
26.35	1.1313414e-05
26.39	1.0631943e-05
26.42	9.9893223e-06
26.45	9.3835192e-06
26.49	8.8125932e-06
26.52	8.2746916e-06
26.56	7.7680471e-06
26.59	7.2909748e-06
26.63	6.8418699e-06
26.66	6.4192043e-06
26.69	6.0215240e-06
26.73	5.6474464e-06
26.76	5.2956575e-06
26.80	4.9649091e-06
26.83	4.6540162e-06
26.86	4.3618542e-06
26.90	4.0873566e-06
26.93	3.8295124e-06
26.97	3.5873636e-06
27.00	3.3600029e-06
