# NeutrinoAntineutrinoInteraction/NeutrinoAntineutrinoZProduction interaction rates
# neutrino field: massive Cosmic Neutrino Background, T_CnuB = 1.94535456 K
# Produced with crpropa-data version: 60a1560e37035039ec25f414e0c42a2444bad49c
# log10(E/eV), 1/lambda [1/Mpc]
19.51	0.0000000e+00
19.54	0.0000000e+00
19.57	0.0000000e+00
19.61	0.0000000e+00
19.64	0.0000000e+00
19.68	0.0000000e+00
19.71	0.0000000e+00
19.74	0.0000000e+00
19.78	0.0000000e+00
19.81	0.0000000e+00
19.85	0.0000000e+00
19.88	0.0000000e+00
19.91	0.0000000e+00
19.95	0.0000000e+00
19.98	0.0000000e+00
20.02	0.0000000e+00
20.05	0.0000000e+00
20.08	0.0000000e+00
20.12	0.0000000e+00
20.15	0.0000000e+00
20.19	0.0000000e+00
20.22	0.0000000e+00
20.25	0.0000000e+00
20.29	0.0000000e+00
20.32	0.0000000e+00
20.36	0.0000000e+00
20.39	0.0000000e+00
20.42	0.0000000e+00
20.46	0.0000000e+00
20.49	0.0000000e+00
20.53	0.0000000e+00
20.56	0.0000000e+00
20.60	0.0000000e+00
20.63	0.0000000e+00
20.66	0.0000000e+00
20.70	0.0000000e+00
20.73	0.0000000e+00
20.77	0.0000000e+00
20.80	0.0000000e+00
20.83	0.0000000e+00
20.87	0.0000000e+00
20.90	0.0000000e+00
20.94	0.0000000e+00
20.97	0.0000000e+00
21.00	0.0000000e+00
21.04	0.0000000e+00
21.07	0.0000000e+00
21.11	0.0000000e+00
21.14	0.0000000e+00
21.17	0.0000000e+00
21.21	0.0000000e+00
21.24	0.0000000e+00
21.28	0.0000000e+00
21.31	0.0000000e+00
21.34	0.0000000e+00
21.38	0.0000000e+00
21.41	0.0000000e+00
21.45	0.0000000e+00
21.48	2.9244070e-272
21.52	1.2646600e-251
21.55	1.5125006e-232
21.58	6.5578589e-215
21.62	1.3239233e-198
21.65	1.5685093e-183
21.69	1.3506491e-169
21.72	1.0302133e-156
21.75	8.3571502e-145
21.79	8.5380948e-134
21.82	1.2844611e-123
21.86	3.2877721e-114
21.89	1.6365577e-105
21.92	1.7925017e-97
21.96	4.8427091e-90
21.99	3.5865510e-83
22.03	8.0283171e-77
22.06	5.9447114e-71
22.09	1.5828428e-65
22.13	1.6370159e-60
22.16	7.0624427e-56
22.20	1.3576416e-51
22.23	1.2360140e-47
22.26	5.6383400e-44
22.30	1.3576967e-40
22.33	1.8109387e-37
22.37	1.3989452e-34
22.40	6.5219873e-32
22.43	1.9062406e-29
22.47	3.6181125e-27
22.50	4.6070925e-25
22.54	4.0558257e-23
22.57	2.5381632e-21
22.61	1.1585533e-19
22.64	3.9499699e-18
22.67	1.0282487e-16
22.71	2.0857086e-15
22.74	3.3590637e-14
22.78	4.3705274e-13
22.81	4.6684492e-12
22.84	4.1550870e-11
22.88	3.1240281e-10
22.91	2.0094884e-09
22.95	1.1188818e-08
22.98	5.4515335e-08
23.01	2.3476911e-07
23.05	9.0193309e-07
23.08	3.1177282e-06
23.12	9.7739774e-06
23.15	2.7993200e-05
23.18	7.3743026e-05
23.22	1.7980170e-04
23.25	4.0811560e-04
23.29	8.6698532e-04
23.32	1.7323136e-03
23.35	3.2704855e-03
23.39	5.8587260e-03
23.42	9.9975667e-03
23.46	1.6309901e-02
23.49	2.5522324e-02
23.53	3.8426957e-02
23.56	5.5825301e-02
23.59	7.8459069e-02
23.63	1.0693571e-01
23.66	1.4165780e-01
23.70	1.8276532e-01
23.73	2.3009842e-01
23.76	2.8318517e-01
23.80	3.4125579e-01
23.83	4.0328135e-01
23.87	4.6803204e-01
23.90	5.3414835e-01
23.93	6.0021768e-01
23.97	6.6484906e-01
24.00	7.2673995e-01
24.04	7.8473051e-01
24.07	8.3784303e-01
24.10	8.8530566e-01
24.14	9.2656132e-01
24.17	9.6126384e-01
24.21	9.8926388e-01
24.24	1.0105875e+00
24.27	1.0254103e+00
24.31	1.0340294e+00
24.34	1.0368354e+00
24.38	1.0342859e+00
24.41	1.0268818e+00
24.44	1.0151459e+00
24.48	9.9960605e-01
24.51	9.8078067e-01
24.55	9.5916833e-01
24.58	9.3523967e-01
24.62	9.0943204e-01
24.65	8.8214630e-01
24.68	8.5374527e-01
24.72	8.2455358e-01
24.75	7.9485858e-01
24.79	7.6491194e-01
24.82	7.3493182e-01
24.85	7.0510534e-01
24.89	6.7559125e-01
24.92	6.4652257e-01
24.96	6.1800934e-01
24.99	5.9014109e-01
25.02	5.6298931e-01
25.06	5.3660968e-01
25.09	5.1104414e-01
25.13	4.8632277e-01
25.16	4.6246544e-01
25.19	4.3948334e-01
25.23	4.1738033e-01
25.26	3.9615407e-01
25.30	3.7579708e-01
25.33	3.5629765e-01
25.36	3.3764056e-01
25.40	3.1980782e-01
25.43	3.0277922e-01
25.47	2.8653280e-01
25.50	2.7104532e-01
25.54	2.5629261e-01
25.57	2.4224983e-01
25.60	2.2889180e-01
25.64	2.1619316e-01
25.67	2.0412857e-01
25.71	1.9267286e-01
25.74	1.8180116e-01
25.77	1.7148899e-01
25.81	1.6171235e-01
25.84	1.5244779e-01
25.88	1.4367244e-01
25.91	1.3536406e-01
25.94	1.2750111e-01
25.98	1.2006270e-01
26.01	1.1302866e-01
26.05	1.0637951e-01
26.08	1.0009650e-01
26.11	9.4161564e-02
26.15	8.8557365e-02
26.18	8.3267245e-02
26.22	7.8275231e-02
26.25	7.3566024e-02
26.28	6.9124978e-02
26.32	6.4938088e-02
26.35	6.0991973e-02
26.39	5.7273856e-02
26.42	5.3771549e-02
26.45	5.0473429e-02
26.49	4.7368425e-02
26.52	4.4445996e-02
26.56	4.1696109e-02
26.59	3.9109226e-02
26.63	3.6676280e-02
26.66	3.4388658e-02
26.69	3.2238184e-02
26.73	3.0217099e-02
26.76	2.8318044e-02
26.80	2.6534041e-02
26.83	2.4858481e-02
26.86	2.3285103e-02
26.90	2.1807979e-02
26.93	2.0421500e-02
26.97	1.9120360e-02
27.00	1.7899543e-02
