# NeutrinoAntineutrinoInteraction/NeutrinoAntineutrinoZProduction interaction rates
# neutrino field: massive Cosmic Neutrino Background, T_CnuB = 1.94535456 K
# Produced with crpropa-data version: 60a1560e37035039ec25f414e0c42a2444bad49c
# log10(E/eV), 1/lambda [1/Mpc]
19.23	0.0000000e+00
19.27	0.0000000e+00
19.30	0.0000000e+00
19.33	0.0000000e+00
19.37	0.0000000e+00
19.40	0.0000000e+00
19.44	0.0000000e+00
19.47	0.0000000e+00
19.51	0.0000000e+00
19.54	0.0000000e+00
19.57	0.0000000e+00
19.61	0.0000000e+00
19.64	0.0000000e+00
19.68	0.0000000e+00
19.71	0.0000000e+00
19.74	0.0000000e+00
19.78	0.0000000e+00
19.81	0.0000000e+00
19.85	0.0000000e+00
19.88	0.0000000e+00
19.91	0.0000000e+00
19.95	0.0000000e+00
19.98	0.0000000e+00
20.02	0.0000000e+00
20.05	0.0000000e+00
20.08	0.0000000e+00
20.12	0.0000000e+00
20.15	0.0000000e+00
20.19	0.0000000e+00
20.22	0.0000000e+00
20.25	0.0000000e+00
20.29	0.0000000e+00
20.32	0.0000000e+00
20.36	0.0000000e+00
20.39	0.0000000e+00
20.42	0.0000000e+00
20.46	0.0000000e+00
20.49	0.0000000e+00
20.53	0.0000000e+00
20.56	0.0000000e+00
20.60	0.0000000e+00
20.63	0.0000000e+00
20.66	0.0000000e+00
20.70	0.0000000e+00
20.73	0.0000000e+00
20.77	0.0000000e+00
20.80	0.0000000e+00
20.83	0.0000000e+00
20.87	0.0000000e+00
20.90	0.0000000e+00
20.94	0.0000000e+00
20.97	0.0000000e+00
21.00	0.0000000e+00
21.04	0.0000000e+00
21.07	0.0000000e+00
21.11	0.0000000e+00
21.14	0.0000000e+00
21.17	1.7780732e-279
21.21	3.6587178e-258
21.24	1.8509156e-238
21.28	3.0446520e-220
21.31	2.1088064e-203
21.34	7.8103264e-188
21.38	1.9292579e-173
21.41	3.8986626e-160
21.45	7.7851605e-148
21.48	1.8292790e-136
21.52	5.9438125e-126
21.55	3.1005985e-116
21.58	2.9809375e-107
21.62	6.0006318e-99
21.65	2.8458168e-91
21.69	3.5460642e-84
21.72	1.2841213e-77
21.75	1.4834445e-71
21.79	5.9590016e-66
21.82	9.0140394e-61
21.86	5.5271926e-56
21.89	1.4706525e-51
21.92	1.8083595e-47
21.96	1.0892156e-43
21.99	3.3913629e-40
22.03	5.7369207e-37
22.06	5.5208923e-34
22.09	3.1538365e-31
22.13	1.1123664e-28
22.16	2.5120341e-26
22.20	3.7563879e-24
22.23	3.8368858e-22
22.26	2.7550424e-20
22.30	1.4280851e-18
22.33	5.4767229e-17
22.37	1.5895988e-15
22.40	3.5658997e-14
22.43	6.3036474e-13
22.47	8.9401727e-12
22.50	1.0342671e-10
22.54	9.9108284e-10
22.57	7.9787038e-09
22.61	5.4675104e-08
22.64	3.2280605e-07
22.67	1.6605461e-06
22.71	7.5199090e-06
22.74	3.0267882e-05
22.78	1.0924480e-04
22.81	3.5646765e-04
22.84	1.0595538e-03
22.88	2.8889792e-03
22.91	7.2726047e-03
22.95	1.7004090e-02
22.98	3.7130622e-02
23.01	7.6110164e-02
23.05	1.4714074e-01
23.08	2.6946090e-01
23.12	4.6933137e-01
23.15	7.8036744e-01
23.18	1.2429255e+00
23.22	1.9023614e+00
23.25	2.8061567e+00
23.29	4.0001119e+00
23.32	5.5239925e+00
23.35	7.4071400e+00
23.39	9.6645972e+00
23.42	1.2294250e+01
23.46	1.5275354e+01
23.49	1.8568626e+01
23.53	2.2117895e+01
23.56	2.5853094e+01
23.59	2.9694258e+01
23.63	3.3556089e+01
23.66	3.7352636e+01
23.70	4.1001678e+01
23.73	4.4428485e+01
23.76	4.7568722e+01
23.80	5.0370412e+01
23.83	5.2794938e+01
23.87	5.4817177e+01
23.90	5.6424906e+01
23.93	5.7617657e+01
23.97	5.8405186e+01
24.00	5.8805735e+01
24.04	5.8844221e+01
24.07	5.8550476e+01
24.10	5.7957613e+01
24.14	5.7100572e+01
24.17	5.6014885e+01
24.21	5.4735666e+01
24.24	5.3296824e+01
24.27	5.1730510e+01
24.31	5.0066842e+01
24.34	4.8333900e+01
24.38	4.6556758e+01
24.41	4.4756769e+01
24.44	4.2951691e+01
24.48	4.1156054e+01
24.51	3.9381581e+01
24.55	3.7637597e+01
24.58	3.5931400e+01
24.62	3.4268601e+01
24.65	3.2653398e+01
24.68	3.1088831e+01
24.72	2.9576980e+01
24.75	2.8119143e+01
24.79	2.6715981e+01
24.82	2.5367636e+01
24.85	2.4073834e+01
24.89	2.2833967e+01
24.92	2.1647163e+01
24.96	2.0512343e+01
24.99	1.9428267e+01
25.02	1.8393572e+01
25.06	1.7406806e+01
25.09	1.6466455e+01
25.13	1.5570961e+01
25.16	1.4718742e+01
25.19	1.3908207e+01
25.23	1.3137766e+01
25.26	1.2405842e+01
25.30	1.1710874e+01
25.33	1.1051330e+01
25.36	1.0425706e+01
25.40	9.8325339e+00
25.43	9.2703819e+00
25.47	8.7378580e+00
25.50	8.2336118e+00
25.54	7.7563351e+00
25.57	7.3047630e+00
25.60	6.8776745e+00
25.64	6.4738922e+00
25.67	6.0922822e+00
25.71	5.7317541e+00
25.74	5.3912603e+00
25.77	5.0697952e+00
25.81	4.7663946e+00
25.84	4.4801347e+00
25.88	4.2101315e+00
25.91	3.9555392e+00
25.94	3.7155497e+00
25.98	3.4893913e+00
26.01	3.2763274e+00
26.05	3.0756558e+00
26.08	2.8867071e+00
26.11	2.7088437e+00
26.15	2.5414589e+00
26.18	2.3839754e+00
26.22	2.2358446e+00
26.25	2.0965448e+00
26.28	1.9655808e+00
26.32	1.8424826e+00
26.35	1.7268041e+00
26.39	1.6181224e+00
26.42	1.5160366e+00
26.45	1.4201669e+00
26.49	1.3301538e+00
26.52	1.2456566e+00
26.56	1.1663534e+00
26.59	1.0919396e+00
26.63	1.0221269e+00
26.66	9.5664343e-01
26.69	8.9523188e-01
26.73	8.3764948e-01
26.76	7.8366703e-01
26.80	7.3306821e-01
26.83	6.8564897e-01
26.86	6.4121689e-01
26.90	5.9959055e-01
26.93	5.6059900e-01
26.97	5.2408116e-01
27.00	4.8988531e-01
