# NeutrinoAntineutrinoInteraction/NeutrinoAntineutrinoZProduction interaction rates
# neutrino field: massive Cosmic Neutrino Background, T_CnuB = 1.94535456 K
# Produced with crpropa-data version: 60a1560e37035039ec25f414e0c42a2444bad49c
# log10(E/eV), 1/lambda [1/Mpc]
19.74	0.0000000e+00
19.78	0.0000000e+00
19.81	0.0000000e+00
19.85	0.0000000e+00
19.88	0.0000000e+00
19.91	0.0000000e+00
19.95	0.0000000e+00
19.98	0.0000000e+00
20.02	0.0000000e+00
20.05	0.0000000e+00
20.08	0.0000000e+00
20.12	0.0000000e+00
20.15	0.0000000e+00
20.19	0.0000000e+00
20.22	0.0000000e+00
20.25	0.0000000e+00
20.29	0.0000000e+00
20.32	0.0000000e+00
20.36	0.0000000e+00
20.39	0.0000000e+00
20.42	0.0000000e+00
20.46	0.0000000e+00
20.49	0.0000000e+00
20.53	0.0000000e+00
20.56	0.0000000e+00
20.60	0.0000000e+00
20.63	0.0000000e+00
20.66	0.0000000e+00
20.70	0.0000000e+00
20.73	0.0000000e+00
20.77	0.0000000e+00
20.80	0.0000000e+00
20.83	0.0000000e+00
20.87	0.0000000e+00
20.90	0.0000000e+00
20.94	0.0000000e+00
20.97	0.0000000e+00
21.00	0.0000000e+00
21.04	0.0000000e+00
21.07	0.0000000e+00
21.11	0.0000000e+00
21.14	0.0000000e+00
21.17	0.0000000e+00
21.21	0.0000000e+00
21.24	0.0000000e+00
21.28	0.0000000e+00
21.31	0.0000000e+00
21.34	0.0000000e+00
21.38	0.0000000e+00
21.41	0.0000000e+00
21.45	0.0000000e+00
21.48	0.0000000e+00
21.52	0.0000000e+00
21.55	0.0000000e+00
21.58	0.0000000e+00
21.62	0.0000000e+00
21.65	0.0000000e+00
21.69	1.2934883e-277
21.72	1.1388262e-256
21.75	2.6281127e-237
21.79	2.0923700e-219
21.82	7.4089269e-203
21.86	1.4756591e-187
21.89	2.0541271e-173
21.92	2.4426501e-160
21.96	2.9873933e-148
21.99	4.4611189e-137
22.03	9.5326972e-127
22.06	3.3752840e-117
22.09	2.2678952e-108
22.13	3.2779755e-100
22.16	1.1444634e-92
22.20	1.0743767e-85
22.23	2.9943504e-79
22.26	2.7153514e-73
22.30	8.7198846e-68
22.33	1.0724202e-62
22.37	5.4303888e-58
22.40	1.2105368e-53
22.43	1.2638107e-49
22.47	6.5432072e-46
22.50	1.7712361e-42
22.54	2.6325593e-39
22.57	2.2476652e-36
22.61	1.1494515e-33
22.64	3.6596436e-31
22.67	7.5178353e-29
22.71	1.0299071e-26
22.74	9.7010105e-25
22.78	6.4626513e-23
22.81	3.1254656e-21
22.84	1.1241092e-19
22.88	3.0745407e-18
22.91	6.5280955e-17
22.95	1.0967494e-15
22.98	1.4838762e-14
23.01	1.6433644e-13
23.05	1.5123699e-12
23.08	1.1727836e-11
23.12	7.7625507e-11
23.15	4.4379893e-10
23.18	2.2158554e-09
23.22	9.7608385e-09
23.25	3.8291898e-08
23.29	1.3495092e-07
23.32	4.3070905e-07
23.35	1.2541744e-06
23.39	3.3549079e-06
23.42	8.2967862e-06
23.46	1.9080756e-05
23.49	4.1029375e-05
23.53	8.2906223e-05
23.56	1.5815639e-04
23.59	2.8605901e-04
23.63	4.9250910e-04
23.66	8.1012507e-04
23.70	1.2774296e-03
23.73	1.9369765e-03
23.76	2.8324706e-03
23.80	4.0051165e-03
23.83	5.4895918e-03
23.87	7.3101328e-03
23.90	9.4772339e-03
23.93	1.1985388e-02
23.97	1.4812154e-02
24.00	1.7918663e-02
24.04	2.1251480e-02
24.07	2.4745598e-02
24.10	2.8328199e-02
24.14	3.1922789e-02
24.17	3.5453309e-02
24.21	3.8847859e-02
24.24	4.2041793e-02
24.27	4.4980015e-02
24.31	4.7618431e-02
24.34	4.9924576e-02
24.38	5.1877528e-02
24.41	5.3467232e-02
24.44	5.4693404e-02
24.48	5.5564159e-02
24.51	5.6094502e-02
24.55	5.6304802e-02
24.58	5.6219332e-02
24.62	5.5864934e-02
24.65	5.5269859e-02
24.68	5.4462785e-02
24.72	5.3472016e-02
24.75	5.2324871e-02
24.79	5.1047223e-02
24.82	4.9663183e-02
24.85	4.8194905e-02
24.89	4.6662488e-02
24.92	4.5083954e-02
24.96	4.3475283e-02
24.99	4.1850504e-02
25.02	4.0221799e-02
25.06	3.8599639e-02
25.09	3.6992924e-02
25.13	3.5409134e-02
25.16	3.3854469e-02
25.19	3.2333992e-02
25.23	3.0851762e-02
25.26	2.9410955e-02
25.30	2.8013984e-02
25.33	2.6662595e-02
25.36	2.5357967e-02
25.40	2.4100790e-02
25.43	2.2891344e-02
25.47	2.1729562e-02
25.50	2.0615086e-02
25.54	1.9547320e-02
25.57	1.8525470e-02
25.60	1.7548586e-02
25.64	1.6615590e-02
25.67	1.5725306e-02
25.71	1.4876483e-02
25.74	1.4067817e-02
25.77	1.3297965e-02
25.81	1.2565561e-02
25.84	1.1869229e-02
25.88	1.1207592e-02
25.91	1.0579282e-02
25.94	9.9829424e-03
25.98	9.4172409e-03
26.01	8.8808685e-03
26.05	8.3725454e-03
26.08	7.8910235e-03
26.11	7.4350892e-03
26.15	7.0035643e-03
26.18	6.5953079e-03
26.22	6.2092169e-03
26.25	5.8442267e-03
26.28	5.4993110e-03
26.32	5.1734822e-03
26.35	4.8657909e-03
26.39	4.5753253e-03
26.42	4.3012113e-03
26.45	4.0426108e-03
26.49	3.7987220e-03
26.52	3.5687777e-03
26.56	3.3520447e-03
26.59	3.1478232e-03
26.63	2.9554450e-03
26.66	2.7742734e-03
26.69	2.6037014e-03
26.73	2.4431512e-03
26.76	2.2920727e-03
26.80	2.1499430e-03
26.83	2.0162648e-03
26.86	1.8905658e-03
26.90	1.7723976e-03
26.93	1.6613344e-03
26.97	1.5569727e-03
27.00	1.4589296e-03
