# NeutrinoAntineutrinoInteraction/NeutrinoAntineutrinoZProduction interaction rates
# neutrino field: massive Cosmic Neutrino Background, T_CnuB = 1.94535456 K
# Produced with crpropa-data version: 60a1560e37035039ec25f414e0c42a2444bad49c
# log10(E/eV), 1/lambda [1/Mpc]
19.61	0.0000000e+00
19.64	0.0000000e+00
19.68	0.0000000e+00
19.71	0.0000000e+00
19.74	0.0000000e+00
19.78	0.0000000e+00
19.81	0.0000000e+00
19.85	0.0000000e+00
19.88	0.0000000e+00
19.91	0.0000000e+00
19.95	0.0000000e+00
19.98	0.0000000e+00
20.02	0.0000000e+00
20.05	0.0000000e+00
20.08	0.0000000e+00
20.12	0.0000000e+00
20.15	0.0000000e+00
20.19	0.0000000e+00
20.22	0.0000000e+00
20.25	0.0000000e+00
20.29	0.0000000e+00
20.32	0.0000000e+00
20.36	0.0000000e+00
20.39	0.0000000e+00
20.42	0.0000000e+00
20.46	0.0000000e+00
20.49	0.0000000e+00
20.53	0.0000000e+00
20.56	0.0000000e+00
20.60	0.0000000e+00
20.63	0.0000000e+00
20.66	0.0000000e+00
20.70	0.0000000e+00
20.73	0.0000000e+00
20.77	0.0000000e+00
20.80	0.0000000e+00
20.83	0.0000000e+00
20.87	0.0000000e+00
20.90	0.0000000e+00
20.94	0.0000000e+00
20.97	0.0000000e+00
21.00	0.0000000e+00
21.04	0.0000000e+00
21.07	0.0000000e+00
21.11	0.0000000e+00
21.14	0.0000000e+00
21.17	0.0000000e+00
21.21	0.0000000e+00
21.24	0.0000000e+00
21.28	0.0000000e+00
21.31	0.0000000e+00
21.34	0.0000000e+00
21.38	0.0000000e+00
21.41	0.0000000e+00
21.45	0.0000000e+00
21.48	0.0000000e+00
21.52	0.0000000e+00
21.55	9.0500451e-289
21.58	6.2681228e-267
21.62	9.7389272e-247
21.65	4.5207493e-228
21.69	8.1707865e-211
21.72	7.3455007e-195
21.75	4.1191658e-180
21.79	1.7763774e-166
21.82	7.1490507e-154
21.86	3.2111187e-142
21.89	1.8993456e-131
21.92	1.7239136e-121
21.96	2.7656890e-112
21.99	8.9381267e-104
22.03	6.5665901e-96
22.06	1.2263591e-88
22.09	6.4558258e-82
22.13	1.0539711e-75
22.16	5.8291381e-70
22.20	1.1850605e-64
22.23	9.5504350e-60
22.26	3.2716302e-55
22.30	5.0814569e-51
22.33	3.7984380e-47
22.37	1.4440061e-43
22.40	2.9378319e-40
22.43	3.3531578e-37
22.47	2.2427460e-34
22.50	9.1517967e-32
22.54	2.3649010e-29
22.57	4.0055176e-27
22.61	4.5906371e-25
22.64	3.6664132e-23
22.67	2.0969312e-21
22.71	8.8070209e-20
22.74	2.7802159e-18
22.78	6.7401933e-17
22.81	1.2801029e-15
22.84	1.9398954e-14
22.88	2.3858986e-13
22.91	2.4192895e-12
22.95	2.0520714e-11
22.98	1.4756931e-10
23.01	9.1093694e-10
23.05	4.8826080e-09
23.08	2.2966397e-08
23.12	9.5734739e-08
23.15	3.5687700e-07
23.18	1.1997180e-06
23.22	3.6653541e-06
23.25	1.0250366e-05
23.29	2.6413455e-05
23.32	6.3100416e-05
23.35	1.4054599e-04
23.39	2.9339751e-04
23.42	5.7682878e-04
23.46	1.0728321e-03
23.49	1.8954204e-03
23.53	3.1932017e-03
23.56	5.1478487e-03
23.59	7.9674279e-03
23.63	1.1874333e-02
23.66	1.7088515e-02
23.70	2.3807638e-02
23.73	3.2186425e-02
23.76	4.2317821e-02
23.80	5.4218355e-02
23.83	6.7819636e-02
23.87	8.2966997e-02
23.90	9.9425424e-02
23.93	1.1689197e-01
23.97	1.3501311e-01
24.00	1.5340517e-01
24.04	1.7167562e-01
24.07	1.8944336e-01
24.10	2.0635639e-01
24.14	2.2210582e-01
24.17	2.3643558e-01
24.21	2.4914784e-01
24.24	2.6010441e-01
24.27	2.6922484e-01
24.31	2.7648184e-01
24.34	2.8189491e-01
24.38	2.8552296e-01
24.41	2.8745643e-01
24.44	2.8780967e-01
24.48	2.8671368e-01
24.51	2.8430973e-01
24.55	2.8074382e-01
24.58	2.7616212e-01
24.62	2.7070730e-01
24.65	2.6451582e-01
24.68	2.5771591e-01
24.72	2.5042624e-01
24.75	2.4275520e-01
24.79	2.3480058e-01
24.82	2.2664959e-01
24.85	2.1837922e-01
24.89	2.1005669e-01
24.92	2.0174010e-01
24.96	1.9347916e-01
24.99	1.8531588e-01
25.02	1.7728534e-01
25.06	1.6941645e-01
25.09	1.6173261e-01
25.13	1.5425239e-01
25.16	1.4699013e-01
25.19	1.3995653e-01
25.23	1.3315909e-01
25.26	1.2660262e-01
25.30	1.2028964e-01
25.33	1.1422071e-01
25.36	1.0839474e-01
25.40	1.0280933e-01
25.43	9.7460917e-02
25.47	9.2345056e-02
25.50	8.7456563e-02
25.54	8.2789678e-02
25.57	7.8338198e-02
25.60	7.4095587e-02
25.64	7.0055076e-02
25.67	6.6209737e-02
25.71	6.2552557e-02
25.74	5.9076493e-02
25.77	5.5774519e-02
25.81	5.2639668e-02
25.84	4.9665062e-02
25.88	4.6843939e-02
25.91	4.4169676e-02
25.94	4.1635805e-02
25.98	3.9236027e-02
26.01	3.6964220e-02
26.05	3.4814451e-02
26.08	3.2780976e-02
26.11	3.0858249e-02
26.15	2.9040918e-02
26.18	2.7323829e-02
26.22	2.5702024e-02
26.25	2.4170742e-02
26.28	2.2725409e-02
26.32	2.1361645e-02
26.35	2.0075252e-02
26.39	1.8862214e-02
26.42	1.7718691e-02
26.45	1.6641016e-02
26.49	1.5625686e-02
26.52	1.4669362e-02
26.56	1.3768860e-02
26.59	1.2921147e-02
26.63	1.2123338e-02
26.66	1.1372684e-02
26.69	1.0666574e-02
26.73	1.0002527e-02
26.76	9.3781863e-03
26.80	8.7913135e-03
26.83	8.2397858e-03
26.86	7.7215903e-03
26.90	7.2348185e-03
26.93	6.7776626e-03
26.97	6.3484104e-03
27.00	5.9454412e-03
