# NeutrinoAntineutrinoInteraction/NeutrinoAntineutrinoZProduction interaction rates
# neutrino field: massive Cosmic Neutrino Background, T_CnuB = 1.94535456 K
# Produced with crpropa-data version: 60a1560e37035039ec25f414e0c42a2444bad49c
# log10(E/eV), 1/lambda [1/Mpc]
20.15	0.0000000e+00
20.19	0.0000000e+00
20.22	0.0000000e+00
20.25	0.0000000e+00
20.29	0.0000000e+00
20.32	0.0000000e+00
20.36	0.0000000e+00
20.39	0.0000000e+00
20.42	0.0000000e+00
20.46	0.0000000e+00
20.49	0.0000000e+00
20.53	0.0000000e+00
20.56	0.0000000e+00
20.60	0.0000000e+00
20.63	0.0000000e+00
20.66	0.0000000e+00
20.70	0.0000000e+00
20.73	0.0000000e+00
20.77	0.0000000e+00
20.80	0.0000000e+00
20.83	0.0000000e+00
20.87	0.0000000e+00
20.90	0.0000000e+00
20.94	0.0000000e+00
20.97	0.0000000e+00
21.00	0.0000000e+00
21.04	0.0000000e+00
21.07	0.0000000e+00
21.11	0.0000000e+00
21.14	0.0000000e+00
21.17	0.0000000e+00
21.21	0.0000000e+00
21.24	0.0000000e+00
21.28	0.0000000e+00
21.31	0.0000000e+00
21.34	0.0000000e+00
21.38	0.0000000e+00
21.41	0.0000000e+00
21.45	0.0000000e+00
21.48	0.0000000e+00
21.52	0.0000000e+00
21.55	0.0000000e+00
21.58	0.0000000e+00
21.62	0.0000000e+00
21.65	0.0000000e+00
21.69	0.0000000e+00
21.72	0.0000000e+00
21.75	0.0000000e+00
21.79	0.0000000e+00
21.82	0.0000000e+00
21.86	0.0000000e+00
21.89	0.0000000e+00
21.92	0.0000000e+00
21.96	0.0000000e+00
21.99	0.0000000e+00
22.03	0.0000000e+00
22.06	0.0000000e+00
22.09	2.3276375e-291
22.13	1.4516954e-269
22.16	2.0218229e-249
22.20	8.4824336e-231
22.23	1.3962579e-213
22.26	1.1512737e-197
22.30	5.9601109e-183
22.33	2.3871904e-169
22.37	8.9728031e-157
22.40	3.7835776e-145
22.43	2.1109914e-134
22.47	1.8152967e-124
22.50	2.7704753e-115
22.54	8.5497204e-107
22.57	6.0188291e-99
22.61	1.0805742e-91
22.64	5.4846160e-85
22.67	8.6571654e-79
22.71	4.6409712e-73
22.74	9.1669341e-68
22.78	7.1933351e-63
22.81	2.4041862e-58
22.84	3.6500280e-54
22.88	2.6715507e-50
22.91	9.9601969e-47
22.95	1.9902347e-43
22.98	2.2340848e-40
23.01	1.4714292e-37
23.05	5.9194782e-35
23.08	1.5096417e-32
23.12	2.5260059e-30
23.15	2.8626077e-28
23.18	2.2626207e-26
23.22	1.2816708e-24
23.25	5.3352909e-23
23.29	1.6704573e-21
23.32	4.0190742e-20
23.35	7.5795615e-19
23.39	1.1411770e-17
23.42	1.3951301e-16
23.46	1.4068090e-15
23.49	1.1871511e-14
23.53	8.4965717e-14
23.56	5.2218624e-13
23.59	2.7875452e-12
23.63	1.3062568e-11
23.66	5.4261720e-11
23.70	2.0162494e-10
23.73	6.7578945e-10
23.76	2.0589776e-09
23.80	5.7433873e-09
23.83	1.4764878e-08
23.87	3.5195679e-08
23.90	7.8234603e-08
23.93	1.6301427e-07
23.97	3.1993767e-07
24.00	5.9409436e-07
24.04	1.0480599e-06
24.07	1.7632404e-06
24.10	2.8389626e-06
24.14	4.3887564e-06
24.17	6.5337056e-06
24.21	9.3932614e-06
24.24	1.3074411e-05
24.27	1.7660456e-05
24.31	2.3200811e-05
24.34	2.9703131e-05
24.38	3.7128794e-05
24.41	4.5392285e-05
24.44	5.4364537e-05
24.48	6.3879771e-05
24.51	7.3745022e-05
24.55	8.3751257e-05
24.58	9.3684972e-05
24.62	1.0333920e-04
24.65	1.1252305e-04
24.68	1.2106931e-04
24.72	1.2883957e-04
24.75	1.3572720e-04
24.79	1.4165800e-04
24.82	1.4658910e-04
24.85	1.5050647e-04
24.89	1.5342144e-04
24.92	1.5536661e-04
24.96	1.5639165e-04
24.99	1.5655909e-04
25.02	1.5594039e-04
25.06	1.5461254e-04
25.09	1.5265499e-04
25.13	1.5014721e-04
25.16	1.4716676e-04
25.19	1.4378773e-04
25.23	1.4007973e-04
25.26	1.3610716e-04
25.30	1.3192882e-04
25.33	1.2759770e-04
25.36	1.2316111e-04
25.40	1.1866074e-04
25.43	1.1413302e-04
25.47	1.0960941e-04
25.50	1.0511681e-04
25.54	1.0067797e-04
25.57	9.6311853e-05
25.60	9.2034096e-05
25.64	8.7857344e-05
25.67	8.3791627e-05
25.71	7.9844683e-05
25.74	7.6022267e-05
25.77	7.2328422e-05
25.81	6.8765724e-05
25.84	6.5335503e-05
25.88	6.2038034e-05
25.91	5.8872711e-05
25.94	5.5838194e-05
25.98	5.2932539e-05
26.01	5.0153311e-05
26.05	4.7497678e-05
26.08	4.4962500e-05
26.11	4.2544397e-05
26.15	4.0239807e-05
26.18	3.8045046e-05
26.22	3.5956343e-05
26.25	3.3969881e-05
26.28	3.2081830e-05
26.32	3.0288369e-05
26.35	2.8585708e-05
26.39	2.6970107e-05
26.42	2.5437890e-05
26.45	2.3985457e-05
26.49	2.2609292e-05
26.52	2.1305971e-05
26.56	2.0072167e-05
26.59	1.8904655e-05
26.63	1.7800314e-05
26.66	1.6756130e-05
26.69	1.5769194e-05
26.73	1.4836707e-05
26.76	1.3955974e-05
26.80	1.3124409e-05
26.83	1.2339526e-05
26.86	1.1598946e-05
26.90	1.0900389e-05
26.93	1.0241671e-05
26.97	9.6207086e-06
27.00	9.0355076e-06
