# NeutrinoAntineutrinoInteraction/NeutrinoAntineutrinoZProduction interaction rates
# neutrino field: massive Cosmic Neutrino Background, T_CnuB = 1.94535456 K
# Produced with crpropa-data version: 60a1560e37035039ec25f414e0c42a2444bad49c
# log10(E/eV), 1/lambda [1/Mpc]
19.33	0.0000000e+00
19.37	0.0000000e+00
19.40	0.0000000e+00
19.44	0.0000000e+00
19.47	0.0000000e+00
19.51	0.0000000e+00
19.54	0.0000000e+00
19.57	0.0000000e+00
19.61	0.0000000e+00
19.64	0.0000000e+00
19.68	0.0000000e+00
19.71	0.0000000e+00
19.74	0.0000000e+00
19.78	0.0000000e+00
19.81	0.0000000e+00
19.85	0.0000000e+00
19.88	0.0000000e+00
19.91	0.0000000e+00
19.95	0.0000000e+00
19.98	0.0000000e+00
20.02	0.0000000e+00
20.05	0.0000000e+00
20.08	0.0000000e+00
20.12	0.0000000e+00
20.15	0.0000000e+00
20.19	0.0000000e+00
20.22	0.0000000e+00
20.25	0.0000000e+00
20.29	0.0000000e+00
20.32	0.0000000e+00
20.36	0.0000000e+00
20.39	0.0000000e+00
20.42	0.0000000e+00
20.46	0.0000000e+00
20.49	0.0000000e+00
20.53	0.0000000e+00
20.56	0.0000000e+00
20.60	0.0000000e+00
20.63	0.0000000e+00
20.66	0.0000000e+00
20.70	0.0000000e+00
20.73	0.0000000e+00
20.77	0.0000000e+00
20.80	0.0000000e+00
20.83	0.0000000e+00
20.87	0.0000000e+00
20.90	0.0000000e+00
20.94	0.0000000e+00
20.97	0.0000000e+00
21.00	0.0000000e+00
21.04	0.0000000e+00
21.07	0.0000000e+00
21.11	0.0000000e+00
21.14	0.0000000e+00
21.17	0.0000000e+00
21.21	0.0000000e+00
21.24	0.0000000e+00
21.28	2.9809461e-275
21.31	2.6742004e-254
21.34	6.2809212e-235
21.38	5.0839997e-217
21.41	1.8285163e-200
21.45	3.6960367e-185
21.48	5.2173927e-171
21.52	6.2873810e-158
21.55	7.7879767e-146
21.58	1.1772660e-134
21.62	2.5453762e-124
21.65	9.1156864e-115
21.69	6.1931547e-106
21.72	9.0489905e-98
21.75	3.1931932e-90
21.79	3.0294177e-83
21.82	8.5322101e-77
21.86	7.8188787e-71
21.89	2.5375683e-65
21.92	3.1543895e-60
21.96	1.6147487e-55
21.99	3.6398354e-51
22.03	3.8436808e-47
22.06	2.0136097e-43
22.09	5.5177799e-40
22.13	8.3057693e-37
22.16	7.1859549e-34
22.20	3.7261411e-31
22.23	1.2036925e-28
22.26	2.5107180e-26
22.30	3.4952664e-24
22.33	3.3485262e-22
22.37	2.2709539e-20
22.40	1.1192024e-18
22.43	4.1064191e-17
22.47	1.1470684e-15
22.50	2.4904159e-14
22.54	4.2836995e-13
22.57	5.9417227e-12
22.61	6.7554497e-11
22.64	6.3916150e-10
22.67	5.1032984e-09
22.71	3.4832547e-08
22.74	2.0568257e-07
22.78	1.0623732e-06
22.81	4.8489468e-06
22.84	1.9742035e-05
22.88	7.2323301e-05
22.91	2.4031458e-04
22.95	7.2962075e-04
22.98	2.0378520e-03
23.01	5.2687697e-03
23.05	1.2681846e-02
23.08	2.8566173e-02
23.12	6.0501999e-02
23.15	1.2099958e-01
23.18	2.2937141e-01
23.22	4.1349513e-01
23.25	7.1086333e-01
23.29	1.1680012e+00
23.32	1.8369876e+00
23.35	2.7675252e+00
23.39	3.9930553e+00
23.42	5.5105715e+00
23.46	7.2575941e+00
23.49	9.0978247e+00
23.53	1.0838235e+01
23.56	1.2314681e+01
23.59	1.3481203e+01
23.63	1.4351779e+01
23.66	1.4958467e+01
23.70	1.5338143e+01
23.73	1.5527002e+01
23.76	1.5558226e+01
23.80	1.5461143e+01
23.83	1.5261092e+01
23.87	1.4979639e+01
23.90	1.4634939e+01
23.93	1.4242143e+01
23.97	1.3813815e+01
24.00	1.3360305e+01
24.04	1.2890094e+01
24.07	1.2410095e+01
24.10	1.1925906e+01
24.14	1.1442033e+01
24.17	1.0962077e+01
24.21	1.0488889e+01
24.24	1.0024701e+01
24.27	9.5712363e+00
24.31	9.1297996e+00
24.34	8.7013525e+00
24.38	8.2865761e+00
24.41	7.8859226e+00
24.44	7.4996581e+00
24.48	7.1278973e+00
24.51	6.7706334e+00
24.55	6.4277612e+00
24.58	6.0990976e+00
24.62	5.7843974e+00
24.65	5.4833666e+00
24.68	5.1956742e+00
24.72	4.9209602e+00
24.75	4.6588442e+00
24.79	4.4089308e+00
24.82	4.1708147e+00
24.85	3.9440856e+00
24.89	3.7283306e+00
24.92	3.5231379e+00
24.96	3.3280985e+00
24.99	3.1428082e+00
25.02	2.9668695e+00
25.06	2.7998920e+00
25.09	2.6414944e+00
25.13	2.4913044e+00
25.16	2.3489595e+00
25.19	2.2141080e+00
25.23	2.0864084e+00
25.26	1.9655304e+00
25.30	1.8511546e+00
25.33	1.7429727e+00
25.36	1.6406875e+00
25.40	1.5440128e+00
25.43	1.4526732e+00
25.47	1.3664043e+00
25.50	1.2849520e+00
25.54	1.2080730e+00
25.57	1.1355337e+00
25.60	1.0671109e+00
25.64	1.0025907e+00
25.67	9.4176901e-01
25.71	8.8445057e-01
25.74	8.3044917e-01
25.77	7.7958716e-01
25.81	7.3169521e-01
25.84	6.8661201e-01
25.88	6.4418400e-01
25.91	6.0426507e-01
25.94	5.6671629e-01
25.98	5.3140562e-01
26.01	4.9820766e-01
26.05	4.6700333e-01
26.08	4.3767968e-01
26.11	4.1012956e-01
26.15	3.8425141e-01
26.18	3.5994901e-01
26.22	3.3713122e-01
26.25	3.1571177e-01
26.28	2.9560902e-01
26.32	2.7674577e-01
26.35	2.5904901e-01
26.39	2.4244975e-01
26.42	2.2688282e-01
26.45	2.1228665e-01
26.49	1.9860314e-01
26.52	1.8577745e-01
26.56	1.7375785e-01
26.59	1.6249556e-01
26.63	1.5194458e-01
26.66	1.4206155e-01
26.69	1.3280566e-01
26.73	1.2413842e-01
26.76	1.1602361e-01
26.80	1.0842715e-01
26.83	1.0131695e-01
26.86	9.4662812e-02
26.90	8.8436353e-02
26.93	8.2610871e-02
26.97	7.7161268e-02
27.00	7.2063953e-02
