# NeutrinoAntineutrinoInteraction/NeutrinoAntineutrinoZProduction interaction rates
# neutrino field: massive Cosmic Neutrino Background, T_CnuB = 1.94535456 K
# Produced with crpropa-data version: 60a1560e37035039ec25f414e0c42a2444bad49c
# log10(E/eV), 1/lambda [1/Mpc]
19.44	0.0000000e+00
19.47	0.0000000e+00
19.51	0.0000000e+00
19.54	0.0000000e+00
19.57	0.0000000e+00
19.61	0.0000000e+00
19.64	0.0000000e+00
19.68	0.0000000e+00
19.71	0.0000000e+00
19.74	0.0000000e+00
19.78	0.0000000e+00
19.81	0.0000000e+00
19.85	0.0000000e+00
19.88	0.0000000e+00
19.91	0.0000000e+00
19.95	0.0000000e+00
19.98	0.0000000e+00
20.02	0.0000000e+00
20.05	0.0000000e+00
20.08	0.0000000e+00
20.12	0.0000000e+00
20.15	0.0000000e+00
20.19	0.0000000e+00
20.22	0.0000000e+00
20.25	0.0000000e+00
20.29	0.0000000e+00
20.32	0.0000000e+00
20.36	0.0000000e+00
20.39	0.0000000e+00
20.42	0.0000000e+00
20.46	0.0000000e+00
20.49	0.0000000e+00
20.53	0.0000000e+00
20.56	0.0000000e+00
20.60	0.0000000e+00
20.63	0.0000000e+00
20.66	0.0000000e+00
20.70	0.0000000e+00
20.73	0.0000000e+00
20.77	0.0000000e+00
20.80	0.0000000e+00
20.83	0.0000000e+00
20.87	0.0000000e+00
20.90	0.0000000e+00
20.94	0.0000000e+00
20.97	0.0000000e+00
21.00	0.0000000e+00
21.04	0.0000000e+00
21.07	0.0000000e+00
21.11	0.0000000e+00
21.14	0.0000000e+00
21.17	0.0000000e+00
21.21	0.0000000e+00
21.24	0.0000000e+00
21.28	0.0000000e+00
21.31	0.0000000e+00
21.34	0.0000000e+00
21.38	1.4848452e-288
21.41	1.1817739e-266
21.45	2.0880619e-246
21.48	1.0916051e-227
21.52	2.2021515e-210
21.55	2.1914528e-194
21.58	1.3499517e-179
21.62	6.3498646e-166
21.65	2.7691858e-153
21.69	1.3396876e-141
21.72	8.4871543e-131
21.75	8.2079651e-121
21.79	1.3963875e-111
21.82	4.7644116e-103
21.86	3.6803189e-95
21.89	7.1995061e-88
21.92	3.9560073e-81
21.96	6.7196950e-75
21.99	3.8551573e-69
22.03	8.1076411e-64
22.06	6.7419159e-59
22.09	2.3774109e-54
22.13	3.7927945e-50
22.16	2.9062292e-46
22.20	1.1304116e-42
22.23	2.3490235e-39
22.26	2.7340978e-36
22.30	1.8620822e-33
22.33	7.7266509e-31
22.37	2.0277585e-28
22.40	3.4839650e-26
22.43	4.0460546e-24
22.47	3.2712289e-22
22.50	1.8921880e-20
22.54	8.0306314e-19
22.57	2.5597510e-17
22.61	6.2614348e-16
22.64	1.1990474e-14
22.67	1.8310050e-13
22.71	2.2679481e-12
22.74	2.3147702e-11
22.78	1.9753221e-10
22.81	1.4284647e-09
22.84	8.8635422e-09
22.88	4.7736185e-08
22.91	2.2553275e-07
22.95	9.4398051e-07
22.98	3.5322829e-06
23.01	1.1916160e-05
23.05	3.6524089e-05
23.08	1.0244808e-04
23.12	2.6472399e-04
23.15	6.3403601e-04
23.18	1.4155674e-03
23.22	2.9615698e-03
23.25	5.8343810e-03
23.29	1.0871669e-02
23.32	1.9240920e-02
23.35	3.2467315e-02
23.39	5.2419599e-02
23.42	8.1243030e-02
23.46	1.2123640e-01
23.49	1.7468003e-01
23.53	2.4363106e-01
23.56	3.2970972e-01
23.59	4.3390315e-01
23.63	5.5641213e-01
23.66	6.9656052e-01
23.70	8.5277865e-01
23.73	1.0226620e+00
23.76	1.2030976e+00
23.80	1.3904423e+00
23.83	1.5807328e+00
23.87	1.7699070e+00
23.90	1.9540137e+00
23.93	2.1293972e+00
23.97	2.2928434e+00
24.00	2.4416822e+00
24.04	2.5738446e+00
24.07	2.6878792e+00
24.10	2.7829331e+00
24.14	2.8587056e+00
24.17	2.9153828e+00
24.21	2.9535611e+00
24.24	2.9741665e+00
24.27	2.9783747e+00
24.31	2.9675366e+00
24.34	2.9431112e+00
24.38	2.9066085e+00
24.41	2.8595416e+00
24.44	2.8033889e+00
24.48	2.7395648e+00
24.51	2.6693996e+00
24.55	2.5941251e+00
24.58	2.5148665e+00
24.62	2.4326397e+00
24.65	2.3483511e+00
24.68	2.2628007e+00
24.72	2.1766878e+00
24.75	2.0906168e+00
24.79	2.0051049e+00
24.82	1.9205895e+00
24.85	1.8374362e+00
24.89	1.7559460e+00
24.92	1.6763631e+00
24.96	1.5988813e+00
24.99	1.5236505e+00
25.02	1.4507823e+00
25.06	1.3803558e+00
25.09	1.3124215e+00
25.13	1.2470063e+00
25.16	1.1841165e+00
25.19	1.1237416e+00
25.23	1.0658570e+00
25.26	1.0104264e+00
25.30	9.5740394e-01
25.33	9.0673628e-01
25.36	8.5836398e-01
25.40	8.1222301e-01
25.43	7.6824584e-01
25.47	7.2636248e-01
25.50	6.8650128e-01
25.54	6.4858971e-01
25.57	6.1255488e-01
25.60	5.7832408e-01
25.64	5.4582518e-01
25.67	5.1498697e-01
25.71	4.8573944e-01
25.74	4.5801399e-01
25.77	4.3174363e-01
25.81	4.0686312e-01
25.84	3.8330905e-01
25.88	3.6101995e-01
25.91	3.3993631e-01
25.94	3.2000066e-01
25.98	3.0115756e-01
26.01	2.8335361e-01
26.05	2.6653742e-01
26.08	2.5065964e-01
26.11	2.3567291e-01
26.15	2.2153181e-01
26.18	2.0819283e-01
26.22	1.9561436e-01
26.25	1.8375659e-01
26.28	1.7258152e-01
26.32	1.6205283e-01
26.35	1.5213593e-01
26.39	1.4279780e-01
26.42	1.3400702e-01
26.45	1.2573365e-01
26.49	1.1794922e-01
26.52	1.1062666e-01
26.56	1.0374025e-01
26.59	9.7265550e-02
26.63	9.1179360e-02
26.66	8.5459674e-02
26.69	8.0085621e-02
26.73	7.5037417e-02
26.76	7.0296316e-02
26.80	6.5844569e-02
26.83	6.1665371e-02
26.86	5.7742821e-02
26.90	5.4061882e-02
26.93	5.0608335e-02
26.97	4.7368742e-02
27.00	4.4330407e-02
