# NeutrinoAntineutrinoInteraction/NeutrinoAntineutrinoZProduction interaction rates
# neutrino field: massive Cosmic Neutrino Background, T_CnuB = 1.94535456 K
# Produced with crpropa-data version: 60a1560e37035039ec25f414e0c42a2444bad49c
# log10(E/eV), 1/lambda [1/Mpc]
19.51	0.0000000e+00
19.54	0.0000000e+00
19.57	0.0000000e+00
19.61	0.0000000e+00
19.64	0.0000000e+00
19.68	0.0000000e+00
19.71	0.0000000e+00
19.74	0.0000000e+00
19.78	0.0000000e+00
19.81	0.0000000e+00
19.85	0.0000000e+00
19.88	0.0000000e+00
19.91	0.0000000e+00
19.95	0.0000000e+00
19.98	0.0000000e+00
20.02	0.0000000e+00
20.05	0.0000000e+00
20.08	0.0000000e+00
20.12	0.0000000e+00
20.15	0.0000000e+00
20.19	0.0000000e+00
20.22	0.0000000e+00
20.25	0.0000000e+00
20.29	0.0000000e+00
20.32	0.0000000e+00
20.36	0.0000000e+00
20.39	0.0000000e+00
20.42	0.0000000e+00
20.46	0.0000000e+00
20.49	0.0000000e+00
20.53	0.0000000e+00
20.56	0.0000000e+00
20.60	0.0000000e+00
20.63	0.0000000e+00
20.66	0.0000000e+00
20.70	0.0000000e+00
20.73	0.0000000e+00
20.77	0.0000000e+00
20.80	0.0000000e+00
20.83	0.0000000e+00
20.87	0.0000000e+00
20.90	0.0000000e+00
20.94	0.0000000e+00
20.97	0.0000000e+00
21.00	0.0000000e+00
21.04	0.0000000e+00
21.07	0.0000000e+00
21.11	0.0000000e+00
21.14	0.0000000e+00
21.17	0.0000000e+00
21.21	0.0000000e+00
21.24	0.0000000e+00
21.28	0.0000000e+00
21.31	0.0000000e+00
21.34	0.0000000e+00
21.38	0.0000000e+00
21.41	0.0000000e+00
21.45	0.0000000e+00
21.48	3.0799613e-272
21.52	1.3375309e-251
21.55	1.6069213e-232
21.58	7.0014500e-215
21.62	1.4209735e-198
21.65	1.6931333e-183
21.69	1.4669846e-169
21.72	1.1264260e-156
21.75	9.2035677e-145
21.79	9.4760932e-134
21.82	1.4375619e-123
21.86	3.7130592e-114
21.89	1.8663594e-105
21.92	2.0658080e-97
21.96	5.6447255e-90
21.99	4.2319438e-83
22.03	9.5986186e-77
22.06	7.2090759e-71
22.09	1.9490673e-65
22.13	2.0492366e-60
22.16	8.9989279e-56
22.20	1.7632044e-51
22.23	1.6385078e-47
22.26	7.6410494e-44
22.30	1.8840638e-40
22.33	2.5778038e-37
22.37	2.0465026e-34
22.40	9.8247489e-32
22.43	2.9632484e-29
22.47	5.8169673e-27
22.50	7.6789093e-25
22.54	7.0259310e-23
22.57	4.5819638e-21
22.61	2.1856159e-19
22.64	7.8101404e-18
22.67	2.1375463e-16
22.71	4.5733187e-15
22.74	7.7951881e-14
22.78	1.0772155e-12
22.81	1.2265584e-11
22.84	1.1681033e-10
22.88	9.4337931e-10
22.91	6.5441034e-09
22.95	3.9454162e-08
22.98	2.0899532e-07
23.01	9.8249637e-07
23.05	4.1369005e-06
23.08	1.5733889e-05
23.12	5.4470806e-05
23.15	1.7286235e-04
23.18	5.0603869e-04
23.22	1.3741729e-03
23.25	3.4783315e-03
23.29	8.2394344e-03
23.32	1.8318534e-02
23.35	3.8283729e-02
23.39	7.5171157e-02
23.42	1.3817809e-01
23.46	2.3583085e-01
23.49	3.6853563e-01
23.53	5.1888428e-01
23.56	6.5914147e-01
23.59	7.7729147e-01
23.63	8.7153154e-01
23.66	9.4322142e-01
23.70	9.9485432e-01
23.73	1.0292255e+00
23.76	1.0490606e+00
23.80	1.0568544e+00
23.83	1.0548109e+00
23.87	1.0448354e+00
23.90	1.0285504e+00
23.93	1.0073228e+00
23.97	9.8229504e-01
24.00	9.5441510e-01
24.04	9.2446531e-01
24.07	8.9308777e-01
24.10	8.6080673e-01
24.14	8.2804793e-01
24.17	7.9515507e-01
24.21	7.6240377e-01
24.24	7.3001331e-01
24.27	6.9815644e-01
24.31	6.6696759e-01
24.34	6.3654968e-01
24.38	6.0697979e-01
24.41	5.7831382e-01
24.44	5.5059038e-01
24.48	5.2383400e-01
24.51	4.9805775e-01
24.55	4.7326546e-01
24.58	4.4945347e-01
24.62	4.2661215e-01
24.65	4.0472709e-01
24.68	3.8378013e-01
24.72	3.6375019e-01
24.75	3.4461393e-01
24.79	3.2634634e-01
24.82	3.0892117e-01
24.85	2.9231135e-01
24.89	2.7648928e-01
24.92	2.6142708e-01
24.96	2.4709684e-01
24.99	2.3347074e-01
25.02	2.2052124e-01
25.06	2.0822115e-01
25.09	1.9654377e-01
25.13	1.8546292e-01
25.16	1.7495304e-01
25.19	1.6498922e-01
25.23	1.5554719e-01
25.26	1.4660345e-01
25.30	1.3813518e-01
25.33	1.3012032e-01
25.36	1.2253755e-01
25.40	1.1536631e-01
25.43	1.0858677e-01
25.47	1.0217984e-01
25.50	9.6127196e-02
25.54	9.0411199e-02
25.57	8.5014941e-02
25.60	7.9922208e-02
25.64	7.5117466e-02
25.67	7.0585850e-02
25.71	6.6313141e-02
25.74	6.2285751e-02
25.77	5.8490706e-02
25.81	5.4915621e-02
25.84	5.1548691e-02
25.88	4.8378661e-02
25.91	4.5394814e-02
25.94	4.2586949e-02
25.98	3.9945361e-02
26.01	3.7460825e-02
26.05	3.5124575e-02
26.08	3.2928285e-02
26.11	3.0864054e-02
26.15	2.8924384e-02
26.18	2.7102168e-02
26.22	2.5390668e-02
26.25	2.3783500e-02
26.28	2.2274622e-02
26.32	2.0858312e-02
26.35	1.9529158e-02
26.39	1.8282041e-02
26.42	1.7112124e-02
26.45	1.6014832e-02
26.49	1.4985848e-02
26.52	1.4021093e-02
26.56	1.3116717e-02
26.59	1.2269087e-02
26.63	1.1474777e-02
26.66	1.0730557e-02
26.69	1.0033379e-02
26.73	9.3803752e-03
26.76	8.7688406e-03
26.80	8.1962290e-03
26.83	7.6601429e-03
26.86	7.1583256e-03
26.90	6.6886538e-03
26.93	6.2491297e-03
26.97	5.8378748e-03
27.00	5.4531225e-03
