# NeutrinoAntineutrinoInteraction/NeutrinoAntineutrinoZProduction interaction rates
# neutrino field: massive Cosmic Neutrino Background, T_CnuB = 1.94535456 K
# Produced with crpropa-data version: 60a1560e37035039ec25f414e0c42a2444bad49c
# log10(E/eV), 1/lambda [1/Mpc]
19.98	0.0000000e+00
20.02	0.0000000e+00
20.05	0.0000000e+00
20.08	0.0000000e+00
20.12	0.0000000e+00
20.15	0.0000000e+00
20.19	0.0000000e+00
20.22	0.0000000e+00
20.25	0.0000000e+00
20.29	0.0000000e+00
20.32	0.0000000e+00
20.36	0.0000000e+00
20.39	0.0000000e+00
20.42	0.0000000e+00
20.46	0.0000000e+00
20.49	0.0000000e+00
20.53	0.0000000e+00
20.56	0.0000000e+00
20.60	0.0000000e+00
20.63	0.0000000e+00
20.66	0.0000000e+00
20.70	0.0000000e+00
20.73	0.0000000e+00
20.77	0.0000000e+00
20.80	0.0000000e+00
20.83	0.0000000e+00
20.87	0.0000000e+00
20.90	0.0000000e+00
20.94	0.0000000e+00
20.97	0.0000000e+00
21.00	0.0000000e+00
21.04	0.0000000e+00
21.07	0.0000000e+00
21.11	0.0000000e+00
21.14	0.0000000e+00
21.17	0.0000000e+00
21.21	0.0000000e+00
21.24	0.0000000e+00
21.28	0.0000000e+00
21.31	0.0000000e+00
21.34	0.0000000e+00
21.38	0.0000000e+00
21.41	0.0000000e+00
21.45	0.0000000e+00
21.48	0.0000000e+00
21.52	0.0000000e+00
21.55	0.0000000e+00
21.58	0.0000000e+00
21.62	0.0000000e+00
21.65	0.0000000e+00
21.69	0.0000000e+00
21.72	0.0000000e+00
21.75	0.0000000e+00
21.79	0.0000000e+00
21.82	0.0000000e+00
21.86	0.0000000e+00
21.89	0.0000000e+00
21.92	1.6915763e-286
21.96	5.3769379e-265
21.99	4.0663601e-245
22.03	9.7004992e-227
22.06	9.4743257e-210
22.09	4.8213967e-194
22.13	1.5976163e-179
22.16	4.2359248e-166
22.20	1.0872981e-153
22.23	3.2223959e-142
22.26	1.2976934e-131
22.30	8.2551425e-122
22.33	9.5345128e-113
22.37	2.2740196e-104
22.40	1.2615204e-96
22.43	1.8171122e-89
22.47	7.5237491e-83
22.50	9.8377607e-77
22.54	4.4312883e-71
22.57	7.4515831e-66
22.61	5.0388384e-61
22.64	1.4676364e-56
22.67	1.9620203e-52
22.71	1.2767158e-48
22.74	4.2694745e-45
22.78	7.7152129e-42
22.81	7.8917448e-39
22.84	4.7696515e-36
22.88	1.7722254e-33
22.91	4.1995195e-31
22.95	6.5653179e-29
22.98	6.9871948e-27
23.01	5.2110878e-25
23.05	2.7974964e-23
23.08	1.1081149e-21
23.12	3.3137542e-20
23.15	7.6413668e-19
23.18	1.3855993e-17
23.22	2.0117717e-16
23.25	2.3782593e-15
23.29	2.3248523e-14
23.32	1.9063212e-13
23.35	1.3286213e-12
23.39	7.9674069e-12
23.42	4.1576583e-11
23.46	1.9077937e-10
23.49	7.7724358e-10
23.53	2.8366229e-09
23.56	9.3507778e-09
23.59	2.8054852e-08
23.63	7.7151558e-08
23.66	1.9574431e-07
23.70	4.6095538e-07
23.73	1.0131505e-06
23.76	2.0891597e-06
23.80	4.0608799e-06
23.83	7.4736223e-06
23.87	1.3075890e-05
23.90	2.1830950e-05
23.93	3.4901400e-05
23.97	5.3601133e-05
24.00	7.9314238e-05
24.04	1.1338635e-04
24.07	1.5699942e-04
24.10	2.1104476e-04
24.14	2.7601031e-04
24.17	3.5189673e-04
24.21	4.3817317e-04
24.24	5.3377796e-04
24.27	6.3716393e-04
24.31	7.4638221e-04
24.34	8.5919472e-04
24.38	9.7320263e-04
24.41	1.0859781e-03
24.44	1.1951875e-03
24.48	1.2986967e-03
24.51	1.3946528e-03
24.55	1.4815391e-03
24.58	1.5582031e-03
24.62	1.6238613e-03
24.65	1.6780832e-03
24.68	1.7207610e-03
24.72	1.7520677e-03
24.75	1.7724110e-03
24.79	1.7823847e-03
24.82	1.7827211e-03
24.85	1.7742476e-03
24.89	1.7578480e-03
24.92	1.7344292e-03
24.96	1.7048942e-03
24.99	1.6701207e-03
25.02	1.6309448e-03
25.06	1.5881500e-03
25.09	1.5424591e-03
25.13	1.4945308e-03
25.16	1.4449579e-03
25.19	1.3942681e-03
25.23	1.3429260e-03
25.26	1.2913366e-03
25.30	1.2398494e-03
25.33	1.1887623e-03
25.36	1.1383268e-03
25.40	1.0887524e-03
25.43	1.0402111e-03
25.47	9.9284148e-04
25.50	9.4675326e-04
25.54	9.0203050e-04
25.57	8.5873526e-04
25.60	8.1691057e-04
25.64	7.7658322e-04
25.67	7.3776617e-04
25.71	7.0046075e-04
25.74	6.6465852e-04
25.77	6.3034296e-04
25.81	5.9749090e-04
25.84	5.6607375e-04
25.88	5.3605863e-04
25.91	5.0740924e-04
25.94	4.8008667e-04
25.98	4.5405010e-04
26.01	4.2925734e-04
26.05	4.0566535e-04
26.08	3.8323059e-04
26.11	3.6190942e-04
26.15	3.4165837e-04
26.18	3.2243435e-04
26.22	3.0419489e-04
26.25	2.8689824e-04
26.28	2.7050354e-04
26.32	2.5497092e-04
26.35	2.4026157e-04
26.39	2.2633777e-04
26.42	2.1316300e-04
26.45	2.0070190e-04
26.49	1.8892035e-04
26.52	1.7778543e-04
26.56	1.6726545e-04
26.59	1.5732992e-04
26.63	1.4794958e-04
26.66	1.3909633e-04
26.69	1.3074325e-04
26.73	1.2286455e-04
26.76	1.1543558e-04
26.80	1.0843275e-04
26.83	1.0183354e-04
26.86	9.5616452e-05
26.90	8.9760992e-05
26.93	8.4247619e-05
26.97	7.9057724e-05
27.00	7.4173594e-05
