# NeutrinoAntineutrinoInteraction/NeutrinoAntineutrinoZProduction interaction rates
# neutrino field: massive Cosmic Neutrino Background, T_CnuB = 1.94535456 K
# Produced with crpropa-data version: 60a1560e37035039ec25f414e0c42a2444bad49c
# log10(E/eV), 1/lambda [1/Mpc]
20.94	0.0000000e+00
20.97	0.0000000e+00
21.00	0.0000000e+00
21.04	0.0000000e+00
21.07	0.0000000e+00
21.11	0.0000000e+00
21.14	0.0000000e+00
21.17	0.0000000e+00
21.21	0.0000000e+00
21.24	0.0000000e+00
21.28	0.0000000e+00
21.31	0.0000000e+00
21.34	0.0000000e+00
21.38	0.0000000e+00
21.41	0.0000000e+00
21.45	0.0000000e+00
21.48	0.0000000e+00
21.52	0.0000000e+00
21.55	0.0000000e+00
21.58	0.0000000e+00
21.62	0.0000000e+00
21.65	0.0000000e+00
21.69	0.0000000e+00
21.72	0.0000000e+00
21.75	0.0000000e+00
21.79	0.0000000e+00
21.82	0.0000000e+00
21.86	0.0000000e+00
21.89	0.0000000e+00
21.92	0.0000000e+00
21.96	0.0000000e+00
21.99	0.0000000e+00
22.03	0.0000000e+00
22.06	0.0000000e+00
22.09	0.0000000e+00
22.13	0.0000000e+00
22.16	0.0000000e+00
22.20	0.0000000e+00
22.23	0.0000000e+00
22.26	0.0000000e+00
22.30	0.0000000e+00
22.33	0.0000000e+00
22.37	0.0000000e+00
22.40	0.0000000e+00
22.43	0.0000000e+00
22.47	0.0000000e+00
22.50	0.0000000e+00
22.54	0.0000000e+00
22.57	0.0000000e+00
22.61	0.0000000e+00
22.64	0.0000000e+00
22.67	0.0000000e+00
22.71	0.0000000e+00
22.74	0.0000000e+00
22.78	0.0000000e+00
22.81	0.0000000e+00
22.84	0.0000000e+00
22.88	7.5746479e-278
22.91	3.8083156e-255
22.95	5.6540880e-234
22.98	3.3447413e-214
23.01	1.0427262e-195
23.05	2.2247734e-178
23.08	4.1491147e-162
23.12	8.5075707e-147
23.15	2.3791754e-132
23.18	1.1114876e-118
23.22	1.0502587e-105
23.25	2.4045069e-93
23.29	1.5818868e-81
23.32	3.5122403e-70
23.35	3.0590327e-59
23.39	1.1992030e-48
23.42	2.3780773e-38
23.46	2.5583083e-28
23.49	1.3478592e-18
23.53	1.6466172e-10
23.56	1.8814453e-09
23.59	3.9147049e-09
23.63	5.8055257e-09
23.66	7.4239889e-09
23.70	8.7421345e-09
23.73	9.7728514e-09
23.76	1.0545098e-08
23.80	1.1093111e-08
23.83	1.1450876e-08
23.87	1.1650088e-08
23.90	1.1718672e-08
23.93	1.1681151e-08
23.97	1.1558394e-08
24.00	1.1368161e-08
24.04	1.1125260e-08
24.07	1.0842093e-08
24.10	1.0528889e-08
24.14	1.0194169e-08
24.17	9.8447779e-09
24.21	9.4861405e-09
24.24	9.1228307e-09
24.27	8.7585195e-09
24.31	8.3961769e-09
24.34	8.0381262e-09
24.38	7.6862436e-09
24.41	7.3419395e-09
24.44	7.0063683e-09
24.48	6.6802697e-09
24.51	6.3642506e-09
24.55	6.0586808e-09
24.58	5.7638578e-09
24.62	5.4798763e-09
24.65	5.2068145e-09
24.68	4.9445923e-09
24.72	4.6931553e-09
24.75	4.4523432e-09
24.79	4.2218747e-09
24.82	4.0014676e-09
24.85	3.7909027e-09
24.89	3.5898740e-09
24.92	3.3981279e-09
24.96	3.2153405e-09
24.99	3.0412396e-09
25.02	2.8755033e-09
25.06	2.7178492e-09
25.09	2.5679262e-09
25.13	2.4254498e-09
25.16	2.2901111e-09
25.19	2.1616295e-09
25.23	2.0397121e-09
25.26	1.9240868e-09
25.30	1.8144809e-09
25.33	1.7106479e-09
25.36	1.6123046e-09
25.40	1.5191783e-09
25.43	1.4310302e-09
25.47	1.3476263e-09
25.50	1.2687453e-09
25.54	1.1941675e-09
25.57	1.1236893e-09
25.60	1.0571068e-09
25.64	9.9423542e-10
25.67	9.3487690e-10
25.71	8.7885766e-10
25.74	8.2600257e-10
25.77	7.7615473e-10
25.81	7.2915320e-10
25.84	6.8485522e-10
25.88	6.4311417e-10
25.91	6.0380236e-10
25.94	5.6678809e-10
25.98	5.3193732e-10
26.01	4.9912818e-10
26.05	4.6825376e-10
26.08	4.3920396e-10
26.11	4.1188196e-10
26.15	3.8618847e-10
26.18	3.6203596e-10
26.22	3.3933621e-10
26.25	3.1800835e-10
26.28	2.9796998e-10
26.32	2.7914923e-10
26.35	2.6147486e-10
26.39	2.4488194e-10
26.42	2.2930708e-10
26.45	2.1469178e-10
26.49	2.0098006e-10
26.52	1.8812100e-10
26.56	1.7606034e-10
26.59	1.6474920e-10
26.63	1.5414324e-10
26.66	1.4420016e-10
26.69	1.3488062e-10
26.73	1.2614675e-10
26.76	1.1796372e-10
26.80	1.1029783e-10
26.83	1.0311845e-10
26.86	9.6394458e-11
26.90	9.0098489e-11
26.93	8.4203743e-11
26.97	7.8686094e-11
27.00	7.3521731e-11
