# NeutrinoAntineutrinoInteraction/NeutrinoAntineutrinoZProduction interaction rates
# neutrino field: massive Cosmic Neutrino Background, T_CnuB = 1.94535456 K
# Produced with crpropa-data version: 60a1560e37035039ec25f414e0c42a2444bad49c
# log10(E/eV), 1/lambda [1/Mpc]
20.46	0.0000000e+00
20.49	0.0000000e+00
20.53	0.0000000e+00
20.56	0.0000000e+00
20.60	0.0000000e+00
20.63	0.0000000e+00
20.66	0.0000000e+00
20.70	0.0000000e+00
20.73	0.0000000e+00
20.77	0.0000000e+00
20.80	0.0000000e+00
20.83	0.0000000e+00
20.87	0.0000000e+00
20.90	0.0000000e+00
20.94	0.0000000e+00
20.97	0.0000000e+00
21.00	0.0000000e+00
21.04	0.0000000e+00
21.07	0.0000000e+00
21.11	0.0000000e+00
21.14	0.0000000e+00
21.17	0.0000000e+00
21.21	0.0000000e+00
21.24	0.0000000e+00
21.28	0.0000000e+00
21.31	0.0000000e+00
21.34	0.0000000e+00
21.38	0.0000000e+00
21.41	0.0000000e+00
21.45	0.0000000e+00
21.48	0.0000000e+00
21.52	0.0000000e+00
21.55	0.0000000e+00
21.58	0.0000000e+00
21.62	0.0000000e+00
21.65	0.0000000e+00
21.69	0.0000000e+00
21.72	0.0000000e+00
21.75	0.0000000e+00
21.79	0.0000000e+00
21.82	0.0000000e+00
21.86	0.0000000e+00
21.89	0.0000000e+00
21.92	0.0000000e+00
21.96	0.0000000e+00
21.99	0.0000000e+00
22.03	0.0000000e+00
22.06	0.0000000e+00
22.09	0.0000000e+00
22.13	0.0000000e+00
22.16	0.0000000e+00
22.20	0.0000000e+00
22.23	0.0000000e+00
22.26	0.0000000e+00
22.30	0.0000000e+00
22.33	0.0000000e+00
22.37	0.0000000e+00
22.40	2.0122907e-289
22.43	6.5787186e-268
22.47	5.1130529e-248
22.50	1.2528391e-229
22.54	1.2563338e-212
22.57	6.5627048e-197
22.61	2.2320375e-182
22.64	6.0747654e-169
22.67	1.6009684e-156
22.71	4.8734221e-145
22.74	2.0169006e-134
22.78	1.3194698e-124
22.81	1.5685967e-115
22.84	3.8547136e-107
22.88	2.2059624e-99
22.91	3.2823742e-92
22.95	1.4061059e-85
22.98	1.9055191e-79
23.01	8.9129278e-74
23.05	1.5596952e-68
23.08	1.1001221e-63
23.12	3.3509004e-59
23.15	4.6977650e-55
23.18	3.2154517e-51
23.22	1.1347619e-47
23.25	2.1716771e-44
23.29	2.3615016e-41
23.32	1.5234965e-38
23.35	6.0689061e-36
23.39	1.5490105e-33
23.42	2.6214047e-31
23.46	3.0360039e-29
23.49	2.4779190e-27
23.53	1.4644298e-25
23.56	6.4261348e-24
23.59	2.1430003e-22
23.63	5.5491327e-21
23.66	1.1381533e-19
23.70	1.8834087e-18
23.73	2.5577050e-17
23.76	2.8956888e-16
23.80	2.7730538e-15
23.83	2.2765992e-14
23.87	1.6221360e-13
23.90	1.0145285e-12
23.93	5.6271254e-12
23.97	2.7937620e-11
24.00	1.2518690e-10
24.04	5.0990900e-10
24.07	1.8989744e-09
24.10	6.4929299e-09
24.14	2.0418602e-08
24.17	5.8933840e-08
24.21	1.5468188e-07
24.24	3.6062410e-07
24.27	7.1221809e-07
24.31	1.1347241e-06
24.34	1.5270300e-06
24.38	1.8597169e-06
24.41	2.1276679e-06
24.44	2.3342437e-06
24.48	2.4860039e-06
24.51	2.5904259e-06
24.55	2.6548611e-06
24.58	2.6860706e-06
24.62	2.6900479e-06
24.65	2.6719864e-06
24.68	2.6363170e-06
24.72	2.5867793e-06
24.75	2.5265019e-06
24.79	2.4580853e-06
24.82	2.3836781e-06
24.85	2.3050461e-06
24.89	2.2236334e-06
24.92	2.1406147e-06
24.96	2.0569405e-06
24.99	1.9733746e-06
25.02	1.8905268e-06
25.06	1.8088794e-06
25.09	1.7288094e-06
25.13	1.6506077e-06
25.16	1.5744940e-06
25.19	1.5006300e-06
25.23	1.4291298e-06
25.26	1.3600688e-06
25.30	1.2934909e-06
25.33	1.2294143e-06
25.36	1.1678367e-06
25.40	1.1087392e-06
25.43	1.0520895e-06
25.47	9.9784493e-07
25.50	9.4595471e-07
25.54	8.9636158e-07
25.57	8.4900350e-07
25.60	8.0381490e-07
25.64	7.6072774e-07
25.67	7.1967230e-07
25.71	6.8057798e-07
25.74	6.4337379e-07
25.77	6.0798890e-07
25.81	5.7435300e-07
25.84	5.4239660e-07
25.88	5.1205132e-07
25.91	4.8325007e-07
25.94	4.5592723e-07
25.98	4.3001878e-07
26.01	4.0546238e-07
26.05	3.8219748e-07
26.08	3.6016537e-07
26.11	3.3930918e-07
26.15	3.1957394e-07
26.18	3.0090660e-07
26.22	2.8325597e-07
26.25	2.6657279e-07
26.28	2.5080964e-07
26.32	2.3592096e-07
26.35	2.2186303e-07
26.39	2.0859388e-07
26.42	1.9607332e-07
26.45	1.8426284e-07
26.49	1.7312563e-07
26.52	1.6262648e-07
26.56	1.5273176e-07
26.59	1.4340936e-07
26.63	1.3462866e-07
26.66	1.2636046e-07
26.69	1.1857695e-07
26.73	1.1125166e-07
26.76	1.0435939e-07
26.80	9.7876168e-08
26.83	9.1779236e-08
26.86	8.6046959e-08
26.90	8.0658799e-08
26.93	7.5595268e-08
26.97	7.0837884e-08
27.00	6.6369124e-08
