# NeutrinoAntineutrinoInteraction/NeutrinoAntineutrinoZProduction interaction rates
# neutrino field: massive Cosmic Neutrino Background, T_CnuB = 1.94535456 K
# Produced with crpropa-data version: 60a1560e37035039ec25f414e0c42a2444bad49c
# log10(E/eV), 1/lambda [1/Mpc]
19.74	0.0000000e+00
19.78	0.0000000e+00
19.81	0.0000000e+00
19.85	0.0000000e+00
19.88	0.0000000e+00
19.91	0.0000000e+00
19.95	0.0000000e+00
19.98	0.0000000e+00
20.02	0.0000000e+00
20.05	0.0000000e+00
20.08	0.0000000e+00
20.12	0.0000000e+00
20.15	0.0000000e+00
20.19	0.0000000e+00
20.22	0.0000000e+00
20.25	0.0000000e+00
20.29	0.0000000e+00
20.32	0.0000000e+00
20.36	0.0000000e+00
20.39	0.0000000e+00
20.42	0.0000000e+00
20.46	0.0000000e+00
20.49	0.0000000e+00
20.53	0.0000000e+00
20.56	0.0000000e+00
20.60	0.0000000e+00
20.63	0.0000000e+00
20.66	0.0000000e+00
20.70	0.0000000e+00
20.73	0.0000000e+00
20.77	0.0000000e+00
20.80	0.0000000e+00
20.83	0.0000000e+00
20.87	0.0000000e+00
20.90	0.0000000e+00
20.94	0.0000000e+00
20.97	0.0000000e+00
21.00	0.0000000e+00
21.04	0.0000000e+00
21.07	0.0000000e+00
21.11	0.0000000e+00
21.14	0.0000000e+00
21.17	0.0000000e+00
21.21	0.0000000e+00
21.24	0.0000000e+00
21.28	0.0000000e+00
21.31	0.0000000e+00
21.34	0.0000000e+00
21.38	0.0000000e+00
21.41	0.0000000e+00
21.45	0.0000000e+00
21.48	0.0000000e+00
21.52	0.0000000e+00
21.55	0.0000000e+00
21.58	0.0000000e+00
21.62	0.0000000e+00
21.65	0.0000000e+00
21.69	1.4802223e-277
21.72	1.3175432e-256
21.75	3.0766305e-237
21.79	2.4808746e-219
21.82	8.9063560e-203
21.86	1.8004762e-187
21.89	2.5468352e-173
21.92	3.0815046e-160
21.96	3.8399093e-148
21.99	5.8511961e-137
22.03	1.2778620e-126
22.06	4.6322719e-117
22.09	3.1924755e-108
22.13	4.7423927e-100
22.16	1.7053463e-92
22.20	1.6526748e-85
22.23	4.7668273e-79
22.26	4.4854275e-73
22.30	1.4989219e-67
22.33	1.9242123e-62
22.37	1.0203828e-57
22.40	2.3904513e-53
22.43	2.6326068e-49
22.47	1.4435837e-45
22.50	4.1566093e-42
22.54	6.6014844e-39
22.57	6.0522401e-36
22.61	3.3408263e-33
22.64	1.1544669e-30
22.67	2.5891924e-28
22.71	3.8967423e-26
22.74	4.0589582e-24
22.78	3.0111107e-22
22.81	1.6335752e-20
22.84	6.6419993e-19
22.88	2.0704357e-17
22.91	5.0530153e-16
22.95	9.8448140e-15
22.98	1.5589840e-13
23.01	2.0401973e-12
23.05	2.2406083e-11
23.08	2.0944494e-10
23.12	1.6882517e-09
23.15	1.1875339e-08
23.18	7.3689971e-08
23.22	4.0734771e-07
23.25	2.0233048e-06
23.29	9.0967503e-06
23.32	3.7235681e-05
23.35	1.3928522e-04
23.39	4.7643236e-04
23.42	1.4831597e-03
23.46	4.1374295e-03
23.49	9.9557635e-03
23.53	1.9252309e-02
23.56	2.9232463e-02
23.59	3.8143284e-02
23.63	4.5565003e-02
23.66	5.1463929e-02
23.70	5.5953007e-02
23.73	5.9198558e-02
23.76	6.1378525e-02
23.80	6.2663308e-02
23.83	6.3207474e-02
23.87	6.3146914e-02
23.90	6.2598740e-02
23.93	6.1662497e-02
23.97	6.0421952e-02
24.00	5.8947042e-02
24.04	5.7295787e-02
24.07	5.5516047e-02
24.10	5.3647101e-02
24.14	5.1721022e-02
24.17	4.9763860e-02
24.21	4.7796653e-02
24.24	4.5836283e-02
24.27	4.3896189e-02
24.31	4.1986972e-02
24.34	4.0116894e-02
24.38	3.8292293e-02
24.41	3.6517927e-02
24.44	3.4797265e-02
24.48	3.3132717e-02
24.51	3.1525835e-02
24.55	2.9977471e-02
24.58	2.8487909e-02
24.62	2.7056979e-02
24.65	2.5684143e-02
24.68	2.4368571e-02
24.72	2.3109203e-02
24.75	2.1904799e-02
24.79	2.0753979e-02
24.82	1.9655260e-02
24.85	1.8607085e-02
24.89	1.7607840e-02
24.92	1.6655883e-02
24.96	1.5749549e-02
24.99	1.4887171e-02
25.02	1.4067088e-02
25.06	1.3287652e-02
25.09	1.2547237e-02
25.13	1.1844244e-02
25.16	1.1177107e-02
25.19	1.0544293e-02
25.23	9.9443096e-03
25.26	9.3757025e-03
25.30	8.8370613e-03
25.33	8.3270180e-03
25.36	7.8442489e-03
25.40	7.3874745e-03
25.43	6.9554602e-03
25.47	6.5470158e-03
25.50	6.1609955e-03
25.54	5.7962975e-03
25.57	5.4518630e-03
25.60	5.1266758e-03
25.64	4.8197617e-03
25.67	4.5301870e-03
25.71	4.2570580e-03
25.74	3.9995198e-03
25.77	3.7567556e-03
25.81	3.5279848e-03
25.84	3.3124629e-03
25.88	3.1094795e-03
25.91	2.9183577e-03
25.94	2.7384525e-03
25.98	2.5691500e-03
26.01	2.4098664e-03
26.05	2.2600462e-03
26.08	2.1191619e-03
26.11	1.9867123e-03
26.15	1.8622216e-03
26.18	1.7452384e-03
26.22	1.6353347e-03
26.25	1.5321048e-03
26.28	1.4351643e-03
26.32	1.3441490e-03
26.35	1.2587145e-03
26.39	1.1785347e-03
26.42	1.1033012e-03
26.45	1.0327226e-03
26.49	9.6652318e-04
26.52	9.0444285e-04
26.56	8.4623578e-04
26.59	7.9166997e-04
26.63	7.4052650e-04
26.66	6.9259884e-04
26.69	6.4769225e-04
26.73	6.0562314e-04
26.76	5.6621848e-04
26.80	5.2931529e-04
26.83	4.9476005e-04
26.86	4.6240819e-04
26.90	4.3212366e-04
26.93	4.0377843e-04
26.97	3.7725203e-04
27.00	3.5243118e-04
