# NeutrinoAntineutrinoInteraction/NeutrinoAntineutrinoZProduction interaction rates
# neutrino field: massive Cosmic Neutrino Background, T_CnuB = 1.94535456 K
# Produced with crpropa-data version: 60a1560e37035039ec25f414e0c42a2444bad49c
# log10(E/eV), 1/lambda [1/Mpc]
19.74	0.0000000e+00
19.78	0.0000000e+00
19.81	0.0000000e+00
19.85	0.0000000e+00
19.88	0.0000000e+00
19.91	0.0000000e+00
19.95	0.0000000e+00
19.98	0.0000000e+00
20.02	0.0000000e+00
20.05	0.0000000e+00
20.08	0.0000000e+00
20.12	0.0000000e+00
20.15	0.0000000e+00
20.19	0.0000000e+00
20.22	0.0000000e+00
20.25	0.0000000e+00
20.29	0.0000000e+00
20.32	0.0000000e+00
20.36	0.0000000e+00
20.39	0.0000000e+00
20.42	0.0000000e+00
20.46	0.0000000e+00
20.49	0.0000000e+00
20.53	0.0000000e+00
20.56	0.0000000e+00
20.60	0.0000000e+00
20.63	0.0000000e+00
20.66	0.0000000e+00
20.70	0.0000000e+00
20.73	0.0000000e+00
20.77	0.0000000e+00
20.80	0.0000000e+00
20.83	0.0000000e+00
20.87	0.0000000e+00
20.90	0.0000000e+00
20.94	0.0000000e+00
20.97	0.0000000e+00
21.00	0.0000000e+00
21.04	0.0000000e+00
21.07	0.0000000e+00
21.11	0.0000000e+00
21.14	0.0000000e+00
21.17	0.0000000e+00
21.21	0.0000000e+00
21.24	0.0000000e+00
21.28	0.0000000e+00
21.31	0.0000000e+00
21.34	0.0000000e+00
21.38	0.0000000e+00
21.41	0.0000000e+00
21.45	0.0000000e+00
21.48	0.0000000e+00
21.52	0.0000000e+00
21.55	0.0000000e+00
21.58	0.0000000e+00
21.62	0.0000000e+00
21.65	0.0000000e+00
21.69	1.2986588e-277
21.72	1.1437480e-256
21.75	2.6403923e-237
21.79	2.1029391e-219
21.82	7.4493846e-203
21.86	1.4843699e-187
21.89	2.0672341e-173
21.92	2.4594972e-160
21.96	3.0096632e-148
21.99	4.4970613e-137
22.03	9.6156997e-127
22.06	3.4070431e-117
22.09	2.2909538e-108
22.13	3.3139863e-100
22.16	1.1580469e-92
22.20	1.0881522e-85
22.23	3.0358225e-79
22.26	2.7559709e-73
22.30	8.8607569e-68
22.33	1.0911285e-62
22.37	5.5326700e-58
22.40	1.2351505e-53
22.43	1.2915471e-49
22.47	6.6981804e-46
22.50	1.8165012e-42
22.54	2.7051369e-39
22.57	2.3145003e-36
22.61	1.1863082e-33
22.64	3.7861505e-31
22.67	7.7979308e-29
22.71	1.0712528e-26
22.74	1.0120517e-24
22.78	6.7635941e-23
22.81	3.2821374e-21
22.84	1.1847448e-19
22.88	3.2529306e-18
22.91	6.9353473e-17
22.95	1.1702807e-15
22.98	1.5907417e-14
23.01	1.7704277e-13
23.05	1.6378413e-12
23.08	1.2771213e-11
23.12	8.5026344e-11
23.15	4.8911070e-10
23.18	2.4579511e-09
23.22	1.0901093e-08
23.25	4.3070627e-08
23.29	1.5292576e-07
23.32	4.9187627e-07
23.35	1.4438739e-06
23.39	3.8947334e-06
23.42	9.7151833e-06
23.46	2.2541778e-05
23.49	4.8913997e-05
23.53	9.9758204e-05
23.56	1.9210064e-04
23.59	3.5076082e-04
23.63	6.0965820e-04
23.66	1.0122992e-03
23.70	1.6110319e-03
23.73	2.4647757e-03
23.76	3.6351338e-03
23.80	5.1810562e-03
23.83	7.1524703e-03
23.87	9.5835143e-03
23.90	1.2486139e-02
23.93	1.5844881e-02
23.97	1.9613550e-02
24.00	2.3714421e-02
24.04	2.8040301e-02
24.07	3.2459559e-02
24.10	3.6823925e-02
24.14	4.0978530e-02
24.17	4.4773424e-02
24.21	4.8075610e-02
24.24	5.0780633e-02
24.27	5.2823156e-02
24.31	5.4188308e-02
24.34	5.4924176e-02
24.38	5.5114894e-02
24.41	5.4849154e-02
24.44	5.4209942e-02
24.48	5.3271109e-02
24.51	5.2096589e-02
24.55	5.0740761e-02
24.58	4.9249308e-02
24.62	4.7660246e-02
24.65	4.6004959e-02
24.68	4.4309175e-02
24.72	4.2593838e-02
24.75	4.0875882e-02
24.79	3.9168886e-02
24.82	3.7483646e-02
24.85	3.5828648e-02
24.89	3.4210472e-02
24.92	3.2634127e-02
24.96	3.1103335e-02
24.99	2.9620756e-02
25.02	2.8188191e-02
25.06	2.6806737e-02
25.09	2.5476918e-02
25.13	2.4198798e-02
25.16	2.2972070e-02
25.19	2.1796131e-02
25.23	2.0670142e-02
25.26	1.9593079e-02
25.30	1.8563776e-02
25.33	1.7580961e-02
25.36	1.6643277e-02
25.40	1.5749315e-02
25.43	1.4897625e-02
25.47	1.4086737e-02
25.50	1.3315171e-02
25.54	1.2581450e-02
25.57	1.1884104e-02
25.60	1.1221682e-02
25.64	1.0592756e-02
25.67	9.9959245e-03
25.71	9.4298167e-03
25.74	8.8930955e-03
25.77	8.3844595e-03
25.81	7.9026449e-03
25.84	7.4464262e-03
25.88	7.0146174e-03
25.91	6.6060723e-03
25.94	6.2196847e-03
25.98	5.8543885e-03
26.01	5.5091570e-03
26.05	5.1830032e-03
26.08	4.8749788e-03
26.11	4.5841737e-03
26.15	4.3097154e-03
26.18	4.0507679e-03
26.22	3.8065310e-03
26.25	3.5762395e-03
26.28	3.3591620e-03
26.32	3.1546000e-03
26.35	2.9618871e-03
26.39	2.7803875e-03
26.42	2.6094955e-03
26.45	2.4486342e-03
26.49	2.2972542e-03
26.52	2.1548332e-03
26.56	2.0208744e-03
26.59	1.8949058e-03
26.63	1.7764791e-03
26.66	1.6651689e-03
26.69	1.5605715e-03
26.73	1.4623040e-03
26.76	1.3700035e-03
26.80	1.2833264e-03
26.83	1.2019471e-03
26.86	1.1255575e-03
26.90	1.0538660e-03
26.93	9.8659696e-04
26.97	9.2348968e-04
27.00	8.6429783e-04
