# NeutrinoAntineutrinoInteraction/NeutrinoAntineutrinoZProduction interaction rates
# neutrino field: massive Cosmic Neutrino Background, T_CnuB = 1.94535456 K
# Produced with crpropa-data version: 60a1560e37035039ec25f414e0c42a2444bad49c
# log10(E/eV), 1/lambda [1/Mpc]
20.46	0.0000000e+00
20.49	0.0000000e+00
20.53	0.0000000e+00
20.56	0.0000000e+00
20.60	0.0000000e+00
20.63	0.0000000e+00
20.66	0.0000000e+00
20.70	0.0000000e+00
20.73	0.0000000e+00
20.77	0.0000000e+00
20.80	0.0000000e+00
20.83	0.0000000e+00
20.87	0.0000000e+00
20.90	0.0000000e+00
20.94	0.0000000e+00
20.97	0.0000000e+00
21.00	0.0000000e+00
21.04	0.0000000e+00
21.07	0.0000000e+00
21.11	0.0000000e+00
21.14	0.0000000e+00
21.17	0.0000000e+00
21.21	0.0000000e+00
21.24	0.0000000e+00
21.28	0.0000000e+00
21.31	0.0000000e+00
21.34	0.0000000e+00
21.38	0.0000000e+00
21.41	0.0000000e+00
21.45	0.0000000e+00
21.48	0.0000000e+00
21.52	0.0000000e+00
21.55	0.0000000e+00
21.58	0.0000000e+00
21.62	0.0000000e+00
21.65	0.0000000e+00
21.69	0.0000000e+00
21.72	0.0000000e+00
21.75	0.0000000e+00
21.79	0.0000000e+00
21.82	0.0000000e+00
21.86	0.0000000e+00
21.89	0.0000000e+00
21.92	0.0000000e+00
21.96	0.0000000e+00
21.99	0.0000000e+00
22.03	0.0000000e+00
22.06	0.0000000e+00
22.09	0.0000000e+00
22.13	0.0000000e+00
22.16	0.0000000e+00
22.20	0.0000000e+00
22.23	0.0000000e+00
22.26	0.0000000e+00
22.30	0.0000000e+00
22.33	0.0000000e+00
22.37	0.0000000e+00
22.40	1.8018684e-289
22.43	5.8379190e-268
22.47	4.4936251e-248
22.50	1.0896187e-229
22.54	1.0803970e-212
22.57	5.5752969e-197
22.61	1.8714167e-182
22.64	5.0214189e-169
22.67	1.3032154e-156
22.71	3.9018856e-145
22.74	1.5862138e-134
22.78	1.0178864e-124
22.81	1.1851486e-115
22.84	2.8477645e-107
22.88	1.5907268e-99
22.91	2.3059446e-92
22.95	9.6041421e-86
22.98	1.2626552e-79
23.01	5.7161606e-74
23.05	9.6570389e-69
23.08	6.5583475e-64
23.12	1.9178299e-59
23.15	2.5733118e-55
23.18	1.6801962e-51
23.22	5.6364498e-48
23.25	1.0215076e-44
23.29	1.0476929e-41
23.32	6.3478534e-39
23.35	2.3640523e-36
23.39	5.6138446e-34
23.42	8.7936594e-32
23.46	9.3757394e-30
23.49	7.0042302e-28
23.53	3.7659622e-26
23.56	1.4938768e-24
23.59	4.4732884e-23
23.63	1.0327872e-21
23.66	1.8748670e-20
23.70	2.7250059e-19
23.73	3.2245532e-18
23.76	3.1549727e-17
23.80	2.5891482e-16
23.83	1.8059075e-15
23.87	1.0837265e-14
23.90	5.6589613e-14
23.93	2.5982634e-13
23.97	1.0591389e-12
24.00	3.8674357e-12
24.04	1.2754929e-11
24.07	3.8285245e-11
24.10	1.0532873e-10
24.14	2.6733548e-10
24.17	6.2976614e-10
24.21	1.3846369e-09
24.24	2.8560417e-09
24.27	5.5530842e-09
24.31	1.0222507e-08
24.34	1.7889630e-08
24.38	2.9874377e-08
24.41	4.7770313e-08
24.44	7.3378976e-08
24.48	1.0859885e-07
24.51	1.5527645e-07
24.55	2.1503466e-07
24.58	2.8909850e-07
24.62	3.7814032e-07
24.65	4.8216450e-07
24.68	6.0044649e-07
24.72	7.3153344e-07
24.75	8.7330603e-07
24.79	1.0230933e-06
24.82	1.1778267e-06
24.85	1.3342163e-06
24.89	1.4889314e-06
24.92	1.6387700e-06
24.96	1.7808029e-06
24.99	1.9124863e-06
25.02	2.0317373e-06
25.06	2.1369724e-06
25.09	2.2271145e-06
25.13	2.3015708e-06
25.16	2.3601912e-06
25.19	2.4032114e-06
25.23	2.4311893e-06
25.26	2.4449381e-06
25.30	2.4454618e-06
25.33	2.4338948e-06
25.36	2.4114491e-06
25.40	2.3793688e-06
25.43	2.3388927e-06
25.47	2.2912248e-06
25.50	2.2375127e-06
25.54	2.1788310e-06
25.57	2.1161722e-06
25.60	2.0504399e-06
25.64	1.9824479e-06
25.67	1.9129205e-06
25.71	1.8424953e-06
25.74	1.7717285e-06
25.77	1.7010995e-06
25.81	1.6310176e-06
25.84	1.5618280e-06
25.88	1.4938183e-06
25.91	1.4272246e-06
25.94	1.3622375e-06
25.98	1.2990074e-06
26.01	1.2376498e-06
26.05	1.1782502e-06
26.08	1.1208675e-06
26.11	1.0655386e-06
26.15	1.0122814e-06
26.18	9.6109782e-07
26.22	9.1197632e-07
26.25	8.6489428e-07
26.28	8.1981995e-07
26.32	7.7671416e-07
26.35	7.3553183e-07
26.39	6.9622317e-07
26.42	6.5873485e-07
26.45	6.2301086e-07
26.49	5.8899336e-07
26.52	5.5662328e-07
26.56	5.2584092e-07
26.59	4.9658642e-07
26.63	4.6880014e-07
26.66	4.4242297e-07
26.69	4.1739663e-07
26.73	3.9366387e-07
26.76	3.7116863e-07
26.80	3.4985621e-07
26.83	3.2967335e-07
26.86	3.1056832e-07
26.90	2.9249100e-07
26.93	2.7539290e-07
26.97	2.5922718e-07
27.00	2.4394870e-07
