# NeutrinoAntineutrinoInteraction/NeutrinoAntineutrinoZProduction interaction rates
# neutrino field: massive Cosmic Neutrino Background, T_CnuB = 1.94535456 K
# Produced with crpropa-data version: 60a1560e37035039ec25f414e0c42a2444bad49c
# log10(E/eV), 1/lambda [1/Mpc]
20.46	0.0000000e+00
20.49	0.0000000e+00
20.53	0.0000000e+00
20.56	0.0000000e+00
20.60	0.0000000e+00
20.63	0.0000000e+00
20.66	0.0000000e+00
20.70	0.0000000e+00
20.73	0.0000000e+00
20.77	0.0000000e+00
20.80	0.0000000e+00
20.83	0.0000000e+00
20.87	0.0000000e+00
20.90	0.0000000e+00
20.94	0.0000000e+00
20.97	0.0000000e+00
21.00	0.0000000e+00
21.04	0.0000000e+00
21.07	0.0000000e+00
21.11	0.0000000e+00
21.14	0.0000000e+00
21.17	0.0000000e+00
21.21	0.0000000e+00
21.24	0.0000000e+00
21.28	0.0000000e+00
21.31	0.0000000e+00
21.34	0.0000000e+00
21.38	0.0000000e+00
21.41	0.0000000e+00
21.45	0.0000000e+00
21.48	0.0000000e+00
21.52	0.0000000e+00
21.55	0.0000000e+00
21.58	0.0000000e+00
21.62	0.0000000e+00
21.65	0.0000000e+00
21.69	0.0000000e+00
21.72	0.0000000e+00
21.75	0.0000000e+00
21.79	0.0000000e+00
21.82	0.0000000e+00
21.86	0.0000000e+00
21.89	0.0000000e+00
21.92	0.0000000e+00
21.96	0.0000000e+00
21.99	0.0000000e+00
22.03	0.0000000e+00
22.06	0.0000000e+00
22.09	0.0000000e+00
22.13	0.0000000e+00
22.16	0.0000000e+00
22.20	0.0000000e+00
22.23	0.0000000e+00
22.26	0.0000000e+00
22.30	0.0000000e+00
22.33	0.0000000e+00
22.37	0.0000000e+00
22.40	7.5522081e-288
22.43	3.3115530e-266
22.47	3.5346855e-246
22.50	1.2201265e-227
22.54	1.7716772e-210
22.57	1.3803879e-194
22.61	7.2299616e-180
22.64	3.1364763e-166
22.67	1.3674139e-153
22.71	7.1669401e-142
22.74	5.3319639e-131
22.78	6.5684939e-121
22.81	1.5457733e-111
22.84	7.9351099e-103
22.88	1.0051095e-94
22.91	3.5227233e-87
22.95	3.8003707e-80
22.98	1.3935982e-73
23.01	1.9052704e-67
23.05	1.0585813e-61
23.08	2.5905739e-56
23.12	3.0104973e-51
23.15	1.7823864e-46
23.18	5.7420910e-42
23.22	1.0704632e-37
23.25	1.2230510e-33
23.29	9.0326661e-30
23.32	4.5272599e-26
23.35	1.6077092e-22
23.39	4.1883970e-19
23.42	8.1650404e-16
23.46	1.1729683e-12
23.49	1.0863382e-09
23.53	2.1847919e-07
23.56	1.0281195e-06
23.59	1.9076108e-06
23.63	2.7065295e-06
23.66	3.3818280e-06
23.70	3.9266662e-06
23.73	4.3488051e-06
23.76	4.6616649e-06
23.80	4.8802392e-06
23.83	5.0191672e-06
23.87	5.0918807e-06
23.90	5.1102640e-06
23.93	5.0846151e-06
23.97	5.0237168e-06
24.00	4.9349832e-06
24.04	4.8246177e-06
24.07	4.6977791e-06
24.10	4.5587307e-06
24.14	4.4109811e-06
24.17	4.2573976e-06
24.21	4.1003103e-06
24.24	3.9416112e-06
24.27	3.7828224e-06
24.31	3.6251617e-06
24.34	3.4695930e-06
24.38	3.3168737e-06
24.41	3.1675884e-06
24.44	3.0221836e-06
24.48	2.8809863e-06
24.51	2.7442322e-06
24.55	2.6120786e-06
24.58	2.4846223e-06
24.62	2.3619070e-06
24.65	2.2439378e-06
24.68	2.1306844e-06
24.72	2.0220928e-06
24.75	1.9180863e-06
24.79	1.8185697e-06
24.82	1.7234358e-06
24.85	1.6325699e-06
24.89	1.5458485e-06
24.92	1.4631443e-06
24.96	1.3843254e-06
24.99	1.3092589e-06
25.02	1.2378101e-06
25.06	1.1698452e-06
25.09	1.1052295e-06
25.13	1.0438312e-06
25.16	9.8552008e-07
25.19	9.3016854e-07
25.23	8.7765141e-07
25.26	8.2784679e-07
25.30	7.8063579e-07
25.33	7.3590330e-07
25.36	6.9353648e-07
25.40	6.5342605e-07
25.43	6.1546705e-07
25.47	5.7955796e-07
25.50	5.4560103e-07
25.54	5.1350188e-07
25.57	4.8316993e-07
25.60	4.5451785e-07
25.64	4.2746212e-07
25.67	4.0192201e-07
25.71	3.7782061e-07
25.74	3.5508400e-07
25.77	3.3364174e-07
25.81	3.1342618e-07
25.84	2.9437299e-07
25.88	2.7642046e-07
25.91	2.5951005e-07
25.94	2.4358567e-07
25.98	2.2859366e-07
26.01	2.1448305e-07
26.05	2.0120560e-07
26.08	1.8871521e-07
26.11	1.7696825e-07
26.15	1.6592308e-07
26.18	1.5554033e-07
26.22	1.4578254e-07
26.25	1.3661420e-07
26.28	1.2800152e-07
26.32	1.1991263e-07
26.35	1.1231728e-07
26.39	1.0518686e-07
26.42	9.8494281e-08
26.45	9.2213930e-08
26.49	8.6321581e-08
26.52	8.0794383e-08
26.56	7.5610584e-08
26.59	7.0749697e-08
26.63	6.6192436e-08
26.66	6.1920580e-08
26.69	5.7916956e-08
26.73	5.4165345e-08
26.76	5.0650478e-08
26.80	4.7357941e-08
26.83	4.4274182e-08
26.86	4.1386372e-08
26.90	3.8682486e-08
26.93	3.6151171e-08
26.97	3.3781777e-08
27.00	3.1564247e-08
