# NeutrinoAntineutrinoInteraction/NeutrinoAntineutrinoZProduction interaction rates
# neutrino field: massive Cosmic Neutrino Background, T_CnuB = 1.94535456 K
# Produced with crpropa-data version: 60a1560e37035039ec25f414e0c42a2444bad49c
# log10(E/eV), 1/lambda [1/Mpc]
19.85	0.0000000e+00
19.88	0.0000000e+00
19.91	0.0000000e+00
19.95	0.0000000e+00
19.98	0.0000000e+00
20.02	0.0000000e+00
20.05	0.0000000e+00
20.08	0.0000000e+00
20.12	0.0000000e+00
20.15	0.0000000e+00
20.19	0.0000000e+00
20.22	0.0000000e+00
20.25	0.0000000e+00
20.29	0.0000000e+00
20.32	0.0000000e+00
20.36	0.0000000e+00
20.39	0.0000000e+00
20.42	0.0000000e+00
20.46	0.0000000e+00
20.49	0.0000000e+00
20.53	0.0000000e+00
20.56	0.0000000e+00
20.60	0.0000000e+00
20.63	0.0000000e+00
20.66	0.0000000e+00
20.70	0.0000000e+00
20.73	0.0000000e+00
20.77	0.0000000e+00
20.80	0.0000000e+00
20.83	0.0000000e+00
20.87	0.0000000e+00
20.90	0.0000000e+00
20.94	0.0000000e+00
20.97	0.0000000e+00
21.00	0.0000000e+00
21.04	0.0000000e+00
21.07	0.0000000e+00
21.11	0.0000000e+00
21.14	0.0000000e+00
21.17	0.0000000e+00
21.21	0.0000000e+00
21.24	0.0000000e+00
21.28	0.0000000e+00
21.31	0.0000000e+00
21.34	0.0000000e+00
21.38	0.0000000e+00
21.41	0.0000000e+00
21.45	0.0000000e+00
21.48	0.0000000e+00
21.52	0.0000000e+00
21.55	0.0000000e+00
21.58	0.0000000e+00
21.62	0.0000000e+00
21.65	0.0000000e+00
21.69	0.0000000e+00
21.72	0.0000000e+00
21.75	0.0000000e+00
21.79	0.0000000e+00
21.82	3.2608272e-271
21.86	8.2804940e-251
21.89	6.0536025e-232
21.92	1.6651127e-214
21.96	2.2070805e-198
21.99	1.7721558e-183
22.03	1.0650312e-169
22.06	5.8255356e-157
22.09	3.4749669e-145
22.13	2.6718376e-134
22.16	3.0905766e-124
22.20	6.2044026e-115
22.23	2.4670040e-106
22.26	2.1953225e-98
22.30	4.8947663e-91
22.33	3.0354047e-84
22.37	5.7660263e-78
22.40	3.6683688e-72
22.43	8.4887155e-67
22.47	7.7110888e-62
22.50	2.9507077e-57
22.54	5.0768455e-53
22.57	4.1715971e-49
22.61	1.7308476e-45
22.64	3.8180708e-42
22.67	4.6962289e-39
22.71	3.3659257e-36
22.74	1.4641844e-33
22.78	4.0139690e-31
22.81	7.1805228e-29
22.84	8.6560062e-27
22.88	7.2440104e-25
22.91	4.3259917e-23
22.95	1.8909525e-21
22.98	6.1940282e-20
23.01	1.5538239e-18
23.05	3.0457344e-17
23.08	4.7523730e-16
23.12	6.0050216e-15
23.15	6.2430704e-14
23.18	5.4191949e-13
23.22	3.9812184e-12
23.25	2.5066209e-11
23.29	1.3683210e-10
23.32	6.5458923e-10
23.35	2.7716253e-09
23.39	1.0482460e-08
23.42	3.5713522e-08
23.46	1.1046966e-07
23.49	3.1249105e-07
23.53	8.1380908e-07
23.56	1.9632909e-06
23.59	4.4127365e-06
23.63	9.2894300e-06
23.66	1.8405639e-05
23.70	3.4479097e-05
23.73	6.1322193e-05
23.76	1.0394702e-04
23.80	1.6853380e-04
23.83	2.6222375e-04
23.87	3.9272352e-04
23.90	5.6774070e-04
23.93	7.9430281e-04
23.97	1.0780372e-03
24.00	1.4225011e-03
24.04	1.8286487e-03
24.07	2.2945031e-03
24.10	2.8150750e-03
24.14	3.3825364e-03
24.17	3.9866245e-03
24.21	4.6152276e-03
24.24	5.2550855e-03
24.27	5.8925306e-03
24.31	6.5142033e-03
24.34	7.1076821e-03
24.38	7.6619887e-03
24.41	8.1679477e-03
24.44	8.6183940e-03
24.48	9.0082403e-03
24.51	9.3344241e-03
24.55	9.5957591e-03
24.58	9.7927207e-03
24.62	9.9271916e-03
24.65	1.0002190e-02
24.68	1.0021599e-02
24.72	9.9899176e-03
24.75	9.9120268e-03
24.79	9.7929980e-03
24.82	9.6379270e-03
24.85	9.4518040e-03
24.89	9.2394131e-03
24.92	9.0052600e-03
24.96	8.7535230e-03
24.99	8.4880247e-03
25.02	8.2122189e-03
25.06	7.9291910e-03
25.09	7.6416680e-03
25.13	7.3520347e-03
25.16	7.0623551e-03
25.19	6.7743971e-03
25.23	6.4896578e-03
25.26	6.2093897e-03
25.30	5.9346262e-03
25.33	5.6662066e-03
25.36	5.4047985e-03
25.40	5.1509199e-03
25.43	4.9049588e-03
25.47	4.6671905e-03
25.50	4.4377945e-03
25.54	4.2168680e-03
25.57	4.0044389e-03
25.60	3.8004769e-03
25.64	3.6049035e-03
25.67	3.4175999e-03
25.71	3.2384150e-03
25.74	3.0671715e-03
25.77	2.9036712e-03
25.81	2.7477000e-03
25.84	2.5990316e-03
25.88	2.4574314e-03
25.91	2.3226587e-03
25.94	2.1944696e-03
25.98	2.0726189e-03
26.01	1.9568619e-03
26.05	1.8469558e-03
26.08	1.7426604e-03
26.11	1.6437399e-03
26.15	1.5499629e-03
26.18	1.4611036e-03
26.22	1.3769417e-03
26.25	1.2972635e-03
26.28	1.2218612e-03
26.32	1.1505342e-03
26.35	1.0830884e-03
26.39	1.0193366e-03
26.42	9.5909828e-04
26.45	9.0220009e-04
26.49	8.4847527e-04
26.52	7.9776376e-04
26.56	7.4991215e-04
26.59	7.0477343e-04
26.63	6.6220697e-04
26.66	6.2207825e-04
26.69	5.8425879e-04
26.73	5.4862590e-04
26.76	5.1506258e-04
26.80	4.8345726e-04
26.83	4.5370367e-04
26.86	4.2570063e-04
26.90	3.9935186e-04
26.93	3.7456584e-04
26.97	3.5125556e-04
27.00	3.2933839e-04
