# NeutrinoAntineutrinoInteraction/NeutrinoAntineutrinoZProduction interaction rates
# neutrino field: massive Cosmic Neutrino Background, T_CnuB = 1.94535456 K
# Produced with crpropa-data version: 60a1560e37035039ec25f414e0c42a2444bad49c
# log10(E/eV), 1/lambda [1/Mpc]
19.85	0.0000000e+00
19.88	0.0000000e+00
19.91	0.0000000e+00
19.95	0.0000000e+00
19.98	0.0000000e+00
20.02	0.0000000e+00
20.05	0.0000000e+00
20.08	0.0000000e+00
20.12	0.0000000e+00
20.15	0.0000000e+00
20.19	0.0000000e+00
20.22	0.0000000e+00
20.25	0.0000000e+00
20.29	0.0000000e+00
20.32	0.0000000e+00
20.36	0.0000000e+00
20.39	0.0000000e+00
20.42	0.0000000e+00
20.46	0.0000000e+00
20.49	0.0000000e+00
20.53	0.0000000e+00
20.56	0.0000000e+00
20.60	0.0000000e+00
20.63	0.0000000e+00
20.66	0.0000000e+00
20.70	0.0000000e+00
20.73	0.0000000e+00
20.77	0.0000000e+00
20.80	0.0000000e+00
20.83	0.0000000e+00
20.87	0.0000000e+00
20.90	0.0000000e+00
20.94	0.0000000e+00
20.97	0.0000000e+00
21.00	0.0000000e+00
21.04	0.0000000e+00
21.07	0.0000000e+00
21.11	0.0000000e+00
21.14	0.0000000e+00
21.17	0.0000000e+00
21.21	0.0000000e+00
21.24	0.0000000e+00
21.28	0.0000000e+00
21.31	0.0000000e+00
21.34	0.0000000e+00
21.38	0.0000000e+00
21.41	0.0000000e+00
21.45	0.0000000e+00
21.48	0.0000000e+00
21.52	0.0000000e+00
21.55	0.0000000e+00
21.58	0.0000000e+00
21.62	0.0000000e+00
21.65	0.0000000e+00
21.69	0.0000000e+00
21.72	0.0000000e+00
21.75	0.0000000e+00
21.79	0.0000000e+00
21.82	4.1703782e-271
21.86	1.0803277e-250
21.89	8.0697370e-232
21.92	2.2718767e-214
21.96	3.0879007e-198
21.99	2.5475504e-183
22.03	1.5765176e-169
22.06	8.9002259e-157
22.09	5.4933354e-145
22.13	4.3821953e-134
22.16	5.2745301e-124
22.20	1.1052743e-114
22.23	4.6029134e-106
22.26	4.3055848e-98
22.30	1.0130556e-90
22.33	6.6574643e-84
22.37	1.3462270e-77
22.40	9.1615024e-72
22.43	2.2795207e-66
22.47	2.2389472e-61
22.50	9.3190695e-57
22.54	1.7552270e-52
22.57	1.5896560e-48
22.61	7.3230848e-45
22.64	1.8075987e-41
22.67	2.5086781e-38
22.71	2.0468685e-35
22.74	1.0232250e-32
22.78	3.2561014e-30
22.81	6.8336913e-28
22.84	9.7745382e-26
22.88	9.8225914e-24
22.91	7.1331434e-22
22.95	3.8423674e-20
22.98	1.5728408e-18
23.01	5.0034432e-17
23.05	1.2628727e-15
23.08	2.5780287e-14
23.12	4.3325695e-13
23.15	6.0927610e-12
23.18	7.2774669e-11
23.22	7.4840211e-10
23.25	6.7072907e-09
23.29	5.2941151e-08
23.32	3.7120626e-07
23.35	2.3261462e-06
23.39	1.3055537e-05
23.42	6.5324127e-05
23.46	2.8591470e-04
23.49	1.0352713e-03
23.53	2.6989307e-03
23.56	4.7109475e-03
23.59	6.5705153e-03
23.63	8.1511307e-03
23.66	9.4291508e-03
23.70	1.0419879e-02
23.73	1.1153645e-02
23.76	1.1665201e-02
23.80	1.1988816e-02
23.83	1.2156063e-02
23.87	1.2194970e-02
23.90	1.2129845e-02
23.93	1.1981446e-02
23.97	1.1767302e-02
24.00	1.1502088e-02
24.04	1.1198010e-02
24.07	1.0865156e-02
24.10	1.0511826e-02
24.14	1.0144807e-02
24.17	9.7696302e-03
24.21	9.3907694e-03
24.24	9.0118275e-03
24.27	8.6356832e-03
24.31	8.2646174e-03
24.34	7.9004179e-03
24.38	7.5444669e-03
24.41	7.1978136e-03
24.44	6.8612343e-03
24.48	6.5352818e-03
24.51	6.2203268e-03
24.55	5.9165917e-03
24.58	5.6241789e-03
24.62	5.3430934e-03
24.65	5.0732620e-03
24.68	4.8145492e-03
24.72	4.5667697e-03
24.75	4.3296995e-03
24.79	4.1030842e-03
24.82	3.8866463e-03
24.85	3.6800917e-03
24.89	3.4831140e-03
24.92	3.2953989e-03
24.96	3.1166270e-03
24.99	2.9464773e-03
25.02	2.7846288e-03
25.06	2.6307626e-03
25.09	2.4845631e-03
25.13	2.3457197e-03
25.16	2.2139275e-03
25.19	2.0888881e-03
25.23	1.9703100e-03
25.26	1.8579097e-03
25.30	1.7514113e-03
25.33	1.6505474e-03
25.36	1.5550587e-03
25.40	1.4646949e-03
25.43	1.3792137e-03
25.47	1.2983820e-03
25.50	1.2219748e-03
25.54	1.1497759e-03
25.57	1.0815773e-03
25.60	1.0171794e-03
25.64	9.5639058e-04
25.67	8.9902734e-04
25.71	8.4491382e-04
25.74	7.9388178e-04
25.77	7.4577036e-04
25.81	7.0042587e-04
25.84	6.5770160e-04
25.88	6.1745756e-04
25.91	5.7956029e-04
25.94	5.4388261e-04
25.98	5.1030344e-04
26.01	4.7870751e-04
26.05	4.4898526e-04
26.08	4.2103249e-04
26.11	3.9475025e-04
26.15	3.7004456e-04
26.18	3.4682625e-04
26.22	3.2501073e-04
26.25	3.0451779e-04
26.28	2.8527144e-04
26.32	2.6719969e-04
26.35	2.5023437e-04
26.39	2.3431101e-04
26.42	2.1936856e-04
26.45	2.0534935e-04
26.49	1.9219884e-04
26.52	1.7986550e-04
26.56	1.6830066e-04
26.59	1.5745838e-04
26.63	1.4729528e-04
26.66	1.3777046e-04
26.69	1.2884533e-04
26.73	1.2048349e-04
26.76	1.1265067e-04
26.80	1.0531455e-04
26.83	9.8444682e-05
26.86	9.2012415e-05
26.90	8.5990762e-05
26.93	8.0354329e-05
26.97	7.5079220e-05
27.00	7.0142959e-05
