# NeutrinoAntineutrinoInteraction/NeutrinoAntineutrinoZProduction interaction rates
# neutrino field: massive Cosmic Neutrino Background, T_CnuB = 1.94535456 K
# Produced with crpropa-data version: 60a1560e37035039ec25f414e0c42a2444bad49c
# log10(E/eV), 1/lambda [1/Mpc]
19.85	0.0000000e+00
19.88	0.0000000e+00
19.91	0.0000000e+00
19.95	0.0000000e+00
19.98	0.0000000e+00
20.02	0.0000000e+00
20.05	0.0000000e+00
20.08	0.0000000e+00
20.12	0.0000000e+00
20.15	0.0000000e+00
20.19	0.0000000e+00
20.22	0.0000000e+00
20.25	0.0000000e+00
20.29	0.0000000e+00
20.32	0.0000000e+00
20.36	0.0000000e+00
20.39	0.0000000e+00
20.42	0.0000000e+00
20.46	0.0000000e+00
20.49	0.0000000e+00
20.53	0.0000000e+00
20.56	0.0000000e+00
20.60	0.0000000e+00
20.63	0.0000000e+00
20.66	0.0000000e+00
20.70	0.0000000e+00
20.73	0.0000000e+00
20.77	0.0000000e+00
20.80	0.0000000e+00
20.83	0.0000000e+00
20.87	0.0000000e+00
20.90	0.0000000e+00
20.94	0.0000000e+00
20.97	0.0000000e+00
21.00	0.0000000e+00
21.04	0.0000000e+00
21.07	0.0000000e+00
21.11	0.0000000e+00
21.14	0.0000000e+00
21.17	0.0000000e+00
21.21	0.0000000e+00
21.24	0.0000000e+00
21.28	0.0000000e+00
21.31	0.0000000e+00
21.34	0.0000000e+00
21.38	0.0000000e+00
21.41	0.0000000e+00
21.45	0.0000000e+00
21.48	0.0000000e+00
21.52	0.0000000e+00
21.55	0.0000000e+00
21.58	0.0000000e+00
21.62	0.0000000e+00
21.65	0.0000000e+00
21.69	0.0000000e+00
21.72	0.0000000e+00
21.75	0.0000000e+00
21.79	0.0000000e+00
21.82	3.2846475e-271
21.86	8.3458999e-251
21.89	6.1053045e-232
21.92	1.6804892e-214
21.96	2.2291170e-198
21.99	1.7912860e-183
22.03	1.0774610e-169
22.06	5.8990385e-157
22.09	3.5223660e-145
22.13	2.7112345e-134
22.16	3.1398380e-124
22.20	6.3112984e-115
22.23	2.5129451e-106
22.26	2.2395078e-98
22.30	5.0012375e-91
22.33	3.1067573e-84
22.37	5.9124910e-78
22.40	3.7690526e-72
22.43	8.7404387e-67
22.47	7.9581208e-62
22.50	3.0528201e-57
22.54	5.2666108e-53
22.57	4.3399989e-49
22.61	1.8063001e-45
22.64	3.9977805e-42
22.67	4.9348613e-39
22.71	3.5505425e-36
22.74	1.5508562e-33
22.78	4.2703555e-31
22.81	7.6753264e-29
22.84	9.2993756e-27
22.88	7.8246290e-25
22.91	4.6998111e-23
22.95	2.0670720e-21
22.98	6.8156533e-20
23.01	1.7218020e-18
23.05	3.4002990e-17
23.08	5.3479126e-16
23.12	6.8147572e-15
23.15	7.1485384e-14
23.18	6.2641974e-13
23.22	4.6482907e-12
23.25	2.9576931e-11
23.29	1.6326181e-10
23.32	7.9021574e-10
23.35	3.3872005e-09
23.39	1.2976210e-08
23.42	4.4806529e-08
23.46	1.4054506e-07
23.49	4.0337153e-07
23.53	1.0663600e-06
23.56	2.6126517e-06
23.59	5.9662398e-06
23.63	1.2765291e-05
23.66	2.5713476e-05
23.70	4.8979203e-05
23.73	8.8582152e-05
23.76	1.5267853e-04
23.80	2.5163969e-04
23.83	3.9782046e-04
23.87	6.0493620e-04
23.90	8.8701097e-04
23.93	1.2569158e-03
23.97	1.7245809e-03
24.00	2.2950304e-03
24.04	2.9664521e-03
24.07	3.7285711e-03
24.10	4.5616486e-03
24.14	5.4364583e-03
24.17	6.3155843e-03
24.21	7.1563069e-03
24.24	7.9151662e-03
24.27	8.5541001e-03
24.31	9.0486120e-03
24.34	9.3974662e-03
24.38	9.6150822e-03
24.41	9.7198151e-03
24.44	9.7300346e-03
24.48	9.6626726e-03
24.51	9.5327099e-03
24.55	9.3530834e-03
24.58	9.1347885e-03
24.62	8.8870642e-03
24.65	8.6176050e-03
24.68	8.3327724e-03
24.72	8.0377918e-03
24.75	7.7369283e-03
24.79	7.4336413e-03
24.82	7.1307173e-03
24.85	6.8303833e-03
24.89	6.5344024e-03
24.92	6.2441547e-03
24.96	5.9607044e-03
24.99	5.6848559e-03
25.02	5.4172006e-03
25.06	5.1581557e-03
25.09	4.9079960e-03
25.13	4.6668807e-03
25.16	4.4348753e-03
25.19	4.2119693e-03
25.23	3.9980918e-03
25.26	3.7931230e-03
25.30	3.5969052e-03
25.33	3.4092504e-03
25.36	3.2299477e-03
25.40	3.0587686e-03
25.43	2.8954719e-03
25.47	2.7398075e-03
25.50	2.5915195e-03
25.54	2.4503489e-03
25.57	2.3160356e-03
25.60	2.1883200e-03
25.64	2.0669449e-03
25.67	1.9516562e-03
25.71	1.8422039e-03
25.74	1.7383430e-03
25.77	1.6398341e-03
25.81	1.5464436e-03
25.84	1.4579445e-03
25.88	1.3741161e-03
25.91	1.2947447e-03
25.94	1.2196234e-03
25.98	1.1485524e-03
26.01	1.0813389e-03
26.05	1.0177968e-03
26.08	9.5774744e-04
26.11	9.0101869e-04
26.15	8.4744535e-04
26.18	7.9686886e-04
26.22	7.4913719e-04
26.25	7.0410474e-04
26.28	6.6163213e-04
26.32	6.2158608e-04
26.35	5.8383921e-04
26.39	5.4826990e-04
26.42	5.1476208e-04
26.45	4.8320508e-04
26.49	4.5349342e-04
26.52	4.2552666e-04
26.56	3.9920917e-04
26.59	3.7445002e-04
26.63	3.5116274e-04
26.66	3.2926518e-04
26.69	3.0867931e-04
26.73	2.8933109e-04
26.76	2.7115025e-04
26.80	2.5407018e-04
26.83	2.3802775e-04
26.86	2.2296313e-04
26.90	2.0881968e-04
26.93	1.9554381e-04
26.97	1.8308479e-04
27.00	1.7139465e-04
