# NeutrinoAntineutrinoInteraction/NeutrinoAntineutrinoZProduction interaction rates
# neutrino field: massive Cosmic Neutrino Background, T_CnuB = 1.94535456 K
# Produced with crpropa-data version: 60a1560e37035039ec25f414e0c42a2444bad49c
# log10(E/eV), 1/lambda [1/Mpc]
19.44	0.0000000e+00
19.47	0.0000000e+00
19.51	0.0000000e+00
19.54	0.0000000e+00
19.57	0.0000000e+00
19.61	0.0000000e+00
19.64	0.0000000e+00
19.68	0.0000000e+00
19.71	0.0000000e+00
19.74	0.0000000e+00
19.78	0.0000000e+00
19.81	0.0000000e+00
19.85	0.0000000e+00
19.88	0.0000000e+00
19.91	0.0000000e+00
19.95	0.0000000e+00
19.98	0.0000000e+00
20.02	0.0000000e+00
20.05	0.0000000e+00
20.08	0.0000000e+00
20.12	0.0000000e+00
20.15	0.0000000e+00
20.19	0.0000000e+00
20.22	0.0000000e+00
20.25	0.0000000e+00
20.29	0.0000000e+00
20.32	0.0000000e+00
20.36	0.0000000e+00
20.39	0.0000000e+00
20.42	0.0000000e+00
20.46	0.0000000e+00
20.49	0.0000000e+00
20.53	0.0000000e+00
20.56	0.0000000e+00
20.60	0.0000000e+00
20.63	0.0000000e+00
20.66	0.0000000e+00
20.70	0.0000000e+00
20.73	0.0000000e+00
20.77	0.0000000e+00
20.80	0.0000000e+00
20.83	0.0000000e+00
20.87	0.0000000e+00
20.90	0.0000000e+00
20.94	0.0000000e+00
20.97	0.0000000e+00
21.00	0.0000000e+00
21.04	0.0000000e+00
21.07	0.0000000e+00
21.11	0.0000000e+00
21.14	0.0000000e+00
21.17	0.0000000e+00
21.21	0.0000000e+00
21.24	0.0000000e+00
21.28	0.0000000e+00
21.31	0.0000000e+00
21.34	0.0000000e+00
21.38	1.5364914e-288
21.41	1.2265024e-266
21.45	2.1736204e-246
21.48	1.1400320e-227
21.52	2.3079321e-210
21.55	2.3054426e-194
21.58	1.4259962e-179
21.62	6.7372775e-166
21.65	2.9521935e-153
21.69	1.4356011e-141
21.72	9.1454982e-131
21.75	8.8978878e-121
21.79	1.5235941e-111
21.82	5.2348702e-103
21.86	4.0743051e-95
21.89	8.0352289e-88
21.92	4.4540514e-81
21.96	7.6374043e-75
21.99	4.4264300e-69
22.03	9.4115585e-64
22.06	7.9190064e-59
22.09	2.8281521e-54
22.13	4.5739069e-50
22.16	3.5565985e-46
22.20	1.4053895e-42
22.23	2.9703879e-39
22.26	3.5208699e-36
22.30	2.4452594e-33
22.33	1.0361549e-30
22.37	2.7810749e-28
22.40	4.8947345e-26
22.43	5.8328820e-24
22.47	4.8477276e-22
22.50	2.8879558e-20
22.54	1.2648596e-18
22.57	4.1693531e-17
22.61	1.0570115e-15
22.64	2.1027025e-14
22.67	3.3435717e-13
22.71	4.3233416e-12
22.74	4.6183275e-11
22.78	4.1358652e-10
22.81	3.1473333e-09
22.84	2.0608432e-08
22.88	1.1745969e-07
22.91	5.8898496e-07
22.95	2.6239823e-06
22.98	1.0480761e-05
23.01	3.7845897e-05
23.05	1.2449765e-04
23.08	3.7571690e-04
23.12	1.0468611e-03
23.15	2.7086686e-03
23.18	6.5420052e-03
23.22	1.4816226e-02
23.25	3.1588890e-02
23.29	6.3602756e-02
23.32	1.2121142e-01
23.35	2.1888003e-01
23.39	3.7430992e-01
23.42	6.0453194e-01
23.46	9.1692970e-01
23.49	1.2953343e+00
23.53	1.6907505e+00
23.56	2.0455628e+00
23.59	2.3377976e+00
23.63	2.5660875e+00
23.66	2.7354818e+00
23.70	2.8531879e+00
23.73	2.9268089e+00
23.76	2.9635649e+00
23.80	2.9699688e+00
23.83	2.9517238e+00
23.87	2.9137293e+00
23.90	2.8601395e+00
23.93	2.7944420e+00
23.97	2.7195428e+00
24.00	2.6378475e+00
24.04	2.5513364e+00
24.07	2.4616309e+00
24.10	2.3700514e+00
24.14	2.2776672e+00
24.17	2.1853388e+00
24.21	2.0937533e+00
24.24	2.0034549e+00
24.27	1.9148696e+00
24.31	1.8283265e+00
24.34	1.7440746e+00
24.38	1.6622974e+00
24.41	1.5831253e+00
24.44	1.5066447e+00
24.48	1.4329067e+00
24.51	1.3619333e+00
24.55	1.2937237e+00
24.58	1.2282580e+00
24.62	1.1655015e+00
24.65	1.1054078e+00
24.68	1.0479211e+00
24.72	9.9297846e-01
24.75	9.4051146e-01
24.79	8.9044773e-01
24.82	8.4271205e-01
24.85	7.9722734e-01
24.89	7.5391547e-01
24.92	7.1269784e-01
24.96	6.7349603e-01
24.99	6.3623215e-01
25.02	6.0082920e-01
25.06	5.6721143e-01
25.09	5.3530448e-01
25.13	5.0503565e-01
25.16	4.7633396e-01
25.19	4.4913035e-01
25.23	4.2335771e-01
25.26	3.9895096e-01
25.30	3.7584708e-01
25.33	3.5398514e-01
25.36	3.3330635e-01
25.40	3.1375399e-01
25.43	2.9527344e-01
25.47	2.7781217e-01
25.50	2.6131970e-01
25.54	2.4574756e-01
25.57	2.3104926e-01
25.60	2.1718025e-01
25.64	2.0409788e-01
25.67	1.9176134e-01
25.71	1.8013164e-01
25.74	1.6917149e-01
25.77	1.5884534e-01
25.81	1.4911925e-01
25.84	1.3996088e-01
25.88	1.3133942e-01
25.91	1.2322553e-01
25.94	1.1559130e-01
25.98	1.0841018e-01
26.01	1.0165695e-01
26.05	9.5307638e-02
26.08	8.9339502e-02
26.11	8.3730951e-02
26.15	7.8461510e-02
26.18	7.3511769e-02
26.22	6.8863336e-02
26.25	6.4498792e-02
26.28	6.0401649e-02
26.32	5.6556301e-02
26.35	5.2947989e-02
26.39	4.9562758e-02
26.42	4.6387419e-02
26.45	4.3409512e-02
26.49	4.0617267e-02
26.52	3.7999575e-02
26.56	3.5545952e-02
26.59	3.3246506e-02
26.63	3.1091910e-02
26.66	2.9073367e-02
26.69	2.7182590e-02
26.73	2.5411770e-02
26.76	2.3753549e-02
26.80	2.2201002e-02
26.83	2.0747609e-02
26.86	1.9387233e-02
26.90	1.8114102e-02
26.93	1.6922784e-02
26.97	1.5808174e-02
27.00	1.4765471e-02
