# NeutrinoAntineutrinoInteraction/NeutrinoAntineutrinoZProduction interaction rates
# neutrino field: massive Cosmic Neutrino Background, T_CnuB = 1.94535456 K
# Produced with crpropa-data version: 60a1560e37035039ec25f414e0c42a2444bad49c
# log10(E/eV), 1/lambda [1/Mpc]
19.61	0.0000000e+00
19.64	0.0000000e+00
19.68	0.0000000e+00
19.71	0.0000000e+00
19.74	0.0000000e+00
19.78	0.0000000e+00
19.81	0.0000000e+00
19.85	0.0000000e+00
19.88	0.0000000e+00
19.91	0.0000000e+00
19.95	0.0000000e+00
19.98	0.0000000e+00
20.02	0.0000000e+00
20.05	0.0000000e+00
20.08	0.0000000e+00
20.12	0.0000000e+00
20.15	0.0000000e+00
20.19	0.0000000e+00
20.22	0.0000000e+00
20.25	0.0000000e+00
20.29	0.0000000e+00
20.32	0.0000000e+00
20.36	0.0000000e+00
20.39	0.0000000e+00
20.42	0.0000000e+00
20.46	0.0000000e+00
20.49	0.0000000e+00
20.53	0.0000000e+00
20.56	0.0000000e+00
20.60	0.0000000e+00
20.63	0.0000000e+00
20.66	0.0000000e+00
20.70	0.0000000e+00
20.73	0.0000000e+00
20.77	0.0000000e+00
20.80	0.0000000e+00
20.83	0.0000000e+00
20.87	0.0000000e+00
20.90	0.0000000e+00
20.94	0.0000000e+00
20.97	0.0000000e+00
21.00	0.0000000e+00
21.04	0.0000000e+00
21.07	0.0000000e+00
21.11	0.0000000e+00
21.14	0.0000000e+00
21.17	0.0000000e+00
21.21	0.0000000e+00
21.24	0.0000000e+00
21.28	0.0000000e+00
21.31	0.0000000e+00
21.34	0.0000000e+00
21.38	0.0000000e+00
21.41	0.0000000e+00
21.45	0.0000000e+00
21.48	0.0000000e+00
21.52	0.0000000e+00
21.55	9.7558102e-289
21.58	6.7981727e-267
21.62	1.0632128e-246
21.65	4.9705337e-228
21.69	9.0528889e-211
21.72	8.2061999e-195
21.75	4.6431728e-180
21.79	2.0217884e-166
21.82	8.2220068e-154
21.86	3.7348643e-142
21.89	2.2361415e-131
21.92	2.0563886e-121
21.96	3.3460851e-112
21.99	1.0980138e-103
22.03	8.2006656e-96
22.06	1.5589569e-88
22.09	8.3652048e-82
22.13	1.3941431e-75
22.16	7.8836951e-70
22.20	1.6415578e-64
22.23	1.3574566e-59
22.26	4.7808805e-55
22.30	7.6504459e-51
22.33	5.9052174e-47
22.37	2.3236830e-43
22.40	4.9059942e-40
22.43	5.8268758e-37
22.47	4.0673419e-34
22.50	1.7375369e-31
22.54	4.7159629e-29
22.57	8.4191077e-27
22.61	1.0208010e-24
22.64	8.6591223e-23
22.67	5.2817728e-21
22.71	2.3761996e-19
22.74	8.0720431e-18
22.78	2.1160136e-16
22.81	4.3673547e-15
22.84	7.2303549e-14
22.88	9.7681214e-13
22.91	1.0941540e-11
22.95	1.0312017e-10
22.98	8.2889620e-10
23.01	5.7542047e-09
23.05	3.4898594e-08
23.08	1.8688397e-07
23.12	8.9226850e-07
23.15	3.8319788e-06
23.18	1.4922138e-05
23.22	5.3066684e-05
23.25	1.7342135e-04
23.29	5.2352288e-04
23.32	1.4657007e-03
23.35	3.8144670e-03
23.39	9.2261908e-03
23.42	2.0650638e-02
23.46	4.2279969e-02
23.49	7.7365962e-02
23.53	1.2242688e-01
23.56	1.6681423e-01
23.59	2.0518489e-01
23.63	2.3643691e-01
23.66	2.6075195e-01
23.70	2.7879046e-01
23.73	2.9136805e-01
23.76	2.9931019e-01
23.80	3.0338687e-01
23.83	3.0428622e-01
23.87	3.0260753e-01
23.90	2.9886388e-01
23.93	2.9348932e-01
23.97	2.8684774e-01
24.00	2.7924198e-01
24.04	2.7092260e-01
24.07	2.6209575e-01
24.10	2.5293017e-01
24.14	2.4356328e-01
24.17	2.3410636e-01
24.21	2.2464897e-01
24.24	2.1526270e-01
24.27	2.0600424e-01
24.31	1.9691803e-01
24.34	1.8803842e-01
24.38	1.7939146e-01
24.41	1.7099642e-01
24.44	1.6286702e-01
24.48	1.5501241e-01
24.51	1.4743809e-01
24.55	1.4014655e-01
24.58	1.3313786e-01
24.62	1.2641015e-01
24.65	1.1996000e-01
24.68	1.1378275e-01
24.72	1.0787278e-01
24.75	1.0222370e-01
24.79	9.6828582e-02
24.82	9.1680054e-02
24.85	8.6770453e-02
24.89	8.2091916e-02
24.92	7.7636464e-02
24.96	7.3396069e-02
24.99	6.9362709e-02
25.02	6.5528418e-02
25.06	6.1885316e-02
25.09	5.8425645e-02
25.13	5.5141789e-02
25.16	5.2026297e-02
25.19	4.9071897e-02
25.23	4.6271506e-02
25.26	4.3618242e-02
25.30	4.1105430e-02
25.33	3.8726604e-02
25.36	3.6475511e-02
25.40	3.4346115e-02
25.43	3.2332595e-02
25.47	3.0429342e-02
25.50	2.8630961e-02
25.54	2.6932266e-02
25.57	2.5328278e-02
25.60	2.3814221e-02
25.64	2.2385517e-02
25.67	2.1037782e-02
25.71	1.9766821e-02
25.74	1.8568625e-02
25.77	1.7439362e-02
25.81	1.6375375e-02
25.84	1.5373173e-02
25.88	1.4429432e-02
25.91	1.3540981e-02
25.94	1.2704802e-02
25.98	1.1918024e-02
26.01	1.1177916e-02
26.05	1.0481881e-02
26.08	9.8274538e-03
26.11	9.2122925e-03
26.15	8.6341754e-03
26.18	8.0909947e-03
26.22	7.5807525e-03
26.25	7.1015552e-03
26.28	6.6516095e-03
26.32	6.2292176e-03
26.35	5.8327725e-03
26.39	5.4607546e-03
26.42	5.1117264e-03
26.45	4.7843298e-03
26.49	4.4772812e-03
26.52	4.1893686e-03
26.56	3.9194475e-03
26.59	3.6664378e-03
26.63	3.4293205e-03
26.66	3.2071347e-03
26.69	2.9989741e-03
26.73	2.8039847e-03
26.76	2.6213619e-03
26.80	2.4503477e-03
26.83	2.2902284e-03
26.86	2.1403319e-03
26.90	2.0000259e-03
26.93	1.8687155e-03
26.97	1.7458409e-03
27.00	1.6308758e-03
