# NeutrinoAntineutrinoInteraction/NeutrinoAntineutrinoZProduction interaction rates
# neutrino field: massive Cosmic Neutrino Background, T_CnuB = 1.94535456 K
# Produced with crpropa-data version: 60a1560e37035039ec25f414e0c42a2444bad49c
# log10(E/eV), 1/lambda [1/Mpc]
19.33	0.0000000e+00
19.37	0.0000000e+00
19.40	0.0000000e+00
19.44	0.0000000e+00
19.47	0.0000000e+00
19.51	0.0000000e+00
19.54	0.0000000e+00
19.57	0.0000000e+00
19.61	0.0000000e+00
19.64	0.0000000e+00
19.68	0.0000000e+00
19.71	0.0000000e+00
19.74	0.0000000e+00
19.78	0.0000000e+00
19.81	0.0000000e+00
19.85	0.0000000e+00
19.88	0.0000000e+00
19.91	0.0000000e+00
19.95	0.0000000e+00
19.98	0.0000000e+00
20.02	0.0000000e+00
20.05	0.0000000e+00
20.08	0.0000000e+00
20.12	0.0000000e+00
20.15	0.0000000e+00
20.19	0.0000000e+00
20.22	0.0000000e+00
20.25	0.0000000e+00
20.29	0.0000000e+00
20.32	0.0000000e+00
20.36	0.0000000e+00
20.39	0.0000000e+00
20.42	0.0000000e+00
20.46	0.0000000e+00
20.49	0.0000000e+00
20.53	0.0000000e+00
20.56	0.0000000e+00
20.60	0.0000000e+00
20.63	0.0000000e+00
20.66	0.0000000e+00
20.70	0.0000000e+00
20.73	0.0000000e+00
20.77	0.0000000e+00
20.80	0.0000000e+00
20.83	0.0000000e+00
20.87	0.0000000e+00
20.90	0.0000000e+00
20.94	0.0000000e+00
20.97	0.0000000e+00
21.00	0.0000000e+00
21.04	0.0000000e+00
21.07	0.0000000e+00
21.11	0.0000000e+00
21.14	0.0000000e+00
21.17	0.0000000e+00
21.21	0.0000000e+00
21.24	0.0000000e+00
21.28	2.9221481e-275
21.31	2.6172268e-254
21.34	6.1364016e-235
21.38	4.9576771e-217
21.41	1.7794605e-200
21.45	3.5889874e-185
21.48	5.0542784e-171
21.52	6.0752378e-158
21.55	7.5044266e-146
21.58	1.1310232e-134
21.62	2.4375316e-124
21.65	8.6991832e-115
21.69	5.8880689e-106
21.72	8.5685031e-98
21.75	3.0104836e-90
21.79	2.8426837e-83
21.82	7.9658172e-77
21.86	7.2600909e-71
21.89	2.3423997e-65
21.92	2.8933964e-60
21.96	1.4710807e-55
21.99	3.2917506e-51
22.03	3.4487764e-47
22.06	1.7914629e-43
22.09	4.8644802e-40
22.13	7.2509976e-37
22.16	6.2077636e-34
22.20	3.1828013e-31
22.23	1.0158065e-28
22.26	2.0915221e-26
22.30	2.8715411e-24
22.33	2.7104202e-22
22.37	1.8092285e-20
22.40	8.7664872e-19
22.43	3.1587640e-17
22.47	8.6548690e-16
22.50	1.8408401e-14
22.54	3.0979018e-13
22.57	4.1982996e-12
22.61	4.6570741e-11
22.64	4.2927123e-10
22.67	3.3341094e-09
22.71	2.2102978e-08
22.74	1.2656552e-07
22.78	6.3292734e-07
22.81	2.7924475e-06
22.84	1.0972205e-05
22.88	3.8730830e-05
22.91	1.2381254e-04
22.95	3.6111409e-04
22.98	9.6756338e-04
23.01	2.3967749e-03
23.05	5.5212448e-03
23.08	1.1892274e-02
23.12	2.4070694e-02
23.15	4.5996041e-02
23.18	8.3333488e-02
23.22	1.4371529e-01
23.25	2.3678593e-01
23.29	3.7397378e-01
23.32	5.6794737e-01
23.35	8.3176532e-01
23.39	1.1777852e+00
23.42	1.6164453e+00
23.46	2.1550636e+00
23.49	2.7968061e+00
23.53	3.5399571e+00
23.56	4.3775860e+00
23.59	5.2976534e+00
23.63	6.2835431e+00
23.66	7.3149566e+00
23.70	8.3690700e+00
23.73	9.4218305e+00
23.76	1.0449268e+01
23.80	1.1428705e+01
23.83	1.2339786e+01
23.87	1.3165256e+01
23.90	1.3891467e+01
23.93	1.4508625e+01
23.97	1.5010785e+01
24.00	1.5395651e+01
24.04	1.5664224e+01
24.07	1.5820345e+01
24.10	1.5870186e+01
24.14	1.5821729e+01
24.17	1.5684257e+01
24.21	1.5467893e+01
24.24	1.5183194e+01
24.27	1.4840828e+01
24.31	1.4451362e+01
24.34	1.4025183e+01
24.38	1.3571900e+01
24.41	1.3099870e+01
24.44	1.2616160e+01
24.48	1.2126640e+01
24.51	1.1636131e+01
24.55	1.1148538e+01
24.58	1.0666991e+01
24.62	1.0193967e+01
24.65	9.7313973e+00
24.68	9.2807567e+00
24.72	8.8431459e+00
24.75	8.4193558e+00
24.79	8.0099232e+00
24.82	7.6151779e+00
24.85	7.2352805e+00
24.89	6.8702556e+00
24.92	6.5200175e+00
24.96	6.1843930e+00
24.99	5.8631392e+00
25.02	5.5559587e+00
25.06	5.2625120e+00
25.09	4.9824278e+00
25.13	4.7153113e+00
25.16	4.4607513e+00
25.19	4.2183255e+00
25.23	3.9876057e+00
25.26	3.7681613e+00
25.30	3.5595622e+00
25.33	3.3613818e+00
25.36	3.1731987e+00
25.40	2.9945986e+00
25.43	2.8251752e+00
25.47	2.6645318e+00
25.50	2.5122814e+00
25.54	2.3680481e+00
25.57	2.2314669e+00
25.60	2.1021843e+00
25.64	1.9798586e+00
25.67	1.8641597e+00
25.71	1.7547694e+00
25.74	1.6513812e+00
25.77	1.5537003e+00
25.81	1.4614435e+00
25.84	1.3743389e+00
25.88	1.2921257e+00
25.91	1.2145541e+00
25.94	1.1413850e+00
25.98	1.0723895e+00
26.01	1.0073492e+00
26.05	9.4605508e-01
26.08	8.8830794e-01
26.11	8.3391771e-01
26.15	7.8270323e-01
26.18	7.3449196e-01
26.22	6.8911963e-01
26.25	6.4643000e-01
26.28	6.0627448e-01
26.32	5.6851187e-01
26.35	5.3300810e-01
26.39	4.9963584e-01
26.42	4.6827432e-01
26.45	4.3880900e-01
26.49	4.1113130e-01
26.52	3.8513835e-01
26.56	3.6073273e-01
26.59	3.3782222e-01
26.63	3.1631955e-01
26.66	2.9614220e-01
26.69	2.7721212e-01
26.73	2.5945557e-01
26.76	2.4280288e-01
26.80	2.2718826e-01
26.83	2.1254958e-01
26.86	1.9882823e-01
26.90	1.8596891e-01
26.93	1.7391948e-01
26.97	1.6263076e-01
27.00	1.5205641e-01
