# NeutrinoAntineutrinoInteraction/NeutrinoAntineutrinoTau interaction rates
# neutrino field: massive Cosmic Neutrino Background, T_CnuB = 1.94535456 K
# Produced with crpropa-data version: 60a1560e37035039ec25f414e0c42a2444bad49c
# log10(E/eV), 1/lambda [1/Mpc]
17.05	0.0000000e+00
17.09	0.0000000e+00
17.12	0.0000000e+00
17.15	0.0000000e+00
17.19	0.0000000e+00
17.22	0.0000000e+00
17.26	0.0000000e+00
17.29	0.0000000e+00
17.32	0.0000000e+00
17.36	0.0000000e+00
17.39	0.0000000e+00
17.43	0.0000000e+00
17.46	0.0000000e+00
17.49	0.0000000e+00
17.53	0.0000000e+00
17.56	0.0000000e+00
17.60	0.0000000e+00
17.63	0.0000000e+00
17.67	0.0000000e+00
17.70	0.0000000e+00
17.73	0.0000000e+00
17.77	0.0000000e+00
17.80	0.0000000e+00
17.84	0.0000000e+00
17.87	0.0000000e+00
17.90	0.0000000e+00
17.94	0.0000000e+00
17.97	0.0000000e+00
18.01	0.0000000e+00
18.04	0.0000000e+00
18.07	0.0000000e+00
18.11	0.0000000e+00
18.14	0.0000000e+00
18.18	0.0000000e+00
18.21	0.0000000e+00
18.24	0.0000000e+00
18.28	0.0000000e+00
18.31	0.0000000e+00
18.35	0.0000000e+00
18.38	0.0000000e+00
18.41	0.0000000e+00
18.45	0.0000000e+00
18.48	0.0000000e+00
18.52	0.0000000e+00
18.55	0.0000000e+00
18.59	0.0000000e+00
18.62	0.0000000e+00
18.65	0.0000000e+00
18.69	0.0000000e+00
18.72	0.0000000e+00
18.76	0.0000000e+00
18.79	0.0000000e+00
18.82	0.0000000e+00
18.86	0.0000000e+00
18.89	0.0000000e+00
18.93	0.0000000e+00
18.96	0.0000000e+00
18.99	0.0000000e+00
19.03	0.0000000e+00
19.06	0.0000000e+00
19.10	0.0000000e+00
19.13	0.0000000e+00
19.16	0.0000000e+00
19.20	0.0000000e+00
19.23	0.0000000e+00
19.27	0.0000000e+00
19.30	0.0000000e+00
19.33	0.0000000e+00
19.37	0.0000000e+00
19.40	0.0000000e+00
19.44	0.0000000e+00
19.47	0.0000000e+00
19.51	0.0000000e+00
19.54	0.0000000e+00
19.57	0.0000000e+00
19.61	0.0000000e+00
19.64	0.0000000e+00
19.68	0.0000000e+00
19.71	0.0000000e+00
19.74	0.0000000e+00
19.78	0.0000000e+00
19.81	0.0000000e+00
19.85	0.0000000e+00
19.88	0.0000000e+00
19.91	0.0000000e+00
19.95	0.0000000e+00
19.98	0.0000000e+00
20.02	0.0000000e+00
20.05	0.0000000e+00
20.08	0.0000000e+00
20.12	0.0000000e+00
20.15	0.0000000e+00
20.19	0.0000000e+00
20.22	0.0000000e+00
20.25	0.0000000e+00
20.29	0.0000000e+00
20.32	0.0000000e+00
20.36	0.0000000e+00
20.39	0.0000000e+00
20.42	0.0000000e+00
20.46	0.0000000e+00
20.49	0.0000000e+00
20.53	0.0000000e+00
20.56	0.0000000e+00
20.60	0.0000000e+00
20.63	0.0000000e+00
20.66	0.0000000e+00
20.70	0.0000000e+00
20.73	0.0000000e+00
20.77	0.0000000e+00
20.80	0.0000000e+00
20.83	0.0000000e+00
20.87	0.0000000e+00
20.90	0.0000000e+00
20.94	0.0000000e+00
20.97	0.0000000e+00
21.00	0.0000000e+00
21.04	0.0000000e+00
21.07	0.0000000e+00
21.11	0.0000000e+00
21.14	0.0000000e+00
21.17	0.0000000e+00
21.21	0.0000000e+00
21.24	0.0000000e+00
21.28	0.0000000e+00
21.31	0.0000000e+00
21.34	0.0000000e+00
21.38	0.0000000e+00
21.41	0.0000000e+00
21.45	0.0000000e+00
21.48	0.0000000e+00
21.52	0.0000000e+00
21.55	0.0000000e+00
21.58	0.0000000e+00
21.62	0.0000000e+00
21.65	0.0000000e+00
21.69	0.0000000e+00
21.72	0.0000000e+00
21.75	0.0000000e+00
21.79	0.0000000e+00
21.82	1.5110791e-273
21.86	3.9824911e-253
21.89	3.0203548e-234
21.92	8.6142086e-217
21.96	1.1832402e-200
21.99	9.8393204e-186
22.03	6.1196561e-172
22.06	3.4614641e-159
22.09	2.1333100e-147
22.13	1.6930612e-136
22.16	2.0192932e-126
22.20	4.1749508e-117
22.23	1.7075053e-108
22.26	1.5607561e-100
22.30	3.5692004e-93
22.33	2.2665747e-86
22.37	4.4016148e-80
22.40	2.8576870e-74
22.43	6.7355472e-69
22.47	6.2198520e-64
22.50	2.4145286e-59
22.54	4.2055014e-55
22.57	3.4905262e-51
22.61	1.4596015e-47
22.64	3.2374854e-44
22.67	3.9947220e-41
22.71	2.8654202e-38
22.74	1.2444899e-35
22.78	3.3981567e-33
22.81	6.0403480e-31
22.84	7.2181778e-29
22.88	5.9740594e-27
22.91	3.5200217e-25
22.95	1.5146559e-23
22.98	4.8730825e-22
23.01	1.1980502e-20
23.05	2.2965603e-19
23.08	3.4970823e-18
23.12	4.3037337e-17
23.15	4.3493208e-16
23.18	3.6630246e-15
23.22	2.6063115e-14
23.25	1.5865827e-13
23.29	8.3602705e-13
23.32	3.8547016e-12
23.35	1.5707772e-11
23.39	5.7096264e-11
23.42	1.8671779e-10
23.46	5.5371535e-10
23.49	1.5000007e-09
23.53	3.7371802e-09
23.56	8.6172413e-09
23.59	1.8496294e-08
23.63	3.7155734e-08
23.66	7.0202020e-08
23.70	1.2532920e-07
23.73	2.1231462e-07
23.76	3.4264086e-07
23.80	5.2869713e-07
23.83	7.8259978e-07
23.87	1.1147617e-06
23.90	1.5324102e-06
23.93	2.0382819e-06
23.97	2.6297097e-06
24.00	3.2982529e-06
24.04	4.0299408e-06
24.07	4.8061009e-06
24.10	5.6046599e-06
24.14	6.4017462e-06
24.17	7.1733936e-06
24.21	7.8971506e-06
24.24	8.5534360e-06
24.27	9.1265294e-06
24.31	9.6051475e-06
24.34	9.9826108e-06
24.38	1.0256653e-05
24.41	1.0428951e-05
24.44	1.0504471e-05
24.48	1.0490720e-05
24.51	1.0396985e-05
24.55	1.0233614e-05
24.58	1.0011389e-05
24.62	9.7410136e-06
24.65	9.4327118e-06
24.68	9.0959453e-06
24.72	8.7392325e-06
24.75	8.3700534e-06
24.79	7.9948226e-06
24.82	7.6189147e-06
24.85	7.2467256e-06
24.89	6.8817572e-06
24.92	6.5267151e-06
24.96	6.1836109e-06
24.99	5.8538634e-06
25.02	5.5383949e-06
25.06	5.2377195e-06
25.09	4.9520221e-06
25.13	4.6812284e-06
25.16	4.4250644e-06
25.19	4.1831073e-06
25.23	3.9548274e-06
25.26	3.7396235e-06
25.30	3.5368499e-06
25.33	3.3458393e-06
25.36	3.1659199e-06
25.40	2.9964280e-06
25.43	2.8367185e-06
25.47	2.6861710e-06
25.50	2.5441950e-06
25.54	2.4102325e-06
25.57	2.2837594e-06
25.60	2.1642861e-06
25.64	2.0513566e-06
25.67	1.9445482e-06
25.71	1.8434692e-06
25.74	1.7477581e-06
25.77	1.6570809e-06
25.81	1.5711296e-06
25.84	1.4896203e-06
25.88	1.4122911e-06
25.91	1.3389003e-06
25.94	1.2692244e-06
25.98	1.2030571e-06
26.01	1.1402069e-06
26.05	1.0804964e-06
26.08	1.0237606e-06
26.11	9.6984584e-07
26.15	9.1860868e-07
26.18	8.6991502e-07
26.22	8.2363912e-07
26.25	7.7966292e-07
26.28	7.3787528e-07
26.32	6.9817137e-07
26.35	6.6045217e-07
26.39	6.2462392e-07
26.42	5.9059773e-07
26.45	5.5828917e-07
26.49	5.2761796e-07
26.52	4.9850767e-07
26.56	4.7088542e-07
26.59	4.4468168e-07
26.63	4.1983006e-07
26.66	3.9626710e-07
26.69	3.7393214e-07
26.73	3.5276713e-07
26.76	3.3271653e-07
26.80	3.1372718e-07
26.83	2.9574819e-07
26.86	2.7873083e-07
26.90	2.6262845e-07
26.93	2.4739639e-07
26.97	2.3299189e-07
27.00	2.1937405e-07
