# NeutrinoAntineutrinoInteraction/NeutrinoAntineutrinoTau interaction rates
# neutrino field: massive Cosmic Neutrino Background, T_CnuB = 1.94535456 K
# Produced with crpropa-data version: 60a1560e37035039ec25f414e0c42a2444bad49c
# log10(E/eV), 1/lambda [1/Mpc]
17.53	0.0000000e+00
17.56	0.0000000e+00
17.60	0.0000000e+00
17.63	0.0000000e+00
17.67	0.0000000e+00
17.70	0.0000000e+00
17.73	0.0000000e+00
17.77	0.0000000e+00
17.80	0.0000000e+00
17.84	0.0000000e+00
17.87	0.0000000e+00
17.90	0.0000000e+00
17.94	0.0000000e+00
17.97	0.0000000e+00
18.01	0.0000000e+00
18.04	0.0000000e+00
18.07	0.0000000e+00
18.11	0.0000000e+00
18.14	0.0000000e+00
18.18	0.0000000e+00
18.21	0.0000000e+00
18.24	0.0000000e+00
18.28	0.0000000e+00
18.31	0.0000000e+00
18.35	0.0000000e+00
18.38	0.0000000e+00
18.41	0.0000000e+00
18.45	0.0000000e+00
18.48	0.0000000e+00
18.52	0.0000000e+00
18.55	0.0000000e+00
18.59	0.0000000e+00
18.62	0.0000000e+00
18.65	0.0000000e+00
18.69	0.0000000e+00
18.72	0.0000000e+00
18.76	0.0000000e+00
18.79	0.0000000e+00
18.82	0.0000000e+00
18.86	0.0000000e+00
18.89	0.0000000e+00
18.93	0.0000000e+00
18.96	0.0000000e+00
18.99	0.0000000e+00
19.03	0.0000000e+00
19.06	0.0000000e+00
19.10	0.0000000e+00
19.13	0.0000000e+00
19.16	0.0000000e+00
19.20	0.0000000e+00
19.23	0.0000000e+00
19.27	0.0000000e+00
19.30	0.0000000e+00
19.33	0.0000000e+00
19.37	0.0000000e+00
19.40	0.0000000e+00
19.44	0.0000000e+00
19.47	0.0000000e+00
19.51	0.0000000e+00
19.54	0.0000000e+00
19.57	0.0000000e+00
19.61	0.0000000e+00
19.64	0.0000000e+00
19.68	0.0000000e+00
19.71	0.0000000e+00
19.74	0.0000000e+00
19.78	0.0000000e+00
19.81	0.0000000e+00
19.85	0.0000000e+00
19.88	0.0000000e+00
19.91	0.0000000e+00
19.95	0.0000000e+00
19.98	0.0000000e+00
20.02	0.0000000e+00
20.05	0.0000000e+00
20.08	0.0000000e+00
20.12	0.0000000e+00
20.15	0.0000000e+00
20.19	0.0000000e+00
20.22	0.0000000e+00
20.25	0.0000000e+00
20.29	0.0000000e+00
20.32	0.0000000e+00
20.36	0.0000000e+00
20.39	0.0000000e+00
20.42	0.0000000e+00
20.46	0.0000000e+00
20.49	0.0000000e+00
20.53	0.0000000e+00
20.56	0.0000000e+00
20.60	0.0000000e+00
20.63	0.0000000e+00
20.66	0.0000000e+00
20.70	0.0000000e+00
20.73	0.0000000e+00
20.77	0.0000000e+00
20.80	0.0000000e+00
20.83	0.0000000e+00
20.87	0.0000000e+00
20.90	0.0000000e+00
20.94	0.0000000e+00
20.97	0.0000000e+00
21.00	0.0000000e+00
21.04	0.0000000e+00
21.07	0.0000000e+00
21.11	0.0000000e+00
21.14	0.0000000e+00
21.17	0.0000000e+00
21.21	0.0000000e+00
21.24	0.0000000e+00
21.28	0.0000000e+00
21.31	0.0000000e+00
21.34	0.0000000e+00
21.38	0.0000000e+00
21.41	0.0000000e+00
21.45	0.0000000e+00
21.48	0.0000000e+00
21.52	0.0000000e+00
21.55	0.0000000e+00
21.58	0.0000000e+00
21.62	0.0000000e+00
21.65	0.0000000e+00
21.69	0.0000000e+00
21.72	0.0000000e+00
21.75	0.0000000e+00
21.79	0.0000000e+00
21.82	0.0000000e+00
21.86	0.0000000e+00
21.89	0.0000000e+00
21.92	0.0000000e+00
21.96	0.0000000e+00
21.99	0.0000000e+00
22.03	0.0000000e+00
22.06	0.0000000e+00
22.09	0.0000000e+00
22.13	0.0000000e+00
22.16	0.0000000e+00
22.20	0.0000000e+00
22.23	0.0000000e+00
22.26	2.1601495e-284
22.30	3.8189304e-261
22.33	1.7972643e-239
22.37	3.0589695e-219
22.40	2.5060058e-200
22.43	1.2906492e-182
22.47	5.3648216e-166
22.50	2.2745839e-150
22.54	1.2254776e-135
22.57	1.0316971e-121
22.61	1.6491264e-108
22.64	6.0155453e-96
22.67	5.9575162e-84
22.71	1.8872940e-72
22.74	2.2308500e-61
22.78	1.1343816e-50
22.81	2.8127342e-40
22.84	3.7266879e-30
22.88	2.6105837e-20
22.91	4.7318512e-11
22.95	3.6550514e-08
22.98	5.6968196e-08
23.01	6.4271545e-08
23.05	6.6177337e-08
23.08	6.5419274e-08
23.12	6.3258668e-08
23.15	6.0364506e-08
23.18	5.7120259e-08
23.22	5.3754306e-08
23.25	5.0405483e-08
23.29	4.7156656e-08
23.32	4.4056331e-08
23.35	4.1130348e-08
23.39	3.8390537e-08
23.42	3.5838762e-08
23.46	3.3471405e-08
23.49	3.1280603e-08
23.53	2.9256858e-08
23.56	2.7389246e-08
23.59	2.5666000e-08
23.63	2.4075377e-08
23.66	2.2606639e-08
23.70	2.1249170e-08
23.73	1.9993403e-08
23.76	1.8830112e-08
23.80	1.7751138e-08
23.83	1.6748749e-08
23.87	1.5816201e-08
23.90	1.4946930e-08
23.93	1.4135367e-08
23.97	1.3376346e-08
24.00	1.2665360e-08
24.04	1.1998263e-08
24.07	1.1371423e-08
24.10	1.0781542e-08
24.14	1.0225768e-08
24.17	9.7014003e-09
24.21	9.2058753e-09
24.24	8.7370915e-09
24.27	8.2931444e-09
24.31	7.8723512e-09
24.34	7.4731594e-09
24.38	7.0942160e-09
24.41	6.7342493e-09
24.44	6.3921796e-09
24.48	6.0669047e-09
24.51	5.7574991e-09
24.55	5.4630703e-09
24.58	5.1828671e-09
24.62	4.9161283e-09
24.65	4.6622214e-09
24.68	4.4204922e-09
24.72	4.1904096e-09
24.75	3.9714311e-09
24.79	3.7629766e-09
24.82	3.5645229e-09
24.85	3.3756518e-09
24.89	3.1959078e-09
24.92	3.0249157e-09
24.96	2.8622656e-09
24.99	2.7076168e-09
25.02	2.5606036e-09
25.06	2.4209114e-09
25.09	2.2881773e-09
25.13	2.1621088e-09
25.16	2.0424004e-09
25.19	1.9287792e-09
25.23	1.8209672e-09
25.26	1.7187098e-09
25.30	1.6217556e-09
25.33	1.5298801e-09
25.36	1.4428278e-09
25.40	1.3603550e-09
25.43	1.2822498e-09
25.47	1.2083051e-09
25.50	1.1383268e-09
25.54	1.0721222e-09
25.57	1.0095137e-09
25.60	9.5032341e-10
25.64	8.9439131e-10
25.67	8.4154466e-10
25.71	7.9163295e-10
25.74	7.4450411e-10
25.77	7.0002228e-10
25.81	6.5804773e-10
25.84	6.1845681e-10
25.88	5.8112217e-10
25.91	5.4593319e-10
25.94	5.1277540e-10
25.98	4.8153186e-10
26.01	4.5209633e-10
26.05	4.2437585e-10
26.08	3.9827426e-10
26.11	3.7370718e-10
26.15	3.5058773e-10
26.18	3.2883942e-10
26.22	3.0838495e-10
26.25	2.8915344e-10
26.28	2.7107238e-10
26.32	2.5407867e-10
26.35	2.3810957e-10
26.39	2.2310792e-10
26.42	2.0901776e-10
26.45	1.9578748e-10
26.49	1.8336756e-10
26.52	1.7171302e-10
26.56	1.6077566e-10
26.59	1.5051208e-10
26.63	1.4088291e-10
26.66	1.3185055e-10
26.69	1.2338000e-10
26.73	1.1543752e-10
26.76	1.0799207e-10
26.80	1.0101356e-10
26.83	9.4474652e-11
26.86	8.8347471e-11
26.90	8.2607544e-11
26.93	7.7230851e-11
26.97	7.2195772e-11
27.00	6.7480928e-11
