# NeutrinoAntineutrinoInteraction/NeutrinoAntineutrinoTau interaction rates
# neutrino field: massive Cosmic Neutrino Background, T_CnuB = 1.94535456 K
# Produced with crpropa-data version: 60a1560e37035039ec25f414e0c42a2444bad49c
# log10(E/eV), 1/lambda [1/Mpc]
17.05	0.0000000e+00
17.09	0.0000000e+00
17.12	0.0000000e+00
17.15	0.0000000e+00
17.19	0.0000000e+00
17.22	0.0000000e+00
17.26	0.0000000e+00
17.29	0.0000000e+00
17.32	0.0000000e+00
17.36	0.0000000e+00
17.39	0.0000000e+00
17.43	0.0000000e+00
17.46	0.0000000e+00
17.49	0.0000000e+00
17.53	0.0000000e+00
17.56	0.0000000e+00
17.60	0.0000000e+00
17.63	0.0000000e+00
17.67	0.0000000e+00
17.70	0.0000000e+00
17.73	0.0000000e+00
17.77	0.0000000e+00
17.80	0.0000000e+00
17.84	0.0000000e+00
17.87	0.0000000e+00
17.90	0.0000000e+00
17.94	0.0000000e+00
17.97	0.0000000e+00
18.01	0.0000000e+00
18.04	0.0000000e+00
18.07	0.0000000e+00
18.11	0.0000000e+00
18.14	0.0000000e+00
18.18	0.0000000e+00
18.21	0.0000000e+00
18.24	0.0000000e+00
18.28	0.0000000e+00
18.31	0.0000000e+00
18.35	0.0000000e+00
18.38	0.0000000e+00
18.41	0.0000000e+00
18.45	0.0000000e+00
18.48	0.0000000e+00
18.52	0.0000000e+00
18.55	0.0000000e+00
18.59	0.0000000e+00
18.62	0.0000000e+00
18.65	0.0000000e+00
18.69	0.0000000e+00
18.72	0.0000000e+00
18.76	0.0000000e+00
18.79	0.0000000e+00
18.82	0.0000000e+00
18.86	0.0000000e+00
18.89	0.0000000e+00
18.93	0.0000000e+00
18.96	0.0000000e+00
18.99	0.0000000e+00
19.03	0.0000000e+00
19.06	0.0000000e+00
19.10	0.0000000e+00
19.13	0.0000000e+00
19.16	0.0000000e+00
19.20	0.0000000e+00
19.23	0.0000000e+00
19.27	0.0000000e+00
19.30	0.0000000e+00
19.33	0.0000000e+00
19.37	0.0000000e+00
19.40	0.0000000e+00
19.44	0.0000000e+00
19.47	0.0000000e+00
19.51	0.0000000e+00
19.54	0.0000000e+00
19.57	0.0000000e+00
19.61	0.0000000e+00
19.64	0.0000000e+00
19.68	0.0000000e+00
19.71	0.0000000e+00
19.74	0.0000000e+00
19.78	0.0000000e+00
19.81	0.0000000e+00
19.85	0.0000000e+00
19.88	0.0000000e+00
19.91	0.0000000e+00
19.95	0.0000000e+00
19.98	0.0000000e+00
20.02	0.0000000e+00
20.05	0.0000000e+00
20.08	0.0000000e+00
20.12	0.0000000e+00
20.15	0.0000000e+00
20.19	0.0000000e+00
20.22	0.0000000e+00
20.25	0.0000000e+00
20.29	0.0000000e+00
20.32	0.0000000e+00
20.36	0.0000000e+00
20.39	0.0000000e+00
20.42	0.0000000e+00
20.46	0.0000000e+00
20.49	0.0000000e+00
20.53	0.0000000e+00
20.56	0.0000000e+00
20.60	0.0000000e+00
20.63	0.0000000e+00
20.66	0.0000000e+00
20.70	0.0000000e+00
20.73	0.0000000e+00
20.77	0.0000000e+00
20.80	0.0000000e+00
20.83	0.0000000e+00
20.87	0.0000000e+00
20.90	0.0000000e+00
20.94	0.0000000e+00
20.97	0.0000000e+00
21.00	0.0000000e+00
21.04	0.0000000e+00
21.07	0.0000000e+00
21.11	0.0000000e+00
21.14	0.0000000e+00
21.17	0.0000000e+00
21.21	0.0000000e+00
21.24	0.0000000e+00
21.28	0.0000000e+00
21.31	0.0000000e+00
21.34	0.0000000e+00
21.38	0.0000000e+00
21.41	0.0000000e+00
21.45	0.0000000e+00
21.48	0.0000000e+00
21.52	0.0000000e+00
21.55	0.0000000e+00
21.58	0.0000000e+00
21.62	0.0000000e+00
21.65	0.0000000e+00
21.69	0.0000000e+00
21.72	0.0000000e+00
21.75	0.0000000e+00
21.79	0.0000000e+00
21.82	1.6975578e-273
21.86	4.5162860e-253
21.89	3.4602047e-234
21.92	9.9776946e-217
21.96	1.3868847e-200
21.99	1.1681448e-185
22.03	7.3665884e-172
22.06	4.2294637e-159
22.09	2.6489936e-147
22.13	2.1392246e-136
22.16	2.5997884e-126
22.20	5.4851552e-117
22.23	2.2929358e-108
22.26	2.1458692e-100
22.30	5.0336167e-93
22.33	3.2853631e-86
22.37	6.5713906e-80
22.40	4.4044197e-74
22.43	1.0743513e-68
22.47	1.0294425e-63
22.50	4.1584920e-59
22.54	7.5600502e-55
22.57	6.5707896e-51
22.61	2.8873358e-47
22.64	6.7550692e-44
22.67	8.8267778e-41
22.71	6.7336470e-38
22.74	3.1244725e-35
22.78	9.1592343e-33
22.81	1.7569179e-30
22.84	2.2781169e-28
22.88	2.0578290e-26
22.91	1.3315603e-24
22.95	6.3335304e-23
22.98	2.2680469e-21
23.01	6.2517390e-20
23.05	1.3539538e-18
23.08	2.3480853e-17
23.12	3.3187277e-16
23.15	3.8855041e-15
23.18	3.8254103e-14
23.22	3.2114339e-13
23.25	2.3284688e-12
23.29	1.4753558e-11
23.32	8.2572923e-11
23.35	4.1219922e-10
23.39	1.8512118e-09
23.42	7.5357672e-09
23.46	2.7974789e-08
23.49	9.5115160e-08
23.53	2.9671586e-07
23.56	8.4717036e-07
23.59	2.1906579e-06
23.63	4.9901408e-06
23.66	9.3970883e-06
23.70	1.3227758e-05
23.73	1.4677898e-05
23.76	1.4958434e-05
23.80	1.4694320e-05
23.83	1.4152452e-05
23.87	1.3470167e-05
23.90	1.2724961e-05
23.93	1.1962580e-05
23.97	1.1210441e-05
24.00	1.0484810e-05
24.04	9.7949406e-06
24.07	9.1455857e-06
24.10	8.5385955e-06
24.14	7.9739509e-06
24.17	7.4504519e-06
24.21	6.9661787e-06
24.24	6.5188035e-06
24.27	6.1058009e-06
24.31	5.7245896e-06
24.34	5.3726250e-06
24.38	5.0474595e-06
24.41	4.7467788e-06
24.44	4.4684227e-06
24.48	4.2103937e-06
24.51	3.9708589e-06
24.55	3.7481465e-06
24.58	3.5407383e-06
24.62	3.3472611e-06
24.65	3.1664768e-06
24.68	2.9972713e-06
24.72	2.8386441e-06
24.75	2.6896980e-06
24.79	2.5496292e-06
24.82	2.4177176e-06
24.85	2.2933188e-06
24.89	2.1758553e-06
24.92	2.0648099e-06
24.96	1.9597186e-06
24.99	1.8601646e-06
25.02	1.7657733e-06
25.06	1.6762069e-06
25.09	1.5911603e-06
25.13	1.5103573e-06
25.16	1.4335473e-06
25.19	1.3605017e-06
25.23	1.2910122e-06
25.26	1.2248873e-06
25.30	1.1619513e-06
25.33	1.1020418e-06
25.36	1.0450084e-06
25.40	9.9071117e-07
25.43	9.3901965e-07
25.47	8.8981165e-07
25.50	8.4297245e-07
25.54	7.9839393e-07
25.57	7.5597394e-07
25.60	7.1561572e-07
25.64	6.7722737e-07
25.67	6.4072145e-07
25.71	6.0601456e-07
25.74	5.7302707e-07
25.77	5.4168280e-07
25.81	5.1190880e-07
25.84	4.8363515e-07
25.88	4.5679476e-07
25.91	4.3132322e-07
25.94	4.0715867e-07
25.98	3.8424169e-07
26.01	3.6251515e-07
26.05	3.4192417e-07
26.08	3.2241598e-07
26.11	3.0393991e-07
26.15	2.8644725e-07
26.18	2.6989123e-07
26.22	2.5422692e-07
26.25	2.3941122e-07
26.28	2.2540275e-07
26.32	2.1216185e-07
26.35	1.9965050e-07
26.39	1.8783224e-07
26.42	1.7667220e-07
26.45	1.6613698e-07
26.49	1.5619463e-07
26.52	1.4681460e-07
26.56	1.3796771e-07
26.59	1.2962609e-07
26.63	1.2176312e-07
26.66	1.1435343e-07
26.69	1.0737281e-07
26.73	1.0079820e-07
26.76	9.4607633e-08
26.80	8.8780200e-08
26.83	8.3296004e-08
26.86	7.8136126e-08
26.90	7.3282583e-08
26.93	6.8718292e-08
26.97	6.4427030e-08
27.00	6.0393402e-08
