# NeutrinoAntineutrinoInteraction/NeutrinoAntineutrinoTau interaction rates
# neutrino field: massive Cosmic Neutrino Background, T_CnuB = 1.94535456 K
# Produced with crpropa-data version: 60a1560e37035039ec25f414e0c42a2444bad49c
# log10(E/eV), 1/lambda [1/Mpc]
16.03	0.0000000e+00
16.06	0.0000000e+00
16.10	0.0000000e+00
16.13	0.0000000e+00
16.17	0.0000000e+00
16.20	0.0000000e+00
16.23	0.0000000e+00
16.27	0.0000000e+00
16.30	0.0000000e+00
16.34	0.0000000e+00
16.37	0.0000000e+00
16.40	0.0000000e+00
16.44	0.0000000e+00
16.47	0.0000000e+00
16.51	0.0000000e+00
16.54	0.0000000e+00
16.58	0.0000000e+00
16.61	0.0000000e+00
16.64	0.0000000e+00
16.68	0.0000000e+00
16.71	0.0000000e+00
16.75	0.0000000e+00
16.78	0.0000000e+00
16.81	0.0000000e+00
16.85	0.0000000e+00
16.88	0.0000000e+00
16.92	0.0000000e+00
16.95	0.0000000e+00
16.98	0.0000000e+00
17.02	0.0000000e+00
17.05	0.0000000e+00
17.09	0.0000000e+00
17.12	0.0000000e+00
17.15	0.0000000e+00
17.19	0.0000000e+00
17.22	0.0000000e+00
17.26	0.0000000e+00
17.29	0.0000000e+00
17.32	0.0000000e+00
17.36	0.0000000e+00
17.39	0.0000000e+00
17.43	0.0000000e+00
17.46	0.0000000e+00
17.49	0.0000000e+00
17.53	0.0000000e+00
17.56	0.0000000e+00
17.60	0.0000000e+00
17.63	0.0000000e+00
17.67	0.0000000e+00
17.70	0.0000000e+00
17.73	0.0000000e+00
17.77	0.0000000e+00
17.80	0.0000000e+00
17.84	0.0000000e+00
17.87	0.0000000e+00
17.90	0.0000000e+00
17.94	0.0000000e+00
17.97	0.0000000e+00
18.01	0.0000000e+00
18.04	0.0000000e+00
18.07	0.0000000e+00
18.11	0.0000000e+00
18.14	0.0000000e+00
18.18	0.0000000e+00
18.21	0.0000000e+00
18.24	0.0000000e+00
18.28	0.0000000e+00
18.31	0.0000000e+00
18.35	0.0000000e+00
18.38	0.0000000e+00
18.41	0.0000000e+00
18.45	0.0000000e+00
18.48	0.0000000e+00
18.52	0.0000000e+00
18.55	0.0000000e+00
18.59	0.0000000e+00
18.62	0.0000000e+00
18.65	0.0000000e+00
18.69	0.0000000e+00
18.72	0.0000000e+00
18.76	0.0000000e+00
18.79	0.0000000e+00
18.82	0.0000000e+00
18.86	0.0000000e+00
18.89	0.0000000e+00
18.93	0.0000000e+00
18.96	0.0000000e+00
18.99	0.0000000e+00
19.03	0.0000000e+00
19.06	0.0000000e+00
19.10	0.0000000e+00
19.13	0.0000000e+00
19.16	0.0000000e+00
19.20	0.0000000e+00
19.23	0.0000000e+00
19.27	0.0000000e+00
19.30	0.0000000e+00
19.33	0.0000000e+00
19.37	0.0000000e+00
19.40	0.0000000e+00
19.44	0.0000000e+00
19.47	0.0000000e+00
19.51	0.0000000e+00
19.54	0.0000000e+00
19.57	0.0000000e+00
19.61	0.0000000e+00
19.64	0.0000000e+00
19.68	0.0000000e+00
19.71	0.0000000e+00
19.74	0.0000000e+00
19.78	0.0000000e+00
19.81	0.0000000e+00
19.85	0.0000000e+00
19.88	0.0000000e+00
19.91	0.0000000e+00
19.95	0.0000000e+00
19.98	0.0000000e+00
20.02	0.0000000e+00
20.05	0.0000000e+00
20.08	0.0000000e+00
20.12	0.0000000e+00
20.15	0.0000000e+00
20.19	0.0000000e+00
20.22	0.0000000e+00
20.25	0.0000000e+00
20.29	0.0000000e+00
20.32	0.0000000e+00
20.36	0.0000000e+00
20.39	0.0000000e+00
20.42	0.0000000e+00
20.46	0.0000000e+00
20.49	0.0000000e+00
20.53	0.0000000e+00
20.56	0.0000000e+00
20.60	0.0000000e+00
20.63	0.0000000e+00
20.66	0.0000000e+00
20.70	0.0000000e+00
20.73	0.0000000e+00
20.77	0.0000000e+00
20.80	2.2789265e-272
20.83	1.4091125e-251
20.87	2.3510933e-232
20.90	1.3900490e-214
20.94	3.7464655e-198
20.97	5.8100755e-183
21.00	6.4300133e-169
21.04	6.1966093e-156
21.07	6.2506275e-144
21.11	7.8234974e-133
21.14	1.4219602e-122
21.17	4.3403658e-113
21.21	2.5450260e-104
21.24	3.2460195e-96
21.28	1.0101678e-88
21.31	8.5298699e-82
21.34	2.1559465e-75
21.38	1.7860808e-69
21.41	5.2744447e-64
21.45	6.0001097e-59
21.48	2.8248811e-54
21.52	5.8816785e-50
21.55	5.7582688e-46
21.58	2.8053931e-42
21.62	7.1675779e-39
21.65	1.0080416e-35
21.69	8.1616260e-33
21.72	3.9652115e-30
21.75	1.2011353e-27
21.79	2.3504206e-25
21.82	3.0701651e-23
21.86	2.7593362e-21
21.89	1.7548865e-19
21.92	8.1050389e-18
21.96	2.7844356e-16
21.99	7.2749116e-15
22.03	1.4754898e-13
22.06	2.3675745e-12
22.09	3.0588124e-11
22.13	3.2339628e-10
22.16	2.8403562e-09
22.20	2.1013578e-08
22.23	1.3264727e-07
22.26	7.2298844e-07
22.30	3.4401395e-06
22.33	1.4436159e-05
22.37	5.3932003e-05
22.40	1.8094357e-04
22.43	5.4959246e-04
22.47	1.5225680e-03
22.50	3.8738780e-03
22.54	9.1100150e-03
22.57	1.9918610e-02
22.61	4.0713281e-02
22.64	7.8188355e-02
22.67	1.4174342e-01
22.71	2.4360728e-01
22.74	3.9850361e-01
22.78	6.2276320e-01
22.81	9.3289196e-01
22.84	1.3437234e+00
22.88	1.8663894e+00
22.91	2.5064050e+00
22.95	3.2621683e+00
22.98	4.1241209e+00
23.01	5.0747176e+00
23.05	6.0892342e+00
23.08	7.1373190e+00
23.12	8.1851001e+00
23.15	9.1975928e+00
23.18	1.0141135e+01
23.22	1.0985592e+01
23.25	1.1706133e+01
23.29	1.2284440e+01
23.32	1.2709312e+01
23.35	1.2976674e+01
23.39	1.3089091e+01
23.42	1.3054895e+01
23.46	1.2887071e+01
23.49	1.2602032e+01
23.53	1.2218400e+01
23.56	1.1755889e+01
23.59	1.1234354e+01
23.63	1.0673050e+01
23.66	1.0090174e+01
23.70	9.5028969e+00
23.73	8.9285193e+00
23.76	8.3794830e+00
23.80	7.8610386e+00
23.83	7.3749297e+00
23.87	6.9211129e+00
23.90	6.4985666e+00
23.93	6.1057347e+00
23.97	5.7407903e+00
24.00	5.4017973e+00
24.04	5.0868114e+00
24.07	4.7939424e+00
24.10	4.5213913e+00
24.14	4.2674717e+00
24.17	4.0306191e+00
24.21	3.8093942e+00
24.24	3.6024809e+00
24.27	3.4086812e+00
24.31	3.2269084e+00
24.34	3.0561796e+00
24.38	2.8956077e+00
24.41	2.7443924e+00
24.44	2.6018132e+00
24.48	2.4672209e+00
24.51	2.3400310e+00
24.55	2.2197166e+00
24.58	2.1058024e+00
24.62	1.9978594e+00
24.65	1.8954992e+00
24.68	1.7983700e+00
24.72	1.7061521e+00
24.75	1.6185546e+00
24.79	1.5353117e+00
24.82	1.4561801e+00
24.85	1.3809363e+00
24.89	1.3093744e+00
24.92	1.2413042e+00
24.96	1.1765490e+00
24.99	1.1149448e+00
25.02	1.0563382e+00
25.06	1.0005858e+00
25.09	9.4755285e-01
25.13	8.9711248e-01
25.16	8.4914491e-01
25.19	8.0353678e-01
25.23	7.6018056e-01
25.26	7.1897404e-01
25.30	6.7981992e-01
25.33	6.4262538e-01
25.36	6.0730181e-01
25.40	5.7376447e-01
25.43	5.4193226e-01
25.47	5.1172750e-01
25.50	4.8307575e-01
25.54	4.5590562e-01
25.57	4.3014862e-01
25.60	4.0573904e-01
25.64	3.8261383e-01
25.67	3.6071249e-01
25.71	3.3997693e-01
25.74	3.2035146e-01
25.77	3.0178263e-01
25.81	2.8421918e-01
25.84	2.6761199e-01
25.88	2.5191395e-01
25.91	2.3707997e-01
25.94	2.2306682e-01
25.98	2.0983317e-01
26.01	1.9733945e-01
26.05	1.8554783e-01
26.08	1.7442214e-01
26.11	1.6392784e-01
26.15	1.5403194e-01
26.18	1.4470296e-01
26.22	1.3591087e-01
26.25	1.2762704e-01
26.28	1.1982419e-01
26.32	1.1247634e-01
26.35	1.0555875e-01
26.39	9.9047885e-02
26.42	9.2921376e-02
26.45	8.7157947e-02
26.49	8.1737387e-02
26.52	7.6640507e-02
26.56	7.1849090e-02
26.59	6.7345854e-02
26.63	6.3114412e-02
26.66	5.9139228e-02
26.69	5.5405585e-02
26.73	5.1899543e-02
26.76	4.8607905e-02
26.80	4.5518184e-02
26.83	4.2618568e-02
26.86	3.9897886e-02
26.90	3.7345582e-02
26.93	3.4951680e-02
26.97	3.2706758e-02
27.00	3.0601922e-02
