# NeutrinoAntineutrinoInteraction/NeutrinoAntineutrinoResonanceElectron interaction rates
# neutrino field: massive Cosmic Neutrino Background, T_CnuB = 1.94535456 K
# Produced with crpropa-data version: 34240bf825c959521ec71bc1e6d82591f4f17700
# log10(E/eV), 1/lambda [1/Mpc]
10.00	0.0000000e+00
10.03	0.0000000e+00
10.07	0.0000000e+00
10.10	0.0000000e+00
10.14	0.0000000e+00
10.17	0.0000000e+00
10.20	0.0000000e+00
10.24	0.0000000e+00
10.27	0.0000000e+00
10.31	0.0000000e+00
10.34	0.0000000e+00
10.37	0.0000000e+00
10.41	0.0000000e+00
10.44	0.0000000e+00
10.48	0.0000000e+00
10.51	0.0000000e+00
10.55	0.0000000e+00
10.58	0.0000000e+00
10.61	0.0000000e+00
10.65	0.0000000e+00
10.68	0.0000000e+00
10.72	0.0000000e+00
10.75	0.0000000e+00
10.78	0.0000000e+00
10.82	0.0000000e+00
10.85	0.0000000e+00
10.89	0.0000000e+00
10.92	0.0000000e+00
10.95	0.0000000e+00
10.99	0.0000000e+00
11.02	0.0000000e+00
11.06	0.0000000e+00
11.09	0.0000000e+00
11.12	0.0000000e+00
11.16	0.0000000e+00
11.19	0.0000000e+00
11.23	0.0000000e+00
11.26	0.0000000e+00
11.29	0.0000000e+00
11.33	0.0000000e+00
11.36	0.0000000e+00
11.40	0.0000000e+00
11.43	0.0000000e+00
11.46	0.0000000e+00
11.50	0.0000000e+00
11.53	0.0000000e+00
11.57	0.0000000e+00
11.60	0.0000000e+00
11.64	0.0000000e+00
11.67	0.0000000e+00
11.70	0.0000000e+00
11.74	0.0000000e+00
11.77	0.0000000e+00
11.81	0.0000000e+00
11.84	0.0000000e+00
11.87	0.0000000e+00
11.91	0.0000000e+00
11.94	1.8555756e-271
11.98	5.2589617e-252
12.01	4.6973821e-234
12.04	1.8477490e-217
12.08	4.0517175e-202
12.11	6.1588942e-188
12.15	7.9388085e-175
12.18	1.0454916e-162
12.21	1.6711761e-151
12.25	3.8022882e-141
12.28	1.4267908e-131
12.32	1.0118585e-122
12.35	1.5382250e-114
12.38	5.6316796e-107
12.42	5.5302394e-100
12.45	1.6091180e-93
12.49	1.5211295e-87
12.52	5.0870676e-82
12.56	6.5117887e-77
12.59	3.4316514e-72
12.62	7.9641468e-68
12.66	8.6631553e-64
12.69	4.6789862e-60
12.73	1.3235140e-56
12.76	2.0598469e-53
12.79	1.8462774e-50
12.83	9.9416702e-48
12.86	3.3442426e-45
12.90	7.2865541e-43
12.93	1.0633409e-40
12.96	1.0720298e-38
13.00	7.6839179e-37
13.03	4.0209820e-35
13.07	1.5744563e-33
13.10	4.7191151e-32
13.13	1.1057822e-30
13.17	2.0654920e-29
13.20	3.1315182e-28
13.24	3.9183833e-27
13.27	4.1093405e-26
13.30	3.6637611e-25
13.34	2.8135954e-24
13.37	1.8836561e-23
13.41	1.1115411e-22
13.44	5.8394388e-22
13.47	2.7556822e-21
13.51	1.1773825e-20
13.54	4.5848412e-20
13.58	1.6356656e-19
13.61	5.3630641e-19
13.65	1.6164512e-18
13.68	4.4562393e-18
13.71	1.1067393e-17
13.75	2.3908945e-17
13.78	4.2340145e-17
13.82	6.1186439e-17
13.85	7.9335886e-17
13.88	9.7056063e-17
13.92	1.1458932e-16
13.95	1.3215752e-16
13.99	1.4996617e-16
14.02	1.6820817e-16
14.05	1.8706696e-16
14.09	2.0671947e-16
14.12	2.2733867e-16
14.16	2.4909594e-16
14.19	2.7216323e-16
14.22	2.9671501e-16
14.26	3.2293021e-16
14.29	3.5099394e-16
14.33	3.8109927e-16
14.36	4.1344889e-16
14.39	4.4825676e-16
14.43	4.8574988e-16
14.46	5.2616989e-16
14.50	5.6977491e-16
14.53	6.1684131e-16
14.57	6.6766564e-16
14.60	7.2256657e-16
14.63	7.8188708e-16
14.67	8.4599661e-16
14.70	9.1529346e-16
14.74	9.9020738e-16
14.77	1.0712022e-15
14.80	1.1587789e-15
14.84	1.2534785e-15
14.87	1.3558858e-15
14.91	1.4666326e-15
14.94	1.5864019e-15
14.97	1.7159323e-15
15.01	1.8560221e-15
15.04	2.0075345e-15
15.08	2.1714030e-15
15.11	2.3486370e-15
15.14	2.5403281e-15
15.18	2.7476571e-15
15.21	2.9719006e-15
15.25	3.2144397e-15
15.28	3.4767677e-15
15.31	3.7605001e-15
15.35	4.0673838e-15
15.38	4.3993084e-15
15.42	4.7583176e-15
15.45	5.1466219e-15
15.48	5.5666120e-15
15.52	6.0208737e-15
15.55	6.5122040e-15
15.59	7.0436279e-15
15.62	7.6184173e-15
15.66	8.2401110e-15
15.69	8.9125367e-15
15.72	9.6398343e-15
15.76	1.0426482e-14
15.79	1.1277322e-14
15.83	1.2197594e-14
15.86	1.3192963e-14
15.89	1.4269558e-14
15.93	1.5434007e-14
15.96	1.6693479e-14
16.00	1.8055728e-14
16.03	1.9529142e-14
16.06	2.1122791e-14
16.10	2.2846488e-14
16.13	2.4710845e-14
16.17	2.6727340e-14
16.20	2.8908389e-14
16.23	3.1267419e-14
16.27	3.3818954e-14
16.30	3.6578703e-14
16.34	3.9563658e-14
16.37	4.2792197e-14
16.40	4.6284196e-14
16.44	5.0061155e-14
16.47	5.4146328e-14
16.51	5.8564866e-14
16.54	6.3343973e-14
16.58	6.8513072e-14
16.61	7.4103988e-14
16.64	8.0151144e-14
16.68	8.6691769e-14
16.71	9.3766133e-14
16.75	1.0141779e-13
16.78	1.0969385e-13
16.81	1.1864527e-13
16.85	1.2832716e-13
16.88	1.3879912e-13
16.92	1.5012564e-13
16.95	1.6237644e-13
16.98	1.7562695e-13
17.02	1.8995875e-13
17.05	2.0546008e-13
17.09	2.2222638e-13
17.12	2.4036087e-13
17.15	2.5997520e-13
17.19	2.8119013e-13
17.22	3.0413628e-13
17.26	3.2895493e-13
17.29	3.5579886e-13
17.32	3.8483336e-13
17.36	4.1623719e-13
17.39	4.5020368e-13
17.43	4.8694198e-13
17.46	5.2667825e-13
17.49	5.6965715e-13
17.53	6.1614330e-13
17.56	6.6642290e-13
17.60	7.2080551e-13
17.63	7.7962595e-13
17.67	8.4324638e-13
17.70	9.1205848e-13
17.73	9.8648592e-13
17.77	1.0669869e-12
17.80	1.1540571e-12
17.84	1.2482326e-12
17.87	1.3500932e-12
17.90	1.4602661e-12
17.94	1.5794295e-12
17.97	1.7083171e-12
18.01	1.8477225e-12
18.04	1.9985039e-12
18.07	2.1615898e-12
18.11	2.3379842e-12
18.14	2.5287732e-12
18.18	2.7351314e-12
18.21	2.9583294e-12
18.24	3.1997415e-12
18.28	3.4608539e-12
18.31	3.7432743e-12
18.35	4.0487416e-12
18.38	4.3791366e-12
18.41	4.7364935e-12
18.45	5.1230127e-12
18.48	5.5410738e-12
18.52	5.9932511e-12
18.55	6.4823287e-12
18.59	7.0113178e-12
18.62	7.5834757e-12
18.65	8.2023252e-12
18.69	8.8716768e-12
18.72	9.5956521e-12
18.76	1.0378709e-11
18.79	1.1225668e-11
18.82	1.2141747e-11
18.86	1.3132584e-11
18.89	1.4204282e-11
18.93	1.5363439e-11
18.96	1.6617195e-11
18.99	1.7973268e-11
19.03	1.9440010e-11
19.06	2.1026454e-11
19.10	2.2742369e-11
19.13	2.4598322e-11
19.16	2.6605744e-11
19.20	2.8776997e-11
19.23	3.1125454e-11
19.27	3.3665579e-11
19.30	3.6413018e-11
19.33	3.9384692e-11
19.37	4.2598906e-11
19.40	4.6075459e-11
19.44	4.9835769e-11
19.47	5.3902998e-11
19.51	5.8302204e-11
19.54	6.3060490e-11
19.57	6.8207175e-11
19.61	7.3773969e-11
19.64	7.9795177e-11
19.68	8.6307904e-11
19.71	9.3352289e-11
19.74	1.0097175e-10
19.78	1.0921326e-10
19.81	1.1812761e-10
19.85	1.2776978e-10
19.88	1.3819921e-10
19.91	1.4948022e-10
19.95	1.6168238e-10
19.98	1.7488098e-10
20.02	1.8915744e-10
20.05	2.0459984e-10
20.08	2.2130350e-10
20.12	2.3937153e-10
20.15	2.5891548e-10
20.19	2.8005604e-10
20.22	3.0292381e-10
20.25	3.2766009e-10
20.29	3.5441775e-10
20.32	3.8336224e-10
20.36	4.1467256e-10
20.39	4.4854244e-10
20.42	4.8518150e-10
20.46	5.2481663e-10
20.49	5.6769337e-10
20.53	6.1407747e-10
20.56	6.6425659e-10
20.60	7.1854211e-10
20.63	7.7727109e-10
20.66	8.4080845e-10
20.70	9.0954927e-10
20.73	9.8392132e-10
20.77	1.0643878e-09
20.80	1.1514505e-09
20.83	1.2456527e-09
20.87	1.3475828e-09
20.90	1.4578786e-09
20.94	1.5772309e-09
20.97	1.7063881e-09
21.00	1.8461616e-09
21.04	1.9974307e-09
21.07	2.1611489e-09
21.11	2.3383501e-09
21.14	2.5301553e-09
21.17	2.7377811e-09
21.21	2.9625472e-09
21.24	3.2058861e-09
21.28	3.4693531e-09
21.31	3.7546369e-09
21.34	4.0635724e-09
21.38	4.3981533e-09
21.41	4.7605471e-09
21.45	5.1531113e-09
21.48	5.5784106e-09
21.52	6.0392371e-09
21.55	6.5386316e-09
21.58	7.0799078e-09
21.62	7.6666785e-09
21.65	8.3028858e-09
21.69	8.9928336e-09
21.72	9.7412241e-09
21.75	1.0553199e-08
21.79	1.1434387e-08
21.82	1.2390950e-08
21.86	1.3429648e-08
21.89	1.4557899e-08
21.92	1.5783857e-08
21.96	1.7116489e-08
21.99	1.8565678e-08
22.03	2.0142325e-08
22.06	2.1858472e-08
22.09	2.3727450e-08
22.13	2.5764032e-08
22.16	2.7984627e-08
22.20	3.0407494e-08
22.23	3.3052994e-08
22.26	3.5943883e-08
22.30	3.9105655e-08
22.33	4.2566944e-08
22.37	4.6360000e-08
22.40	5.0521252e-08
22.43	5.5091979e-08
22.47	6.0119111e-08
22.50	6.5656195e-08
22.54	7.1764558e-08
22.57	7.8514733e-08
22.61	8.5988184e-08
22.64	9.4279454e-08
22.67	1.0349881e-07
22.71	1.1377554e-07
22.74	1.2526217e-07
22.78	1.3813969e-07
22.81	1.5262440e-07
22.84	1.6897668e-07
22.88	1.8751246e-07
22.91	2.0861853e-07
22.95	2.3277291e-07
22.98	2.6057279e-07
23.01	2.9277300e-07
23.05	3.3034048e-07
23.08	3.7453257e-07
23.12	4.2701262e-07
23.15	4.9002591e-07
23.18	5.6667778e-07
23.22	6.6139812e-07
23.25	7.8078360e-07
23.29	9.3530810e-07
23.32	1.1432659e-06
23.35	1.4407963e-06
23.39	1.9084304e-06
23.42	2.7403262e-06
23.46	4.4143876e-06
23.49	8.0698568e-06
23.53	1.6213418e-05
23.56	3.3606665e-05
23.59	6.6815912e-05
23.63	1.1702174e-04
23.66	1.6048640e-04
23.70	1.6030360e-04
23.73	1.4195923e-04
23.76	1.2347995e-04
23.80	1.0677861e-04
23.83	9.2079151e-05
23.87	7.9278742e-05
23.90	6.8191603e-05
23.93	5.8617893e-05
23.97	5.0366901e-05
24.00	4.3264945e-05
24.04	3.7157412e-05
24.07	3.1908372e-05
24.10	2.7399219e-05
24.14	2.3526963e-05
24.17	2.0202463e-05
24.21	1.7348742e-05
24.24	1.4899438e-05
24.27	1.2797405e-05
24.31	1.0993486e-05
24.34	9.4454210e-06
24.38	8.1169019e-06
24.41	6.9767479e-06
24.44	5.9981905e-06
24.48	5.1582561e-06
24.51	4.4372320e-06
24.55	3.8182071e-06
24.58	3.2866754e-06
24.62	2.8301958e-06
24.65	2.4380986e-06
24.68	2.1012345e-06
24.72	1.8117574e-06
24.75	1.5629398e-06
24.79	1.3490129e-06
24.82	1.1650300e-06
24.85	1.0067493e-06
24.89	8.7053340e-07
24.92	7.5326287e-07
24.96	6.5226243e-07
24.99	5.6523748e-07
25.02	4.9021979e-07
25.06	4.2552089e-07
25.09	3.6969215e-07
25.13	3.2149051e-07
25.16	2.7984920e-07
25.19	2.4385259e-07
25.23	2.1271459e-07
25.26	1.8576025e-07
25.30	1.6240989e-07
25.33	1.4216556e-07
25.36	1.2459939e-07
25.40	1.0934363e-07
25.43	9.6082158e-08
25.47	8.4543072e-08
25.50	7.4492484e-08
25.54	6.5729111e-08
25.57	5.8079665e-08
25.60	5.1394898e-08
25.64	4.5546213e-08
25.67	4.0422748e-08
25.71	3.5928888e-08
25.74	3.1982122e-08
25.77	2.8511206e-08
25.81	2.5454585e-08
25.84	2.2759044e-08
25.88	2.0378547e-08
25.91	1.8273235e-08
25.94	1.6408578e-08
25.98	1.4754630e-08
26.01	1.3285406e-08
26.05	1.1978333e-08
26.08	1.0813785e-08
26.11	9.7746825e-09
26.15	8.8461457e-09
26.18	8.0151978e-09
26.22	7.2705085e-09
26.25	6.6021741e-09
26.28	6.0015275e-09
26.32	5.4609741e-09
26.35	4.9738507e-09
26.39	4.5343038e-09
26.42	4.1371840e-09
26.45	3.7779552e-09
26.49	3.4526160e-09
26.52	3.1576313e-09
26.56	2.8898741e-09
26.59	2.6465735e-09
26.63	2.4252710e-09
26.66	2.2237822e-09
26.69	2.0401629e-09
26.73	1.8726804e-09
26.76	1.7197882e-09
26.80	1.5801038e-09
26.83	1.4523897e-09
26.86	1.3355365e-09
26.90	1.2285481e-09
26.93	1.1305291e-09
26.97	1.0406734e-09
27.00	9.5825450e-10
