# NeutrinoAntineutrinoInteraction/NeutrinoAntineutrinoResonanceElectron interaction rates
# neutrino field: massive Cosmic Neutrino Background, T_CnuB = 1.94535456 K
# Produced with crpropa-data version: 34240bf825c959521ec71bc1e6d82591f4f17700
# log10(E/eV), 1/lambda [1/Mpc]
10.00	0.0000000e+00
10.03	0.0000000e+00
10.07	0.0000000e+00
10.10	0.0000000e+00
10.14	0.0000000e+00
10.17	0.0000000e+00
10.20	0.0000000e+00
10.24	0.0000000e+00
10.27	0.0000000e+00
10.31	0.0000000e+00
10.34	0.0000000e+00
10.37	0.0000000e+00
10.41	0.0000000e+00
10.44	0.0000000e+00
10.48	0.0000000e+00
10.51	0.0000000e+00
10.55	0.0000000e+00
10.58	0.0000000e+00
10.61	0.0000000e+00
10.65	0.0000000e+00
10.68	0.0000000e+00
10.72	0.0000000e+00
10.75	0.0000000e+00
10.78	0.0000000e+00
10.82	0.0000000e+00
10.85	0.0000000e+00
10.89	0.0000000e+00
10.92	0.0000000e+00
10.95	0.0000000e+00
10.99	0.0000000e+00
11.02	2.2704891e-255
11.06	9.5852057e-237
11.09	1.5834826e-219
11.12	1.3072863e-203
11.16	6.7620422e-189
11.19	2.7010461e-175
11.23	1.0108397e-162
11.26	4.2378624e-151
11.29	2.3479584e-140
11.33	2.0029320e-130
11.36	3.0298738e-121
11.40	9.2616901e-113
11.43	6.4552351e-105
11.46	1.1470581e-97
11.50	5.7617036e-91
11.53	9.0005769e-85
11.57	4.7761933e-79
11.60	9.3419171e-74
11.64	7.2629591e-69
11.67	2.4067317e-64
11.70	3.6258500e-60
11.74	2.6362260e-56
11.77	9.7750513e-53
11.81	1.9453139e-49
11.84	2.1782068e-46
11.87	1.4335463e-43
11.91	5.7738858e-41
11.94	1.4773823e-38
11.98	2.4859559e-36
12.01	2.8402233e-34
12.04	2.2694080e-32
12.08	1.3033304e-30
12.11	5.5178473e-29
12.15	1.7628961e-27
12.18	4.3434343e-26
12.21	8.4196209e-25
12.25	1.3081445e-23
12.28	1.6571810e-22
12.32	1.7390914e-21
12.35	1.5341961e-20
12.38	1.1532688e-19
12.42	7.4801054e-19
12.45	4.2347726e-18
12.49	2.1150663e-17
12.52	9.4112697e-17
12.56	3.7645643e-16
12.59	1.3649141e-15
12.62	4.5194347e-15
12.66	1.3759563e-14
12.69	3.8753343e-14
12.73	1.0151203e-13
12.76	2.4842667e-13
12.79	5.7004716e-13
12.83	1.2294112e-12
12.86	2.4939276e-12
12.90	4.7504539e-12
12.93	8.4509569e-12
12.96	1.3894645e-11
13.00	2.0806106e-11
13.03	2.8150750e-11
13.07	3.5307101e-11
13.10	4.2341879e-11
13.13	4.9347614e-11
13.17	5.6409506e-11
13.20	6.3606995e-11
13.24	7.1015133e-11
13.27	7.8705807e-11
13.30	8.6748827e-11
13.34	9.5212910e-11
13.37	1.0416658e-10
13.41	1.1367899e-10
13.44	1.2382070e-10
13.47	1.3466439e-10
13.51	1.4628560e-10
13.54	1.5876336e-10
13.58	1.7218089e-10
13.61	1.8662628e-10
13.65	2.0219314e-10
13.68	2.1898131e-10
13.71	2.3709756e-10
13.75	2.5665637e-10
13.78	2.7778063e-10
13.82	3.0060256e-10
13.85	3.2526447e-10
13.88	3.5191976e-10
13.92	3.8073389e-10
13.95	4.1188538e-10
13.99	4.4556701e-10
14.02	4.8198698e-10
14.05	5.2137023e-10
14.09	5.6395983e-10
14.12	6.1001853e-10
14.16	6.5983034e-10
14.19	7.1370231e-10
14.22	7.7196644e-10
14.26	8.3498174e-10
14.29	9.0313641e-10
14.33	9.7685026e-10
14.36	1.0565773e-09
14.39	1.1428085e-09
14.43	1.2360750e-09
14.46	1.3369510e-09
14.50	1.4460578e-09
14.53	1.5640670e-09
14.57	1.6917055e-09
14.60	1.8297590e-09
14.63	1.9790775e-09
14.67	2.1405805e-09
14.70	2.3152622e-09
14.74	2.5041983e-09
14.77	2.7085518e-09
14.80	2.9295811e-09
14.84	3.1686470e-09
14.87	3.4272213e-09
14.91	3.7068960e-09
14.94	4.0093930e-09
14.97	4.3365748e-09
15.01	4.6904557e-09
15.04	5.0732145e-09
15.08	5.4872076e-09
15.11	5.9349841e-09
15.14	6.4193007e-09
15.18	6.9431392e-09
15.21	7.5097249e-09
15.25	8.1225459e-09
15.28	8.7853754e-09
15.31	9.5022941e-09
15.35	1.0277716e-08
15.38	1.1116415e-08
15.42	1.2023555e-08
15.45	1.3004721e-08
15.48	1.4065954e-08
15.52	1.5213787e-08
15.55	1.6455287e-08
15.59	1.7798098e-08
15.62	1.9250488e-08
15.66	2.0821398e-08
15.69	2.2520500e-08
15.72	2.4358254e-08
15.76	2.6345977e-08
15.79	2.8495904e-08
15.83	3.0821274e-08
15.86	3.3336402e-08
15.89	3.6056774e-08
15.93	3.8999139e-08
15.96	4.2181611e-08
16.00	4.5623784e-08
16.03	4.9346852e-08
16.06	5.3373735e-08
16.10	5.7729227e-08
16.13	6.2440143e-08
16.17	6.7535487e-08
16.20	7.3046630e-08
16.23	7.9007503e-08
16.27	8.5454804e-08
16.30	9.2428230e-08
16.34	9.9970713e-08
16.37	1.0812869e-07
16.40	1.1695239e-07
16.44	1.2649614e-07
16.47	1.3681869e-07
16.51	1.4798360e-07
16.54	1.6005961e-07
16.58	1.7312106e-07
16.61	1.8724838e-07
16.64	2.0252855e-07
16.68	2.1905563e-07
16.71	2.3693139e-07
16.75	2.5626588e-07
16.78	2.7717813e-07
16.81	2.9979691e-07
16.85	3.2426147e-07
16.88	3.5072243e-07
16.92	3.7934271e-07
16.95	4.1029852e-07
16.98	4.4378044e-07
17.02	4.7999463e-07
17.05	5.1916405e-07
17.09	5.6152984e-07
17.12	6.0735286e-07
17.15	6.5691523e-07
17.19	7.1052210e-07
17.22	7.6850352e-07
17.26	8.3121647e-07
17.29	8.9904707e-07
17.32	9.7241295e-07
17.36	1.0517658e-06
17.39	1.1375942e-06
17.43	1.2304266e-06
17.46	1.3308346e-06
17.49	1.4394364e-06
17.53	1.5569006e-06
17.56	1.6839504e-06
17.60	1.8213682e-06
17.63	1.9700000e-06
17.67	2.1307610e-06
17.70	2.3046409e-06
17.73	2.4927104e-06
17.77	2.6961275e-06
17.80	2.9161447e-06
17.84	3.1541166e-06
17.87	3.4115086e-06
17.90	3.6899055e-06
17.94	3.9910215e-06
17.97	4.3167107e-06
18.01	4.6689786e-06
18.04	5.0499943e-06
18.07	5.4621040e-06
18.11	5.9078453e-06
18.14	6.3899631e-06
18.18	6.9114262e-06
18.21	7.4754458e-06
18.24	8.0854953e-06
18.28	8.7453314e-06
18.31	9.4590176e-06
18.35	1.0230949e-05
18.38	1.1065880e-05
18.41	1.1968953e-05
18.45	1.2945729e-05
18.48	1.4002226e-05
18.52	1.5144949e-05
18.55	1.6380938e-05
18.59	1.7717806e-05
18.62	1.9163789e-05
18.65	2.0727794e-05
18.69	2.2419456e-05
18.72	2.4249198e-05
18.76	2.6228293e-05
18.79	2.8368936e-05
18.82	3.0684317e-05
18.86	3.3188705e-05
18.89	3.5897534e-05
18.93	3.8827501e-05
18.96	4.1996664e-05
18.99	4.5424561e-05
19.03	4.9132327e-05
19.06	5.3142821e-05
19.10	5.7480777e-05
19.13	6.2172948e-05
19.16	6.7248277e-05
19.20	7.2738076e-05
19.23	7.8676218e-05
19.27	8.5099351e-05
19.30	9.2047122e-05
19.33	9.9562427e-05
19.37	1.0769167e-04
19.40	1.1648508e-04
19.44	1.2599697e-04
19.47	1.3628614e-04
19.51	1.4741619e-04
19.54	1.5945595e-04
19.57	1.7247991e-04
19.61	1.8656868e-04
19.64	2.0180949e-04
19.68	2.1829674e-04
19.71	2.3613262e-04
19.74	2.5542772e-04
19.78	2.7630177e-04
19.81	2.9888436e-04
19.85	3.2331578e-04
19.88	3.4974794e-04
19.91	3.7834529e-04
19.95	4.0928593e-04
19.98	4.4276272e-04
20.02	4.7898455e-04
20.05	5.1817766e-04
20.08	5.6058716e-04
20.12	6.0647860e-04
20.15	6.5613973e-04
20.19	7.0988241e-04
20.22	7.6804465e-04
20.25	8.3099290e-04
20.29	8.9912452e-04
20.32	9.7287043e-04
20.36	1.0526981e-03
20.39	1.1391148e-03
20.42	1.2326709e-03
20.46	1.3339641e-03
20.49	1.4436433e-03
20.53	1.5624135e-03
20.56	1.6910406e-03
20.60	1.8303573e-03
20.63	1.9812693e-03
20.66	2.1447616e-03
20.70	2.3219066e-03
20.73	2.5138720e-03
20.77	2.7219304e-03
20.80	2.9474690e-03
20.83	3.1920010e-03
20.87	3.4571787e-03
20.90	3.7448069e-03
20.94	4.0568588e-03
20.97	4.3954936e-03
21.00	4.7630762e-03
21.04	5.1621992e-03
21.07	5.5957078e-03
21.11	6.0667279e-03
21.14	6.5786981e-03
21.17	7.1354058e-03
21.21	7.7410283e-03
21.24	8.4001799e-03
21.28	9.1179657e-03
21.31	9.9000436e-03
21.34	1.0752695e-02
21.38	1.1682909e-02
21.41	1.2698476e-02
21.45	1.3808101e-02
21.48	1.5021532e-02
21.52	1.6349717e-02
21.55	1.7804983e-02
21.58	1.9401248e-02
21.62	2.1154281e-02
21.65	2.3082004e-02
21.69	2.5204863e-02
21.72	2.7546269e-02
21.75	3.0133142e-02
21.79	3.2996575e-02
21.82	3.6172647e-02
21.86	3.9703443e-02
21.89	4.3638320e-02
21.92	4.8035514e-02
21.96	5.2964181e-02
21.99	5.8507023e-02
22.03	6.4763702e-02
22.06	7.1855338e-02
22.09	7.9930504e-02
22.13	8.9173346e-02
22.16	9.9814777e-02
22.20	1.1214823e-01
22.23	1.2655241e-01
22.26	1.4352545e-01
22.30	1.6373895e-01
22.33	1.8813130e-01
22.37	2.1808667e-01
22.40	2.5581487e-01
22.43	3.0520655e-01
22.47	3.7376942e-01
22.50	4.7685823e-01
22.54	6.4635676e-01
22.57	9.4713741e-01
22.61	1.5054478e+00
22.64	2.5524110e+00
22.67	4.4800384e+00
22.71	7.8907343e+00
22.74	1.3583989e+01
22.78	2.2351973e+01
22.81	3.4354486e+01
22.84	4.7865408e+01
22.88	5.8002025e+01
22.91	5.8794993e+01
22.95	5.2517385e+01
22.98	4.5699495e+01
23.01	3.9513654e+01
23.05	3.4069050e+01
23.08	2.9329455e+01
23.12	2.5225547e+01
23.15	2.1682732e+01
23.18	1.8629985e+01
23.22	1.6002745e+01
23.25	1.3743620e+01
23.29	1.1802201e+01
23.32	1.0134538e+01
23.35	8.7024835e+00
23.39	7.4730374e+00
23.42	6.4177090e+00
23.46	5.5119421e+00
23.49	4.7345960e+00
23.53	4.0674870e+00
23.56	3.4949850e+00
23.59	3.0036625e+00
23.63	2.5819888e+00
23.66	2.2200659e+00
23.70	1.9093991e+00
23.73	1.6426999e+00
23.76	1.4137158e+00
23.80	1.2170836e+00
23.83	1.0482036e+00
23.87	9.0313130e-01
23.90	7.7848385e-01
23.93	6.7136063e-01
23.97	5.7927435e-01
24.00	5.0009219e-01
24.04	4.3198526e-01
24.07	3.7338526e-01
24.10	3.2294728e-01
24.14	2.7951792e-01
24.17	2.4210798e-01
24.21	2.0986897e-01
24.24	1.8207306e-01
24.27	1.5809584e-01
24.31	1.3740158e-01
24.34	1.1953054e-01
24.38	1.0408815e-01
24.41	9.0735734e-02
24.44	7.9182498e-02
24.48	6.9178744e-02
24.51	6.0510003e-02
24.55	5.2992025e-02
24.58	4.6466478e-02
24.62	4.0797266e-02
24.65	3.5867372e-02
24.68	3.1576150e-02
24.72	2.7837007e-02
24.75	2.4575410e-02
24.79	2.1727184e-02
24.82	1.9237049e-02
24.85	1.7057362e-02
24.89	1.5147047e-02
24.92	1.3470668e-02
24.96	1.1997638e-02
24.99	1.0701543e-02
25.02	9.5595554e-03
25.06	8.5519341e-03
25.09	7.6615972e-03
25.13	6.8737515e-03
25.16	6.1755762e-03
25.19	5.5559506e-03
25.23	5.0052205e-03
25.26	4.5149972e-03
25.30	4.0779845e-03
25.33	3.6878299e-03
25.36	3.3389974e-03
25.40	3.0266566e-03
25.43	2.7465884e-03
25.47	2.4951032e-03
25.50	2.2689707e-03
25.54	2.0653589e-03
25.57	1.8817818e-03
25.60	1.7160547e-03
25.64	1.5662543e-03
25.67	1.4306857e-03
25.71	1.3078531e-03
25.74	1.1964340e-03
25.77	1.0952581e-03
25.81	1.0032879e-03
25.84	9.1960219e-04
25.88	8.4338200e-04
25.91	7.7389812e-04
25.94	7.1050025e-04
25.98	6.5260761e-04
26.01	5.9970080e-04
26.05	5.5131456e-04
26.08	5.0703161e-04
26.11	4.6647712e-04
26.15	4.2931394e-04
26.18	3.9523842e-04
26.22	3.6397669e-04
26.25	3.3528146e-04
26.28	3.0892911e-04
26.32	2.8471725e-04
26.35	2.6246242e-04
26.39	2.4199820e-04
26.42	2.2317340e-04
26.45	2.0585059e-04
26.49	1.8990465e-04
26.52	1.7522163e-04
26.56	1.6169762e-04
26.59	1.4923779e-04
26.63	1.3775553e-04
26.66	1.2717169e-04
26.69	1.1741384e-04
26.73	1.0841571e-04
26.76	1.0011659e-04
26.80	9.2460836e-05
26.83	8.5397432e-05
26.86	7.8879558e-05
26.90	7.2864235e-05
26.93	6.7311993e-05
26.97	6.2186559e-05
27.00	5.7454593e-05
