# NeutrinoAntineutrinoInteraction/NeutrinoAntineutrinoResonanceElectron interaction rates
# neutrino field: massive Cosmic Neutrino Background, T_CnuB = 1.94535456 K
# Produced with crpropa-data version: 34240bf825c959521ec71bc1e6d82591f4f17700
# log10(E/eV), 1/lambda [1/Mpc]
10.00	0.0000000e+00
10.03	0.0000000e+00
10.07	0.0000000e+00
10.10	0.0000000e+00
10.14	0.0000000e+00
10.17	0.0000000e+00
10.20	0.0000000e+00
10.24	0.0000000e+00
10.27	0.0000000e+00
10.31	0.0000000e+00
10.34	0.0000000e+00
10.37	0.0000000e+00
10.41	0.0000000e+00
10.44	0.0000000e+00
10.48	0.0000000e+00
10.51	0.0000000e+00
10.55	0.0000000e+00
10.58	0.0000000e+00
10.61	0.0000000e+00
10.65	0.0000000e+00
10.68	0.0000000e+00
10.72	0.0000000e+00
10.75	0.0000000e+00
10.78	0.0000000e+00
10.82	0.0000000e+00
10.85	0.0000000e+00
10.89	0.0000000e+00
10.92	0.0000000e+00
10.95	0.0000000e+00
10.99	0.0000000e+00
11.02	0.0000000e+00
11.06	0.0000000e+00
11.09	0.0000000e+00
11.12	0.0000000e+00
11.16	0.0000000e+00
11.19	0.0000000e+00
11.23	0.0000000e+00
11.26	0.0000000e+00
11.29	0.0000000e+00
11.33	0.0000000e+00
11.36	0.0000000e+00
11.40	0.0000000e+00
11.43	0.0000000e+00
11.46	0.0000000e+00
11.50	0.0000000e+00
11.53	0.0000000e+00
11.57	0.0000000e+00
11.60	0.0000000e+00
11.64	0.0000000e+00
11.67	2.4641120e-253
11.70	3.7205563e-235
11.74	2.3738918e-218
11.77	8.1262880e-203
11.81	1.8610276e-188
11.84	3.4967311e-175
11.87	6.5095973e-163
11.91	1.4294884e-151
11.94	4.3508977e-141
11.98	2.1306005e-131
12.01	1.9267179e-122
12.04	3.6549257e-114
12.08	1.6362847e-106
12.11	1.9278527e-99
12.15	6.6110254e-93
12.18	7.2425086e-87
12.21	2.7626668e-81
12.25	3.9733835e-76
12.28	2.3192635e-71
12.32	5.8810008e-67
12.35	6.8990386e-63
12.38	3.9684934e-59
12.42	1.1811923e-55
12.45	1.9119200e-52
12.49	1.7621410e-49
12.52	9.6492874e-47
12.56	3.2651501e-44
12.59	7.0802245e-42
12.62	1.0174653e-39
12.66	9.9957100e-38
12.69	6.9088355e-36
12.73	3.4500774e-34
12.76	1.2757103e-32
12.79	3.5730366e-31
12.83	7.7411472e-30
12.86	1.3227850e-28
12.90	1.8150483e-27
12.93	2.0333606e-26
12.96	1.8885908e-25
13.00	1.4751201e-24
13.03	9.8172178e-24
13.07	5.6350579e-23
13.10	2.8212329e-22
13.13	1.2448762e-21
13.17	4.8880798e-21
13.20	1.7232223e-20
13.24	5.4993686e-20
13.27	1.6008994e-19
13.30	4.2811453e-19
13.34	1.0586154e-18
13.37	2.4351532e-18
13.41	5.2403177e-18
13.44	1.0604400e-17
13.47	2.0276809e-17
13.51	3.6798707e-17
13.54	6.3646871e-17
13.58	1.0531582e-16
13.61	1.6730959e-16
13.65	2.5602632e-16
13.68	3.7853551e-16
13.71	5.4226621e-16
13.75	7.5463981e-16
13.78	1.0226909e-15
13.82	1.3527221e-15
13.85	1.7500331e-15
13.88	2.2187536e-15
13.92	2.7617942e-15
13.95	3.3809148e-15
13.99	4.0768957e-15
14.02	4.8497865e-15
14.05	5.6992042e-15
14.09	6.6246486e-15
14.12	7.6258089e-15
14.16	8.7028405e-15
14.19	9.8565977e-15
14.22	1.1088817e-14
14.26	1.2402249e-14
14.29	1.3800748e-14
14.33	1.5289320e-14
14.36	1.6874146e-14
14.39	1.8562586e-14
14.43	2.0363170e-14
14.46	2.2285589e-14
14.50	2.4340688e-14
14.53	2.6540471e-14
14.57	2.8898106e-14
14.60	3.1427954e-14
14.63	3.4145609e-14
14.67	3.7067948e-14
14.70	4.0213197e-14
14.74	4.3601023e-14
14.77	4.7252619e-14
14.80	5.1190827e-14
14.84	5.5440256e-14
14.87	6.0027428e-14
14.91	6.4980934e-14
14.94	7.0331599e-14
14.97	7.6112674e-14
15.01	8.2360038e-14
15.04	8.9112417e-14
15.08	9.6411621e-14
15.11	1.0430280e-13
15.14	1.1283475e-13
15.18	1.2206015e-13
15.21	1.3203597e-13
15.25	1.4282375e-13
15.28	1.5449004e-13
15.31	1.6710678e-13
15.35	1.8075172e-13
15.38	1.9550897e-13
15.42	2.1146945e-13
15.45	2.2873148e-13
15.48	2.4740141e-13
15.52	2.6759422e-13
15.55	2.8943428e-13
15.59	3.1305609e-13
15.62	3.3860511e-13
15.66	3.6623866e-13
15.69	3.9612691e-13
15.72	4.2845388e-13
15.76	4.6341863e-13
15.79	5.0123643e-13
15.83	5.4214014e-13
15.86	5.8638159e-13
15.89	6.3423319e-13
15.93	6.8598955e-13
15.96	7.4196932e-13
16.00	8.0251717e-13
16.03	8.6800588e-13
16.06	9.3883865e-13
16.10	1.0154516e-12
16.13	1.0983164e-12
16.17	1.1879432e-12
16.20	1.2848838e-12
16.23	1.3897352e-12
16.27	1.5031428e-12
16.30	1.6258048e-12
16.34	1.7584765e-12
16.37	1.9019746e-12
16.40	2.0571827e-12
16.44	2.2250564e-12
16.47	2.4066291e-12
16.51	2.6030189e-12
16.54	2.8154347e-12
16.58	3.0451845e-12
16.61	3.2936826e-12
16.64	3.5624592e-12
16.68	3.8531688e-12
16.71	4.1676015e-12
16.75	4.5076929e-12
16.78	4.8755371e-12
16.81	5.2733987e-12
16.85	5.7037273e-12
16.88	6.1691723e-12
16.92	6.6725993e-12
16.95	7.2171078e-12
16.98	7.8060501e-12
17.02	8.4430523e-12
17.05	9.1320363e-12
17.09	9.8772439e-12
17.12	1.0683263e-11
17.15	1.1555057e-11
17.19	1.2497992e-11
17.22	1.3517874e-11
17.26	1.4620982e-11
17.29	1.5814108e-11
17.32	1.7104597e-11
17.36	1.8500395e-11
17.39	2.0010096e-11
17.43	2.1642993e-11
17.46	2.3409142e-11
17.49	2.5319415e-11
17.53	2.7385573e-11
17.56	2.9620337e-11
17.60	3.2037467e-11
17.63	3.4651844e-11
17.67	3.7479564e-11
17.70	4.0538038e-11
17.73	4.3846094e-11
17.77	4.7424101e-11
17.80	5.1294087e-11
17.84	5.5479879e-11
17.87	6.0007248e-11
17.90	6.4904069e-11
17.94	7.0200491e-11
17.97	7.5929122e-11
18.01	8.2125232e-11
18.04	8.8826971e-11
18.07	9.6075600e-11
18.11	1.0391575e-10
18.14	1.1239569e-10
18.18	1.2156762e-10
18.21	1.3148803e-10
18.24	1.4221799e-10
18.28	1.5382356e-10
18.31	1.6637619e-10
18.35	1.7995318e-10
18.38	1.9463812e-10
18.41	2.1052142e-10
18.45	2.2770088e-10
18.48	2.4628227e-10
18.52	2.6637999e-10
18.55	2.8811779e-10
18.59	3.1162952e-10
18.62	3.3705994e-10
18.65	3.6456562e-10
18.69	3.9431593e-10
18.72	4.2649404e-10
18.76	4.6129810e-10
18.79	4.9894239e-10
18.82	5.3965871e-10
18.86	5.8369776e-10
18.89	6.3133072e-10
18.93	6.8285089e-10
18.96	7.3857552e-10
18.99	7.9884773e-10
19.03	8.6403868e-10
19.06	9.3454979e-10
19.10	1.0108153e-09
19.13	1.0933048e-09
19.16	1.1825263e-09
19.20	1.2790293e-09
19.23	1.3834080e-09
19.27	1.4963054e-09
19.30	1.6184166e-09
19.33	1.7504937e-09
19.37	1.8933503e-09
19.40	2.0478662e-09
19.44	2.2149932e-09
19.47	2.3957606e-09
19.51	2.5912819e-09
19.54	2.8027617e-09
19.57	3.0315028e-09
19.61	3.2789142e-09
19.64	3.5465204e-09
19.68	3.8359702e-09
19.71	4.1490470e-09
19.74	4.4876802e-09
19.78	4.8539565e-09
19.81	5.2501334e-09
19.85	5.6786528e-09
19.88	6.1421561e-09
19.91	6.6435008e-09
19.95	7.1857778e-09
19.98	7.7723309e-09
20.02	8.4067774e-09
20.05	9.0930303e-09
20.08	9.8353228e-09
20.12	1.0638235e-08
20.15	1.1506721e-08
20.19	1.2446140e-08
20.22	1.3462293e-08
20.25	1.4561453e-08
20.29	1.5750409e-08
20.32	1.7036505e-08
20.36	1.8427687e-08
20.39	1.9932555e-08
20.42	2.1560413e-08
20.46	2.3321330e-08
20.49	2.5226200e-08
20.53	2.7286815e-08
20.56	2.9515934e-08
20.60	3.1927368e-08
20.63	3.4536065e-08
20.66	3.7358204e-08
20.70	4.0411299e-08
20.73	4.3714307e-08
20.77	4.7287755e-08
20.80	5.1153864e-08
20.83	5.5336697e-08
20.87	5.9862310e-08
20.90	6.4758921e-08
20.94	7.0057094e-08
20.97	7.5789936e-08
21.00	8.1993312e-08
21.04	8.8706083e-08
21.07	9.5970360e-08
21.11	1.0383178e-07
21.14	1.1233982e-07
21.17	1.2154812e-07
21.21	1.3151484e-07
21.24	1.4230307e-07
21.28	1.5398125e-07
21.31	1.6662364e-07
21.34	1.8031086e-07
21.38	1.9513042e-07
21.41	2.1117738e-07
21.45	2.2855499e-07
21.48	2.4737550e-07
21.52	2.6776092e-07
21.55	2.8984397e-07
21.58	3.1376906e-07
21.62	3.3969345e-07
21.65	3.6778838e-07
21.69	3.9824054e-07
21.72	4.3125351e-07
21.75	4.6704944e-07
21.79	5.0587095e-07
21.82	5.4798321e-07
21.86	5.9367627e-07
21.89	6.4326767e-07
21.92	6.9710541e-07
21.96	7.5557125e-07
21.99	8.1908446e-07
22.03	8.8810610e-07
22.06	9.6314378e-07
22.09	1.0447572e-06
22.13	1.1335645e-06
22.16	1.2302494e-06
22.20	1.3355694e-06
22.23	1.4503656e-06
22.26	1.5755738e-06
22.30	1.7122373e-06
22.33	1.8615223e-06
22.37	2.0247356e-06
22.40	2.2033458e-06
22.43	2.3990085e-06
22.47	2.6135960e-06
22.50	2.8492336e-06
22.54	3.1083434e-06
22.57	3.3936970e-06
22.61	3.7084816e-06
22.64	4.0563808e-06
22.67	4.4416762e-06
22.71	4.8693765e-06
22.74	5.3453819e-06
22.78	5.8766991e-06
22.81	6.4717250e-06
22.84	7.1406316e-06
22.88	7.8959040e-06
22.91	8.7531346e-06
22.95	9.7322990e-06
22.98	1.0860056e-05
23.01	1.2174367e-05
23.05	1.3734327e-05
23.08	1.5640969e-05
23.12	1.8078922e-05
23.15	2.1393098e-05
23.18	2.6216091e-05
23.22	3.3656539e-05
23.25	4.5542575e-05
23.29	6.4687649e-05
23.32	9.5114519e-05
23.35	1.4214909e-04
23.39	2.1229264e-04
23.42	3.1280782e-04
23.46	4.5100957e-04
23.49	6.3332355e-04
23.53	8.6424208e-04
23.56	1.1453501e-03
23.59	1.4745988e-03
23.63	1.8459690e-03
23.66	2.2496019e-03
23.70	2.6723958e-03
23.73	3.0989887e-03
23.76	3.5129928e-03
23.80	3.8983142e-03
23.83	4.2403930e-03
23.87	4.5272224e-03
23.90	4.7500539e-03
23.93	4.9037446e-03
23.97	4.9867573e-03
24.00	5.0008631e-03
24.04	4.9506234e-03
24.07	4.8427423e-03
24.10	4.6853715e-03
24.14	4.4874417e-03
24.17	4.2580713e-03
24.21	4.0060846e-03
24.24	3.7396512e-03
24.27	3.4660446e-03
24.31	3.1915081e-03
24.34	2.9212082e-03
24.38	2.6592567e-03
24.41	2.4087805e-03
24.44	2.1720220e-03
24.48	1.9504554e-03
24.51	1.7449086e-03
24.55	1.5556814e-03
24.58	1.3826555e-03
24.62	1.2253926e-03
24.65	1.0832202e-03
24.68	9.5530373e-04
24.72	8.4070524e-04
24.75	7.3843168e-04
24.79	6.4747194e-04
24.82	5.6682520e-04
24.85	4.9552186e-04
24.89	4.3263813e-04
24.92	3.7730571e-04
24.96	3.2871751e-04
24.99	2.8613027e-04
25.02	2.4886491e-04
25.06	2.1630521e-04
25.09	1.8789523e-04
25.13	1.6313595e-04
25.16	1.4158152e-04
25.19	1.2283509e-04
25.23	1.0654470e-04
25.26	9.2399139e-05
25.30	8.0124027e-05
25.33	6.9478026e-05
25.36	6.0249340e-05
25.40	5.2252464e-05
25.43	4.5325216e-05
25.47	3.9326026e-05
25.50	3.4131496e-05
25.54	2.9634209e-05
25.57	2.5740763e-05
25.60	2.2370033e-05
25.64	1.9451615e-05
25.67	1.6924469e-05
25.71	1.4735706e-05
25.74	1.2839532e-05
25.77	1.1196317e-05
25.81	9.7717869e-06
25.84	8.5363071e-06
25.88	7.4642672e-06
25.91	6.5335402e-06
25.94	5.7250134e-06
25.98	5.0221808e-06
26.01	4.4107899e-06
26.05	3.8785345e-06
26.08	3.4147897e-06
26.11	3.0103818e-06
26.15	2.6573894e-06
26.18	2.3489721e-06
26.22	2.0792217e-06
26.25	1.8430340e-06
26.28	1.6359986e-06
26.32	1.4543031e-06
26.35	1.2946511e-06
26.39	1.1541910e-06
26.42	1.0304550e-06
26.45	9.2130644e-07
26.49	8.2489421e-07
26.52	7.3961373e-07
26.56	6.6407319e-07
26.59	5.9706452e-07
26.63	5.3753831e-07
26.66	4.8458229e-07
26.69	4.3740270e-07
26.73	3.9530832e-07
26.76	3.5769659e-07
26.80	3.2404179e-07
26.83	2.9388470e-07
26.86	2.6682378e-07
26.90	2.4250752e-07
26.93	2.2062784e-07
26.97	2.0091439e-07
27.00	1.8312966e-07
