# NeutrinoAntineutrinoInteraction/NeutrinoAntineutrinoResonanceElectron interaction rates
# neutrino field: massive Cosmic Neutrino Background, T_CnuB = 1.94535456 K
# Produced with crpropa-data version: 34240bf825c959521ec71bc1e6d82591f4f17700
# log10(E/eV), 1/lambda [1/Mpc]
10.00	0.0000000e+00
10.03	0.0000000e+00
10.07	0.0000000e+00
10.10	0.0000000e+00
10.14	0.0000000e+00
10.17	0.0000000e+00
10.20	0.0000000e+00
10.24	0.0000000e+00
10.27	0.0000000e+00
10.31	0.0000000e+00
10.34	0.0000000e+00
10.37	0.0000000e+00
10.41	0.0000000e+00
10.44	0.0000000e+00
10.48	0.0000000e+00
10.51	0.0000000e+00
10.55	0.0000000e+00
10.58	0.0000000e+00
10.61	0.0000000e+00
10.65	0.0000000e+00
10.68	0.0000000e+00
10.72	0.0000000e+00
10.75	0.0000000e+00
10.78	0.0000000e+00
10.82	0.0000000e+00
10.85	0.0000000e+00
10.89	0.0000000e+00
10.92	0.0000000e+00
10.95	0.0000000e+00
10.99	0.0000000e+00
11.02	0.0000000e+00
11.06	0.0000000e+00
11.09	0.0000000e+00
11.12	0.0000000e+00
11.16	0.0000000e+00
11.19	0.0000000e+00
11.23	0.0000000e+00
11.26	0.0000000e+00
11.29	0.0000000e+00
11.33	0.0000000e+00
11.36	0.0000000e+00
11.40	0.0000000e+00
11.43	0.0000000e+00
11.46	0.0000000e+00
11.50	0.0000000e+00
11.53	0.0000000e+00
11.57	0.0000000e+00
11.60	0.0000000e+00
11.64	0.0000000e+00
11.67	7.4283636e-253
11.70	1.2264356e-234
11.74	8.6182165e-218
11.77	3.2743827e-202
11.81	8.3925931e-188
11.84	1.7808252e-174
11.87	3.7804531e-162
11.91	9.5663028e-151
11.94	3.3932153e-140
11.98	1.9600940e-130
12.01	2.1184285e-121
12.04	4.8708832e-113
12.08	2.6834841e-105
12.11	3.9545747e-98
12.15	1.7261825e-91
12.18	2.4528575e-85
12.21	1.2383850e-79
12.25	2.4090977e-74
12.28	1.9467894e-69
12.32	7.0069841e-65
12.35	1.1983595e-60
12.38	1.0341102e-56
12.42	4.7609085e-53
12.45	1.2315703e-49
12.49	1.8784217e-46
12.52	1.7666290e-43
12.56	1.0681056e-40
12.59	4.3155799e-38
12.62	1.2080495e-35
12.66	2.4227469e-33
12.69	3.5909201e-31
12.73	4.0479101e-29
12.76	3.5625621e-27
12.79	2.5060742e-25
12.83	1.4377048e-23
12.86	6.8314171e-22
12.90	2.7097467e-20
12.93	8.9094252e-19
12.96	2.3238685e-17
13.00	4.0124120e-16
13.03	2.0650843e-15
13.07	3.8337647e-15
13.10	5.5144297e-15
13.13	7.1336339e-15
13.17	8.7152005e-15
13.20	1.0280709e-14
13.24	1.1849921e-14
13.27	1.3441149e-14
13.30	1.5071587e-14
13.34	1.6757596e-14
13.37	1.8514961e-14
13.41	2.0359122e-14
13.44	2.2305382e-14
13.47	2.4369103e-14
13.51	2.6565874e-14
13.54	2.8911683e-14
13.58	3.1423081e-14
13.61	3.4117332e-14
13.65	3.7012564e-14
13.68	4.0127919e-14
13.71	4.3483704e-14
13.75	4.7101542e-14
13.78	5.1004532e-14
13.82	5.5217402e-14
13.85	5.9766692e-14
13.88	6.4680922e-14
13.92	6.9990791e-14
13.95	7.5729361e-14
13.99	8.1932291e-14
14.02	8.8638042e-14
14.05	9.5888150e-14
14.09	1.0372745e-13
14.12	1.1220436e-13
14.16	1.2137122e-13
14.19	1.3128459e-13
14.22	1.4200561e-13
14.26	1.5360038e-13
14.29	1.6614035e-13
14.33	1.7970283e-13
14.36	1.9437135e-13
14.39	2.1023628e-13
14.43	2.2739533e-13
14.46	2.4595418e-13
14.50	2.6602711e-13
14.53	2.8773774e-13
14.57	3.1121977e-13
14.60	3.3661779e-13
14.63	3.6408820e-13
14.67	3.9380022e-13
14.70	4.2593669e-13
14.74	4.6069547e-13
14.77	4.9829056e-13
14.80	5.3895343e-13
14.84	5.8293444e-13
14.87	6.3050437e-13
14.91	6.8195612e-13
14.94	7.3760645e-13
14.97	7.9779806e-13
15.01	8.6290142e-13
15.04	9.3331742e-13
15.08	1.0094795e-12
15.11	1.0918567e-12
15.14	1.1809562e-12
15.18	1.2773265e-12
15.21	1.3815609e-12
15.25	1.4943016e-12
15.28	1.6162424e-12
15.31	1.7481340e-12
15.35	1.8907883e-12
15.38	2.0450836e-12
15.42	2.2119699e-12
15.45	2.3924747e-12
15.48	2.5877092e-12
15.52	2.7988756e-12
15.55	3.0272740e-12
15.59	3.2743107e-12
15.62	3.5415062e-12
15.66	3.8305058e-12
15.69	4.1430886e-12
15.72	4.4811794e-12
15.76	4.8468595e-12
15.79	5.2423807e-12
15.83	5.6701784e-12
15.86	6.1328870e-12
15.89	6.6333543e-12
15.93	7.1746610e-12
15.96	7.7601401e-12
16.00	8.3933960e-12
16.03	9.0783277e-12
16.06	9.8191518e-12
16.10	1.0620430e-11
16.13	1.1487095e-11
16.17	1.2424484e-11
16.20	1.3438366e-11
16.23	1.4534985e-11
16.27	1.5721091e-11
16.30	1.7003987e-11
16.34	1.8391572e-11
16.37	1.9892391e-11
16.40	2.1515682e-11
16.44	2.3271445e-11
16.47	2.5170485e-11
16.51	2.7224493e-11
16.54	2.9446114e-11
16.58	3.1849027e-11
16.61	3.4448024e-11
16.64	3.7259110e-11
16.68	4.0299589e-11
16.71	4.3588184e-11
16.75	4.7145142e-11
16.78	5.0992362e-11
16.81	5.5153526e-11
16.85	5.9654256e-11
16.88	6.4522261e-11
16.92	6.9787515e-11
16.95	7.5482433e-11
16.98	8.1642083e-11
17.02	8.8304394e-11
17.05	9.5510392e-11
17.09	1.0330442e-10
17.12	1.1173447e-10
17.15	1.2085245e-10
17.19	1.3071447e-10
17.22	1.4138128e-10
17.26	1.5291854e-10
17.29	1.6539728e-10
17.32	1.7889435e-10
17.36	1.9349284e-10
17.39	2.0928261e-10
17.43	2.2636090e-10
17.46	2.4483284e-10
17.49	2.6481218e-10
17.53	2.8642191e-10
17.56	3.0979513e-10
17.60	3.3507572e-10
17.63	3.6241941e-10
17.67	3.9199448e-10
17.70	4.2398302e-10
17.73	4.5858195e-10
17.77	4.9600435e-10
17.80	5.3648057e-10
17.84	5.8025990e-10
17.87	6.2761184e-10
17.90	6.7882802e-10
17.94	7.3422378e-10
17.97	7.9414018e-10
18.01	8.5894610e-10
18.04	9.2904063e-10
18.07	1.0048553e-09
18.11	1.0868571e-09
18.14	1.1755509e-09
18.18	1.2714828e-09
18.21	1.3752438e-09
18.24	1.4874728e-09
18.28	1.6088607e-09
18.31	1.7401549e-09
18.35	1.8821640e-09
18.38	2.0357624e-09
18.41	2.2018962e-09
18.45	2.3815885e-09
18.48	2.5759459e-09
18.52	2.7861655e-09
18.55	3.0135421e-09
18.59	3.2594758e-09
18.62	3.5254817e-09
18.65	3.8131980e-09
18.69	4.1243972e-09
18.72	4.4609963e-09
18.76	4.8250691e-09
18.79	5.2188586e-09
18.82	5.6447919e-09
18.86	6.1054917e-09
18.89	6.6037970e-09
18.93	7.1427779e-09
18.96	7.7257563e-09
18.99	8.3563245e-09
19.03	9.0383696e-09
19.06	9.7760952e-09
19.10	1.0574050e-08
19.13	1.1437154e-08
19.16	1.2370727e-08
19.20	1.3380527e-08
19.23	1.4472781e-08
19.27	1.5654228e-08
19.30	1.6932156e-08
19.33	1.8314450e-08
19.37	1.9809643e-08
19.40	2.1426966e-08
19.44	2.3176403e-08
19.47	2.5068753e-08
19.51	2.7115707e-08
19.54	2.9329911e-08
19.57	3.1725049e-08
19.61	3.4315929e-08
19.64	3.7118572e-08
19.68	4.0150321e-08
19.71	4.3429937e-08
19.74	4.6977726e-08
19.78	5.0815662e-08
19.81	5.4967535e-08
19.85	5.9459084e-08
19.88	6.4318184e-08
19.91	6.9574997e-08
19.95	7.5262190e-08
19.98	8.1415122e-08
20.02	8.8072091e-08
20.05	9.5274526e-08
20.08	1.0306733e-07
20.12	1.1149912e-07
20.15	1.2062256e-07
20.19	1.3049471e-07
20.22	1.4117739e-07
20.25	1.5273757e-07
20.29	1.6524787e-07
20.32	1.7878694e-07
20.36	1.9344010e-07
20.39	2.0929983e-07
20.42	2.2646644e-07
20.46	2.4504875e-07
20.49	2.6516483e-07
20.53	2.8694281e-07
20.56	3.1052182e-07
20.60	3.3605296e-07
20.63	3.6370026e-07
20.66	3.9364199e-07
20.70	4.2607197e-07
20.73	4.6120097e-07
20.77	4.9925830e-07
20.80	5.4049355e-07
20.83	5.8517852e-07
20.87	6.3360939e-07
20.90	6.8610903e-07
20.94	7.4302963e-07
20.97	8.0475565e-07
21.00	8.7170715e-07
21.04	9.4434331e-07
21.07	1.0231666e-06
21.11	1.1087274e-06
21.14	1.2016289e-06
21.17	1.3025333e-06
21.21	1.4121678e-06
21.24	1.5313321e-06
21.28	1.6609073e-06
21.31	1.8018648e-06
21.34	1.9552778e-06
21.38	2.1223333e-06
21.41	2.3043469e-06
21.45	2.5027785e-06
21.48	2.7192525e-06
21.52	2.9555788e-06
21.55	3.2137790e-06
21.58	3.4961169e-06
21.62	3.8051333e-06
21.65	4.1436878e-06
21.69	4.5150081e-06
21.72	4.9227484e-06
21.75	5.3710594e-06
21.79	5.8646726e-06
21.82	6.4089989e-06
21.86	7.0102543e-06
21.89	7.6756090e-06
21.92	8.4133714e-06
21.96	9.2332147e-06
21.99	1.0146462e-05
22.03	1.1166438e-05
22.06	1.2308923e-05
22.09	1.3592722e-05
22.13	1.5040401e-05
22.16	1.6679249e-05
22.20	1.8542539e-05
22.23	2.0671202e-05
22.26	2.3116093e-05
22.30	2.5941076e-05
22.33	2.9227326e-05
22.37	3.3079396e-05
22.40	3.7633971e-05
22.43	4.3072765e-05
22.47	4.9642047e-05
22.50	5.7682958e-05
22.54	6.7680320e-05
22.57	8.0344191e-05
22.61	9.6752755e-05
22.64	1.1861704e-04
22.67	1.4880722e-04
22.71	1.9249822e-04
22.74	2.5999469e-04
22.78	3.7516102e-04
22.81	6.1023850e-04
22.84	1.3067412e-03
22.88	4.5822703e-03
22.91	1.4404047e-02
22.95	1.6192307e-02
22.98	1.4539584e-02
23.01	1.2710962e-02
23.05	1.1018619e-02
23.08	9.5148691e-03
23.12	8.1991348e-03
23.15	7.0564025e-03
23.18	6.0679865e-03
23.22	5.2151781e-03
23.25	4.4805656e-03
23.29	3.8484668e-03
23.32	3.3050008e-03
23.35	2.8380030e-03
23.39	2.4368802e-03
23.42	2.0924451e-03
23.46	1.7967528e-03
23.49	1.5429462e-03
23.53	1.3251164e-03
23.56	1.1381770e-03
23.59	9.7775284e-04
23.63	8.4008377e-04
23.66	7.2193979e-04
23.70	6.2054716e-04
23.73	5.3352504e-04
23.76	4.5883008e-04
23.80	3.9470920e-04
23.83	3.3965844e-04
23.87	2.9238788e-04
23.90	2.5179112e-04
23.93	2.1691940e-04
23.97	1.8695913e-04
24.00	1.6121269e-04
24.04	1.3908184e-04
24.07	1.2005365e-04
24.10	1.0368827e-04
24.14	8.9608540e-05
24.17	7.7491022e-05
24.21	6.7058325e-05
24.24	5.8072573e-05
24.27	5.0329735e-05
24.31	4.3654800e-05
24.34	3.7897629e-05
24.38	3.2929407e-05
24.41	2.8639600e-05
24.44	2.4933347e-05
24.48	2.1729220e-05
24.51	1.8957316e-05
24.55	1.6557609e-05
24.58	1.4478548e-05
24.62	1.2675846e-05
24.65	1.1111450e-05
24.68	9.7526527e-06
24.72	8.5713347e-06
24.75	7.5433121e-06
24.79	6.6477780e-06
24.82	5.8668259e-06
24.85	5.1850405e-06
24.89	4.5891434e-06
24.92	4.0676936e-06
24.96	3.6108265e-06
24.99	3.2100344e-06
25.02	2.8579742e-06
25.06	2.5483058e-06
25.09	2.2755500e-06
25.13	2.0349701e-06
25.16	1.8224680e-06
25.19	1.6344951e-06
25.23	1.4679767e-06
25.26	1.3202465e-06
25.30	1.1889900e-06
25.33	1.0721970e-06
25.36	9.6811902e-07
25.40	8.7523411e-07
25.43	7.9221651e-07
25.47	7.1790974e-07
25.50	6.5130396e-07
25.54	5.9151631e-07
25.57	5.3777405e-07
25.60	4.8939992e-07
25.64	4.4579971e-07
25.67	4.0645117e-07
25.71	3.7089489e-07
25.74	3.3872606e-07
25.77	3.0958756e-07
25.81	2.8316380e-07
25.84	2.5917558e-07
25.88	2.3737545e-07
25.91	2.1754383e-07
25.94	1.9948555e-07
25.98	1.8302685e-07
26.01	1.6801285e-07
26.05	1.5430532e-07
26.08	1.4178064e-07
26.11	1.3032815e-07
26.15	1.1984862e-07
26.18	1.1025296e-07
26.22	1.0146103e-07
26.25	9.3400716e-08
26.28	8.6006954e-08
26.32	7.9221041e-08
26.35	7.2989906e-08
26.39	6.7265527e-08
26.42	6.2004389e-08
26.45	5.7167025e-08
26.49	5.2717596e-08
26.52	4.8623529e-08
26.56	4.4855170e-08
26.59	4.1385515e-08
26.63	3.8189955e-08
26.66	3.5246033e-08
26.69	3.2533245e-08
26.73	3.0032852e-08
26.76	2.7727718e-08
26.80	2.5602156e-08
26.83	2.3641805e-08
26.86	2.1833500e-08
26.90	2.0165173e-08
26.93	1.8625751e-08
26.97	1.7205071e-08
27.00	1.5893801e-08
