# NeutrinoAntineutrinoInteraction/NeutrinoAntineutrinoResonanceElectron interaction rates
# neutrino field: massive Cosmic Neutrino Background, T_CnuB = 1.94535456 K
# Produced with crpropa-data version: 34240bf825c959521ec71bc1e6d82591f4f17700
# log10(E/eV), 1/lambda [1/Mpc]
10.00	0.0000000e+00
10.03	0.0000000e+00
10.07	0.0000000e+00
10.10	0.0000000e+00
10.14	0.0000000e+00
10.17	0.0000000e+00
10.20	0.0000000e+00
10.24	0.0000000e+00
10.27	0.0000000e+00
10.31	0.0000000e+00
10.34	0.0000000e+00
10.37	0.0000000e+00
10.41	0.0000000e+00
10.44	0.0000000e+00
10.48	0.0000000e+00
10.51	0.0000000e+00
10.55	0.0000000e+00
10.58	0.0000000e+00
10.61	0.0000000e+00
10.65	0.0000000e+00
10.68	0.0000000e+00
10.72	0.0000000e+00
10.75	0.0000000e+00
10.78	0.0000000e+00
10.82	0.0000000e+00
10.85	0.0000000e+00
10.89	0.0000000e+00
10.92	0.0000000e+00
10.95	0.0000000e+00
10.99	0.0000000e+00
11.02	0.0000000e+00
11.06	0.0000000e+00
11.09	0.0000000e+00
11.12	0.0000000e+00
11.16	0.0000000e+00
11.19	0.0000000e+00
11.23	0.0000000e+00
11.26	0.0000000e+00
11.29	0.0000000e+00
11.33	0.0000000e+00
11.36	0.0000000e+00
11.40	0.0000000e+00
11.43	0.0000000e+00
11.46	0.0000000e+00
11.50	0.0000000e+00
11.53	0.0000000e+00
11.57	0.0000000e+00
11.60	0.0000000e+00
11.64	0.0000000e+00
11.67	0.0000000e+00
11.70	0.0000000e+00
11.74	0.0000000e+00
11.77	0.0000000e+00
11.81	0.0000000e+00
11.84	0.0000000e+00
11.87	0.0000000e+00
11.91	0.0000000e+00
11.94	1.1100255e-269
11.98	4.0274021e-250
12.01	5.1112680e-232
12.04	2.9383906e-215
12.08	9.7075792e-200
12.11	2.2973647e-185
12.15	4.7764485e-172
12.18	1.0540485e-159
12.21	2.9417787e-148
12.25	1.2215827e-137
12.28	8.7751890e-128
12.32	1.2541692e-118
12.35	4.0609304e-110
12.38	3.3610130e-102
12.42	7.9545385e-95
12.45	5.9758334e-88
12.49	1.5705246e-81
12.52	1.5809355e-75
12.56	6.6333675e-70
12.59	1.2554773e-64
12.62	1.1540093e-59
12.66	5.5199884e-55
12.69	1.4657742e-50
12.73	2.2952731e-46
12.76	2.2422474e-42
12.79	1.4394647e-38
12.83	6.3659813e-35
12.86	2.0202348e-31
12.90	4.7445983e-28
12.93	8.3385540e-25
12.96	1.0532887e-21
13.00	7.4186009e-19
13.03	2.9491826e-17
13.07	6.7334859e-17
13.10	1.0312057e-16
13.13	1.3742823e-16
13.17	1.7077585e-16
13.20	2.0363108e-16
13.24	2.3642022e-16
13.27	2.6953683e-16
13.30	3.0334852e-16
13.34	3.3820356e-16
13.37	3.7443620e-16
13.41	4.1237190e-16
13.44	4.5233180e-16
13.47	4.9463708e-16
13.51	5.3961173e-16
13.54	5.8758695e-16
13.58	6.3890483e-16
13.61	6.9392112e-16
13.65	7.5300876e-16
13.68	8.1656054e-16
13.71	8.8499288e-16
13.75	9.5874827e-16
13.78	1.0382995e-15
13.82	1.1241513e-15
13.85	1.2168457e-15
13.88	1.3169644e-15
13.92	1.4251340e-15
13.95	1.5420285e-15
13.99	1.6683753e-15
14.02	1.8049581e-15
14.05	1.9526248e-15
14.09	2.1122889e-15
14.12	2.2849355e-15
14.16	2.4716297e-15
14.19	2.6735248e-15
14.22	2.8918648e-15
14.26	3.1279976e-15
14.29	3.3833771e-15
14.33	3.6595791e-15
14.36	3.9583051e-15
14.39	4.2813958e-15
14.43	4.6308387e-15
14.46	5.0087875e-15
14.50	5.4175685e-15
14.53	5.8597004e-15
14.57	6.3379054e-15
14.60	6.8551299e-15
14.63	7.4145607e-15
14.67	8.0196489e-15
14.70	8.6741114e-15
14.74	9.3819745e-15
14.77	1.0147597e-14
14.80	1.0975692e-14
14.84	1.1871358e-14
14.87	1.2840108e-14
14.91	1.3887911e-14
14.94	1.5021215e-14
14.97	1.6247006e-14
15.01	1.7572817e-14
15.04	1.9006818e-14
15.08	2.0557830e-14
15.11	2.2235412e-14
15.14	2.4049884e-14
15.18	2.6012431e-14
15.21	2.8135131e-14
15.25	3.0431088e-14
15.28	3.2914415e-14
15.31	3.5600388e-14
15.35	3.8505527e-14
15.38	4.1647735e-14
15.42	4.5046337e-14
15.45	4.8722280e-14
15.48	5.2698175e-14
15.52	5.6998529e-14
15.55	6.1649818e-14
15.59	6.6680674e-14
15.62	7.2122039e-14
15.66	7.8007434e-14
15.69	8.4373077e-14
15.72	9.1258180e-14
15.76	9.8705130e-14
15.79	1.0675980e-13
15.83	1.1547183e-13
15.86	1.2489494e-13
15.89	1.3508698e-13
15.93	1.4611068e-13
15.96	1.5803392e-13
16.00	1.7093009e-13
16.03	1.8487860e-13
16.06	1.9996529e-13
16.10	2.1628312e-13
16.13	2.3393254e-13
16.17	2.5302227e-13
16.20	2.7366967e-13
16.23	2.9600197e-13
16.27	3.2015655e-13
16.30	3.4628227e-13
16.34	3.7453985e-13
16.37	4.0510350e-13
16.40	4.3816130e-13
16.44	4.7391740e-13
16.47	5.1259136e-13
16.51	5.5442123e-13
16.54	5.9966427e-13
16.58	6.4859931e-13
16.61	7.0152730e-13
16.64	7.5877446e-13
16.68	8.2069293e-13
16.71	8.8766442e-13
16.75	9.6010118e-13
16.78	1.0384491e-12
16.81	1.1231900e-12
16.85	1.2148461e-12
16.88	1.3139813e-12
16.92	1.4212064e-12
16.95	1.5371815e-12
16.98	1.6626210e-12
17.02	1.7982982e-12
17.05	1.9450491e-12
17.09	2.1037748e-12
17.12	2.2754525e-12
17.15	2.4611393e-12
17.19	2.6619779e-12
17.22	2.8792054e-12
17.26	3.1141586e-12
17.29	3.3682851e-12
17.32	3.6431494e-12
17.36	3.9404444e-12
17.39	4.2619982e-12
17.43	4.6097921e-12
17.46	4.9859656e-12
17.49	5.3928373e-12
17.53	5.8329103e-12
17.56	6.3088977e-12
17.60	6.8237294e-12
17.63	7.3805845e-12
17.67	7.9828803e-12
17.70	8.6343261e-12
17.73	9.3389284e-12
17.77	1.0101030e-11
17.80	1.0925318e-11
17.84	1.1816874e-11
17.87	1.2781182e-11
17.90	1.3824187e-11
17.94	1.4952311e-11
17.97	1.6172495e-11
18.01	1.7492247e-11
18.04	1.8919700e-11
18.07	2.0463638e-11
18.11	2.2133574e-11
18.14	2.3939790e-11
18.18	2.5893416e-11
18.21	2.8006500e-11
18.24	3.0292049e-11
18.28	3.2764112e-11
18.31	3.5437907e-11
18.35	3.8329902e-11
18.38	4.1457901e-11
18.41	4.4841174e-11
18.45	4.8500547e-11
18.48	5.2458575e-11
18.52	5.6739633e-11
18.55	6.1370087e-11
18.59	6.6378429e-11
18.62	7.1795528e-11
18.65	7.7654726e-11
18.69	8.3992149e-11
18.72	9.0846809e-11
18.76	9.8260989e-11
18.79	1.0628036e-10
18.82	1.1495446e-10
18.86	1.2433653e-10
18.89	1.3448442e-10
18.93	1.4546059e-10
18.96	1.5733275e-10
18.99	1.7017398e-10
19.03	1.8406352e-10
19.06	1.9908690e-10
19.10	2.1533688e-10
19.13	2.3291355e-10
19.16	2.5192528e-10
19.20	2.7248921e-10
19.23	2.9473223e-10
19.27	3.1879150e-10
19.30	3.4481551e-10
19.33	3.7296483e-10
19.37	4.0341331e-10
19.40	4.3634921e-10
19.44	4.7197558e-10
19.47	5.1051212e-10
19.51	5.5219678e-10
19.54	5.9728715e-10
19.57	6.4606174e-10
19.61	6.9882219e-10
19.64	7.5589459e-10
19.68	8.1763226e-10
19.71	8.8441721e-10
19.74	9.5666281e-10
19.78	1.0348161e-09
19.81	1.1193617e-09
19.85	1.2108234e-09
19.88	1.3097691e-09
19.91	1.4168125e-09
19.95	1.5326194e-09
19.98	1.6579097e-09
20.02	1.7934643e-09
20.05	1.9401240e-09
20.08	2.0988034e-09
20.12	2.2704913e-09
20.15	2.4562605e-09
20.19	2.6572712e-09
20.22	2.8747827e-09
20.25	3.1101571e-09
20.29	3.3648738e-09
20.32	3.6405320e-09
20.36	3.9388674e-09
20.39	4.2617606e-09
20.42	4.6112534e-09
20.46	4.9895585e-09
20.49	5.3990785e-09
20.53	5.8424197e-09
20.56	6.3224131e-09
20.60	6.8421358e-09
20.63	7.4049167e-09
20.66	8.0143778e-09
20.70	8.6744578e-09
20.73	9.3894407e-09
20.77	1.0163984e-08
20.80	1.1003161e-08
20.83	1.1912489e-08
20.87	1.2897987e-08
20.90	1.3966210e-08
20.94	1.5124304e-08
20.97	1.6380066e-08
21.00	1.7742023e-08
21.04	1.9219482e-08
21.07	2.0822638e-08
21.11	2.2562637e-08
21.14	2.4451717e-08
21.17	2.6503288e-08
21.21	2.8732084e-08
21.24	3.1154247e-08
21.28	3.3787609e-08
21.31	3.6651788e-08
21.34	3.9768481e-08
21.38	4.3161631e-08
21.41	4.6857799e-08
21.45	5.0886407e-08
21.48	5.5280210e-08
21.52	6.0075605e-08
21.55	6.5313262e-08
21.58	7.1038645e-08
21.62	7.7302779e-08
21.65	8.4162995e-08
21.69	9.1683962e-08
21.72	9.9938793e-08
21.75	1.0901046e-07
21.79	1.1899346e-07
21.82	1.2999546e-07
21.86	1.4214011e-07
21.89	1.5556981e-07
21.92	1.7044927e-07
21.96	1.8696987e-07
21.99	2.0535522e-07
22.03	2.2586782e-07
22.06	2.4881791e-07
22.09	2.7457406e-07
22.13	3.0357743e-07
22.16	3.3635973e-07
22.20	3.7356736e-07
22.23	4.1599232e-07
22.26	4.6461495e-07
22.30	5.2066060e-07
22.33	5.8567946e-07
22.37	6.6165683e-07
22.40	7.5117154e-07
22.43	8.5762668e-07
22.47	9.8559736e-07
22.50	1.1413594e-06
22.54	1.3337316e-06
22.57	1.5754525e-06
22.61	1.8855432e-06
22.64	2.2935557e-06
22.67	2.8477157e-06
22.71	3.6317548e-06
22.74	4.8033931e-06
22.78	6.6949222e-06
22.81	1.0132631e-05
22.84	1.7829798e-05
22.88	4.5802198e-05
22.91	2.4185797e-04
22.95	3.4878344e-04
22.98	3.1871545e-04
23.01	2.7986872e-04
23.05	2.4304734e-04
23.08	2.1007281e-04
23.12	1.8112133e-04
23.15	1.5593093e-04
23.18	1.3411912e-04
23.22	1.1528715e-04
23.25	9.9057951e-05
23.29	8.5089123e-05
23.32	7.3076309e-05
23.35	6.2752048e-05
23.39	5.3883076e-05
23.42	4.6266806e-05
23.46	3.9727948e-05
23.49	3.4115084e-05
23.53	2.9297714e-05
23.56	2.5163439e-05
23.59	2.1615546e-05
23.63	1.8570891e-05
23.66	1.5958075e-05
23.70	1.3715760e-05
23.73	1.1791301e-05
23.76	1.0139505e-05
23.80	8.7216008e-06
23.83	7.5043212e-06
23.87	6.4591366e-06
23.90	5.5615664e-06
23.93	4.7906255e-06
23.97	4.1283151e-06
24.00	3.5592036e-06
24.04	3.0700569e-06
24.07	2.6495282e-06
24.10	2.2878873e-06
24.14	1.9767919e-06
24.17	1.7090860e-06
24.21	1.4786318e-06
24.24	1.2801678e-06
24.27	1.1091812e-06
24.31	9.6180129e-07
24.34	8.3470722e-07
24.38	7.2505036e-07
24.41	6.3038599e-07
24.44	5.4861663e-07
24.48	4.7794127e-07
24.51	4.1681430e-07
24.55	3.6390841e-07
24.58	3.1808405e-07
24.62	2.7836203e-07
24.65	2.4390134e-07
24.68	2.1397894e-07
24.72	1.8797352e-07
24.75	1.6535061e-07
24.79	1.4565033e-07
24.82	1.2847698e-07
24.85	1.1349015e-07
24.89	1.0039652e-07
24.92	8.8943500e-08
24.96	7.8913262e-08
24.99	7.0118038e-08
25.02	6.2395743e-08
25.06	5.5606495e-08
25.09	4.9629368e-08
25.13	4.4359909e-08
25.16	3.9707736e-08
25.19	3.5594636e-08
25.23	3.1952838e-08
25.26	2.8723600e-08
25.30	2.5855944e-08
25.33	2.3305616e-08
25.36	2.1034109e-08
25.40	1.9007919e-08
25.43	1.7197888e-08
25.47	1.5578586e-08
25.50	1.4127823e-08
25.54	1.2826199e-08
25.57	1.1656749e-08
25.60	1.0604603e-08
25.64	9.6567271e-09
25.67	8.8016619e-09
25.71	8.0293385e-09
25.74	7.3308846e-09
25.77	6.6984825e-09
25.81	6.1252218e-09
25.84	5.6049967e-09
25.88	5.1323942e-09
25.91	4.7026189e-09
25.94	4.3114059e-09
25.98	3.9549571e-09
26.01	3.6298913e-09
26.05	3.3331957e-09
26.08	3.0621741e-09
26.11	2.8144171e-09
26.15	2.5877623e-09
26.18	2.3802719e-09
26.22	2.1902020e-09
26.25	2.0159845e-09
26.28	1.8562038e-09
26.32	1.7095851e-09
26.35	1.5749755e-09
26.39	1.4513329e-09
26.42	1.3377127e-09
26.45	1.2332592e-09
26.49	1.1371954e-09
26.52	1.0488156e-09
26.56	9.6747618e-10
26.59	8.9259178e-10
26.63	8.2362962e-10
26.66	7.6010354e-10
26.69	7.0156996e-10
26.73	6.4762333e-10
26.76	5.9789317e-10
26.80	5.5204018e-10
26.83	5.0975409e-10
26.86	4.7074990e-10
26.90	4.3476699e-10
26.93	4.0156593e-10
26.97	3.7092738e-10
27.00	3.4264957e-10
