# NeutrinoAntineutrinoInteraction/NeutrinoAntineutrinoResonanceElectron interaction rates
# neutrino field: massive Cosmic Neutrino Background, T_CnuB = 1.94535456 K
# Produced with crpropa-data version: 34240bf825c959521ec71bc1e6d82591f4f17700
# log10(E/eV), 1/lambda [1/Mpc]
10.00	0.0000000e+00
10.03	0.0000000e+00
10.07	0.0000000e+00
10.10	0.0000000e+00
10.14	0.0000000e+00
10.17	0.0000000e+00
10.20	0.0000000e+00
10.24	0.0000000e+00
10.27	0.0000000e+00
10.31	0.0000000e+00
10.34	0.0000000e+00
10.37	0.0000000e+00
10.41	0.0000000e+00
10.44	0.0000000e+00
10.48	0.0000000e+00
10.51	0.0000000e+00
10.55	0.0000000e+00
10.58	0.0000000e+00
10.61	0.0000000e+00
10.65	0.0000000e+00
10.68	0.0000000e+00
10.72	0.0000000e+00
10.75	0.0000000e+00
10.78	0.0000000e+00
10.82	0.0000000e+00
10.85	0.0000000e+00
10.89	0.0000000e+00
10.92	0.0000000e+00
10.95	0.0000000e+00
10.99	0.0000000e+00
11.02	0.0000000e+00
11.06	0.0000000e+00
11.09	0.0000000e+00
11.12	0.0000000e+00
11.16	0.0000000e+00
11.19	0.0000000e+00
11.23	0.0000000e+00
11.26	0.0000000e+00
11.29	0.0000000e+00
11.33	0.0000000e+00
11.36	0.0000000e+00
11.40	0.0000000e+00
11.43	0.0000000e+00
11.46	1.6505371e-268
11.50	4.2093927e-249
11.53	3.6653451e-231
11.57	1.4061523e-214
11.60	3.0080439e-199
11.64	4.4613273e-185
11.67	5.6108637e-172
11.70	7.2084364e-160
11.74	1.1237204e-148
11.77	2.4923086e-138
11.81	9.1112564e-129
11.84	6.2903320e-120
11.87	9.3007252e-112
11.91	3.3083894e-104
11.94	3.1526232e-97
11.98	8.8891487e-91
12.01	8.1302088e-85
12.04	2.6260739e-79
12.08	3.2404322e-74
12.11	1.6426442e-69
12.15	3.6585036e-65
12.18	3.8094162e-61
12.21	1.9640404e-57
12.25	5.2873954e-54
12.28	7.8065096e-51
12.32	6.6147497e-48
12.35	3.3546220e-45
12.38	1.0585380e-42
12.42	2.1542269e-40
12.45	2.9229024e-38
12.49	2.7265011e-36
12.52	1.7988419e-34
12.56	8.6173990e-33
12.59	3.0711268e-31
12.62	8.3273575e-30
12.66	1.7539657e-28
12.69	2.9253515e-27
12.73	3.9326912e-26
12.76	4.3320001e-25
12.79	3.9698094e-24
12.83	3.0692555e-23
12.86	2.0282394e-22
12.90	1.1594282e-21
12.93	5.7973473e-21
12.96	2.5617312e-20
13.00	1.0098968e-19
13.03	3.5831663e-19
13.07	1.1535076e-18
13.10	3.3945697e-18
13.13	9.1950967e-18
13.17	2.3072688e-17
13.20	5.3945543e-17
13.24	1.1815978e-16
13.27	2.4366334e-16
13.30	4.7521007e-16
13.34	8.8014082e-16
13.37	1.5538894e-15
13.41	2.6239674e-15
13.44	4.2508635e-15
13.47	6.6241053e-15
13.51	9.9517415e-15
13.54	1.4441777e-14
13.58	2.0274842e-14
13.61	2.7568993e-14
13.65	3.6340632e-14
13.68	4.6470747e-14
13.71	5.7692518e-14
13.75	6.9622166e-14
13.78	8.1856706e-14
13.82	9.4186653e-14
13.85	1.0670236e-13
13.88	1.1953811e-13
13.92	1.3282184e-13
13.95	1.4667716e-13
13.99	1.6122512e-13
14.02	1.7658583e-13
14.05	1.9287998e-13
14.09	2.1023022e-13
14.12	2.2876245e-13
14.16	2.4860708e-13
14.19	2.6990023e-13
14.22	2.9278492e-13
14.26	3.1741223e-13
14.29	3.4394250e-13
14.33	3.7254651e-13
14.36	4.0340673e-13
14.39	4.3671859e-13
14.43	4.7269185e-13
14.46	5.1155195e-13
14.50	5.5354154e-13
14.53	5.9892205e-13
14.57	6.4797535e-13
14.60	7.0100557e-13
14.63	7.5834102e-13
14.67	8.2033626e-13
14.70	8.8737429e-13
14.74	9.5986898e-13
14.77	1.0382676e-12
14.80	1.1230538e-12
14.84	1.2147501e-12
14.87	1.3139217e-12
14.91	1.4211798e-12
14.94	1.5371851e-12
14.97	1.6626523e-12
15.01	1.7983540e-12
15.04	1.9451262e-12
15.08	2.1038725e-12
15.11	2.2755707e-12
15.14	2.4612780e-12
15.18	2.6621378e-12
15.21	2.8793870e-12
15.25	3.1143633e-12
15.28	3.3685132e-12
15.31	3.6434018e-12
15.35	3.9407215e-12
15.38	4.2623028e-12
15.42	4.6101258e-12
15.45	4.9863318e-12
15.48	5.3932372e-12
15.52	5.8333472e-12
15.55	6.3093714e-12
15.59	6.8242406e-12
15.62	7.3811248e-12
15.66	7.9834526e-12
15.69	8.6349323e-12
15.72	9.3395750e-12
15.76	1.0101719e-11
15.79	1.0926057e-11
15.83	1.1817663e-11
15.86	1.2782028e-11
15.89	1.3825088e-11
15.93	1.4953266e-11
15.96	1.6173507e-11
16.00	1.7493324e-11
16.03	1.8920843e-11
16.06	2.0464853e-11
16.10	2.2134860e-11
16.13	2.3941145e-11
16.17	2.5894829e-11
16.20	2.8007942e-11
16.23	3.0293492e-11
16.27	3.2765551e-11
16.30	3.5439339e-11
16.34	3.8331319e-11
16.37	4.1459294e-11
16.40	4.4842523e-11
16.44	4.8501836e-11
16.47	5.2459763e-11
16.51	5.6740671e-11
16.54	6.1370917e-11
16.58	6.6379008e-11
16.61	7.1795777e-11
16.64	7.7654574e-11
16.68	8.3991471e-11
16.71	9.0845482e-11
16.75	9.8258806e-11
16.78	1.0627708e-10
16.81	1.1494968e-10
16.85	1.2433000e-10
16.88	1.3447578e-10
16.92	1.4544950e-10
16.95	1.5731871e-10
16.98	1.7015650e-10
17.02	1.8404189e-10
17.05	1.9906039e-10
17.09	2.1530445e-10
17.12	2.3287409e-10
17.15	2.5187748e-10
17.19	2.7243161e-10
17.22	2.9466304e-10
17.26	3.1870864e-10
17.29	3.4471645e-10
17.32	3.7284660e-10
17.36	4.0327228e-10
17.39	4.3618081e-10
17.43	4.7177480e-10
17.46	5.1027340e-10
17.49	5.5191364e-10
17.53	5.9695189e-10
17.56	6.4566543e-10
17.60	6.9835419e-10
17.63	7.5534257e-10
17.67	8.1698144e-10
17.70	8.8365028e-10
17.73	9.5575958e-10
17.77	1.0337533e-09
17.80	1.1181116e-09
17.84	1.2093540e-09
17.87	1.3080421e-09
17.90	1.4147835e-09
17.94	1.5302356e-09
17.97	1.6551090e-09
18.01	1.7901728e-09
18.04	1.9362583e-09
18.07	2.0942651e-09
18.11	2.2651660e-09
18.14	2.4500132e-09
18.18	2.6499450e-09
18.21	2.8661921e-09
18.24	3.1000862e-09
18.28	3.3530673e-09
18.31	3.6266930e-09
18.35	3.9226481e-09
18.38	4.2427549e-09
18.41	4.5889844e-09
18.45	4.9634683e-09
18.48	5.3685124e-09
18.52	5.8066109e-09
18.55	6.2804612e-09
18.59	6.7929811e-09
18.62	7.3473265e-09
18.65	7.9469107e-09
18.69	8.5954258e-09
18.72	9.2968652e-09
18.76	1.0055548e-08
18.79	1.0876147e-08
18.82	1.1763714e-08
18.86	1.2723716e-08
18.89	1.3762065e-08
18.93	1.4885154e-08
18.96	1.6099901e-08
18.99	1.7413787e-08
19.03	1.8834903e-08
19.06	2.0372003e-08
19.10	2.2034553e-08
19.13	2.3832793e-08
19.16	2.5777800e-08
19.20	2.7881556e-08
19.23	3.0157018e-08
19.27	3.2618204e-08
19.30	3.5280277e-08
19.33	3.8159637e-08
19.37	4.1274025e-08
19.40	4.4642630e-08
19.44	4.8286209e-08
19.47	5.2227217e-08
19.51	5.6489939e-08
19.54	6.1100650e-08
19.57	6.6087770e-08
19.61	7.1482040e-08
19.64	7.7316718e-08
19.68	8.3627780e-08
19.71	9.0454141e-08
19.74	9.7837904e-08
19.78	1.0582461e-07
19.81	1.1446354e-07
19.85	1.2380798e-07
19.88	1.3391562e-07
19.91	1.4484883e-07
19.95	1.5667511e-07
19.98	1.6946750e-07
20.02	1.8330500e-07
20.05	1.9827311e-07
20.08	2.1446434e-07
20.12	2.3197876e-07
20.15	2.5092470e-07
20.19	2.7141936e-07
20.22	2.9358956e-07
20.25	3.1757256e-07
20.29	3.4351693e-07
20.32	3.7158342e-07
20.36	4.0194608e-07
20.39	4.3479325e-07
20.42	4.7032886e-07
20.46	5.0877364e-07
20.49	5.5036658e-07
20.53	5.9536645e-07
20.56	6.4405344e-07
20.60	6.9673098e-07
20.63	7.5372770e-07
20.66	8.1539956e-07
20.70	8.8213216e-07
20.73	9.5434326e-07
20.77	1.0324855e-06
20.80	1.1170496e-06
20.83	1.2085671e-06
20.87	1.3076145e-06
20.90	1.4148169e-06
20.94	1.5308520e-06
20.97	1.6564552e-06
21.00	1.7924241e-06
21.04	1.9396247e-06
21.07	2.0989966e-06
21.11	2.2715605e-06
21.14	2.4584249e-06
21.17	2.6607943e-06
21.21	2.8799780e-06
21.24	3.1173998e-06
21.28	3.3746085e-06
21.31	3.6532901e-06
21.34	3.9552802e-06
21.38	4.2825790e-06
21.41	4.6373669e-06
21.45	5.0220224e-06
21.48	5.4391419e-06
21.52	5.8915616e-06
21.55	6.3823820e-06
21.58	6.9149958e-06
21.62	7.4931182e-06
21.65	8.1208220e-06
21.69	8.8025766e-06
21.72	9.5432920e-06
21.75	1.0348369e-05
21.79	1.1223756e-05
21.82	1.2176014e-05
21.86	1.3212389e-05
21.89	1.4340899e-05
21.92	1.5570430e-05
21.96	1.6910848e-05
21.99	1.8373132e-05
22.03	1.9969522e-05
22.06	2.1713696e-05
22.09	2.3620980e-05
22.13	2.5708589e-05
22.16	2.7995917e-05
22.20	3.0504878e-05
22.23	3.3260319e-05
22.26	3.6290507e-05
22.30	3.9627729e-05
22.33	4.3309013e-05
22.37	4.7377016e-05
22.40	5.1881116e-05
22.43	5.6878774e-05
22.47	6.2437243e-05
22.50	6.8635731e-05
22.54	7.5568178e-05
22.57	8.3346851e-05
22.61	9.2107089e-05
22.64	1.0201364e-04
22.67	1.1326935e-04
22.71	1.2612743e-04
22.74	1.4090962e-04
22.78	1.5803539e-04
22.81	1.7807395e-04
22.84	2.0184761e-04
22.88	2.3065041e-04
22.91	2.6671260e-04
22.95	3.1414575e-04
22.98	3.8072953e-04
23.01	4.8099723e-04
23.05	6.4104570e-04
23.08	9.0522275e-04
23.12	1.3442549e-03
23.15	2.0635030e-03
23.18	3.2090443e-03
23.22	4.9684661e-03
23.25	7.5629167e-03
23.29	1.1227300e-02
23.32	1.6176544e-02
23.35	2.2557512e-02
23.39	3.0388324e-02
23.42	3.9489756e-02
23.46	4.9417960e-02
23.49	5.9415257e-02
23.53	6.8407621e-02
23.56	7.5092191e-02
23.59	7.8166568e-02
23.63	7.6735061e-02
23.66	7.0878486e-02
23.70	6.2368331e-02
23.73	5.3984002e-02
23.76	4.6547919e-02
23.80	4.0068517e-02
23.83	3.4458662e-02
23.87	2.9617145e-02
23.90	2.5446501e-02
23.93	2.1858020e-02
23.97	1.8772903e-02
24.00	1.6122018e-02
24.04	1.3845149e-02
24.07	1.1890081e-02
24.10	1.0211672e-02
24.14	8.7709724e-03
24.17	7.5344271e-03
24.21	6.4731589e-03
24.24	5.5623365e-03
24.27	4.7806217e-03
24.31	4.1096865e-03
24.34	3.5337947e-03
24.38	3.0394397e-03
24.41	2.6150312e-03
24.44	2.2506252e-03
24.48	1.9376917e-03
24.51	1.6689143e-03
24.55	1.4380182e-03
24.58	1.2396223e-03
24.62	1.0691119e-03
24.65	9.2253004e-04
24.68	7.9648329e-04
24.72	6.8806183e-04
24.75	5.9477033e-04
24.79	5.1446885e-04
24.82	4.4532210e-04
24.85	3.8575602e-04
24.89	3.3442042e-04
24.92	2.9015710e-04
24.96	2.5197240e-04
24.99	2.1901371e-04
25.02	1.9054941e-04
25.06	1.6595155e-04
25.09	1.4468107e-04
25.13	1.2627517e-04
25.16	1.1033642e-04
25.19	9.6523441e-05
25.23	8.4542963e-05
25.26	7.4142947e-05
25.30	6.5106748e-05
25.33	5.7248082e-05
25.36	5.0406721e-05
25.40	4.4444802e-05
25.43	3.9243661e-05
25.47	3.4701115e-05
25.50	3.0729141e-05
25.54	2.7251874e-05
25.57	2.4203899e-05
25.60	2.1528783e-05
25.64	1.9177810e-05
25.67	1.7108906e-05
25.71	1.5285709e-05
25.74	1.3676771e-05
25.77	1.2254877e-05
25.81	1.0996457e-05
25.84	9.8810810e-06
25.88	8.8910271e-06
25.91	8.0109085e-06
25.94	7.2273538e-06
25.98	6.5287319e-06
26.01	5.9049151e-06
26.05	5.3470760e-06
26.08	4.8475115e-06
26.11	4.3994926e-06
26.15	3.9971340e-06
26.18	3.6352818e-06
26.22	3.3094175e-06
26.25	3.0155740e-06
26.28	2.7502640e-06
26.32	2.5104177e-06
26.35	2.2933289e-06
26.39	2.0966089e-06
26.42	1.9181459e-06
26.45	1.7560703e-06
26.49	1.6087244e-06
26.52	1.4746365e-06
26.56	1.3524977e-06
26.59	1.2411423e-06
26.63	1.1395307e-06
26.66	1.0467343e-06
26.69	9.6192253e-07
26.73	8.8435111e-07
26.76	8.1335253e-07
26.80	7.4832707e-07
26.83	6.8873521e-07
26.86	6.3409097e-07
26.90	5.8395596e-07
26.93	5.3793427e-07
26.97	4.9566788e-07
27.00	4.5683266e-07
