# NeutrinoAntineutrinoInteraction/NeutrinoAntineutrinoResonanceElectron interaction rates
# neutrino field: massive Cosmic Neutrino Background, T_CnuB = 1.94535456 K
# Produced with crpropa-data version: 34240bf825c959521ec71bc1e6d82591f4f17700
# log10(E/eV), 1/lambda [1/Mpc]
10.00	0.0000000e+00
10.03	0.0000000e+00
10.07	0.0000000e+00
10.10	0.0000000e+00
10.14	0.0000000e+00
10.17	0.0000000e+00
10.20	0.0000000e+00
10.24	0.0000000e+00
10.27	0.0000000e+00
10.31	0.0000000e+00
10.34	0.0000000e+00
10.37	0.0000000e+00
10.41	0.0000000e+00
10.44	0.0000000e+00
10.48	0.0000000e+00
10.51	0.0000000e+00
10.55	0.0000000e+00
10.58	0.0000000e+00
10.61	0.0000000e+00
10.65	0.0000000e+00
10.68	0.0000000e+00
10.72	0.0000000e+00
10.75	0.0000000e+00
10.78	0.0000000e+00
10.82	5.6062995e-258
10.85	4.5558262e-239
10.89	1.3782881e-221
10.92	1.9898885e-205
10.95	1.7247750e-190
10.99	1.1097602e-176
11.02	6.4497570e-164
11.06	4.0594840e-152
11.09	3.2723790e-141
11.12	3.9452863e-131
11.16	8.2109222e-122
11.19	3.3680855e-113
11.23	3.0781423e-105
11.26	7.0198919e-98
11.29	4.4362726e-91
11.33	8.5591434e-85
11.36	5.5140689e-79
11.40	1.2885944e-73
11.43	1.1792966e-68
11.46	4.5367638e-64
11.50	7.8328790e-60
11.53	6.4482494e-56
11.57	2.6768219e-52
11.60	5.9011282e-49
11.64	7.2472987e-46
11.67	5.1828087e-43
11.70	2.2484201e-40
11.74	6.1454059e-38
11.77	1.0959364e-35
11.81	1.3171623e-33
11.84	1.0992912e-31
11.87	6.5498112e-30
11.91	2.8582936e-28
11.94	9.3547215e-27
11.98	2.3469951e-25
12.01	4.6062518e-24
12.04	7.2056528e-23
12.08	9.1414242e-22
12.11	9.5571491e-21
12.15	8.3570394e-20
12.18	6.1963668e-19
12.21	3.9453409e-18
12.25	2.1826339e-17
12.28	1.0605393e-16
12.32	4.5715639e-16
12.35	1.7644328e-15
12.38	6.1496245e-15
12.42	1.9507786e-14
12.45	5.6731843e-14
12.49	1.5226390e-13
12.52	3.7946591e-13
12.56	8.8304876e-13
12.59	1.9286306e-12
12.62	3.9716918e-12
12.66	7.7440922e-12
12.69	1.4349469e-11
12.73	2.5349014e-11
12.76	4.2806327e-11
12.79	6.9244476e-11
12.83	1.0745170e-10
12.86	1.6006137e-10
12.90	2.2884853e-10
12.93	3.1378234e-10
12.96	4.1213084e-10
13.00	5.1835959e-10
13.03	6.2610779e-10
13.07	7.3328027e-10
13.10	8.4105554e-10
13.13	9.5066514e-10
13.17	1.0632695e-09
13.20	1.1799768e-09
13.24	1.3018604e-09
13.27	1.4299740e-09
13.30	1.5653655e-09
13.34	1.7090902e-09
13.37	1.8622222e-09
13.41	2.0258663e-09
13.44	2.2011684e-09
13.47	2.3893261e-09
13.51	2.5915990e-09
13.54	2.8093188e-09
13.58	3.0438998e-09
13.61	3.2968495e-09
13.65	3.5697793e-09
13.68	3.8644155e-09
13.71	4.1826117e-09
13.75	4.5263607e-09
13.78	4.8978076e-09
13.82	5.2992640e-09
13.85	5.7332225e-09
13.88	6.2023731e-09
13.92	6.7096194e-09
13.95	7.2580977e-09
13.99	7.8511961e-09
14.02	8.4925756e-09
14.05	9.1861933e-09
14.09	9.9363267e-09
14.12	1.0747600e-08
14.16	1.1625014e-08
14.19	1.2573973e-08
14.22	1.3600326e-08
14.26	1.4710393e-08
14.29	1.5911012e-08
14.33	1.7209577e-08
14.36	1.8614086e-08
14.39	2.0133186e-08
14.43	2.1776233e-08
14.46	2.3553343e-08
14.50	2.5475458e-08
14.53	2.7554414e-08
14.57	2.9803010e-08
14.60	3.2235092e-08
14.63	3.4865634e-08
14.67	3.7710832e-08
14.70	4.0788203e-08
14.74	4.4116694e-08
14.77	4.7716798e-08
14.80	5.1610681e-08
14.84	5.5822316e-08
14.87	6.0377634e-08
14.91	6.5304679e-08
14.94	7.0633789e-08
14.97	7.6397771e-08
15.01	8.2632114e-08
15.04	8.9375201e-08
15.08	9.6668547e-08
15.11	1.0455706e-07
15.14	1.1308930e-07
15.18	1.2231780e-07
15.21	1.3229938e-07
15.25	1.4309549e-07
15.28	1.5477260e-07
15.31	1.6740261e-07
15.35	1.8106328e-07
15.38	1.9583870e-07
15.42	2.1181985e-07
15.45	2.2910512e-07
15.48	2.4780093e-07
15.52	2.6802239e-07
15.55	2.8989399e-07
15.59	3.1355040e-07
15.62	3.3913725e-07
15.66	3.6681209e-07
15.69	3.9674529e-07
15.72	4.2912115e-07
15.76	4.6413900e-07
15.79	5.0201444e-07
15.83	5.4298065e-07
15.86	5.8728985e-07
15.89	6.3521484e-07
15.93	6.8705069e-07
15.96	7.4311654e-07
16.00	8.0375756e-07
16.03	8.6934712e-07
16.06	9.4028902e-07
16.10	1.0170201e-06
16.13	1.1000126e-06
16.17	1.1897777e-06
16.20	1.2868679e-06
16.23	1.3918810e-06
16.27	1.5054636e-06
16.30	1.6283150e-06
16.34	1.7611915e-06
16.37	1.9049112e-06
16.40	2.0603590e-06
16.44	2.2284919e-06
16.47	2.4103451e-06
16.51	2.6070382e-06
16.54	2.8197822e-06
16.58	3.0498870e-06
16.61	3.2987691e-06
16.64	3.5679610e-06
16.68	3.8591200e-06
16.71	4.1740386e-06
16.75	4.5146559e-06
16.78	4.8830689e-06
16.81	5.2815458e-06
16.85	5.7125400e-06
16.88	6.1787050e-06
16.92	6.6829110e-06
16.95	7.2282622e-06
16.98	7.8181163e-06
17.02	8.4561049e-06
17.05	9.1461561e-06
17.09	9.8925183e-06
17.12	1.0699787e-05
17.15	1.1572932e-05
17.19	1.2517329e-05
17.22	1.3538794e-05
17.26	1.4643615e-05
17.29	1.5838594e-05
17.32	1.7131088e-05
17.36	1.8529057e-05
17.39	2.0041106e-05
17.43	2.1676546e-05
17.46	2.3445446e-05
17.49	2.5358697e-05
17.53	2.7428079e-05
17.56	2.9666334e-05
17.60	3.2087242e-05
17.63	3.4705711e-05
17.67	3.7537861e-05
17.70	4.0601132e-05
17.73	4.3914384e-05
17.77	4.7498019e-05
17.80	5.1374102e-05
17.84	5.5566499e-05
17.87	6.0101026e-05
17.90	6.5005603e-05
17.94	7.0310431e-05
17.97	7.6048176e-05
18.01	8.2254168e-05
18.04	8.8966622e-05
18.07	9.6226874e-05
18.11	1.0407963e-04
18.14	1.1257325e-04
18.18	1.2176004e-04
18.21	1.3169658e-04
18.24	1.4244405e-04
18.28	1.5406865e-04
18.31	1.6664197e-04
18.35	1.8024145e-04
18.38	1.9495084e-04
18.41	2.1086075e-04
18.45	2.2806918e-04
18.48	2.4668211e-04
18.52	2.6681421e-04
18.55	2.8858949e-04
18.59	3.1214210e-04
18.62	3.3761714e-04
18.65	3.6517156e-04
18.69	3.9497515e-04
18.72	4.2721154e-04
18.76	4.6207938e-04
18.79	4.9979355e-04
18.82	5.4058650e-04
18.86	5.8470965e-04
18.89	6.3243500e-04
18.93	6.8405676e-04
18.96	7.3989322e-04
18.99	8.0028867e-04
19.03	8.6561559e-04
19.06	9.3627689e-04
19.10	1.0127085e-03
19.13	1.0953819e-03
19.16	1.1848074e-03
19.20	1.2815368e-03
19.23	1.3861673e-03
19.27	1.4993449e-03
19.30	1.6217687e-03
19.33	1.7541949e-03
19.37	1.8974418e-03
19.40	2.0523949e-03
19.44	2.2200123e-03
19.47	2.4013307e-03
19.51	2.5974721e-03
19.54	2.8096507e-03
19.57	3.0391804e-03
19.61	3.2874835e-03
19.64	3.5560991e-03
19.68	3.8466935e-03
19.71	4.1610700e-03
19.74	4.5011812e-03
19.78	4.8691407e-03
19.81	5.2672371e-03
19.85	5.6979484e-03
19.88	6.1639580e-03
19.91	6.6681721e-03
19.95	7.2137384e-03
19.98	7.8040665e-03
20.02	8.4428504e-03
20.05	9.1340925e-03
20.08	9.8821300e-03
20.12	1.0691664e-02
20.15	1.1567790e-02
20.19	1.2516033e-02
20.22	1.3542384e-02
20.25	1.4653342e-02
20.29	1.5855957e-02
20.32	1.7157879e-02
20.36	1.8567413e-02
20.39	2.0093574e-02
20.42	2.1746156e-02
20.46	2.3535796e-02
20.49	2.5474059e-02
20.53	2.7573515e-02
20.56	2.9847840e-02
20.60	3.2311914e-02
20.63	3.4981939e-02
20.66	3.7875561e-02
20.70	4.1012017e-02
20.73	4.4412284e-02
20.77	4.8099252e-02
20.80	5.2097923e-02
20.83	5.6435619e-02
20.87	6.1142223e-02
20.90	6.6250452e-02
20.94	7.1796157e-02
20.97	7.7818659e-02
21.00	8.4361142e-02
21.04	9.1471078e-02
21.07	9.9200725e-02
21.11	1.0760768e-01
21.14	1.1675554e-01
21.17	1.2671460e-01
21.21	1.3756271e-01
21.24	1.4938625e-01
21.28	1.6228123e-01
21.31	1.7635461e-01
21.34	1.9172577e-01
21.38	2.0852831e-01
21.41	2.2691212e-01
21.45	2.4704580e-01
21.48	2.6911958e-01
21.52	2.9334873e-01
21.55	3.1997773e-01
21.58	3.4928520e-01
21.62	3.8158992e-01
21.65	4.1725813e-01
21.69	4.5671253e-01
21.72	5.0044333e-01
21.75	5.4902208e-01
21.79	6.0311896e-01
21.82	6.6352476e-01
21.86	7.3117898e-01
21.89	8.0720630e-01
21.92	8.9296437e-01
21.96	9.9010761e-01
21.99	1.1006738e+00
22.03	1.2272044e+00
22.06	1.3729179e+00
22.09	1.5419731e+00
22.13	1.7399041e+00
22.16	1.9744207e+00
22.20	2.2570371e+00
22.23	2.6065548e+00
22.26	3.0564885e+00
22.30	3.6701606e+00
22.33	4.5692255e+00
22.37	5.9830225e+00
22.40	8.3259504e+00
22.43	1.2306084e+01
22.47	1.9058870e+01
22.50	3.0284342e+01
22.54	4.8345987e+01
22.57	7.6266676e+01
22.61	1.1753516e+02
22.64	1.7561864e+02
22.67	2.5306829e+02
22.71	3.5012118e+02
22.74	4.6279295e+02
22.78	5.8073999e+02
22.81	6.8585300e+02
22.84	7.5375540e+02
22.88	7.6154795e+02
22.91	7.0460425e+02
22.95	6.1727674e+02
22.98	5.3424506e+02
23.01	4.6074365e+02
23.05	3.9667387e+02
23.08	3.4117666e+02
23.12	2.9326289e+02
23.15	2.5197700e+02
23.18	2.1644683e+02
23.22	1.8589598e+02
23.25	1.5964231e+02
23.29	1.3709107e+02
23.32	1.1772610e+02
23.35	1.0110093e+02
23.39	8.6830158e+01
23.42	7.4581647e+01
23.46	6.4069491e+01
23.49	5.5047793e+01
23.53	4.7305208e+01
23.56	4.0660185e+01
23.59	3.4956830e+01
23.63	3.0061323e+01
23.66	2.5858825e+01
23.70	2.2250804e+01
23.73	1.9152735e+01
23.76	1.6492118e+01
23.80	1.4206771e+01
23.83	1.2243371e+01
23.87	1.0556188e+01
23.90	9.1060084e+00
23.93	7.8592077e+00
23.97	6.7869516e+00
24.00	5.8645142e+00
24.04	5.0706921e+00
24.07	4.3873013e+00
24.10	3.7987467e+00
24.14	3.2916520e+00
24.17	2.8545438e+00
24.21	2.4775791e+00
24.24	2.1523134e+00
24.27	1.8715005e+00
24.31	1.6289218e+00
24.34	1.4192397e+00
24.38	1.2378722e+00
24.41	1.0808848e+00
24.44	9.4489848e-01
24.48	8.2701082e-01
24.51	7.2472786e-01
24.55	6.3590622e-01
24.58	5.5870323e-01
24.62	4.9153429e-01
24.65	4.3303625e-01
24.68	3.8203605e-01
24.72	3.3752384e-01
24.75	2.9862989e-01
24.79	2.6460483e-01
24.82	2.3480272e-01
24.85	2.0866643e-01
24.89	1.8571525e-01
24.92	1.6553411e-01
24.96	1.4776443e-01
24.99	1.3209624e-01
25.02	1.1826138e-01
25.06	1.0602771e-01
25.09	9.5194140e-02
25.13	8.5586289e-02
25.16	7.7052849e-02
25.19	6.9462402e-02
25.23	6.2700696e-02
25.26	5.6668311e-02
25.30	5.1278644e-02
25.33	4.6456173e-02
25.36	4.2134969e-02
25.40	3.8257412e-02
25.43	3.4773080e-02
25.47	3.1637799e-02
25.50	2.8812816e-02
25.54	2.6264093e-02
25.57	2.3961691e-02
25.60	2.1879240e-02
25.64	1.9993481e-02
25.67	1.8283871e-02
25.71	1.6732239e-02
25.74	1.5322486e-02
25.77	1.4040334e-02
25.81	1.2873093e-02
25.84	1.1809474e-02
25.88	1.0839418e-02
25.91	9.9539457e-03
25.94	9.1450335e-03
25.98	8.4054994e-03
26.01	7.7289057e-03
26.05	7.1094741e-03
26.08	6.5420103e-03
26.11	6.0218394e-03
26.15	5.5447474e-03
26.18	5.1069317e-03
26.22	4.7049561e-03
26.25	4.3357118e-03
26.28	3.9963828e-03
26.32	3.6844157e-03
26.35	3.3974922e-03
26.39	3.1335058e-03
26.42	2.8905401e-03
26.45	2.6668499e-03
26.49	2.4608449e-03
26.52	2.2710742e-03
26.56	2.0962133e-03
26.59	1.9350518e-03
26.63	1.7864833e-03
26.66	1.6494950e-03
26.69	1.5231597e-03
26.73	1.4066279e-03
26.76	1.2991208e-03
26.80	1.1999240e-03
26.83	1.1083816e-03
26.86	1.0238918e-03
26.90	9.4590123e-04
26.93	8.7390168e-04
26.97	8.0742572e-04
27.00	7.4604342e-04
