# NeutrinoAntineutrinoInteraction/NeutrinoAntineutrinoResonanceElectron interaction rates
# neutrino field: massive Cosmic Neutrino Background, T_CnuB = 1.94535456 K
# Produced with crpropa-data version: 34240bf825c959521ec71bc1e6d82591f4f17700
# log10(E/eV), 1/lambda [1/Mpc]
10.00	0.0000000e+00
10.03	0.0000000e+00
10.07	0.0000000e+00
10.10	0.0000000e+00
10.14	0.0000000e+00
10.17	0.0000000e+00
10.20	0.0000000e+00
10.24	0.0000000e+00
10.27	0.0000000e+00
10.31	0.0000000e+00
10.34	0.0000000e+00
10.37	0.0000000e+00
10.41	0.0000000e+00
10.44	0.0000000e+00
10.48	0.0000000e+00
10.51	0.0000000e+00
10.55	0.0000000e+00
10.58	0.0000000e+00
10.61	0.0000000e+00
10.65	0.0000000e+00
10.68	0.0000000e+00
10.72	0.0000000e+00
10.75	0.0000000e+00
10.78	0.0000000e+00
10.82	0.0000000e+00
10.85	0.0000000e+00
10.89	0.0000000e+00
10.92	0.0000000e+00
10.95	0.0000000e+00
10.99	0.0000000e+00
11.02	0.0000000e+00
11.06	0.0000000e+00
11.09	0.0000000e+00
11.12	0.0000000e+00
11.16	0.0000000e+00
11.19	0.0000000e+00
11.23	2.7566559e-260
11.26	2.2285366e-241
11.29	6.7205151e-224
11.33	9.6906935e-208
11.36	8.4056407e-193
11.40	5.4228618e-179
11.43	3.1663397e-166
11.46	2.0061496e-154
11.50	1.6312207e-143
11.53	1.9878438e-133
11.57	4.1905675e-124
11.60	1.7449917e-115
11.64	1.6226139e-107
11.67	3.7739825e-100
11.70	2.4383863e-93
11.74	4.8222724e-87
11.77	3.1930749e-81
11.81	7.6914557e-76
11.84	7.2774282e-71
11.87	2.9036478e-66
11.91	5.2170069e-62
11.94	4.4852684e-58
11.98	1.9518579e-54
12.01	4.5287523e-51
12.04	5.8785529e-48
12.08	4.4632936e-45
12.11	2.0654949e-42
12.15	6.0525006e-40
12.18	1.1633612e-37
12.21	1.5154858e-35
12.25	1.3790577e-33
12.28	9.0150524e-32
12.32	4.3448040e-30
12.35	1.5813021e-28
12.38	4.4438126e-27
12.42	9.8430417e-26
12.45	1.7514823e-24
12.49	2.5482074e-23
12.52	3.0809626e-22
12.56	3.1425820e-21
12.59	2.7418688e-20
12.62	2.0724605e-19
12.66	1.3729275e-18
12.69	8.0556049e-18
12.73	4.2258764e-17
12.76	1.9982685e-16
12.79	8.5752806e-16
12.83	3.3563525e-15
12.86	1.2011364e-14
12.90	3.9242505e-14
12.93	1.1599336e-13
12.96	3.0255196e-13
13.00	6.5810071e-13
13.03	1.1092124e-12
13.07	1.5461478e-12
13.10	1.9684381e-12
13.13	2.3821918e-12
13.17	2.7929557e-12
13.20	3.2058224e-12
13.24	3.6255252e-12
13.27	4.0565215e-12
13.30	4.5030661e-12
13.34	4.9692770e-12
13.37	5.4591946e-12
13.41	5.9768352e-12
13.44	6.5262409e-12
13.47	7.1115249e-12
13.51	7.7369154e-12
13.54	8.4067967e-12
13.58	9.1257493e-12
13.61	9.8985900e-12
13.65	1.0730410e-11
13.68	1.1626617e-11
13.71	1.2592971e-11
13.75	1.3635630e-11
13.78	1.4761192e-11
13.82	1.5976739e-11
13.85	1.7289884e-11
13.88	1.8708824e-11
13.92	2.0242390e-11
13.95	2.1900105e-11
13.99	2.3692244e-11
14.02	2.5629900e-11
14.05	2.7725054e-11
14.09	2.9990650e-11
14.12	3.2440671e-11
14.16	3.5090235e-11
14.19	3.7955680e-11
14.22	4.1054673e-11
14.26	4.4406311e-11
14.29	4.8031248e-11
14.33	5.1951816e-11
14.36	5.6192165e-11
14.39	6.0778413e-11
14.43	6.5738803e-11
14.46	7.1103885e-11
14.50	7.6906696e-11
14.53	8.3182969e-11
14.57	8.9971349e-11
14.60	9.7313635e-11
14.63	1.0525503e-10
14.67	1.1384445e-10
14.70	1.2313475e-10
14.74	1.3318316e-10
14.77	1.4405152e-10
14.80	1.5580677e-10
14.84	1.6852126e-10
14.87	1.8227330e-10
14.91	1.9714753e-10
14.94	2.1323555e-10
14.97	2.3063639e-10
15.01	2.4945721e-10
15.04	2.6981386e-10
15.08	2.9183168e-10
15.11	3.1564623e-10
15.14	3.4140413e-10
15.18	3.6926397e-10
15.21	3.9939726e-10
15.25	4.3198955e-10
15.28	4.6724149e-10
15.31	5.0537011e-10
15.35	5.4661015e-10
15.38	5.9121554e-10
15.42	6.3946088e-10
15.45	6.9164322e-10
15.48	7.4808383e-10
15.52	8.0913019e-10
15.55	8.7515816e-10
15.59	9.4657425e-10
15.62	1.0238182e-09
15.66	1.1073654e-09
15.69	1.1977305e-09
15.72	1.2954696e-09
15.76	1.4011847e-09
15.79	1.5155264e-09
15.83	1.6391989e-09
15.86	1.7729636e-09
15.89	1.9176439e-09
15.93	2.0741306e-09
15.96	2.2433873e-09
16.00	2.4264558e-09
16.03	2.6244635e-09
16.06	2.8386293e-09
16.10	3.0702718e-09
16.13	3.3208172e-09
16.17	3.5918080e-09
16.20	3.8849126e-09
16.23	4.2019357e-09
16.27	4.5448290e-09
16.30	4.9157037e-09
16.34	5.3168431e-09
16.37	5.7507170e-09
16.40	6.2199966e-09
16.44	6.7275713e-09
16.47	7.2765659e-09
16.51	7.8703606e-09
16.54	8.5126111e-09
16.58	9.2072717e-09
16.61	9.9586191e-09
16.64	1.0771279e-08
16.68	1.1650256e-08
16.71	1.2600960e-08
16.75	1.3629245e-08
16.78	1.4741443e-08
16.81	1.5944399e-08
16.85	1.7245522e-08
16.88	1.8652822e-08
16.92	2.0174962e-08
16.95	2.1821315e-08
16.98	2.3602017e-08
17.02	2.5528032e-08
17.05	2.7611218e-08
17.09	2.9864399e-08
17.12	3.2301450e-08
17.15	3.4937374e-08
17.19	3.7788400e-08
17.22	4.0872081e-08
17.26	4.4207404e-08
17.29	4.7814904e-08
17.32	5.1716791e-08
17.36	5.5937089e-08
17.39	6.0501782e-08
17.43	6.5438975e-08
17.46	7.0779065e-08
17.49	7.6554932e-08
17.53	8.2802137e-08
17.56	8.9559144e-08
17.60	9.6867557e-08
17.63	1.0477237e-07
17.67	1.1332227e-07
17.70	1.2256987e-07
17.73	1.3257214e-07
17.77	1.4339064e-07
17.80	1.5509200e-07
17.84	1.6774825e-07
17.87	1.8143733e-07
17.90	1.9624353e-07
17.94	2.1225801e-07
17.97	2.2957938e-07
18.01	2.4831430e-07
18.04	2.6857812e-07
18.07	2.9049562e-07
18.11	3.1420176e-07
18.14	3.3984253e-07
18.18	3.6757580e-07
18.21	3.9757236e-07
18.24	4.3001693e-07
18.28	4.6510930e-07
18.31	5.0306557e-07
18.35	5.4411950e-07
18.38	5.8852390e-07
18.41	6.3655225e-07
18.45	6.8850034e-07
18.48	7.4468811e-07
18.52	8.0546163e-07
18.55	8.7119521e-07
18.59	9.4229373e-07
18.62	1.0191951e-06
18.65	1.1023731e-06
18.69	1.1923401e-06
18.72	1.2896503e-06
18.76	1.3949033e-06
18.79	1.5087474e-06
18.82	1.6318842e-06
18.86	1.7650724e-06
18.89	1.9091326e-06
18.93	2.0649528e-06
18.96	2.2334933e-06
18.99	2.4157928e-06
19.03	2.6129751e-06
19.06	2.8262558e-06
19.10	3.0569500e-06
19.13	3.3064801e-06
19.16	3.5763849e-06
19.20	3.8683292e-06
19.23	4.1841140e-06
19.27	4.5256874e-06
19.30	4.8951574e-06
19.33	5.2948043e-06
19.37	5.7270951e-06
19.40	6.1946990e-06
19.44	6.7005041e-06
19.47	7.2476348e-06
19.51	7.8394720e-06
19.54	8.4796739e-06
19.57	9.1721989e-06
19.61	9.9213303e-06
19.64	1.0731704e-05
19.68	1.1608335e-05
19.71	1.2556653e-05
19.74	1.3582533e-05
19.78	1.4692335e-05
19.81	1.5892942e-05
19.85	1.7191806e-05
19.88	1.8596991e-05
19.91	2.0117231e-05
19.95	2.1761980e-05
19.98	2.3541476e-05
20.02	2.5466805e-05
20.05	2.7549973e-05
20.08	2.9803983e-05
20.12	3.2242921e-05
20.15	3.4882048e-05
20.19	3.7737897e-05
20.22	4.0828386e-05
20.25	4.4172934e-05
20.29	4.7792592e-05
20.32	5.1710182e-05
20.36	5.5950453e-05
20.39	6.0540248e-05
20.42	6.5508688e-05
20.46	7.0887374e-05
20.49	7.6710605e-05
20.53	8.3015623e-05
20.56	8.9842872e-05
20.60	9.7236294e-05
20.63	1.0524364e-04
20.66	1.1391683e-04
20.70	1.2331233e-04
20.73	1.3349160e-04
20.77	1.4452153e-04
20.80	1.5647498e-04
20.83	1.6943138e-04
20.87	1.8347732e-04
20.90	1.9870730e-04
20.94	2.1522452e-04
20.97	2.3314173e-04
21.00	2.5258226e-04
21.04	2.7368111e-04
21.07	2.9658618e-04
21.11	3.2145967e-04
21.14	3.4847968e-04
21.17	3.7784195e-04
21.21	4.0976191e-04
21.24	4.4447695e-04
21.28	4.8224903e-04
21.31	5.2336770e-04
21.34	5.6815349e-04
21.38	6.1696185e-04
21.41	6.7018769e-04
21.45	7.2827065e-04
21.48	7.9170122e-04
21.52	8.6102781e-04
21.55	9.3686516e-04
21.58	1.0199041e-03
21.62	1.1109232e-03
21.65	1.2108025e-03
21.69	1.3205396e-03
21.72	1.4412699e-03
21.75	1.5742895e-03
21.79	1.7210841e-03
21.82	1.8833640e-03
21.86	2.0631061e-03
21.89	2.2626070e-03
21.92	2.4845478e-03
21.96	2.7320758e-03
21.99	3.0089076e-03
22.03	3.3194593e-03
22.06	3.6690150e-03
22.09	4.0639440e-03
22.13	4.5119865e-03
22.16	5.0226320e-03
22.20	5.6076288e-03
22.23	6.2816781e-03
22.26	7.0633973e-03
22.30	7.9766806e-03
22.33	9.0526605e-03
22.37	1.0332607e-02
22.40	1.1872336e-02
22.43	1.3749150e-02
22.47	1.6073307e-02
22.50	1.9008324e-02
22.54	2.2810753e-02
22.57	2.7919091e-02
22.61	3.5179410e-02
22.64	4.6465201e-02
22.67	6.6404993e-02
22.71	1.0699679e-01
22.74	1.9881629e-01
22.78	4.1388685e-01
22.81	8.9613666e-01
22.84	1.8375475e+00
22.88	3.1712938e+00
22.91	3.9453228e+00
22.95	3.6655580e+00
22.98	3.2160876e+00
23.01	2.7903252e+00
23.05	2.4102393e+00
23.08	2.0772038e+00
23.12	1.7878041e+00
23.15	1.5374287e+00
23.18	1.3213817e+00
23.22	1.1352685e+00
23.25	9.7512312e-01
23.29	8.3743143e-01
23.32	7.1911270e-01
23.35	6.1748349e-01
23.39	5.3021634e-01
23.42	4.5529835e-01
23.46	3.9099228e-01
23.49	3.3580105e-01
23.53	2.8843595e-01
23.56	2.4778862e-01
23.59	2.1290643e-01
23.63	1.8297101e-01
23.66	1.5727966e-01
23.70	1.3522918e-01
23.73	1.1630189e-01
23.76	1.0005364e-01
23.80	8.6103421e-02
23.83	7.4124422e-02
23.87	6.3836356e-02
23.90	5.4998854e-02
23.93	4.7405796e-02
23.97	4.0880431e-02
24.00	3.5271204e-02
24.04	3.0448155e-02
24.07	2.6299849e-02
24.10	2.2730727e-02
24.14	1.9658844e-02
24.17	1.7013926e-02
24.21	1.4735699e-02
24.24	1.2772468e-02
24.27	1.1079889e-02
24.31	9.6199200e-03
24.34	8.3599201e-03
24.38	7.2718810e-03
24.41	6.3317649e-03
24.44	5.5189382e-03
24.48	4.8156863e-03
24.51	4.2067979e-03
24.55	3.6792081e-03
24.58	3.2216932e-03
24.62	2.8246085e-03
24.65	2.4796641e-03
24.68	2.1797325e-03
24.72	1.9186836e-03
24.75	1.6912433e-03
24.79	1.4928723e-03
24.82	1.3196623e-03
24.85	1.1682468e-03
24.89	1.0357246e-03
24.92	9.1959437e-04
24.96	8.1769856e-04
24.99	7.2817491e-04
25.02	6.4941518e-04
25.06	5.8002967e-04
25.09	5.1881673e-04
25.13	4.6473656e-04
25.16	4.1688876e-04
25.19	3.7449308e-04
25.23	3.3687275e-04
25.26	3.0344034e-04
25.30	2.7368543e-04
25.33	2.4716413e-04
25.36	2.2349002e-04
25.40	2.0232636e-04
25.43	1.8337937e-04
25.47	1.6639249e-04
25.50	1.5114137e-04
25.54	1.3742961e-04
25.57	1.2508506e-04
25.60	1.1395663e-04
25.64	1.0391152e-04
25.67	9.4832894e-05
25.71	8.6617758e-05
25.74	7.9175239e-05
25.77	7.2425023e-05
25.81	6.6296031e-05
25.84	6.0725261e-05
25.88	5.5656789e-05
25.91	5.1040900e-05
25.94	4.6833335e-05
25.98	4.2994628e-05
26.01	3.9489540e-05
26.05	3.6286560e-05
26.08	3.3357466e-05
26.11	3.0676949e-05
26.15	2.8222279e-05
26.18	2.5973013e-05
26.22	2.3910743e-05
26.25	2.2018866e-05
26.28	2.0282394e-05
26.32	1.8687775e-05
26.35	1.7222745e-05
26.39	1.5876189e-05
26.42	1.4638024e-05
26.45	1.3499092e-05
26.49	1.2451068e-05
26.52	1.1486375e-05
26.56	1.0598113e-05
26.59	9.7799879e-06
26.63	9.0262594e-06
26.66	8.3316835e-06
26.69	7.6914679e-06
26.73	7.1012291e-06
26.76	6.5569552e-06
26.80	6.0549717e-06
26.83	5.5919111e-06
26.86	5.1646854e-06
26.90	4.7704614e-06
26.93	4.4066385e-06
26.97	4.0708281e-06
27.00	3.7608355e-06
