# NeutrinoAntineutrinoInteraction/NeutrinoAntineutrinoResonanceElectron interaction rates
# neutrino field: massive Cosmic Neutrino Background, T_CnuB = 1.94535456 K
# Produced with crpropa-data version: 34240bf825c959521ec71bc1e6d82591f4f17700
# log10(E/eV), 1/lambda [1/Mpc]
10.00	0.0000000e+00
10.03	0.0000000e+00
10.07	0.0000000e+00
10.10	0.0000000e+00
10.14	0.0000000e+00
10.17	0.0000000e+00
10.20	0.0000000e+00
10.24	0.0000000e+00
10.27	0.0000000e+00
10.31	0.0000000e+00
10.34	0.0000000e+00
10.37	0.0000000e+00
10.41	0.0000000e+00
10.44	0.0000000e+00
10.48	0.0000000e+00
10.51	0.0000000e+00
10.55	0.0000000e+00
10.58	0.0000000e+00
10.61	0.0000000e+00
10.65	0.0000000e+00
10.68	0.0000000e+00
10.72	0.0000000e+00
10.75	0.0000000e+00
10.78	0.0000000e+00
10.82	0.0000000e+00
10.85	0.0000000e+00
10.89	0.0000000e+00
10.92	0.0000000e+00
10.95	0.0000000e+00
10.99	0.0000000e+00
11.02	0.0000000e+00
11.06	0.0000000e+00
11.09	2.5309019e-270
11.12	1.3406002e-250
11.16	2.2507239e-232
11.19	1.5858666e-215
11.23	5.9575746e-200
11.26	1.4887754e-185
11.29	3.0366672e-172
11.33	6.1083666e-160
11.36	1.4433453e-148
11.40	4.7093769e-138
11.43	2.4640031e-128
11.46	2.3738088e-119
11.50	4.7851331e-111
11.53	2.2715385e-103
11.57	2.8326354e-96
11.60	1.0265909e-89
11.64	1.1872082e-83
11.67	4.7765084e-78
11.70	7.2419470e-73
11.74	4.4550997e-68
11.77	1.1906921e-63
11.81	1.4727636e-59
11.84	8.9381488e-56
11.87	2.8094809e-52
11.91	4.8082768e-49
11.94	4.6927755e-46
11.98	2.7260476e-43
12.01	9.8060705e-41
12.04	2.2658044e-38
12.08	3.4788375e-36
12.11	3.6622579e-34
12.15	2.7212511e-32
12.18	1.4660698e-30
12.21	5.8708168e-29
12.25	1.7880793e-27
12.28	4.2311723e-26
12.32	7.9336217e-25
12.35	1.2004122e-23
12.38	1.4905793e-22
12.42	1.5428064e-21
12.45	1.3503668e-20
12.49	1.0128585e-19
12.52	6.5906137e-19
12.56	3.7625564e-18
12.59	1.9042248e-17
12.62	8.6246887e-17
12.66	3.5260941e-16
12.69	1.3113797e-15
12.73	4.4670071e-15
12.76	1.4018638e-14
12.79	4.0724286e-14
12.83	1.0987450e-13
12.86	2.7567617e-13
12.90	6.4201310e-13
12.93	1.3776394e-12
12.96	2.6783731e-12
13.00	4.5813247e-12
13.03	6.7204654e-12
13.07	8.7941472e-12
13.10	1.0815578e-11
13.13	1.2812651e-11
13.17	1.4810869e-11
13.20	1.6833820e-11
13.24	1.8903610e-11
13.27	2.1041229e-11
13.30	2.3266888e-11
13.34	2.5600316e-11
13.37	2.8061033e-11
13.41	3.0668590e-11
13.44	3.3442806e-11
13.47	3.6403980e-11
13.51	3.9573092e-11
13.54	4.2972005e-11
13.58	4.6623655e-11
13.61	5.0552241e-11
13.65	5.4783420e-11
13.68	5.9344497e-11
13.71	6.4264626e-11
13.75	6.9575017e-11
13.78	7.5309148e-11
13.82	8.1502992e-11
13.85	8.8195257e-11
13.88	9.5427634e-11
13.92	1.0324507e-10
13.95	1.1169605e-10
13.99	1.2083292e-10
14.02	1.3071218e-10
14.05	1.4139489e-10
14.09	1.5294701e-10
14.12	1.6543982e-10
14.16	1.7895038e-10
14.19	1.9356199e-10
14.22	2.0936471e-10
14.26	2.2645592e-10
14.29	2.4494092e-10
14.33	2.6493358e-10
14.36	2.8655705e-10
14.39	3.0994451e-10
14.43	3.3523997e-10
14.46	3.6259923e-10
14.50	3.9219073e-10
14.53	4.2419671e-10
14.57	4.5881424e-10
14.60	4.9625645e-10
14.63	5.3675390e-10
14.67	5.8055593e-10
14.70	6.2793223e-10
14.74	6.7917448e-10
14.77	7.3459818e-10
14.80	7.9454457e-10
14.84	8.5938273e-10
14.87	9.2951185e-10
14.91	1.0053637e-09
14.94	1.0874053e-09
14.97	1.1761418e-09
15.01	1.2721194e-09
15.04	1.3759291e-09
15.08	1.4882101e-09
15.11	1.6096536e-09
15.14	1.7410072e-09
15.18	1.8830798e-09
15.21	2.0367461e-09
15.25	2.2029520e-09
15.28	2.3827210e-09
15.31	2.5771598e-09
15.35	2.7874654e-09
15.38	3.0149328e-09
15.42	3.2609623e-09
15.45	3.5270687e-09
15.48	3.8148903e-09
15.52	4.1261992e-09
15.55	4.4629121e-09
15.59	4.8271020e-09
15.62	5.2210111e-09
15.66	5.6470646e-09
15.69	6.1078856e-09
15.72	6.6063113e-09
15.76	7.1454103e-09
15.79	7.7285018e-09
15.83	8.3591757e-09
15.86	9.0413150e-09
15.89	9.7791193e-09
15.93	1.0577131e-08
15.96	1.1440264e-08
16.00	1.2373831e-08
16.03	1.3383581e-08
16.06	1.4475730e-08
16.10	1.5657002e-08
16.13	1.6934671e-08
16.17	1.8316602e-08
16.20	1.9811303e-08
16.23	2.1427978e-08
16.27	2.3176580e-08
16.30	2.5067874e-08
16.34	2.7113504e-08
16.37	2.9326066e-08
16.40	3.1719180e-08
16.44	3.4307582e-08
16.47	3.7107208e-08
16.51	4.0135293e-08
16.54	4.3410481e-08
16.58	4.6952937e-08
16.61	5.0784471e-08
16.64	5.4928672e-08
16.68	5.9411056e-08
16.71	6.4259219e-08
16.75	6.9503012e-08
16.78	7.5174717e-08
16.81	8.1309256e-08
16.85	8.7944397e-08
16.88	9.5120991e-08
16.92	1.0288322e-07
16.95	1.1127888e-07
16.98	1.2035967e-07
17.02	1.3018147e-07
17.05	1.4080478e-07
17.09	1.5229500e-07
17.12	1.6472286e-07
17.15	1.7816489e-07
17.19	1.9270384e-07
17.22	2.0842923e-07
17.26	2.2543788e-07
17.29	2.4383452e-07
17.32	2.6373239e-07
17.36	2.8525402e-07
17.39	3.0853192e-07
17.43	3.3370939e-07
17.46	3.6094147e-07
17.49	3.9039581e-07
17.53	4.2225377e-07
17.56	4.5671149e-07
17.60	4.9398114e-07
17.63	5.3429219e-07
17.67	5.7789284e-07
17.70	6.2505153e-07
17.73	6.7605863e-07
17.77	7.3122820e-07
17.80	7.9089993e-07
17.84	8.5544124e-07
17.87	9.2524952e-07
17.90	1.0007546e-06
17.94	1.0824214e-06
17.97	1.1707528e-06
18.01	1.2662927e-06
18.04	1.3696294e-06
18.07	1.4813991e-06
18.11	1.6022901e-06
18.14	1.7330469e-06
18.18	1.8744747e-06
18.21	2.0274443e-06
18.24	2.1928977e-06
18.28	2.3718538e-06
18.31	2.5654147e-06
18.35	2.7747724e-06
18.38	3.0012163e-06
18.41	3.2461409e-06
18.45	3.5110546e-06
18.48	3.7975892e-06
18.52	4.1075094e-06
18.55	4.4427241e-06
18.59	4.8052981e-06
18.62	5.1974649e-06
18.65	5.6216402e-06
18.69	6.0804371e-06
18.72	6.5766821e-06
18.76	7.1134325e-06
18.79	7.6939956e-06
18.82	8.3219485e-06
18.86	9.0011608e-06
18.89	9.7358181e-06
18.93	1.0530448e-05
18.96	1.1389949e-05
18.99	1.2319618e-05
19.03	1.3325187e-05
19.06	1.4412855e-05
19.10	1.5589329e-05
19.13	1.6861865e-05
19.16	1.8238310e-05
19.20	1.9727155e-05
19.23	2.1337587e-05
19.27	2.3079541e-05
19.30	2.4963769e-05
19.33	2.7001902e-05
19.37	2.9206524e-05
19.40	3.1591250e-05
19.44	3.4170811e-05
19.47	3.6961145e-05
19.51	3.9979498e-05
19.54	4.3244532e-05
19.57	4.6776440e-05
19.61	5.0597075e-05
19.64	5.4730083e-05
19.68	5.9201057e-05
19.71	6.4037695e-05
19.74	6.9269975e-05
19.78	7.4930346e-05
19.81	8.1053932e-05
19.85	8.7678754e-05
19.88	9.4845978e-05
19.91	1.0260017e-04
19.95	1.1098958e-04
19.98	1.2006647e-04
20.02	1.2988743e-04
20.05	1.4051374e-04
20.08	1.5201180e-04
20.12	1.6445353e-04
20.15	1.7791686e-04
20.19	1.9248622e-04
20.22	2.0825313e-04
20.25	2.2531679e-04
20.29	2.4378475e-04
20.32	2.6377362e-04
20.36	2.8540989e-04
20.39	3.0883076e-04
20.42	3.3418512e-04
20.46	3.6163455e-04
20.49	3.9135449e-04
20.53	4.2353545e-04
20.56	4.5838440e-04
20.60	4.9612624e-04
20.63	5.3700549e-04
20.66	5.8128805e-04
20.70	6.2926325e-04
20.73	6.8124606e-04
20.77	7.3757947e-04
20.80	7.9863730e-04
20.83	8.6482710e-04
20.87	9.3659356e-04
20.90	1.0144222e-03
20.94	1.0988434e-03
20.97	1.1904372e-03
21.00	1.2898385e-03
21.04	1.3977427e-03
21.07	1.5149121e-03
21.11	1.6421837e-03
21.14	1.7804772e-03
21.17	1.9308044e-03
21.21	2.0942802e-03
21.24	2.2721343e-03
21.28	2.4657256e-03
21.31	2.6765578e-03
21.34	2.9062979e-03
21.38	3.1567974e-03
21.41	3.4301167e-03
21.45	3.7285532e-03
21.48	4.0546750e-03
21.52	4.4113592e-03
21.55	4.8018377e-03
21.58	5.2297508e-03
21.62	5.6992110e-03
21.65	6.2148788e-03
21.69	6.7820538e-03
21.72	7.4067835e-03
21.75	8.0959960e-03
21.79	8.8576606e-03
21.82	9.7009850e-03
21.86	1.0636658e-02
21.89	1.1677152e-02
21.92	1.2837097e-02
21.96	1.4133760e-02
21.99	1.5587649e-02
22.03	1.7223287e-02
22.06	1.9070224e-02
22.09	2.1164356e-02
22.13	2.3549689e-02
22.16	2.6280705e-02
22.20	2.9425607e-02
22.23	3.3070845e-02
22.26	3.7327544e-02
22.30	4.2340883e-02
22.33	4.8304212e-02
22.37	5.5481245e-02
22.40	6.4243378e-02
22.43	7.5138731e-02
22.47	8.9035501e-02
22.50	1.0745062e-01
22.54	1.3334292e-01
22.57	1.7302463e-01
22.61	2.4057999e-01
22.64	3.6739354e-01
22.67	6.2084281e-01
22.71	1.1363961e+00
22.74	2.1612597e+00
22.78	4.0819376e+00
22.81	7.3342396e+00
22.84	1.1951927e+01
22.88	1.6541687e+01
22.91	1.8028264e+01
22.95	1.6335184e+01
22.98	1.4261560e+01
23.01	1.2348875e+01
23.05	1.0655657e+01
23.08	9.1776365e+00
23.12	7.8958843e+00
23.15	6.7883259e+00
23.18	5.8333767e+00
23.22	5.0111796e+00
23.25	4.3039681e+00
23.29	3.6960791e+00
23.32	3.1738228e+00
23.35	2.7252990e+00
23.39	2.3402004e+00
23.42	2.0096216e+00
23.46	1.7258825e+00
23.49	1.4823680e+00
23.53	1.2733864e+00
23.56	1.0940439e+00
23.59	9.4013541e-01
23.63	8.0804941e-01
23.66	6.9468514e-01
23.70	5.9738124e-01
23.73	5.1385406e-01
23.76	4.4214436e-01
23.80	3.8057157e-01
23.83	3.2769422e-01
23.87	2.8227614e-01
23.90	2.4325720e-01
23.93	2.0972837e-01
23.97	1.8091012e-01
24.00	1.5613406e-01
24.04	1.3482703e-01
24.07	1.1649755e-01
24.10	1.0072417e-01
24.14	8.7145453e-02
24.17	7.5451430e-02
24.21	6.5376245e-02
24.24	5.6691856e-02
24.27	4.9202637e-02
24.31	4.2740755e-02
24.34	3.7162197e-02
24.38	3.2343376e-02
24.41	2.8178216e-02
24.44	2.4575653e-02
24.48	2.1457500e-02
24.51	1.8756609e-02
24.55	1.6415299e-02
24.58	1.4384012e-02
24.62	1.2620155e-02
24.65	1.1087114e-02
24.68	9.7534004e-03
24.72	8.5919290e-03
24.75	7.5793916e-03
24.79	6.6957230e-03
24.82	5.9236431e-03
24.85	5.2482635e-03
24.89	4.6567507e-03
24.92	4.1380369e-03
24.96	3.6825717e-03
24.99	3.2821100e-03
25.02	2.9295286e-03
25.06	2.6186702e-03
25.09	2.3442085e-03
25.13	2.1015328e-03
25.16	1.8866489e-03
25.19	1.6960938e-03
25.23	1.5268626e-03
25.26	1.3763456e-03
25.30	1.2422742e-03
25.33	1.1226742e-03
25.36	1.0158261e-03
25.40	9.2023073e-04
25.43	8.3457915e-04
25.47	7.5772759e-04
25.50	6.8867522e-04
25.54	6.2654528e-04
25.57	5.7056872e-04
25.60	5.2007003e-04
25.64	4.7445514e-04
25.67	4.3320084e-04
25.71	3.9584567e-04
25.74	3.6198211e-04
25.77	3.3124969e-04
25.81	3.0332913e-04
25.84	2.7793722e-04
25.88	2.5482233e-04
25.91	2.3376060e-04
25.94	2.1455258e-04
25.98	1.9702024e-04
26.01	1.8100453e-04
26.05	1.6636308e-04
26.08	1.5296829e-04
26.11	1.4070563e-04
26.15	1.2947218e-04
26.18	1.1917528e-04
26.22	1.0973146e-04
26.25	1.0106535e-04
26.28	9.3108892e-05
26.32	8.5800492e-05
26.35	7.9084372e-05
26.39	7.2909954e-05
26.42	6.7231324e-05
26.45	6.2006760e-05
26.49	5.7198309e-05
26.52	5.2771415e-05
26.56	4.8694585e-05
26.59	4.4939090e-05
26.63	4.1478704e-05
26.66	3.8289467e-05
26.69	3.5349468e-05
26.73	3.2638661e-05
26.76	3.0138691e-05
26.80	2.7832739e-05
26.83	2.5705390e-05
26.86	2.3742500e-05
26.90	2.1931092e-05
26.93	2.0259249e-05
26.97	1.8716022e-05
27.00	1.7291351e-05
