# NeutrinoAntineutrinoInteraction/NeutrinoAntineutrinoResonanceElectron interaction rates
# neutrino field: massive Cosmic Neutrino Background, T_CnuB = 1.94535456 K
# Produced with crpropa-data version: 34240bf825c959521ec71bc1e6d82591f4f17700
# log10(E/eV), 1/lambda [1/Mpc]
10.00	0.0000000e+00
10.03	0.0000000e+00
10.07	0.0000000e+00
10.10	0.0000000e+00
10.14	0.0000000e+00
10.17	0.0000000e+00
10.20	0.0000000e+00
10.24	0.0000000e+00
10.27	0.0000000e+00
10.31	0.0000000e+00
10.34	0.0000000e+00
10.37	0.0000000e+00
10.41	0.0000000e+00
10.44	0.0000000e+00
10.48	0.0000000e+00
10.51	0.0000000e+00
10.55	0.0000000e+00
10.58	0.0000000e+00
10.61	0.0000000e+00
10.65	0.0000000e+00
10.68	0.0000000e+00
10.72	0.0000000e+00
10.75	0.0000000e+00
10.78	0.0000000e+00
10.82	0.0000000e+00
10.85	0.0000000e+00
10.89	0.0000000e+00
10.92	0.0000000e+00
10.95	0.0000000e+00
10.99	0.0000000e+00
11.02	2.1438875e-255
11.06	9.0087813e-237
11.09	1.4808049e-219
11.12	1.2159070e-203
11.16	6.2526486e-189
11.19	2.4818253e-175
11.23	9.2247632e-163
11.26	3.8389910e-151
11.29	2.1101008e-140
11.33	1.7846256e-130
11.36	2.6747180e-121
11.40	8.0946501e-113
11.43	5.5812552e-105
11.46	9.8027721e-98
11.50	4.8625276e-91
11.53	7.4938265e-85
11.57	3.9190447e-79
11.60	7.5458596e-74
11.64	5.7681206e-69
11.67	1.8768611e-64
11.70	2.7726403e-60
11.74	1.9737790e-56
11.77	7.1544308e-53
11.81	1.3894615e-49
11.84	1.5155405e-46
11.87	9.6972903e-44
11.91	3.7894929e-41
11.94	9.3870090e-39
11.98	1.5255886e-36
12.01	1.6793197e-34
12.04	1.2894219e-32
12.08	7.0964175e-31
12.11	2.8707285e-29
12.15	8.7368972e-28
12.18	2.0439809e-26
12.21	3.7496429e-25
12.25	5.4939566e-24
12.28	6.5395896e-23
12.32	6.4241827e-22
12.35	5.2845262e-21
12.38	3.6894281e-20
12.42	2.2135140e-19
12.45	1.1544517e-18
12.49	5.2901123e-18
12.52	2.1509430e-17
12.56	7.8311795e-17
12.59	2.5746818e-16
12.62	7.7038694e-16
12.66	2.1131086e-15
12.69	5.3489423e-15
12.73	1.2572960e-14
12.76	2.7600830e-14
12.79	5.6889133e-14
12.83	1.1063604e-13
12.86	2.0394093e-13
12.90	3.5783868e-13
12.93	5.9999168e-13
12.96	9.6483553e-13
13.00	1.4930387e-12
13.03	2.2302388e-12
13.07	3.2251399e-12
13.10	4.5271653e-12
13.13	6.1839387e-12
13.17	8.2388987e-12
13.20	1.0729329e-11
13.24	1.3685026e-11
13.27	1.7127730e-11
13.30	2.1071342e-11
13.34	2.5522868e-11
13.37	3.0483925e-11
13.41	3.5952637e-11
13.44	4.1925707e-11
13.47	4.8400487e-11
13.51	5.5376878e-11
13.54	6.2858968e-11
13.58	7.0856351e-11
13.61	7.9385101e-11
13.65	8.8468445e-11
13.68	9.8137162e-11
13.71	1.0842978e-10
13.75	1.1939263e-10
13.78	1.3107982e-10
13.82	1.4355315e-10
13.85	1.5688210e-10
13.88	1.7114376e-10
13.92	1.8642295e-10
13.95	2.0281231e-10
13.99	2.2041253e-10
14.02	2.3933272e-10
14.05	2.5969074e-10
14.09	2.8161382e-10
14.12	3.0523910e-10
14.16	3.3071438e-10
14.19	3.5819891e-10
14.22	3.8786430e-10
14.26	4.1989551e-10
14.29	4.5449198e-10
14.33	4.9186880e-10
14.36	5.3225801e-10
14.39	5.7591008e-10
14.43	6.2309537e-10
14.46	6.7410588e-10
14.50	7.2925699e-10
14.53	7.8888944e-10
14.57	8.5337143e-10
14.60	9.2310089e-10
14.63	9.9850798e-10
14.67	1.0800577e-09
14.70	1.1682527e-09
14.74	1.2636367e-09
14.77	1.3667973e-09
14.80	1.4783701e-09
14.84	1.5990424e-09
14.87	1.7295575e-09
14.91	1.8707193e-09
14.94	2.0233970e-09
14.97	2.1885309e-09
15.01	2.3671379e-09
15.04	2.5603177e-09
15.08	2.7692599e-09
15.11	2.9952510e-09
15.14	3.2396824e-09
15.18	3.5040592e-09
15.21	3.7900090e-09
15.25	4.0992926e-09
15.28	4.4338141e-09
15.31	4.7956331e-09
15.35	5.1869774e-09
15.38	5.6102563e-09
15.42	6.0680760e-09
15.45	6.5632550e-09
15.48	7.0988422e-09
15.52	7.6781350e-09
15.55	8.3046999e-09
15.59	8.9823947e-09
15.62	9.7153917e-09
15.66	1.0508204e-08
15.69	1.1365712e-08
15.72	1.2293196e-08
15.76	1.3296366e-08
15.79	1.4381398e-08
15.83	1.5554973e-08
15.86	1.6824316e-08
15.89	1.8197241e-08
15.93	1.9682203e-08
15.96	2.1288342e-08
16.00	2.3025549e-08
16.03	2.4904517e-08
16.06	2.6936817e-08
16.10	2.9134959e-08
16.13	3.1512478e-08
16.17	3.4084011e-08
16.20	3.6865391e-08
16.23	3.9873742e-08
16.27	4.3127585e-08
16.30	4.6646953e-08
16.34	5.0453515e-08
16.37	5.4570706e-08
16.40	5.9023875e-08
16.44	6.3840439e-08
16.47	6.9050053e-08
16.51	7.4684790e-08
16.54	8.0779343e-08
16.58	8.7371234e-08
16.61	9.4501048e-08
16.64	1.0221268e-07
16.68	1.1055361e-07
16.71	1.1957519e-07
16.75	1.2933297e-07
16.78	1.3988702e-07
16.81	1.5130232e-07
16.85	1.6364915e-07
16.88	1.7700352e-07
16.92	1.9144767e-07
16.95	2.0707051e-07
16.98	2.2396824e-07
17.02	2.4224488e-07
17.05	2.6201298e-07
17.09	2.8339422e-07
17.12	3.0652026e-07
17.15	3.3153347e-07
17.19	3.5858786e-07
17.22	3.8784999e-07
17.26	4.1950003e-07
17.29	4.5373284e-07
17.32	4.9075919e-07
17.36	5.3080704e-07
17.39	5.7412296e-07
17.43	6.2097364e-07
17.46	6.7164753e-07
17.49	7.2645663e-07
17.53	7.8573839e-07
17.56	8.4985779e-07
17.60	9.1920963e-07
17.63	9.9422088e-07
17.67	1.0753534e-06
17.70	1.1631067e-06
17.73	1.2580211e-06
17.77	1.3606810e-06
17.80	1.4717184e-06
17.84	1.5918170e-06
17.87	1.7217163e-06
17.90	1.8622160e-06
17.94	2.0141813e-06
17.97	2.1785478e-06
18.01	2.3563276e-06
18.04	2.5486152e-06
18.07	2.7565946e-06
18.11	2.9815465e-06
18.14	3.2248558e-06
18.18	3.4880209e-06
18.21	3.7726620e-06
18.24	4.0805319e-06
18.28	4.4135263e-06
18.31	4.7736956e-06
18.35	5.1632576e-06
18.38	5.5846113e-06
18.41	6.0403511e-06
18.45	6.5332836e-06
18.48	7.0664442e-06
18.52	7.6431161e-06
18.55	8.2668508e-06
18.59	8.9414893e-06
18.62	9.6711865e-06
18.65	1.0460436e-05
18.69	1.1314099e-05
18.72	1.2237434e-05
18.76	1.3236126e-05
18.79	1.4316328e-05
18.82	1.5484693e-05
18.86	1.6748417e-05
18.89	1.8115287e-05
18.93	1.9593721e-05
18.96	2.1192827e-05
18.99	2.2922459e-05
19.03	2.4793273e-05
19.06	2.6816795e-05
19.10	2.9005495e-05
19.13	3.1372861e-05
19.16	3.3933483e-05
19.20	3.6703143e-05
19.23	3.9698913e-05
19.27	4.2939260e-05
19.30	4.6444163e-05
19.33	5.0235233e-05
19.37	5.4335847e-05
19.40	5.8771296e-05
19.44	6.3568940e-05
19.47	6.8758377e-05
19.51	7.4371628e-05
19.54	8.0443333e-05
19.57	8.7010973e-05
19.61	9.4115094e-05
19.64	1.0179957e-04
19.68	1.1011186e-04
19.71	1.1910333e-04
19.74	1.2882955e-04
19.78	1.3935064e-04
19.81	1.5073168e-04
19.85	1.6304307e-04
19.88	1.7636100e-04
19.91	1.9076794e-04
19.95	2.0635314e-04
19.98	2.2321317e-04
20.02	2.4145260e-04
20.05	2.6118458e-04
20.08	2.8253162e-04
20.12	3.0562635e-04
20.15	3.3061235e-04
20.19	3.5764510e-04
20.22	3.8689293e-04
20.25	4.1853817e-04
20.29	4.5277826e-04
20.32	4.8982710e-04
20.36	5.2991637e-04
20.39	5.7329712e-04
20.42	6.2024135e-04
20.46	6.7104387e-04
20.49	7.2602422e-04
20.53	7.8552882e-04
20.56	8.4993331e-04
20.60	9.1964508e-04
20.63	9.9510607e-04
20.66	1.0767958e-03
20.70	1.1652347e-03
20.73	1.2609877e-03
20.77	1.3646685e-03
20.80	1.4769435e-03
20.83	1.5985371e-03
20.87	1.7302365e-03
20.90	1.8728980e-03
20.94	2.0274535e-03
20.97	2.1949169e-03
21.00	2.3763929e-03
21.04	2.5730851e-03
21.07	2.7863057e-03
21.11	3.0174867e-03
21.14	3.2681916e-03
21.17	3.5401284e-03
21.21	3.8351653e-03
21.24	4.1553469e-03
21.28	4.5029130e-03
21.31	4.8803201e-03
21.34	5.2902653e-03
21.38	5.7357127e-03
21.41	6.2199251e-03
21.45	6.7464983e-03
21.48	7.3194010e-03
21.52	7.9430212e-03
21.55	8.6222182e-03
21.58	9.3623837e-03
21.62	1.0169512e-02
21.65	1.1050282e-02
21.69	1.2012155e-02
21.72	1.3063481e-02
21.75	1.4213640e-02
21.79	1.5473193e-02
21.82	1.6854073e-02
21.86	1.8369809e-02
21.89	2.0035798e-02
21.92	2.1869640e-02
21.96	2.3891538e-02
21.99	2.6124808e-02
22.03	2.8596500e-02
22.06	3.1338194e-02
22.09	3.4387008e-02
22.13	3.7786906e-02
22.16	4.1590421e-02
22.20	4.5860966e-02
22.23	5.0676038e-02
22.26	5.6131844e-02
22.30	6.2350523e-02
22.33	6.9492694e-02
22.37	7.7781904e-02
22.40	8.7556139e-02
22.43	9.9377646e-02
22.47	1.1425752e-01
22.50	1.3408094e-01
22.54	1.6233734e-01
22.57	2.0524120e-01
22.61	2.7324547e-01
22.64	3.8279178e-01
22.67	5.5793546e-01
22.71	8.3129888e-01
22.74	1.2437343e+00
22.78	1.8421919e+00
22.81	2.6756041e+00
22.84	3.7890512e+00
22.88	5.2169443e+00
22.91	6.9763050e+00
22.95	9.0613348e+00
22.98	1.1440317e+01
23.01	1.4055506e+01
23.05	1.6826167e+01
23.08	1.9654372e+01
23.12	2.2432776e+01
23.15	2.5053303e+01
23.18	2.7415626e+01
23.22	2.9434447e+01
23.25	3.1044854e+01
23.29	3.2205354e+01
23.32	3.2898557e+01
23.35	3.3129764e+01
23.39	3.2923928e+01
23.42	3.2321560e+01
23.46	3.1374176e+01
23.49	3.0139767e+01
23.53	2.8678702e+01
23.56	2.7050298e+01
23.59	2.5310184e+01
23.63	2.3508470e+01
23.66	2.1688645e+01
23.70	1.9887114e+01
23.73	1.8133211e+01
23.76	1.6449580e+01
23.80	1.4852790e+01
23.83	1.3354081e+01
23.87	1.1960163e+01
23.90	1.0674017e+01
23.93	9.4956357e+00
23.97	8.4227057e+00
24.00	7.4511960e+00
24.04	6.5758642e+00
24.07	5.7906737e+00
24.10	5.0891325e+00
24.14	4.4645600e+00
24.17	3.9102918e+00
24.21	3.4198324e+00
24.24	2.9869639e+00
24.27	2.6058192e+00
24.31	2.2709270e+00
24.34	1.9772354e+00
24.38	1.7201179e+00
24.41	1.4953681e+00
24.44	1.2991844e+00
24.48	1.1281495e+00
24.51	9.7920602e-01
24.55	8.4962946e-01
24.58	7.3700102e-01
24.62	6.3918009e-01
24.65	5.5427770e-01
24.68	4.8063121e-01
24.72	4.1678054e-01
24.75	3.6144610e-01
24.79	3.1350858e-01
24.82	2.7199047e-01
24.85	2.3603938e-01
24.89	2.0491301e-01
24.92	1.7796570e-01
24.96	1.5463646e-01
24.99	1.3443834e-01
25.02	1.1694903e-01
25.06	1.0180254e-01
25.09	8.8681910e-02
25.13	7.7312810e-02
25.16	6.7457933e-02
25.19	5.8912084e-02
25.23	5.1497908e-02
25.26	4.5062160e-02
25.30	3.9472461e-02
25.33	3.4614483e-02
25.36	3.0389501e-02
25.40	2.6712272e-02
25.43	2.3509197e-02
25.47	2.0716731e-02
25.50	1.8280005e-02
25.54	1.6151640e-02
25.57	1.4290715e-02
25.60	1.2661881e-02
25.64	1.1234596e-02
25.67	9.9824626e-03
25.71	8.8826570e-03
25.74	7.9154394e-03
25.77	7.0637288e-03
25.81	6.3127380e-03
25.84	5.6496588e-03
25.88	5.0633906e-03
25.91	4.5443068e-03
25.94	4.0840534e-03
25.98	3.6753755e-03
26.01	3.3119676e-03
26.05	2.9883449e-03
26.08	2.6997325e-03
26.11	2.4419691e-03
26.15	2.2114253e-03
26.18	2.0049318e-03
26.22	1.8197182e-03
26.25	1.6533603e-03
26.28	1.5037341e-03
26.32	1.3689766e-03
26.35	1.2474515e-03
26.39	1.1377196e-03
26.42	1.0385139e-03
26.45	9.4871707e-04
26.49	8.6734243e-04
26.52	7.9351758e-04
26.56	7.2647002e-04
26.59	6.6551466e-04
26.63	6.1004311e-04
26.66	5.5951427e-04
26.69	5.1344618e-04
26.73	4.7140893e-04
26.76	4.3301848e-04
26.80	3.9793126e-04
26.83	3.6583948e-04
26.86	3.3646700e-04
26.90	3.0956573e-04
26.93	2.8491247e-04
26.97	2.6230616e-04
27.00	2.4156544e-04
