# NeutrinoAntineutrinoInteraction/NeutrinoAntineutrinoResonanceElectron interaction rates
# neutrino field: massive Cosmic Neutrino Background, T_CnuB = 1.94535456 K
# Produced with crpropa-data version: 34240bf825c959521ec71bc1e6d82591f4f17700
# log10(E/eV), 1/lambda [1/Mpc]
10.00	0.0000000e+00
10.03	0.0000000e+00
10.07	0.0000000e+00
10.10	0.0000000e+00
10.14	0.0000000e+00
10.17	0.0000000e+00
10.20	0.0000000e+00
10.24	0.0000000e+00
10.27	0.0000000e+00
10.31	0.0000000e+00
10.34	0.0000000e+00
10.37	0.0000000e+00
10.41	0.0000000e+00
10.44	0.0000000e+00
10.48	0.0000000e+00
10.51	0.0000000e+00
10.55	0.0000000e+00
10.58	0.0000000e+00
10.61	0.0000000e+00
10.65	0.0000000e+00
10.68	0.0000000e+00
10.72	0.0000000e+00
10.75	0.0000000e+00
10.78	0.0000000e+00
10.82	0.0000000e+00
10.85	0.0000000e+00
10.89	0.0000000e+00
10.92	4.5723749e-270
10.95	2.7308428e-250
10.99	5.1125989e-232
11.02	3.9797185e-215
11.06	1.6373176e-199
11.09	4.4445323e-185
11.12	9.7725041e-172
11.16	2.1039055e-159
11.19	5.2847932e-148
11.23	1.8214095e-137
11.26	1.0005772e-127
11.29	1.0063111e-118
11.33	2.1061446e-110
11.36	1.0326585e-102
11.40	1.3234140e-95
11.43	4.9054102e-89
11.46	5.7749555e-83
11.50	2.3545183e-77
11.53	3.6015271e-72
11.57	2.2255238e-67
11.60	5.9490126e-63
11.64	7.3280789e-59
11.67	4.4102369e-55
11.70	1.3687967e-51
11.74	2.3031873e-48
11.77	2.2004110e-45
11.81	1.2457191e-42
11.84	4.3474683e-40
11.87	9.7010208e-38
11.91	1.4316335e-35
11.94	1.4415934e-33
11.98	1.0195092e-31
12.01	5.2008332e-30
12.04	1.9616003e-28
12.08	5.5965285e-27
12.11	1.2335756e-25
12.15	2.1420507e-24
12.18	2.9836696e-23
12.21	3.3898389e-22
12.25	3.1902148e-21
12.28	2.5227522e-20
12.32	1.6985507e-19
12.35	9.8568154e-19
12.38	4.9860420e-18
12.42	2.2216500e-17
12.45	8.8043033e-17
12.49	3.1311158e-16
12.52	1.0075876e-15
12.56	2.9564632e-15
12.59	7.9661153e-15
12.62	1.9840582e-14
12.66	4.5955057e-14
12.69	9.9546224e-14
12.73	2.0271649e-13
12.76	3.8995875e-13
12.79	7.1178802e-13
12.83	1.2378790e-12
12.86	2.0590214e-12
12.90	3.2872633e-12
12.93	5.0538268e-12
12.96	7.5047049e-12
13.00	1.0794232e-11
13.03	1.5077253e-11
13.07	2.0500772e-11
13.10	2.7196049e-11
13.13	3.5272058e-11
13.17	4.4811037e-11
13.20	5.5866581e-11
13.24	6.8464392e-11
13.27	8.2605505e-11
13.30	9.8271549e-11
13.34	1.1543143e-10
13.37	1.3404875e-10
13.41	1.5408931e-10
13.44	1.7552809e-10
13.47	1.9835541e-10
13.51	2.2258181e-10
13.54	2.4824178e-10
13.58	2.7539622e-10
13.61	3.0413392e-10
13.65	3.3457205e-10
13.68	3.6685625e-10
13.71	4.0116018e-10
13.75	4.3768518e-10
13.78	4.7666034e-10
13.82	5.1834507e-10
13.85	5.6302668e-10
13.88	6.1100849e-10
13.92	6.6261005e-10
13.95	7.1816968e-10
13.99	7.7804708e-10
14.02	8.4262597e-10
14.05	9.1231684e-10
14.09	9.8755977e-10
14.12	1.0688274e-09
14.16	1.1566282e-09
14.19	1.2515095e-09
14.22	1.3540615e-09
14.26	1.4649204e-09
14.29	1.5847732e-09
14.33	1.7143614e-09
14.36	1.8544860e-09
14.39	2.0060124e-09
14.43	2.1698758e-09
14.46	2.3470870e-09
14.50	2.5387387e-09
14.53	2.7460124e-09
14.57	2.9701853e-09
14.60	3.2126387e-09
14.63	3.4748663e-09
14.67	3.7584832e-09
14.70	4.0652362e-09
14.74	4.3970146e-09
14.77	4.7558614e-09
14.80	5.1439864e-09
14.84	5.5637795e-09
14.87	6.0178257e-09
14.91	6.5089205e-09
14.94	7.0400878e-09
14.97	7.6145980e-09
15.01	8.2359883e-09
15.04	8.9080847e-09
15.08	9.6350252e-09
15.11	1.0421285e-08
15.14	1.1271706e-08
15.18	1.2191524e-08
15.21	1.3186401e-08
15.25	1.4262463e-08
15.28	1.5426335e-08
15.31	1.6685183e-08
15.35	1.8046757e-08
15.38	1.9519440e-08
15.42	2.1112298e-08
15.45	2.2835140e-08
15.48	2.4698572e-08
15.52	2.6714066e-08
15.55	2.8894032e-08
15.59	3.1251891e-08
15.62	3.3802160e-08
15.66	3.6560539e-08
15.69	3.9544013e-08
15.72	4.2770948e-08
15.76	4.6261214e-08
15.79	5.0036297e-08
15.83	5.4119442e-08
15.86	5.8535785e-08
15.89	6.3312519e-08
15.93	6.8479051e-08
15.96	7.4067191e-08
16.00	8.0111344e-08
16.03	8.6648722e-08
16.06	9.3719573e-08
16.10	1.0136743e-07
16.13	1.0963938e-07
16.17	1.1858636e-07
16.20	1.2826344e-07
16.23	1.3873020e-07
16.27	1.5005110e-07
16.30	1.6229581e-07
16.34	1.7553975e-07
16.37	1.8986443e-07
16.40	2.0535806e-07
16.44	2.2211604e-07
16.47	2.4024152e-07
16.51	2.5984611e-07
16.54	2.8105051e-07
16.58	3.0398526e-07
16.61	3.2879158e-07
16.64	3.5562218e-07
16.68	3.8464227e-07
16.71	4.1603050e-07
16.75	4.4998013e-07
16.78	4.8670018e-07
16.81	5.2641672e-07
16.85	5.6937428e-07
16.88	6.1583735e-07
16.92	6.6609198e-07
16.95	7.2044758e-07
16.98	7.7923880e-07
17.02	8.4282763e-07
17.05	9.1160554e-07
17.09	9.8599601e-07
17.12	1.0664570e-06
17.15	1.1534840e-06
17.19	1.2476127e-06
17.22	1.3494227e-06
17.26	1.4595408e-06
17.29	1.5786450e-06
17.32	1.7074686e-06
17.36	1.8468048e-06
17.39	1.9975113e-06
17.43	2.1605162e-06
17.46	2.3368230e-06
17.49	2.5275172e-06
17.53	2.7337729e-06
17.56	2.9568600e-06
17.60	3.1981520e-06
17.63	3.4591346e-06
17.67	3.7414146e-06
17.70	4.0467301e-06
17.73	4.3769608e-06
17.77	4.7341400e-06
17.80	5.1204669e-06
17.84	5.5383202e-06
17.87	5.9902726e-06
17.90	6.4791068e-06
17.94	7.0078328e-06
17.97	7.5797060e-06
18.01	8.1982475e-06
18.04	8.8672660e-06
18.07	9.5908808e-06
18.11	1.0373548e-05
18.14	1.1220085e-05
18.18	1.2135707e-05
18.21	1.3126050e-05
18.24	1.4197214e-05
18.28	1.5355793e-05
18.31	1.6608923e-05
18.35	1.7964319e-05
18.38	1.9430329e-05
18.41	2.1015981e-05
18.45	2.2731038e-05
18.48	2.4586063e-05
18.52	2.6592481e-05
18.55	2.8762647e-05
18.59	3.1109927e-05
18.62	3.3648779e-05
18.65	3.6394839e-05
18.69	3.9365021e-05
18.72	4.2577620e-05
18.76	4.6052424e-05
18.79	4.9810839e-05
18.82	5.3876017e-05
18.86	5.8273002e-05
18.89	6.3028883e-05
18.93	6.8172961e-05
18.96	7.3736932e-05
18.99	7.9755082e-05
19.03	8.6264495e-05
19.06	9.3305289e-05
19.10	1.0092086e-04
19.13	1.0915814e-04
19.16	1.1806792e-04
19.20	1.2770512e-04
19.23	1.3812917e-04
19.27	1.4940433e-04
19.30	1.6160016e-04
19.33	1.7479188e-04
19.37	1.8906086e-04
19.40	2.0449514e-04
19.44	2.2118998e-04
19.47	2.3924841e-04
19.51	2.5878193e-04
19.54	2.7991116e-04
19.57	3.0276659e-04
19.61	3.2748942e-04
19.64	3.5423245e-04
19.68	3.8316098e-04
19.71	4.1445391e-04
19.74	4.4830480e-04
19.78	4.8492315e-04
19.81	5.2453564e-04
19.85	5.6738763e-04
19.88	6.1374465e-04
19.91	6.6389413e-04
19.95	7.1814715e-04
19.98	7.7684049e-04
20.02	8.4033873e-04
20.05	9.0903655e-04
20.08	9.8336133e-04
20.12	1.0637758e-03
20.15	1.1507811e-03
20.19	1.2449199e-03
20.22	1.3467801e-03
20.25	1.4569986e-03
20.29	1.5762651e-03
20.32	1.7053273e-03
20.36	1.8449953e-03
20.39	1.9961472e-03
20.42	2.1597348e-03
20.46	2.3367904e-03
20.49	2.5284331e-03
20.53	2.7358772e-03
20.56	2.9604399e-03
20.60	3.2035508e-03
20.63	3.4667618e-03
20.66	3.7517578e-03
20.70	4.0603694e-03
20.73	4.3945851e-03
20.77	4.7565669e-03
20.80	5.1486653e-03
20.83	5.5734377e-03
20.87	6.0336674e-03
20.90	6.5323850e-03
20.94	7.0728928e-03
20.97	7.6587904e-03
21.00	8.2940048e-03
21.04	8.9828224e-03
21.07	9.7299257e-03
21.11	1.0540434e-02
21.14	1.1419948e-02
21.17	1.2374604e-02
21.21	1.3411125e-02
21.24	1.4536894e-02
21.28	1.5760019e-02
21.31	1.7089423e-02
21.34	1.8534932e-02
21.38	2.0107388e-02
21.41	2.1818771e-02
21.45	2.3682338e-02
21.48	2.5712789e-02
21.52	2.7926454e-02
21.55	3.0341513e-02
21.58	3.2978252e-02
21.62	3.5859360e-02
21.65	3.9010285e-02
21.69	4.2459647e-02
21.72	4.6239737e-02
21.75	5.0387106e-02
21.79	5.4943283e-02
21.82	5.9955634e-02
21.86	6.5478422e-02
21.89	7.1574098e-02
21.92	7.8314916e-02
21.96	8.5784944e-02
21.99	9.4082615e-02
22.03	1.0332400e-01
22.06	1.1364706e-01
22.09	1.2521727e-01
22.13	1.3823522e-01
22.16	1.5294722e-01
22.20	1.6966091e-01
22.23	1.8877000e-01
22.26	2.1079848e-01
22.30	2.3648853e-01
22.33	2.6698696e-01
22.37	3.0424064e-01
22.40	3.5179370e-01
22.43	4.1626908e-01
22.47	5.0985949e-01
22.50	6.5406407e-01
22.54	8.8460747e-01
22.57	1.2569527e+00
22.61	1.8511743e+00
22.64	2.7744221e+00
22.67	4.1590566e+00
22.71	6.1549809e+00
22.74	8.9157412e+00
22.78	1.2579398e+01
22.81	1.7246596e+01
22.84	2.2959269e+01
22.88	2.9683694e+01
22.91	3.7301101e+01
22.95	4.5607867e+01
22.98	5.4325765e+01
23.01	6.3121138e+01
23.05	7.1630583e+01
23.08	7.9489845e+01
23.12	8.6362408e+01
23.15	9.1964517e+01
23.18	9.6084114e+01
23.22	9.8592181e+01
23.25	9.9446079e+01
23.29	9.8685472e+01
23.32	9.6422225e+01
23.35	9.2826118e+01
23.39	8.8108349e+01
23.42	8.2504698e+01
23.46	7.6259850e+01
23.49	6.9613969e+01
23.53	6.2792155e+01
23.56	5.5997066e+01
23.59	4.9404768e+01
23.63	4.3163911e+01
23.66	3.7399287e+01
23.70	3.2224369e+01
23.73	2.7712362e+01
23.76	2.3818788e+01
23.80	2.0467153e+01
23.83	1.7585240e+01
23.87	1.5108787e+01
23.90	1.2981585e+01
23.93	1.1154835e+01
23.97	9.5863432e+00
24.00	8.2397159e+00
24.04	7.0836122e+00
24.07	6.0910712e+00
24.10	5.2389189e+00
24.14	4.5072468e+00
24.17	3.8789600e+00
24.21	3.3393841e+00
24.24	2.8759254e+00
24.27	2.4777783e+00
24.31	2.1356728e+00
24.34	1.8416569e+00
24.38	1.5889098e+00
24.41	1.3715813e+00
24.44	1.1846539e+00
24.48	1.0238242e+00
24.51	8.8540119e-01
24.55	7.6621920e-01
24.58	6.6356273e-01
24.62	5.7510250e-01
24.65	4.9884024e-01
24.68	4.3306157e-01
24.72	3.7629546e-01
24.75	3.2727954e-01
24.79	2.8493037e-01
24.82	2.4831792e-01
24.85	2.1664370e-01
24.89	1.8922205e-01
24.92	1.6546404e-01
24.96	1.4486375e-01
24.99	1.2698642e-01
25.02	1.1145839e-01
25.06	9.7958384e-02
25.09	8.6210076e-02
25.13	7.5975750e-02
25.16	6.7050813e-02
25.19	5.9259115e-02
25.23	5.2448932e-02
25.26	4.6489521e-02
25.30	4.1268164e-02
25.33	3.6687636e-02
25.36	3.2664027e-02
25.40	2.9124881e-02
25.43	2.6007589e-02
25.47	2.3258021e-02
25.50	2.0829341e-02
25.54	1.8680997e-02
25.57	1.6777851e-02
25.60	1.5089429e-02
25.64	1.3589283e-02
25.67	1.2254435e-02
25.71	1.1064906e-02
25.74	1.0003304e-02
25.77	9.0544764e-03
25.81	8.2052063e-03
25.84	7.4439520e-03
25.88	6.7606233e-03
25.91	6.1463883e-03
25.94	5.5935069e-03
25.98	5.0951870e-03
26.01	4.6454607e-03
26.05	4.2390770e-03
26.08	3.8714096e-03
26.11	3.5383766e-03
26.15	3.2363712e-03
26.18	2.9622021e-03
26.22	2.7130412e-03
26.25	2.4863787e-03
26.28	2.2799839e-03
26.32	2.0918714e-03
26.35	1.9202712e-03
26.39	1.7636031e-03
26.42	1.6204544e-03
26.45	1.4895602e-03
26.49	1.3697863e-03
26.52	1.2601143e-03
26.56	1.1596286e-03
26.59	1.0675046e-03
26.63	9.8299893e-04
26.66	9.0544062e-04
26.69	8.3422309e-04
26.73	7.6879742e-04
26.76	7.0866630e-04
26.80	6.5337859e-04
26.83	6.0252467e-04
26.86	5.5573219e-04
26.90	5.1266234e-04
26.93	4.7300655e-04
26.97	4.3648350e-04
27.00	4.0283654e-04
