# NeutrinoAntineutrinoInteraction/NeutrinoAntineutrinoResonanceElectron interaction rates
# neutrino field: massive Cosmic Neutrino Background, T_CnuB = 1.94535456 K
# Produced with crpropa-data version: 34240bf825c959521ec71bc1e6d82591f4f17700
# log10(E/eV), 1/lambda [1/Mpc]
10.00	0.0000000e+00
10.03	0.0000000e+00
10.07	0.0000000e+00
10.10	0.0000000e+00
10.14	0.0000000e+00
10.17	0.0000000e+00
10.20	0.0000000e+00
10.24	0.0000000e+00
10.27	0.0000000e+00
10.31	0.0000000e+00
10.34	0.0000000e+00
10.37	0.0000000e+00
10.41	0.0000000e+00
10.44	0.0000000e+00
10.48	0.0000000e+00
10.51	0.0000000e+00
10.55	0.0000000e+00
10.58	0.0000000e+00
10.61	0.0000000e+00
10.65	0.0000000e+00
10.68	0.0000000e+00
10.72	0.0000000e+00
10.75	0.0000000e+00
10.78	0.0000000e+00
10.82	5.4840072e-258
10.85	4.4484946e-239
10.89	1.3432220e-221
10.92	1.9352238e-205
10.95	1.6736205e-190
10.99	1.0742306e-176
11.02	6.2268910e-164
11.06	3.9081149e-152
11.09	3.1407306e-141
11.12	3.7740759e-131
11.16	7.8266402e-122
11.19	3.1981252e-113
11.23	2.9107051e-105
11.26	6.6083861e-98
11.29	4.1561029e-91
11.33	7.9769646e-85
11.36	5.1102592e-79
11.40	1.1870294e-73
11.43	1.0792950e-68
11.46	4.1230433e-64
11.50	7.0650455e-60
11.53	5.7690990e-56
11.57	2.3740601e-52
11.60	5.1847579e-49
11.64	6.3035718e-46
11.67	4.4593192e-43
11.70	1.9121778e-40
11.74	5.1615657e-38
11.77	9.0825144e-36
11.81	1.0760589e-33
11.84	8.8439721e-32
11.87	5.1836813e-30
11.91	2.2228135e-28
11.94	7.1400299e-27
11.98	1.7559623e-25
12.01	3.3738066e-24
12.04	5.1597242e-23
12.08	6.3905068e-22
12.11	6.5130389e-21
12.15	5.5435400e-20
12.18	3.9946567e-19
12.21	2.4680196e-18
12.25	1.3227294e-17
12.28	6.2164509e-17
12.32	2.5876603e-16
12.35	9.6290718e-16
12.38	3.2306719e-15
12.42	9.8508541e-15
12.45	2.7498717e-14
12.49	7.0754892e-14
12.52	1.6886320e-13
12.56	3.7598858e-13
12.59	7.8526255e-13
12.62	1.5460449e-12
12.66	2.8827201e-12
12.69	5.1122700e-12
12.73	8.6571781e-12
12.76	1.4050220e-11
12.79	2.1928507e-11
12.83	3.3015666e-11
12.86	4.8092926e-11
12.90	6.7961798e-11
12.93	9.3402442e-11
12.96	1.2513264e-10
13.00	1.6377221e-10
13.03	2.0981686e-10
13.07	2.6362431e-10
13.10	3.2541360e-10
13.13	3.9527716e-10
13.17	4.7320361e-10
13.20	5.5910842e-10
13.24	6.5286907e-10
13.27	7.5436134e-10
13.30	8.6349383e-10
13.34	9.8023856e-10
13.37	1.1046562e-09
13.41	1.2369154e-09
13.44	1.3773063e-09
13.47	1.5262490e-09
13.51	1.6842977e-09
13.54	1.8521414e-09
13.58	2.0306031e-09
13.61	2.2206378e-09
13.65	2.4233296e-09
13.68	2.6398905e-09
13.71	2.8716591e-09
13.75	3.1201021e-09
13.78	3.3868175e-09
13.82	3.6735455e-09
13.85	3.9821686e-09
13.88	4.3146916e-09
13.92	4.6732514e-09
13.95	5.0601322e-09
13.99	5.4777815e-09
14.02	5.9288265e-09
14.05	6.4160920e-09
14.09	6.9426190e-09
14.12	7.5116841e-09
14.16	8.1268208e-09
14.19	8.7918417e-09
14.22	9.5108633e-09
14.26	1.0288331e-08
14.29	1.1129047e-08
14.33	1.2038202e-08
14.36	1.3021404e-08
14.39	1.4084716e-08
14.43	1.5234695e-08
14.46	1.6478426e-08
14.50	1.7823575e-08
14.53	1.9278427e-08
14.57	2.0851945e-08
14.60	2.2553820e-08
14.63	2.4394533e-08
14.67	2.6385421e-08
14.70	2.8538742e-08
14.74	3.0867757e-08
14.77	3.3386806e-08
14.80	3.6111400e-08
14.84	3.9058314e-08
14.87	4.2245695e-08
14.91	4.5693165e-08
14.94	4.9421952e-08
14.97	5.3455012e-08
15.01	5.7817178e-08
15.04	6.2535307e-08
15.08	6.7638446e-08
15.11	7.3158015e-08
15.14	7.9127998e-08
15.18	8.5585150e-08
15.21	9.2569225e-08
15.25	1.0012322e-07
15.28	1.0829366e-07
15.31	1.1713082e-07
15.35	1.2668913e-07
15.38	1.3702743e-07
15.42	1.4820938e-07
15.45	1.6030381e-07
15.48	1.7338518e-07
15.52	1.8753405e-07
15.55	2.0283751e-07
15.59	2.1938979e-07
15.62	2.3729280e-07
15.66	2.5665676e-07
15.69	2.7760089e-07
15.72	3.0025413e-07
15.76	3.2475596e-07
15.79	3.5125723e-07
15.83	3.7992110e-07
15.86	4.1092405e-07
15.89	4.4445695e-07
15.93	4.8072626e-07
15.96	5.1995528e-07
16.00	5.6238552e-07
16.03	6.0827823e-07
16.06	6.5791596e-07
16.10	7.1160430e-07
16.13	7.6967381e-07
16.17	8.3248201e-07
16.20	9.0041559e-07
16.23	9.7389279e-07
16.27	1.0533660e-06
16.30	1.1393245e-06
16.34	1.2322976e-06
16.37	1.3328576e-06
16.40	1.4416237e-06
16.44	1.5592655e-06
16.47	1.6865073e-06
16.51	1.8241325e-06
16.54	1.9729884e-06
16.58	2.1339916e-06
16.61	2.3081332e-06
16.64	2.4964854e-06
16.68	2.7002079e-06
16.71	2.9205549e-06
16.75	3.1588830e-06
16.78	3.4166597e-06
16.81	3.6954719e-06
16.85	3.9970363e-06
16.88	4.3232094e-06
16.92	4.6759996e-06
16.95	5.0575789e-06
16.98	5.4702965e-06
17.02	5.9166935e-06
17.05	6.3995183e-06
17.09	6.9217436e-06
17.12	7.4865846e-06
17.15	8.0975188e-06
17.19	8.7583079e-06
17.22	9.4730201e-06
17.26	1.0246056e-05
17.29	1.1082175e-05
17.32	1.1986524e-05
17.36	1.2964673e-05
17.39	1.4022643e-05
17.43	1.5166948e-05
17.46	1.6404633e-05
17.49	1.7743319e-05
17.53	1.9191249e-05
17.56	2.0757336e-05
17.60	2.2451224e-05
17.63	2.4283342e-05
17.67	2.6264970e-05
17.70	2.8408309e-05
17.73	3.0726556e-05
17.77	3.3233985e-05
17.80	3.5946035e-05
17.84	3.8879404e-05
17.87	4.2052153e-05
17.90	4.5483819e-05
17.94	4.9195531e-05
17.97	5.3210143e-05
18.01	5.7552376e-05
18.04	6.2248966e-05
18.07	6.7328833e-05
18.11	7.2823257e-05
18.14	7.8766071e-05
18.18	8.5193869e-05
18.21	9.2146233e-05
18.24	9.9665975e-05
18.28	1.0779940e-04
18.31	1.1659660e-04
18.35	1.2611175e-04
18.38	1.3640344e-04
18.41	1.4753506e-04
18.45	1.5957516e-04
18.48	1.7259789e-04
18.52	1.8668347e-04
18.55	2.0191865e-04
18.59	2.1839727e-04
18.62	2.3622082e-04
18.65	2.5549911e-04
18.69	2.7635087e-04
18.72	2.9890458e-04
18.76	3.2329918e-04
18.79	3.4968495e-04
18.82	3.7822447e-04
18.86	4.0909359e-04
18.89	4.4248253e-04
18.93	4.7859705e-04
18.96	5.1765973e-04
18.99	5.5991132e-04
19.03	6.0561227e-04
19.06	6.5504431e-04
19.10	7.0851220e-04
19.13	7.6634562e-04
19.16	8.2890123e-04
19.20	8.9656483e-04
19.23	9.6975380e-04
19.27	1.0489197e-03
19.30	1.1345510e-03
19.33	1.2271761e-03
19.37	1.3273669e-03
19.40	1.4357420e-03
19.44	1.5529705e-03
19.47	1.6797766e-03
19.51	1.8169439e-03
19.54	1.9653200e-03
19.57	2.1258223e-03
19.61	2.2994435e-03
19.64	2.4872577e-03
19.68	2.6904273e-03
19.71	2.9102104e-03
19.74	3.1479684e-03
19.78	3.4051750e-03
19.81	3.6834251e-03
19.85	3.9844454e-03
19.88	4.3101048e-03
19.91	4.6624266e-03
19.95	5.0436016e-03
19.98	5.4560016e-03
20.02	5.9021953e-03
20.05	6.3849640e-03
20.08	6.9073206e-03
20.12	7.4725283e-03
20.15	8.0841222e-03
20.19	8.7459326e-03
20.22	9.4621098e-03
20.25	1.0237152e-02
20.29	1.1075935e-02
20.32	1.1983745e-02
20.36	1.2966313e-02
20.39	1.4029857e-02
20.42	1.5181120e-02
20.46	1.6427419e-02
20.49	1.7776697e-02
20.53	1.9237576e-02
20.56	2.0819419e-02
20.60	2.2532399e-02
20.63	2.4387570e-02
20.66	2.6396950e-02
20.70	2.8573609e-02
20.73	3.0931768e-02
20.77	3.3486907e-02
20.80	3.6255888e-02
20.83	3.9257085e-02
20.87	4.2510535e-02
20.90	4.6038099e-02
20.94	4.9863649e-02
20.97	5.4013268e-02
21.00	5.8515484e-02
21.04	6.3401520e-02
21.07	6.8705587e-02
21.11	7.4465206e-02
21.14	8.0721572e-02
21.17	8.7519972e-02
21.21	9.4910250e-02
21.24	1.0294735e-01
21.28	1.1169191e-01
21.31	1.2121099e-01
21.34	1.3157886e-01
21.38	1.4287793e-01
21.41	1.5519981e-01
21.45	1.6864663e-01
21.48	1.8333242e-01
21.52	1.9938489e-01
21.55	2.1694743e-01
21.58	2.3618152e-01
21.62	2.5726964e-01
21.65	2.8041863e-01
21.69	3.0586393e-01
21.72	3.3387459e-01
21.75	3.6475947e-01
21.79	3.9887488e-01
21.82	4.3663414e-01
21.86	4.7851955e-01
21.89	5.2509771e-01
21.92	5.7703930e-01
21.96	6.3514494e-01
21.99	7.0037996e-01
22.03	7.7392199e-01
22.06	8.5722920e-01
22.09	9.5214482e-01
22.13	1.0610741e+00
22.16	1.1873215e+00
22.20	1.3357933e+00
22.23	1.5144976e+00
22.26	1.7376507e+00
22.30	2.0316673e+00
22.33	2.4456821e+00
22.37	3.0681261e+00
22.40	4.0498094e+00
22.43	5.6316928e+00
22.47	8.1723253e+00
22.50	1.2166752e+01
22.54	1.8246959e+01
22.57	2.7154954e+01
22.61	3.9683836e+01
22.64	5.6589110e+01
22.67	7.8480140e+01
22.71	1.0570793e+02
22.74	1.3826838e+02
22.78	1.7573897e+02
22.81	2.1726168e+02
22.84	2.6157743e+02
22.88	3.0710873e+02
22.91	3.5207978e+02
22.95	3.9465821e+02
22.98	4.3310029e+02
23.01	4.6588229e+02
23.05	4.9180413e+02
23.08	5.1005633e+02
23.12	5.2024709e+02
23.15	5.2239156e+02
23.18	5.1686969e+02
23.22	5.0436150e+02
23.25	4.8576971e+02
23.29	4.6213905e+02
23.32	4.3457988e+02
23.35	4.0420175e+02
23.39	3.7205991e+02
23.42	3.3911614e+02
23.46	3.0621334e+02
23.49	2.7406239e+02
23.53	2.4323925e+02
23.56	2.1419010e+02
23.59	1.8724269e+02
23.63	1.6262290e+02
23.66	1.4047823e+02
23.70	1.2091840e+02
23.73	1.0395727e+02
23.76	8.9346258e+01
23.80	7.6780199e+01
23.83	6.5980933e+01
23.87	5.6703926e+01
23.90	4.8736577e+01
23.93	4.1894980e+01
23.97	3.6020494e+01
24.00	3.0976502e+01
24.04	2.6645491e+01
24.07	2.2926461e+01
24.10	1.9732650e+01
24.14	1.6989559e+01
24.17	1.4633243e+01
24.21	1.2608823e+01
24.24	1.0869214e+01
24.27	9.3740212e+00
24.31	8.0885913e+00
24.34	6.9832012e+00
24.38	6.0323555e+00
24.41	5.2141864e+00
24.44	4.5099369e+00
24.48	3.9035179e+00
24.51	3.3811285e+00
24.55	2.9309295e+00
24.58	2.5427637e+00
24.62	2.2079165e+00
24.65	1.9189100e+00
24.68	1.6693266e+00
24.72	1.4536580e+00
24.75	1.2671755e+00
24.79	1.1058193e+00
24.82	9.6610269e-01
24.85	8.4503097e-01
24.89	7.4003118e-01
24.92	6.4889223e-01
24.96	5.6971351e-01
24.99	5.0086078e-01
25.02	4.4092840e-01
25.06	3.8870697e-01
25.09	3.4315552e-01
25.13	3.0337771e-01
25.16	2.6860142e-01
25.19	2.3816121e-01
25.23	2.1148335e-01
25.26	1.8807287e-01
25.30	1.6750257e-01
25.33	1.4940347e-01
25.36	1.3345673e-01
25.40	1.1938661e-01
25.43	1.0695451e-01
25.47	9.5953807e-02
25.50	8.6205421e-02
25.54	7.7554025e-02
25.57	6.9864772e-02
25.60	6.3020493e-02
25.64	5.6919280e-02
25.67	5.1472412e-02
25.71	4.6602563e-02
25.74	4.2242272e-02
25.77	3.8332614e-02
25.81	3.4822058e-02
25.84	3.1665491e-02
25.88	2.8823361e-02
25.91	2.6260952e-02
25.94	2.3947753e-02
25.98	2.1856909e-02
26.01	1.9964750e-02
26.05	1.8250387e-02
26.08	1.6695357e-02
26.11	1.5283317e-02
26.15	1.3999779e-02
26.18	1.2831882e-02
26.22	1.1768193e-02
26.25	1.0798529e-02
26.28	9.9138118e-03
26.32	9.1059333e-03
26.35	8.3676420e-03
26.39	7.6924434e-03
26.42	7.0745120e-03
26.45	6.5086155e-03
26.49	5.9900478e-03
26.52	5.5145701e-03
26.56	5.0783599e-03
26.59	4.6779653e-03
26.63	4.3102655e-03
26.66	3.9724354e-03
26.69	3.6619147e-03
26.73	3.3763805e-03
26.76	3.1137230e-03
26.80	2.8720238e-03
26.83	2.6495373e-03
26.86	2.4446729e-03
26.90	2.2559807e-03
26.93	2.0821373e-03
26.97	1.9219340e-03
27.00	1.7742663e-03
