# NeutrinoAntineutrinoInteraction/NeutrinoAntineutrinoResonanceElectron interaction rates
# neutrino field: massive Cosmic Neutrino Background, T_CnuB = 1.94535456 K
# Produced with crpropa-data version: 34240bf825c959521ec71bc1e6d82591f4f17700
# log10(E/eV), 1/lambda [1/Mpc]
10.00	0.0000000e+00
10.03	0.0000000e+00
10.07	0.0000000e+00
10.10	0.0000000e+00
10.14	0.0000000e+00
10.17	0.0000000e+00
10.20	0.0000000e+00
10.24	0.0000000e+00
10.27	0.0000000e+00
10.31	0.0000000e+00
10.34	0.0000000e+00
10.37	0.0000000e+00
10.41	0.0000000e+00
10.44	0.0000000e+00
10.48	0.0000000e+00
10.51	0.0000000e+00
10.55	0.0000000e+00
10.58	0.0000000e+00
10.61	0.0000000e+00
10.65	0.0000000e+00
10.68	0.0000000e+00
10.72	0.0000000e+00
10.75	0.0000000e+00
10.78	0.0000000e+00
10.82	0.0000000e+00
10.85	0.0000000e+00
10.89	0.0000000e+00
10.92	0.0000000e+00
10.95	0.0000000e+00
10.99	0.0000000e+00
11.02	0.0000000e+00
11.06	0.0000000e+00
11.09	0.0000000e+00
11.12	0.0000000e+00
11.16	0.0000000e+00
11.19	0.0000000e+00
11.23	0.0000000e+00
11.26	0.0000000e+00
11.29	0.0000000e+00
11.33	0.0000000e+00
11.36	0.0000000e+00
11.40	0.0000000e+00
11.43	0.0000000e+00
11.46	0.0000000e+00
11.50	0.0000000e+00
11.53	0.0000000e+00
11.57	0.0000000e+00
11.60	0.0000000e+00
11.64	0.0000000e+00
11.67	0.0000000e+00
11.70	0.0000000e+00
11.74	0.0000000e+00
11.77	0.0000000e+00
11.81	0.0000000e+00
11.84	0.0000000e+00
11.87	0.0000000e+00
11.91	0.0000000e+00
11.94	1.6437395e-271
11.98	4.6074557e-252
12.01	4.0716144e-234
12.04	1.5831791e-217
12.08	3.4284659e-202
12.11	5.1416522e-188
12.15	6.5316994e-175
12.18	8.4675428e-163
12.21	1.3307023e-151
12.25	2.9726184e-141
12.28	1.0935996e-131
12.32	7.5917473e-123
12.35	1.1278043e-114
12.38	4.0276923e-107
12.42	3.8505237e-100
12.45	1.0884560e-93
12.49	9.9737436e-88
12.52	3.2253601e-82
12.56	3.9820118e-77
12.59	2.0183112e-72
12.62	4.4917072e-68
12.66	4.6703363e-64
12.69	2.4029196e-60
12.73	6.4512594e-57
12.76	9.4925860e-54
12.79	8.0107291e-51
12.83	4.0432736e-48
12.86	1.2688771e-45
12.90	2.5663302e-43
12.93	3.4579487e-41
12.96	3.2007970e-39
13.00	2.0938610e-37
13.03	9.9374774e-36
13.07	3.5056895e-34
13.10	9.4010627e-33
13.13	1.9565486e-31
13.17	3.2213706e-30
13.20	4.2709717e-29
13.24	4.6352067e-28
13.27	4.1807389e-27
13.30	3.1781092e-26
13.34	2.0627636e-25
13.37	1.1569253e-24
13.41	5.6696491e-24
13.44	2.4527930e-23
13.47	9.4568132e-23
13.51	3.2781218e-22
13.54	1.0299929e-21
13.58	2.9555732e-21
13.61	7.7996309e-21
13.65	1.9051680e-20
13.68	4.3332528e-20
13.71	9.2282493e-20
13.75	1.8495878e-19
13.78	3.5054428e-19
13.82	6.3100584e-19
13.85	1.0832191e-18
13.88	1.7800474e-18
13.92	2.8099503e-18
13.95	4.2748983e-18
13.99	6.2866374e-18
14.02	8.9616338e-18
14.05	1.2415256e-17
14.09	1.6755892e-17
14.12	2.2079702e-17
14.16	2.8466631e-17
14.19	3.5978083e-17
14.22	4.4656473e-17
14.26	5.4526569e-17
14.29	6.5598399e-17
14.33	7.7871299e-17
14.36	9.1338645e-17
14.39	1.0599279e-16
14.43	1.2182978e-16
14.46	1.3885362e-16
14.50	1.5707974e-16
14.53	1.7653773e-16
14.57	1.9727334e-16
14.60	2.1934969e-16
14.63	2.4284800e-16
14.67	2.6786787e-16
14.70	2.9452730e-16
14.74	3.2296254e-16
14.77	3.5332800e-16
14.80	3.8579609e-16
14.84	4.2055731e-16
14.87	4.5782047e-16
14.91	4.9781305e-16
14.94	5.4078193e-16
14.97	5.8699418e-16
15.01	6.3673820e-16
15.04	6.9032506e-16
15.08	7.4809001e-16
15.11	8.1039433e-16
15.14	8.7762730e-16
15.18	9.5020844e-16
15.21	1.0285900e-15
15.25	1.1132596e-15
15.28	1.2047434e-15
15.31	1.3036090e-15
15.35	1.4104690e-15
15.38	1.5259852e-15
15.42	1.6508719e-15
15.45	1.7859012e-15
15.48	1.9319068e-15
15.52	2.0897903e-15
15.55	2.2605256e-15
15.59	2.4451659e-15
15.62	2.6448495e-15
15.66	2.8608073e-15
15.69	3.0943701e-15
15.72	3.3469770e-15
15.76	3.6201842e-15
15.79	3.9156746e-15
15.83	4.2352681e-15
15.86	4.5809332e-15
15.89	4.9547984e-15
15.93	5.3591661e-15
15.96	5.7965263e-15
16.00	6.2695719e-15
16.03	6.7812158e-15
16.06	7.3346083e-15
16.10	7.9331566e-15
16.13	8.5805462e-15
16.17	9.2807629e-15
16.20	1.0038118e-14
16.23	1.0857274e-14
16.27	1.1743276e-14
16.30	1.2701576e-14
16.34	1.3738077e-14
16.37	1.4859159e-14
16.40	1.6071725e-14
16.44	1.7383240e-14
16.47	1.8801779e-14
16.51	2.0336075e-14
16.54	2.1995575e-14
16.58	2.3790496e-14
16.61	2.5731888e-14
16.64	2.7831706e-14
16.68	3.0102875e-14
16.71	3.2559380e-14
16.75	3.5216345e-14
16.78	3.8090128e-14
16.81	4.1198421e-14
16.85	4.4560363e-14
16.88	4.8196651e-14
16.92	5.2129674e-14
16.95	5.6383646e-14
16.98	6.0984757e-14
17.02	6.5961335e-14
17.05	7.1344021e-14
17.09	7.7165953e-14
17.12	8.3462977e-14
17.15	9.0273860e-14
17.19	9.7640537e-14
17.22	1.0560836e-13
17.26	1.1422639e-13
17.29	1.2354768e-13
17.32	1.3362962e-13
17.36	1.4453429e-13
17.39	1.5632882e-13
17.43	1.6908582e-13
17.46	1.8288384e-13
17.49	1.9780783e-13
17.53	2.1394968e-13
17.56	2.3140876e-13
17.60	2.5029257e-13
17.63	2.7071736e-13
17.67	2.9280890e-13
17.70	3.1670318e-13
17.73	3.4254733e-13
17.77	3.7050046e-13
17.80	4.0073467e-13
17.84	4.3343611e-13
17.87	4.6880611e-13
17.90	5.0706244e-13
17.94	5.4844063e-13
17.97	5.9319543e-13
18.01	6.4160241e-13
18.04	6.9395958e-13
18.07	7.5058930e-13
18.11	8.1184023e-13
18.14	8.7808948e-13
18.18	9.4974493e-13
18.21	1.0272477e-12
18.24	1.1110751e-12
18.28	1.2017431e-12
18.31	1.2998100e-12
18.35	1.4058796e-12
18.38	1.5206049e-12
18.41	1.6446923e-12
18.45	1.7789057e-12
18.48	1.9240715e-12
18.52	2.0810835e-12
18.55	2.2509083e-12
18.59	2.4345917e-12
18.62	2.6332644e-12
18.65	2.8481498e-12
18.69	3.0805709e-12
18.72	3.3319586e-12
18.76	3.6038608e-12
18.79	3.8979516e-12
18.82	4.2160418e-12
18.86	4.5600898e-12
18.89	4.9322140e-12
18.93	5.3347056e-12
18.96	5.7700429e-12
18.99	6.2409063e-12
19.03	6.7501950e-12
19.06	7.3010448e-12
19.10	7.8968477e-12
19.13	8.5412721e-12
19.16	9.2382860e-12
19.20	9.9921814e-12
19.23	1.0807600e-11
19.27	1.1689564e-11
19.30	1.2643503e-11
19.33	1.3675292e-11
19.37	1.4791285e-11
19.40	1.5998353e-11
19.44	1.7303929e-11
19.47	1.8716055e-11
19.51	2.0243426e-11
19.54	2.1895448e-11
19.57	2.3682296e-11
19.61	2.5614973e-11
19.64	2.7705384e-11
19.68	2.9966404e-11
19.71	3.2411958e-11
19.74	3.5057109e-11
19.78	3.7918152e-11
19.81	4.1012709e-11
19.85	4.4359845e-11
19.88	4.7980178e-11
19.91	5.1896012e-11
19.95	5.6131475e-11
19.98	6.0712661e-11
20.02	6.5667800e-11
20.05	7.1027427e-11
20.08	7.6824570e-11
20.12	8.3094960e-11
20.15	8.9877244e-11
20.19	9.7213231e-11
20.22	1.0514815e-10
20.25	1.1373091e-10
20.29	1.2301445e-10
20.32	1.3305602e-10
20.36	1.4391755e-10
20.39	1.5566605e-10
20.42	1.6837400e-10
20.46	1.8211982e-10
20.49	1.9698834e-10
20.53	2.1307137e-10
20.56	2.3046819e-10
20.60	2.4928626e-10
20.63	2.6964183e-10
20.66	2.9166069e-10
20.70	3.1547892e-10
20.73	3.4124382e-10
20.77	3.6911474e-10
20.80	3.9926414e-10
20.83	4.3187865e-10
20.87	4.6716025e-10
20.90	5.0532755e-10
20.94	5.4661715e-10
20.97	5.9128515e-10
21.00	6.3960877e-10
21.04	6.9188814e-10
21.07	7.4844815e-10
21.11	8.0964058e-10
21.14	8.7584634e-10
21.17	9.4747791e-10
21.21	1.0249820e-09
21.24	1.1088425e-09
21.28	1.1995834e-09
21.31	1.2977727e-09
21.34	1.4040255e-09
21.38	1.5190085e-09
21.41	1.6434444e-09
21.45	1.7781165e-09
21.48	1.9238740e-09
21.52	2.0816380e-09
21.55	2.2524073e-09
21.58	2.4372659e-09
21.62	2.6373897e-09
21.65	2.8540553e-09
21.69	3.0886489e-09
21.72	3.3426759e-09
21.75	3.6177719e-09
21.79	3.9157147e-09
21.82	4.2384372e-09
21.86	4.5880421e-09
21.89	4.9668173e-09
21.92	5.3772545e-09
21.96	5.8220674e-09
21.99	6.3042146e-09
22.03	6.8269225e-09
22.06	7.3937128e-09
22.09	8.0084318e-09
22.13	8.6752838e-09
22.16	9.3988683e-09
22.20	1.0184222e-08
22.23	1.1036864e-08
22.26	1.1962852e-08
22.30	1.2968839e-08
22.33	1.4062144e-08
22.37	1.5250824e-08
22.40	1.6543768e-08
22.43	1.7950793e-08
22.47	1.9482762e-08
22.50	2.1151715e-08
22.54	2.2971024e-08
22.57	2.4955571e-08
22.61	2.7121955e-08
22.64	2.9488737e-08
22.67	3.2076727e-08
22.71	3.4909321e-08
22.74	3.8012909e-08
22.78	4.1417352e-08
22.81	4.5156569e-08
22.84	4.9269235e-08
22.88	5.3799648e-08
22.91	5.8798783e-08
22.95	6.4325610e-08
22.98	7.0448739e-08
23.01	7.7248521e-08
23.05	8.4819724e-08
23.08	9.3275050e-08
23.12	1.0274978e-07
23.15	1.1340813e-07
23.18	1.2545213e-07
23.22	1.3913499e-07
23.25	1.5478286e-07
23.29	1.7283485e-07
23.32	1.9392452e-07
23.35	2.1905399e-07
23.39	2.4995978e-07
23.42	2.8983693e-07
23.46	3.4465071e-07
23.49	4.2527692e-07
23.53	5.5060170e-07
23.56	7.5143076e-07
23.59	1.0746171e-06
23.63	1.5863283e-06
23.66	2.3730384e-06
23.70	3.5388490e-06
23.73	5.1982468e-06
23.76	7.4643307e-06
23.80	1.0433674e-05
23.83	1.4169998e-05
23.87	1.8689400e-05
23.90	2.3949874e-05
23.93	2.9847198e-05
23.97	3.6218207e-05
24.00	4.2851210e-05
24.04	4.9502160e-05
24.07	5.5914341e-05
24.10	6.1838955e-05
24.14	6.7054065e-05
24.17	7.1379800e-05
24.21	7.4688474e-05
24.24	7.6909100e-05
24.27	7.8026557e-05
24.31	7.8076287e-05
24.34	7.7135780e-05
24.38	7.5314237e-05
24.41	7.2741716e-05
24.44	6.9558831e-05
24.48	6.5907773e-05
24.51	6.1925078e-05
24.55	5.7736311e-05
24.58	5.3452588e-05
24.62	4.9168719e-05
24.65	4.4962685e-05
24.68	4.0896119e-05
24.72	3.7015497e-05
24.75	3.3353759e-05
24.79	2.9932158e-05
24.82	2.6762152e-05
24.85	2.3847241e-05
24.89	2.1184656e-05
24.92	1.8766866e-05
24.96	1.6582875e-05
24.99	1.4619318e-05
25.02	1.2861353e-05
25.06	1.1293383e-05
25.09	9.8996074e-06
25.13	8.6644491e-06
25.16	7.5728617e-06
25.19	6.6105449e-06
25.23	5.7640835e-06
25.26	5.0210284e-06
25.30	4.3699309e-06
25.33	3.8003436e-06
25.36	3.3027952e-06
25.40	2.8687489e-06
25.43	2.4905480e-06
25.47	2.1613559e-06
25.50	1.8750911e-06
25.54	1.6263631e-06
25.57	1.4104077e-06
25.60	1.2230261e-06
25.64	1.0605269e-06
25.67	9.1967130e-07
25.71	7.9762367e-07
25.74	6.9190545e-07
25.77	6.0035365e-07
25.81	5.2108337e-07
25.84	4.5245408e-07
25.88	3.9303962e-07
25.91	3.4160141e-07
25.94	2.9706481e-07
25.98	2.5849813e-07
26.01	2.2509423e-07
26.05	1.9615431e-07
26.08	1.7107371e-07
26.11	1.4932946e-07
26.15	1.3046948e-07
26.18	1.1410307e-07
26.22	9.9892681e-08
26.25	8.7546771e-08
26.28	7.6813561e-08
26.32	6.7475647e-08
26.35	5.9345322e-08
26.39	5.2260518e-08
26.42	4.6081303e-08
26.45	4.0686850e-08
26.49	3.5972812e-08
26.52	3.1849061e-08
26.56	2.8237735e-08
26.59	2.5071547e-08
26.63	2.2292333e-08
26.66	1.9849797e-08
26.69	1.7700428e-08
26.73	1.5806567e-08
26.76	1.4135607e-08
26.80	1.2659294e-08
26.83	1.1353136e-08
26.86	1.0195886e-08
26.90	9.1690982e-09
26.93	8.2567494e-09
26.97	7.4449076e-09
27.00	6.7214488e-09
