# NeutrinoAntineutrinoInteraction/NeutrinoAntineutrinoResonanceElectron interaction rates
# neutrino field: massive Cosmic Neutrino Background, T_CnuB = 1.94535456 K
# Produced with crpropa-data version: 34240bf825c959521ec71bc1e6d82591f4f17700
# log10(E/eV), 1/lambda [1/Mpc]
10.00	0.0000000e+00
10.03	0.0000000e+00
10.07	0.0000000e+00
10.10	0.0000000e+00
10.14	0.0000000e+00
10.17	0.0000000e+00
10.20	0.0000000e+00
10.24	0.0000000e+00
10.27	0.0000000e+00
10.31	0.0000000e+00
10.34	0.0000000e+00
10.37	0.0000000e+00
10.41	0.0000000e+00
10.44	0.0000000e+00
10.48	0.0000000e+00
10.51	0.0000000e+00
10.55	0.0000000e+00
10.58	0.0000000e+00
10.61	0.0000000e+00
10.65	0.0000000e+00
10.68	0.0000000e+00
10.72	9.7605939e-262
10.75	1.6784420e-242
10.78	1.0151558e-224
10.82	2.7799802e-208
10.85	4.3535586e-193
10.89	4.8383893e-179
10.92	4.6590485e-166
10.95	4.6749817e-154
10.99	5.7976034e-143
11.02	1.0404285e-132
11.06	3.1261644e-123
11.09	1.7997377e-114
11.12	2.2487872e-106
11.16	6.8436610e-99
11.19	5.6430288e-92
11.23	1.3912680e-85
11.26	1.1234326e-79
11.29	3.2322088e-74
11.33	3.5816816e-69
11.36	1.6427735e-64
11.40	3.3333493e-60
11.43	3.1821826e-56
11.46	1.5129447e-52
11.50	3.7759255e-49
11.53	5.1933975e-46
11.57	4.1175579e-43
11.60	1.9617657e-40
11.64	5.8367538e-38
11.67	1.1237016e-35
11.70	1.4466406e-33
11.74	1.2838048e-31
11.77	8.0773694e-30
11.81	3.6979221e-28
11.84	1.2618175e-26
11.87	3.2812138e-25
11.91	6.6373294e-24
11.94	1.0644449e-22
11.98	1.3773783e-21
12.01	1.4616353e-20
12.04	1.2912358e-19
12.08	9.6291425e-19
12.11	6.1399797e-18
12.15	3.3877117e-17
12.18	1.6352422e-16
12.21	6.9760924e-16
12.25	2.6551238e-15
12.28	9.0945736e-15
12.32	2.8262169e-14
12.35	8.0277560e-14
12.38	2.0986868e-13
12.42	5.0820946e-13
12.45	1.1467029e-12
12.49	2.4241169e-12
12.52	4.8256594e-12
12.56	9.0887415e-12
12.59	1.6266273e-11
12.62	2.7775615e-11
12.66	4.5420920e-11
12.69	7.1379050e-11
12.73	1.0814438e-10
12.76	1.5843436e-10
12.79	2.2506455e-10
12.83	3.1080712e-10
12.86	4.1824975e-10
12.90	5.4967189e-10
12.93	7.0695276e-10
12.96	8.9152048e-10
13.00	1.1043464e-09
13.03	1.3459823e-09
13.07	1.6166345e-09
13.10	1.9162640e-09
13.13	2.2447019e-09
13.17	2.6017683e-09
13.20	2.9873855e-09
13.24	3.4016781e-09
13.27	3.8450558e-09
13.30	4.3182767e-09
13.34	4.8224926e-09
13.37	5.3592779e-09
13.41	5.9306448e-09
13.44	6.5390495e-09
13.47	7.1873922e-09
13.51	7.8790134e-09
13.54	8.6176909e-09
13.58	9.4076375e-09
13.61	1.0253503e-08
13.65	1.1160379e-08
13.68	1.2133812e-08
13.71	1.3179816e-08
13.75	1.4304895e-08
13.78	1.5516076e-08
13.82	1.6820930e-08
13.85	1.8227624e-08
13.88	1.9744953e-08
13.92	2.1382396e-08
13.95	2.3150170e-08
13.99	2.5059286e-08
14.02	2.7121622e-08
14.05	2.9349988e-08
14.09	3.1758209e-08
14.12	3.4361208e-08
14.16	3.7175098e-08
14.19	4.0217284e-08
14.22	4.3506566e-08
14.26	4.7063257e-08
14.29	5.0909314e-08
14.33	5.5068463e-08
14.36	5.9566357e-08
14.39	6.4430727e-08
14.43	6.9691555e-08
14.46	7.5381260e-08
14.50	8.1534899e-08
14.53	8.8190380e-08
14.57	9.5388701e-08
14.60	1.0317420e-07
14.63	1.1159481e-07
14.67	1.2070241e-07
14.70	1.3055307e-07
14.74	1.4120745e-07
14.77	1.5273115e-07
14.80	1.6519514e-07
14.84	1.7867615e-07
14.87	1.9325719e-07
14.91	2.0902804e-07
14.94	2.2608580e-07
14.97	2.4453548e-07
15.01	2.6449069e-07
15.04	2.8607429e-07
15.08	3.0941915e-07
15.11	3.3466902e-07
15.14	3.6197935e-07
15.18	3.9151829e-07
15.21	4.2346769e-07
15.25	4.5802427e-07
15.28	4.9540078e-07
15.31	5.3582734e-07
15.35	5.7955284e-07
15.38	6.2684650e-07
15.42	6.7799949e-07
15.45	7.3332674e-07
15.48	7.9316890e-07
15.52	8.5789439e-07
15.55	9.2790171e-07
15.59	1.0036219e-06
15.62	1.0855211e-06
15.66	1.1741036e-06
15.69	1.2699147e-06
15.72	1.3735444e-06
15.76	1.4856306e-06
15.79	1.6068635e-06
15.83	1.7379894e-06
15.86	1.8798157e-06
15.89	2.0332155e-06
15.93	2.1991333e-06
15.96	2.3785906e-06
16.00	2.5726923e-06
16.03	2.7826334e-06
16.06	3.0097064e-06
16.10	3.2553095e-06
16.13	3.5209547e-06
16.17	3.8082775e-06
16.20	4.1190468e-06
16.23	4.4551762e-06
16.27	4.8187349e-06
16.30	5.2119614e-06
16.34	5.6372766e-06
16.37	6.0972991e-06
16.40	6.5948611e-06
16.44	7.1330261e-06
16.47	7.7151074e-06
16.51	8.3446886e-06
16.54	9.0256461e-06
16.58	9.7621723e-06
16.61	1.0558802e-05
16.64	1.1420439e-05
16.68	1.2352390e-05
16.71	1.3360391e-05
16.75	1.4450649e-05
16.78	1.5629876e-05
16.81	1.6905333e-05
16.85	1.8284872e-05
16.88	1.9776987e-05
16.92	2.1390864e-05
16.95	2.3136440e-05
16.98	2.5024462e-05
17.02	2.7066554e-05
17.05	2.9275290e-05
17.09	3.1664267e-05
17.12	3.4248195e-05
17.15	3.7042982e-05
17.19	4.0065836e-05
17.22	4.3335367e-05
17.26	4.6871707e-05
17.29	5.0696627e-05
17.32	5.4833678e-05
17.36	5.9308331e-05
17.39	6.4148136e-05
17.43	6.9382892e-05
17.46	7.5044830e-05
17.49	8.1168809e-05
17.53	8.7792535e-05
17.56	9.4956791e-05
17.60	1.0270569e-04
17.63	1.1108693e-04
17.67	1.2015214e-04
17.70	1.2995711e-04
17.73	1.4056223e-04
17.77	1.5203279e-04
17.80	1.6443942e-04
17.84	1.7785850e-04
17.87	1.9237267e-04
17.90	2.0807130e-04
17.94	2.2505105e-04
17.97	2.4341646e-04
18.01	2.6328064e-04
18.04	2.8476589e-04
18.07	3.0800452e-04
18.11	3.3313962e-04
18.14	3.6032598e-04
18.18	3.8973101e-04
18.21	4.2153578e-04
18.24	4.5593616e-04
18.28	4.9314399e-04
18.31	5.3338842e-04
18.35	5.7691730e-04
18.38	6.2399871e-04
18.41	6.7492263e-04
18.45	7.3000268e-04
18.48	7.8957813e-04
18.52	8.5401594e-04
18.55	9.2371302e-04
18.59	9.9909869e-04
18.62	1.0806374e-03
18.65	1.1688313e-03
18.69	1.2642240e-03
18.72	1.3674030e-03
18.76	1.4790041e-03
18.79	1.5997151e-03
18.82	1.7302796e-03
18.86	1.8715025e-03
18.89	2.0242540e-03
18.93	2.1894758e-03
18.96	2.3681862e-03
18.99	2.5614870e-03
19.03	2.7705701e-03
19.06	2.9967247e-03
19.10	3.2413456e-03
19.13	3.5059416e-03
19.16	3.7921449e-03
19.20	4.1017214e-03
19.23	4.4365815e-03
19.27	4.7987920e-03
19.30	5.1905890e-03
19.33	5.6143918e-03
19.37	6.0728177e-03
19.40	6.5686990e-03
19.44	7.1050999e-03
19.47	7.6853363e-03
19.51	8.3129958e-03
19.54	8.9919610e-03
19.57	9.7264334e-03
19.61	1.0520960e-02
19.64	1.1380461e-02
19.68	1.2310262e-02
19.71	1.3316128e-02
19.74	1.4404298e-02
19.78	1.5581526e-02
19.81	1.6855124e-02
19.85	1.8233008e-02
19.88	1.9723749e-02
19.91	2.1336626e-02
19.95	2.3081689e-02
19.98	2.4969823e-02
20.02	2.7012816e-02
20.05	2.9223439e-02
20.08	3.1615527e-02
20.12	3.4204070e-02
20.15	3.7005314e-02
20.19	4.0036867e-02
20.22	4.3317815e-02
20.25	4.6868855e-02
20.29	5.0712428e-02
20.32	5.4872880e-02
20.36	5.9376620e-02
20.39	6.4252312e-02
20.42	6.9531066e-02
20.46	7.5246666e-02
20.49	8.1435803e-02
20.53	8.8138346e-02
20.56	9.5397626e-02
20.60	1.0326076e-01
20.63	1.1177901e-01
20.66	1.2100815e-01
20.70	1.3100893e-01
20.73	1.4184752e-01
20.77	1.5359606e-01
20.80	1.6633322e-01
20.83	1.8014489e-01
20.87	1.9512488e-01
20.90	2.1137575e-01
20.94	2.2900969e-01
20.97	2.4814958e-01
21.00	2.6893012e-01
21.04	2.9149911e-01
21.07	3.1601895e-01
21.11	3.4266825e-01
21.14	3.7164377e-01
21.17	4.0316255e-01
21.21	4.3746437e-01
21.24	4.7481459e-01
21.28	5.1550738e-01
21.31	5.5986956e-01
21.34	6.0826491e-01
21.38	6.6109935e-01
21.41	7.1882687e-01
21.45	7.8195665e-01
21.48	8.5106135e-01
21.52	9.2678714e-01
21.55	1.0098655e+00
21.58	1.1011277e+00
21.62	1.2015220e+00
21.65	1.3121351e+00
21.69	1.4342183e+00
21.72	1.5692200e+00
21.75	1.7188267e+00
21.79	1.8850151e+00
21.82	2.0701185e+00
21.86	2.2769147e+00
21.89	2.5087423e+00
21.92	2.7696591e+00
21.96	3.0646675e+00
21.99	3.4000530e+00
22.03	3.7839453e+00
22.06	4.2273638e+00
22.09	4.7463653e+00
22.13	5.3666367e+00
22.16	6.1330998e+00
22.20	7.1287425e+00
22.23	8.5083449e+00
22.26	1.0552783e+01
22.30	1.3746507e+01
22.33	1.8873489e+01
22.37	2.7115977e+01
22.40	4.0128778e+01
22.43	6.0054417e+01
22.47	8.9446324e+01
22.50	1.3108064e+02
22.54	1.8766052e+02
22.57	2.6144433e+02
22.61	3.5385230e+02
22.64	4.6511901e+02
22.67	5.9405620e+02
22.71	7.3797374e+02
22.74	8.9277972e+02
22.78	1.0532505e+03
22.81	1.2134338e+03
22.84	1.3671301e+03
22.88	1.5083878e+03
22.91	1.6319521e+03
22.95	1.7336189e+03
22.98	1.8104638e+03
23.01	1.8609349e+03
23.05	1.8848186e+03
23.08	1.8831015e+03
23.12	1.8577570e+03
23.15	1.8114936e+03
23.18	1.7474929e+03
23.22	1.6691638e+03
23.25	1.5799307e+03
23.29	1.4830639e+03
23.32	1.3815569e+03
23.35	1.2780472e+03
23.39	1.1747757e+03
23.42	1.0735775e+03
23.46	9.7589555e+02
23.49	8.8281117e+02
23.53	7.9508402e+02
23.56	7.1319699e+02
23.59	6.3740188e+02
23.63	5.6776338e+02
23.66	5.0419941e+02
23.70	4.4651682e+02
23.73	3.9444225e+02
23.76	3.4764787e+02
23.80	3.0577250e+02
23.83	2.6843841e+02
23.87	2.3526440e+02
23.90	2.0587566e+02
23.93	1.7991087e+02
23.97	1.5702721e+02
24.00	1.3690355e+02
24.04	1.1924220e+02
24.07	1.0376965e+02
24.10	9.0236546e+01
24.14	7.8416971e+01
24.17	6.8107430e+01
24.21	5.9125513e+01
24.24	5.1308414e+01
24.27	4.4511384e+01
24.31	3.8606156e+01
24.34	3.3479414e+01
24.38	2.9031317e+01
24.41	2.5174107e+01
24.44	2.1830813e+01
24.48	1.8934053e+01
24.51	1.6424946e+01
24.55	1.4252114e+01
24.58	1.2370793e+01
24.62	1.0742027e+01
24.65	9.3319556e+00
24.68	8.1111743e+00
24.72	7.0541735e+00
24.75	6.1388394e+00
24.79	5.3460153e+00
24.82	4.6591175e+00
24.85	4.0637968e+00
24.89	3.5476440e+00
24.92	3.0999315e+00
24.96	2.7113891e+00
24.99	2.3740082e+00
25.02	2.0808713e+00
25.06	1.8260050e+00
25.09	1.6042512e+00
25.13	1.4111565e+00
25.16	1.2428758e+00
25.19	1.0960891e+00
25.23	9.6792985e-01
25.26	8.5592217e-01
25.30	7.5792766e-01
25.33	6.7209884e-01
25.36	5.9683912e-01
25.40	5.3076833e-01
25.43	4.7269292e-01
25.47	4.2158032e-01
25.50	3.7653679e-01
25.54	3.3678839e-01
25.57	3.0166452e-01
25.60	2.7058378e-01
25.64	2.4304178e-01
25.67	2.1860060e-01
25.71	1.9687979e-01
25.74	1.7754850e-01
25.77	1.6031882e-01
25.81	1.4493995e-01
25.84	1.3119322e-01
25.88	1.1888775e-01
25.91	1.0785680e-01
25.94	9.7954491e-02
25.98	8.9053107e-02
26.01	8.1040656e-02
26.05	7.3818834e-02
26.08	6.7301236e-02
26.11	6.1411821e-02
26.15	5.6083570e-02
26.18	5.1257345e-02
26.22	4.6880879e-02
26.25	4.2907920e-02
26.28	3.9297474e-02
26.32	3.6013160e-02
26.35	3.3022637e-02
26.39	3.0297118e-02
26.42	2.7810942e-02
26.45	2.5541198e-02
26.49	2.3467400e-02
26.52	2.1571210e-02
26.56	1.9836182e-02
26.59	1.8247549e-02
26.63	1.6792037e-02
26.66	1.5457690e-02
26.69	1.4233732e-02
26.73	1.3110435e-02
26.76	1.2079007e-02
26.80	1.1131490e-02
26.83	1.0260676e-02
26.86	9.4600256e-03
26.90	8.7236032e-03
26.93	8.0460119e-03
26.97	7.4223419e-03
27.00	6.8481217e-03
