# NeutrinoAntineutrinoInteraction/NeutrinoAntineutrinoResonanceElectron interaction rates
# neutrino field: massive Cosmic Neutrino Background, T_CnuB = 1.94535456 K
# Produced with crpropa-data version: 34240bf825c959521ec71bc1e6d82591f4f17700
# log10(E/eV), 1/lambda [1/Mpc]
10.00	0.0000000e+00
10.03	0.0000000e+00
10.07	0.0000000e+00
10.10	0.0000000e+00
10.14	0.0000000e+00
10.17	0.0000000e+00
10.20	0.0000000e+00
10.24	0.0000000e+00
10.27	0.0000000e+00
10.31	0.0000000e+00
10.34	0.0000000e+00
10.37	0.0000000e+00
10.41	0.0000000e+00
10.44	0.0000000e+00
10.48	0.0000000e+00
10.51	0.0000000e+00
10.55	0.0000000e+00
10.58	0.0000000e+00
10.61	0.0000000e+00
10.65	0.0000000e+00
10.68	0.0000000e+00
10.72	0.0000000e+00
10.75	0.0000000e+00
10.78	0.0000000e+00
10.82	0.0000000e+00
10.85	0.0000000e+00
10.89	0.0000000e+00
10.92	0.0000000e+00
10.95	0.0000000e+00
10.99	0.0000000e+00
11.02	0.0000000e+00
11.06	0.0000000e+00
11.09	2.3179636e-270
11.12	1.2286389e-250
11.16	2.0482378e-232
11.19	1.4322266e-215
11.23	5.3362464e-200
11.26	1.3216922e-185
11.29	2.6700790e-172
11.33	5.3155066e-160
11.36	1.2420052e-148
11.40	4.0037166e-138
11.43	2.0676218e-128
11.46	1.9640693e-119
11.50	3.8994492e-111
11.53	1.8209907e-103
11.57	2.2309903e-96
11.60	7.9327323e-90
11.64	8.9872110e-84
11.67	3.5366147e-78
11.70	5.2356114e-73
11.74	3.1391063e-68
11.77	8.1607278e-64
11.81	9.7977614e-60
11.84	5.7587070e-56
11.87	1.7487930e-52
11.91	2.8841416e-49
11.94	2.7050569e-46
11.98	1.5056554e-43
12.01	5.1734057e-41
12.04	1.1380245e-38
12.08	1.6576035e-36
12.11	1.6492667e-34
12.15	1.1536932e-32
12.18	5.8269939e-31
12.21	2.1779511e-29
12.25	6.1629713e-28
12.28	1.3483891e-26
12.32	2.3258395e-25
12.35	3.2203549e-24
12.38	3.6393101e-23
12.42	3.4088967e-22
12.45	2.6845624e-21
12.49	1.8010212e-20
12.52	1.0419358e-19
12.56	5.2569523e-19
12.59	2.3373567e-18
12.62	9.2470124e-18
12.66	3.2842577e-17
12.69	1.0558839e-16
12.73	3.0963772e-16
12.76	8.3409967e-16
12.79	2.0775274e-15
12.83	4.8135609e-15
12.86	1.0432945e-14
12.90	2.1262591e-14
12.93	4.0942450e-14
12.96	7.4817499e-14
13.00	1.3028143e-13
13.03	2.1699781e-13
13.07	3.4692856e-13
13.10	5.3411991e-13
13.13	7.9422953e-13
13.17	1.1438179e-12
13.20	1.5994657e-12
13.24	2.1768079e-12
13.27	2.8895914e-12
13.30	3.7488621e-12
13.34	4.7623753e-12
13.37	5.9342942e-12
13.41	7.2652107e-12
13.44	8.7524868e-12
13.47	1.0390881e-11
13.51	1.2173396e-11
13.54	1.4092278e-11
13.58	1.6140060e-11
13.61	1.8310596e-11
13.65	2.0599992e-11
13.68	2.3007399e-11
13.71	2.5535650e-11
13.75	2.8191756e-11
13.78	3.0987385e-11
13.82	3.3939931e-11
13.85	3.7071870e-11
13.88	4.0406777e-11
13.92	4.3968855e-11
13.95	4.7783171e-11
13.99	5.1875890e-11
14.02	5.6274502e-11
14.05	6.1008047e-11
14.09	6.6107344e-11
14.12	7.1605220e-11
14.16	7.7536745e-11
14.19	8.3939487e-11
14.22	9.0853758e-11
14.26	9.8322893e-11
14.29	1.0639353e-10
14.33	1.1511592e-10
14.36	1.2454423e-10
14.39	1.3473693e-10
14.43	1.4575712e-10
14.46	1.5767294e-10
14.50	1.7055801e-10
14.53	1.8449188e-10
14.57	1.9956052e-10
14.60	2.1585687e-10
14.63	2.3348139e-10
14.67	2.5254271e-10
14.70	2.7315828e-10
14.74	2.9545512e-10
14.77	3.1957057e-10
14.80	3.4565317e-10
14.84	3.7386355e-10
14.87	4.0437545e-10
14.91	4.3737676e-10
14.94	4.7307068e-10
14.97	5.1167701e-10
15.01	5.5343346e-10
15.04	5.9859713e-10
15.08	6.4744611e-10
15.11	7.0028115e-10
15.14	7.5742757e-10
15.18	8.1923721e-10
15.21	8.8609062e-10
15.25	9.5839942e-10
15.28	1.0366088e-09
15.31	1.1212003e-09
15.35	1.2126946e-09
15.38	1.3116552e-09
15.42	1.4186913e-09
15.45	1.5344619e-09
15.48	1.6596798e-09
15.52	1.7951159e-09
15.55	1.9416040e-09
15.59	2.1000460e-09
15.62	2.2714175e-09
15.66	2.4567735e-09
15.69	2.6572553e-09
15.72	2.8740970e-09
15.76	3.1086338e-09
15.79	3.3623097e-09
15.83	3.6366865e-09
15.86	3.9334533e-09
15.89	4.2544375e-09
15.93	4.6016151e-09
15.96	4.9771236e-09
16.00	5.3832750e-09
16.03	5.8225699e-09
16.06	6.2977128e-09
16.10	6.8116291e-09
16.13	7.3674829e-09
16.17	7.9686963e-09
16.20	8.6189710e-09
16.23	9.3223105e-09
16.27	1.0083045e-08
16.30	1.0905858e-08
16.34	1.1795816e-08
16.37	1.2758398e-08
16.40	1.3799530e-08
16.44	1.4925622e-08
16.47	1.6143607e-08
16.51	1.7460984e-08
16.54	1.8885865e-08
16.58	2.0427021e-08
16.61	2.2093940e-08
16.64	2.3896887e-08
16.68	2.5846961e-08
16.71	2.7956168e-08
16.75	3.0237494e-08
16.78	3.2704985e-08
16.81	3.5373832e-08
16.85	3.8260468e-08
16.88	4.1382664e-08
16.92	4.4759642e-08
16.95	4.8412195e-08
16.98	5.2362810e-08
17.02	5.6635811e-08
17.05	6.1257504e-08
17.09	6.6256346e-08
17.12	7.1663112e-08
17.15	7.7511092e-08
17.19	8.3836289e-08
17.22	9.0677647e-08
17.26	9.8077287e-08
17.29	1.0608077e-07
17.32	1.1473736e-07
17.36	1.2410037e-07
17.39	1.3422744e-07
17.43	1.4518092e-07
17.46	1.5702825e-07
17.49	1.6984237e-07
17.53	1.8370218e-07
17.56	1.9869300e-07
17.60	2.1490714e-07
17.63	2.3244443e-07
17.67	2.5141284e-07
17.70	2.7192916e-07
17.73	2.9411970e-07
17.77	3.1812109e-07
17.80	3.4408111e-07
17.84	3.7215959e-07
17.87	4.0252942e-07
17.90	4.3537757e-07
17.94	4.7090631e-07
17.97	5.0933438e-07
18.01	5.5089838e-07
18.04	5.9585424e-07
18.07	6.4447876e-07
18.11	6.9707132e-07
18.14	7.5395575e-07
18.18	8.1548231e-07
18.21	8.8202984e-07
18.24	9.5400809e-07
18.28	1.0318603e-06
18.31	1.1160657e-06
18.35	1.2071430e-06
18.38	1.3056529e-06
18.41	1.4122021e-06
18.45	1.5274465e-06
18.48	1.6520959e-06
18.52	1.7869179e-06
18.55	1.9327427e-06
18.59	2.0904683e-06
18.62	2.2610661e-06
18.65	2.4455866e-06
18.69	2.6451662e-06
18.72	2.8610341e-06
18.76	3.0945197e-06
18.79	3.3470612e-06
18.82	3.6202139e-06
18.86	3.9156603e-06
18.89	4.2352203e-06
18.93	4.5808623e-06
18.96	4.9547155e-06
18.99	5.3590829e-06
19.03	5.7964557e-06
19.06	6.2695286e-06
19.10	6.7812164e-06
19.13	7.3346719e-06
19.16	7.9333056e-06
19.20	8.5808066e-06
19.23	9.2811655e-06
19.27	1.0038699e-05
19.30	1.0858077e-05
19.33	1.1744349e-05
19.37	1.2702982e-05
19.40	1.3739885e-05
19.44	1.4861453e-05
19.47	1.6074603e-05
19.51	1.7386819e-05
19.54	1.8806196e-05
19.57	2.0341493e-05
19.61	2.2002185e-05
19.64	2.3798524e-05
19.68	2.5741600e-05
19.71	2.7843413e-05
19.74	3.0116946e-05
19.78	3.2576248e-05
19.81	3.5236518e-05
19.85	3.8114204e-05
19.88	4.1227103e-05
19.91	4.4594475e-05
19.95	4.8237163e-05
19.98	5.2177722e-05
20.02	5.6440565e-05
20.05	6.1052113e-05
20.08	6.6040966e-05
20.12	7.1438080e-05
20.15	7.7276967e-05
20.19	8.3593908e-05
20.22	9.0428183e-05
20.25	9.7822322e-05
20.29	1.0582238e-04
20.32	1.1447824e-04
20.36	1.2384391e-04
20.39	1.3397791e-04
20.42	1.4494364e-04
20.46	1.5680977e-04
20.49	1.6965073e-04
20.53	1.8354718e-04
20.56	1.9858656e-04
20.60	2.1486365e-04
20.63	2.3248126e-04
20.66	2.5155085e-04
20.70	2.7219337e-04
20.73	2.9454006e-04
20.77	3.1873334e-04
20.80	3.4492786e-04
20.83	3.7329155e-04
20.87	4.0400685e-04
20.90	4.3727204e-04
20.94	4.7330266e-04
20.97	5.1233315e-04
21.00	5.5461860e-04
21.04	6.0043671e-04
21.07	6.5008994e-04
21.11	7.0390790e-04
21.14	7.6225005e-04
21.17	8.2550859e-04
21.21	8.9411179e-04
21.24	9.6852765e-04
21.28	1.0492680e-03
21.31	1.1368931e-03
21.34	1.2320168e-03
21.38	1.3353123e-03
21.41	1.4475190e-03
21.45	1.5694495e-03
21.48	1.7019982e-03
21.52	1.8461511e-03
21.55	2.0029967e-03
21.58	2.1737381e-03
21.62	2.3597082e-03
21.65	2.5623858e-03
21.69	2.7834150e-03
21.72	3.0246278e-03
21.75	3.2880702e-03
21.79	3.5760329e-03
21.82	3.8910875e-03
21.86	4.2361294e-03
21.89	4.6144290e-03
21.92	5.0296925e-03
21.96	5.4861362e-03
21.99	5.9885753e-03
22.03	6.5425334e-03
22.06	7.1543771e-03
22.09	7.8314830e-03
22.13	8.5824472e-03
22.16	9.4173514e-03
22.20	1.0348104e-02
22.23	1.1388882e-02
22.26	1.2556723e-02
22.30	1.3872317e-02
22.33	1.5361123e-02
22.37	1.7054996e-02
22.40	1.8994798e-02
22.43	2.1235029e-02
22.47	2.3853057e-02
22.50	2.6968667e-02
22.54	3.0785493e-02
22.57	3.5674553e-02
22.61	4.2329622e-02
22.64	5.2028956e-02
22.67	6.7029184e-02
22.71	9.1086557e-02
22.74	1.3004621e-01
22.78	1.9237206e-01
22.81	2.8943145e-01
22.84	4.3532876e-01
22.88	6.4612302e-01
22.91	9.3836918e-01
22.95	1.3270706e+00
22.98	1.8232824e+00
23.01	2.4317201e+00
23.05	3.1487715e+00
23.08	3.9612743e+00
23.12	4.8463127e+00
23.15	5.7721339e+00
23.18	6.7001234e+00
23.22	7.5876258e+00
23.25	8.3912931e+00
23.29	9.0705837e+00
23.32	9.5910275e+00
23.35	9.9269223e+00
23.39	1.0063206e+01
23.42	9.9963652e+00
23.46	9.7343496e+00
23.49	9.2955984e+00
23.53	8.7073549e+00
23.56	8.0035384e+00
23.59	7.2224861e+00
23.63	6.4049592e+00
23.66	5.5931056e+00
23.70	4.8321952e+00
23.73	4.1594847e+00
23.76	3.5766264e+00
23.80	3.0738690e+00
23.83	2.6410404e+00
23.87	2.2688153e+00
23.90	1.9489230e+00
23.93	1.6741275e+00
23.97	1.4381416e+00
24.00	1.2355245e+00
24.04	1.0615803e+00
24.07	9.1226238e-01
24.10	7.8408812e-01
24.14	6.7406292e-01
24.17	5.7961347e-01
24.21	4.9852955e-01
24.24	4.2891356e-01
24.27	3.6913676e-01
24.31	3.1780152e-01
24.34	2.7370875e-01
24.38	2.3582982e-01
24.41	2.0328242e-01
24.44	1.7530981e-01
24.48	1.5126299e-01
24.51	1.3058536e-01
24.55	1.1279959e-01
24.58	9.7496298e-02
24.62	8.4324388e-02
24.65	7.2982738e-02
24.68	6.3213068e-02
24.72	5.4793830e-02
24.75	4.7534968e-02
24.79	4.1273426e-02
24.82	3.5869294e-02
24.85	3.1202511e-02
24.89	2.7170027e-02
24.92	2.3683387e-02
24.96	2.0666645e-02
24.99	1.8054582e-02
25.02	1.5791182e-02
25.06	1.3828322e-02
25.09	1.2124645e-02
25.13	1.0644606e-02
25.16	9.3576393e-03
25.19	8.2374582e-03
25.23	7.2614449e-03
25.26	6.4101326e-03
25.30	5.6667596e-03
25.33	5.0168875e-03
25.36	4.4480734e-03
25.40	3.9495892e-03
25.43	3.5121800e-03
25.47	3.1278581e-03
25.50	2.7897249e-03
25.54	2.4918191e-03
25.57	2.2289858e-03
25.60	1.9967643e-03
25.64	1.7912918e-03
25.67	1.6092207e-03
25.71	1.4476474e-03
25.74	1.3040513e-03
25.77	1.1762423e-03
25.81	1.0623158e-03
25.84	9.6061343e-04
25.88	8.6969011e-04
25.91	7.8828508e-04
25.94	7.1529716e-04
25.98	6.4976344e-04
26.01	5.9084091e-04
26.05	5.3779059e-04
26.08	4.8996385e-04
26.11	4.4679062e-04
26.15	4.0776921e-04
26.18	3.7245746e-04
26.22	3.4046516e-04
26.25	3.1144744e-04
26.28	2.8509905e-04
26.32	2.6114941e-04
26.35	2.3935834e-04
26.39	2.1951230e-04
26.42	2.0142118e-04
26.45	1.8491543e-04
26.49	1.6984369e-04
26.52	1.5607056e-04
26.56	1.4347478e-04
26.59	1.3194762e-04
26.63	1.2139140e-04
26.66	1.1171826e-04
26.69	1.0284910e-04
26.73	9.4712569e-05
26.76	8.7244238e-05
26.80	8.0385865e-05
26.83	7.4084730e-05
26.86	6.8293054e-05
26.90	6.2967491e-05
26.93	5.8068674e-05
26.97	5.3560808e-05
27.00	4.9411320e-05
