# NeutrinoAntineutrinoInteraction/NeutrinoAntineutrinoResonanceUp interaction rates
# neutrino field: massive Cosmic Neutrino Background, T_CnuB = 1.94535456 K
# Produced with crpropa-data version: 60a1560e37035039ec25f414e0c42a2444bad49c
# log10(E/eV), 1/lambda [1/Mpc]
10.03	0.0000000e+00
10.07	0.0000000e+00
10.10	0.0000000e+00
10.14	0.0000000e+00
10.17	0.0000000e+00
10.20	0.0000000e+00
10.24	0.0000000e+00
10.27	0.0000000e+00
10.31	0.0000000e+00
10.34	0.0000000e+00
10.37	0.0000000e+00
10.41	0.0000000e+00
10.44	0.0000000e+00
10.48	0.0000000e+00
10.51	0.0000000e+00
10.55	0.0000000e+00
10.58	0.0000000e+00
10.61	0.0000000e+00
10.65	0.0000000e+00
10.68	0.0000000e+00
10.72	0.0000000e+00
10.75	0.0000000e+00
10.78	0.0000000e+00
10.82	0.0000000e+00
10.85	0.0000000e+00
10.89	0.0000000e+00
10.92	0.0000000e+00
10.95	0.0000000e+00
10.99	0.0000000e+00
11.02	0.0000000e+00
11.06	0.0000000e+00
11.09	0.0000000e+00
11.12	0.0000000e+00
11.16	0.0000000e+00
11.19	0.0000000e+00
11.23	0.0000000e+00
11.26	0.0000000e+00
11.29	0.0000000e+00
11.33	0.0000000e+00
11.36	0.0000000e+00
11.40	0.0000000e+00
11.43	0.0000000e+00
11.46	0.0000000e+00
11.50	0.0000000e+00
11.53	0.0000000e+00
11.57	0.0000000e+00
11.60	0.0000000e+00
11.64	0.0000000e+00
11.67	0.0000000e+00
11.70	0.0000000e+00
11.74	0.0000000e+00
11.77	0.0000000e+00
11.81	0.0000000e+00
11.84	0.0000000e+00
11.87	0.0000000e+00
11.91	0.0000000e+00
11.94	0.0000000e+00
11.98	0.0000000e+00
12.01	5.4667740e-267
12.04	3.2798600e-247
12.08	6.2995227e-229
12.11	5.0218539e-212
12.15	2.1124794e-196
12.18	5.8545660e-182
12.21	1.3125023e-168
12.25	2.8774922e-156
12.28	7.3523477e-145
12.32	2.5750015e-134
12.35	1.4361392e-124
12.38	1.4652055e-115
12.42	3.1085427e-107
12.45	1.5439935e-99
12.49	2.0033469e-92
12.52	7.5143475e-86
12.56	8.9481791e-80
12.59	3.6889450e-74
12.62	5.7039170e-69
12.66	3.5620887e-64
12.69	9.6212027e-60
12.73	1.1973973e-55
12.76	7.2803191e-52
12.79	2.2828059e-48
12.83	3.8808429e-45
12.86	3.7464183e-42
12.90	2.1434852e-39
12.93	7.5617113e-37
12.96	1.7060928e-34
13.00	2.5465932e-32
13.03	2.5946361e-30
13.07	1.8574475e-28
13.10	9.5961681e-27
13.13	3.6674526e-25
13.17	1.0608469e-23
13.20	2.3722010e-22
13.24	4.1817599e-21
13.27	5.9174551e-20
13.30	6.8351444e-19
13.34	6.5451461e-18
13.37	5.2706774e-17
13.41	3.6169093e-16
13.44	2.1411573e-15
13.47	1.1058955e-14
13.51	5.0359060e-14
13.54	2.0414490e-13
13.58	7.4332232e-13
13.61	2.4511950e-12
13.65	7.3764941e-12
13.68	2.0400805e-11
13.71	5.2189783e-11
13.75	1.2423902e-10
13.78	2.7672630e-10
13.82	5.7963257e-10
13.85	1.1470181e-09
13.88	2.1534365e-09
13.92	3.8503284e-09
13.95	6.5790286e-09
13.99	1.0775933e-08
14.02	1.6964599e-08
14.05	2.5729258e-08
14.09	3.7664656e-08
14.12	5.3298972e-08
14.16	7.2990972e-08
14.19	9.6811856e-08
14.22	1.2443865e-07
14.26	1.5510901e-07
14.29	1.8770834e-07
14.33	2.2106962e-07
14.36	2.5463974e-07
14.39	2.8869431e-07
14.43	3.2360030e-07
14.46	3.5970708e-07
14.50	3.9735187e-07
14.53	4.3686469e-07
14.57	4.7857279e-07
14.60	5.2280474e-07
14.63	5.6989422e-07
14.67	6.2018362e-07
14.70	6.7402737e-07
14.74	7.3179531e-07
14.77	7.9387587e-07
14.80	8.6067925e-07
14.84	9.3264069e-07
14.87	1.0102237e-06
14.91	1.0939234e-06
14.94	1.1842701e-06
14.97	1.2818329e-06
15.01	1.3872232e-06
15.04	1.5010993e-06
15.08	1.6241703e-06
15.11	1.7572008e-06
15.14	1.9010155e-06
15.18	2.0565049e-06
15.21	2.2246307e-06
15.25	2.4064314e-06
15.28	2.6030296e-06
15.31	2.8156383e-06
15.35	3.0455688e-06
15.38	3.2942386e-06
15.42	3.5631803e-06
15.45	3.8540513e-06
15.48	4.1686436e-06
15.52	4.5088950e-06
15.55	4.8769013e-06
15.59	5.2749289e-06
15.62	5.7054291e-06
15.66	6.1710529e-06
15.69	6.6746675e-06
15.72	7.2193739e-06
15.76	7.8085261e-06
15.79	8.4457517e-06
15.83	9.1349741e-06
15.86	9.8804369e-06
15.89	1.0686730e-05
15.93	1.1558818e-05
15.96	1.2502069e-05
16.00	1.3522292e-05
16.03	1.4625768e-05
16.06	1.5819290e-05
16.10	1.7110207e-05
16.13	1.8506467e-05
16.17	2.0016667e-05
16.20	2.1650103e-05
16.23	2.3416834e-05
16.27	2.5327736e-05
16.30	2.7394575e-05
16.34	2.9630075e-05
16.37	3.2048000e-05
16.40	3.4663237e-05
16.44	3.7491887e-05
16.47	4.0551365e-05
16.51	4.3860508e-05
16.54	4.7439689e-05
16.58	5.1310945e-05
16.61	5.5498111e-05
16.64	6.0026965e-05
16.68	6.4925392e-05
16.71	7.0223549e-05
16.75	7.5954056e-05
16.78	8.2152195e-05
16.81	8.8856127e-05
16.85	9.6107127e-05
16.88	1.0394984e-04
16.92	1.1243254e-04
16.95	1.2160748e-04
16.98	1.3153112e-04
17.02	1.4226457e-04
17.05	1.5387392e-04
17.09	1.6643064e-04
17.12	1.8001205e-04
17.15	1.9470176e-04
17.19	2.1059021e-04
17.22	2.2777523e-04
17.26	2.4636262e-04
17.29	2.6646684e-04
17.32	2.8821165e-04
17.36	3.1173095e-04
17.39	3.3716954e-04
17.43	3.6468404e-04
17.46	3.9444387e-04
17.49	4.2663225e-04
17.53	4.6144738e-04
17.56	4.9910362e-04
17.60	5.3983283e-04
17.63	5.8388577e-04
17.67	6.3153370e-04
17.70	6.8307000e-04
17.73	7.3881200e-04
17.77	7.9910291e-04
17.80	8.6431399e-04
17.84	9.3484675e-04
17.87	1.0111355e-03
17.90	1.0936500e-03
17.94	1.1828984e-03
17.97	1.2794302e-03
18.01	1.3838399e-03
18.04	1.4967704e-03
18.07	1.6189171e-03
18.11	1.7510323e-03
18.14	1.8939294e-03
18.18	2.0484887e-03
18.21	2.2156618e-03
18.24	2.3964784e-03
18.28	2.5920521e-03
18.31	2.8035874e-03
18.35	3.0323872e-03
18.38	3.2798608e-03
18.41	3.5475325e-03
18.45	3.8370510e-03
18.48	4.1502000e-03
18.52	4.4889084e-03
18.55	4.8552630e-03
18.59	5.2515207e-03
18.62	5.6801232e-03
18.65	6.1437112e-03
18.69	6.6451415e-03
18.72	7.1875041e-03
18.76	7.7741416e-03
18.79	8.4086697e-03
18.82	9.0949997e-03
18.86	9.8373626e-03
18.89	1.0640335e-02
18.93	1.1508869e-02
18.96	1.2448319e-02
18.99	1.3464480e-02
19.03	1.4563620e-02
19.06	1.5752520e-02
19.10	1.7038517e-02
19.13	1.8429546e-02
19.16	1.9934194e-02
19.20	2.1561751e-02
19.23	2.3322267e-02
19.27	2.5226618e-02
19.30	2.7286570e-02
19.33	2.9514854e-02
19.37	3.1925246e-02
19.40	3.4532653e-02
19.44	3.7353206e-02
19.47	4.0404363e-02
19.51	4.3705015e-02
19.54	4.7275609e-02
19.57	5.1138274e-02
19.61	5.5316964e-02
19.64	5.9837607e-02
19.68	6.4728269e-02
19.71	7.0019336e-02
19.74	7.5743706e-02
19.78	8.1936999e-02
19.81	8.8637784e-02
19.85	9.5887835e-02
19.88	1.0373239e-01
19.91	1.1222045e-01
19.95	1.2140511e-01
19.98	1.3134388e-01
20.02	1.4209909e-01
20.05	1.5373828e-01
20.08	1.6633466e-01
20.12	1.7996762e-01
20.15	1.9472321e-01
20.19	2.1069478e-01
20.22	2.2798359e-01
20.25	2.4669952e-01
20.29	2.6696180e-01
20.32	2.8889990e-01
20.36	3.1265439e-01
20.39	3.3837800e-01
20.42	3.6623668e-01
20.46	3.9641083e-01
20.49	4.2909665e-01
20.53	4.6450761e-01
20.56	5.0287605e-01
20.60	5.4445505e-01
20.63	5.8952034e-01
20.66	6.3837258e-01
20.70	6.9133978e-01
20.73	7.4878007e-01
20.77	8.1108469e-01
20.80	8.7868147e-01
20.83	9.5203862e-01
20.87	1.0316690e+00
20.90	1.1181349e+00
20.94	1.2120536e+00
20.97	1.3141034e+00
21.00	1.4250307e+00
21.04	1.5456575e+00
21.07	1.6768911e+00
21.11	1.8197339e+00
21.14	1.9752953e+00
21.17	2.1448054e+00
21.21	2.3296308e+00
21.24	2.5312924e+00
21.28	2.7514872e+00
21.31	2.9921124e+00
21.34	3.2552949e+00
21.38	3.5434254e+00
21.41	3.8591987e+00
21.45	4.2056624e+00
21.48	4.5862737e+00
21.52	5.0049697e+00
21.55	5.4662509e+00
21.58	5.9752831e+00
21.62	6.5380234e+00
21.65	7.1613748e+00
21.69	7.8533794e+00
21.72	8.6234608e+00
21.75	9.4827325e+00
21.79	1.0444393e+01
21.82	1.1524242e+01
21.86	1.2741357e+01
21.89	1.4119003e+01
21.92	1.5685890e+01
21.96	1.7477943e+01
21.99	1.9540958e+01
22.03	2.1934899e+01
22.06	2.4741664e+01
22.09	2.8080644e+01
22.13	3.2141752e+01
22.16	3.7255460e+01
22.20	4.4034520e+01
22.23	5.3639977e+01
22.26	6.8236826e+01
22.30	9.1698252e+01
22.33	1.3057557e+02
22.37	1.9526392e+02
22.40	3.0116634e+02
22.43	4.6951711e+02
22.47	7.2740796e+02
22.50	1.1065117e+03
22.54	1.6400416e+03
22.57	2.3576287e+03
22.61	3.2780295e+03
22.64	4.3999035e+03
22.67	5.6913818e+03
22.71	7.0799627e+03
22.74	8.4456833e+03
22.78	9.6227272e+03
22.81	1.0417183e+04
22.84	1.0649543e+04
22.88	1.0226284e+04
22.91	9.2376536e+03
22.95	8.0472729e+03
22.98	6.9517423e+03
23.01	5.9895197e+03
23.05	5.1536643e+03
23.08	4.4310212e+03
23.12	3.8078536e+03
23.15	3.2713031e+03
23.18	2.8097994e+03
23.22	2.4131218e+03
23.25	2.0723316e+03
23.29	1.7796578e+03
23.32	1.5283699e+03
23.35	1.3126541e+03
23.39	1.1274970e+03
23.42	9.6858165e+02
23.46	8.3219379e+02
23.49	7.1514057e+02
23.53	6.1467868e+02
23.56	5.2845223e+02
23.59	4.5443871e+02
23.63	3.9090231e+02
23.66	3.3635361e+02
23.70	2.8951487e+02
23.73	2.4929003e+02
23.76	2.1473906e+02
23.80	1.8505573e+02
23.83	1.5954868e+02
23.87	1.3762502e+02
23.90	1.1877636e+02
23.93	1.0256673e+02
23.97	8.8622279e+01
24.00	7.6622401e+01
24.04	6.6292155e+01
24.07	5.7395739e+01
24.10	4.9730902e+01
24.14	4.3124161e+01
24.17	3.7426690e+01
24.21	3.2510806e+01
24.24	2.8266946e+01
24.27	2.4601086e+01
24.31	2.1432524e+01
24.34	1.8691979e+01
24.38	1.6319965e+01
24.41	1.4265395e+01
24.44	1.2484387e+01
24.48	1.0939234e+01
24.51	9.5975339e+00
24.55	8.4314279e+00
24.58	7.4169607e+00
24.62	6.5335253e+00
24.65	5.7633888e+00
24.68	5.0912857e+00
24.72	4.5040695e+00
24.75	3.9904131e+00
24.79	3.5405532e+00
24.82	3.1460695e+00
24.85	2.7996965e+00
24.89	2.4951615e+00
24.92	2.2270456e+00
24.96	1.9906646e+00
24.99	1.7819667e+00
25.02	1.5974445e+00
25.06	1.4340594e+00
25.09	1.2891772e+00
25.13	1.1605122e+00
25.16	1.0460792e+00
25.19	9.4415249e-01
25.23	8.5323058e-01
25.26	7.7200557e-01
25.30	6.9933707e-01
25.33	6.3422963e-01
25.36	5.7581329e-01
25.40	5.2332689e-01
25.43	4.7610363e-01
25.47	4.3355864e-01
25.50	3.9517822e-01
25.54	3.6051060e-01
25.57	3.2915789e-01
25.60	3.0076923e-01
25.64	2.7503472e-01
25.67	2.5168028e-01
25.71	2.3046315e-01
25.74	2.1116800e-01
25.77	1.9360352e-01
25.81	1.7759952e-01
25.84	1.6300435e-01
25.88	1.4968271e-01
25.91	1.3751366e-01
25.94	1.2638898e-01
25.98	1.1621169e-01
26.01	1.0689473e-01
26.05	9.8359856e-02
26.08	9.0536660e-02
26.11	8.3361683e-02
26.15	7.6777659e-02
26.18	7.0732852e-02
26.22	6.5180457e-02
26.25	6.0078083e-02
26.28	5.5387294e-02
26.32	5.1073198e-02
26.35	4.7104091e-02
26.39	4.3451133e-02
26.42	4.0088066e-02
26.45	3.6990958e-02
26.49	3.4137981e-02
26.52	3.1509209e-02
26.56	2.9086434e-02
26.59	2.6853009e-02
26.63	2.4793704e-02
26.66	2.2894572e-02
26.69	2.1142836e-02
26.73	1.9526782e-02
26.76	1.8035667e-02
26.80	1.6659629e-02
26.83	1.5389615e-02
26.86	1.4217308e-02
26.90	1.3135064e-02
26.93	1.2135855e-02
26.97	1.1213217e-02
27.00	1.0361202e-02
