# NeutrinoAntineutrinoInteraction/NeutrinoAntineutrinoResonanceUp interaction rates
# neutrino field: massive Cosmic Neutrino Background, T_CnuB = 1.94535456 K
# Produced with crpropa-data version: 60a1560e37035039ec25f414e0c42a2444bad49c
# log10(E/eV), 1/lambda [1/Mpc]
10.41	0.0000000e+00
10.44	0.0000000e+00
10.48	0.0000000e+00
10.51	0.0000000e+00
10.55	0.0000000e+00
10.58	0.0000000e+00
10.61	0.0000000e+00
10.65	0.0000000e+00
10.68	0.0000000e+00
10.72	0.0000000e+00
10.75	0.0000000e+00
10.78	0.0000000e+00
10.82	0.0000000e+00
10.85	0.0000000e+00
10.89	0.0000000e+00
10.92	0.0000000e+00
10.95	0.0000000e+00
10.99	0.0000000e+00
11.02	0.0000000e+00
11.06	0.0000000e+00
11.09	0.0000000e+00
11.12	0.0000000e+00
11.16	0.0000000e+00
11.19	0.0000000e+00
11.23	0.0000000e+00
11.26	0.0000000e+00
11.29	0.0000000e+00
11.33	0.0000000e+00
11.36	0.0000000e+00
11.40	0.0000000e+00
11.43	0.0000000e+00
11.46	0.0000000e+00
11.50	0.0000000e+00
11.53	0.0000000e+00
11.57	0.0000000e+00
11.60	0.0000000e+00
11.64	0.0000000e+00
11.67	0.0000000e+00
11.70	0.0000000e+00
11.74	0.0000000e+00
11.77	0.0000000e+00
11.81	0.0000000e+00
11.84	0.0000000e+00
11.87	0.0000000e+00
11.91	0.0000000e+00
11.94	0.0000000e+00
11.98	0.0000000e+00
12.01	0.0000000e+00
12.04	0.0000000e+00
12.08	0.0000000e+00
12.11	0.0000000e+00
12.15	0.0000000e+00
12.18	0.0000000e+00
12.21	0.0000000e+00
12.25	0.0000000e+00
12.28	0.0000000e+00
12.32	0.0000000e+00
12.35	0.0000000e+00
12.38	0.0000000e+00
12.42	1.7636188e-255
12.45	9.6609959e-237
12.49	2.0314110e-219
12.52	2.0969730e-203
12.56	1.3341610e-188
12.59	6.4564573e-175
12.62	2.8867738e-162
12.66	1.4274366e-150
12.69	9.2178974e-140
12.73	9.0656705e-130
12.76	1.5652753e-120
12.79	5.4110508e-112
12.83	4.2291097e-104
12.86	8.3616673e-97
12.90	4.6402113e-90
12.93	7.9562748e-84
12.96	4.6067405e-78
13.00	9.7784614e-73
13.03	8.2098734e-68
13.07	2.9248685e-63
13.10	4.7184687e-59
13.13	3.6603369e-55
13.17	1.4434661e-51
13.20	3.0463949e-48
13.24	3.6083903e-45
13.27	2.5066522e-42
13.30	1.0636589e-39
13.34	2.8627932e-37
13.37	5.0604073e-35
13.41	6.0671791e-33
13.44	5.0833094e-31
13.47	3.0594995e-29
13.51	1.3570313e-27
13.54	4.5418124e-26
13.58	1.1723756e-24
13.61	2.3817266e-23
13.65	3.8800447e-22
13.68	5.1573177e-21
13.71	5.6834219e-20
13.75	5.2701702e-19
13.78	4.1687595e-18
13.82	2.8486274e-17
13.85	1.7012108e-16
13.88	8.9745426e-16
13.92	4.2232357e-15
13.95	1.7886488e-14
13.99	6.8729662e-14
14.02	2.4133068e-13
14.05	7.7917013e-13
14.09	2.3251183e-12
14.12	6.4376643e-12
14.16	1.6572783e-11
14.19	3.9646060e-11
14.22	8.7689333e-11
14.26	1.7701934e-10
14.29	3.1808183e-10
14.33	4.9269672e-10
14.36	6.6599344e-10
14.39	8.3410681e-10
14.43	9.9941985e-10
14.46	1.1641026e-09
14.50	1.3301540e-09
14.53	1.4994383e-09
14.57	1.6737175e-09
14.60	1.8546796e-09
14.63	2.0439648e-09
14.67	2.2431879e-09
14.70	2.4539597e-09
14.74	2.6779063e-09
14.77	2.9166873e-09
14.80	3.1720127e-09
14.84	3.4456598e-09
14.87	3.7394885e-09
14.91	4.0554579e-09
14.94	4.3956414e-09
14.97	4.7622429e-09
15.01	5.1576132e-09
15.04	5.5842665e-09
15.08	6.0448979e-09
15.11	6.5424019e-09
15.14	7.0798915e-09
15.18	7.6607187e-09
15.21	8.2884959e-09
15.25	8.9671195e-09
15.28	9.7007943e-09
15.31	1.0494060e-08
15.35	1.1351820e-08
15.38	1.2279372e-08
15.42	1.3282442e-08
15.45	1.4367216e-08
15.48	1.5540384e-08
15.52	1.6809178e-08
15.55	1.8181416e-08
15.59	1.9665555e-08
15.62	2.1270737e-08
15.66	2.3006849e-08
15.69	2.4884585e-08
15.72	2.6915508e-08
15.76	2.9112125e-08
15.79	3.1487964e-08
15.83	3.4057653e-08
15.86	3.6837015e-08
15.89	3.9843164e-08
15.93	4.3094610e-08
15.96	4.6611371e-08
16.00	5.0415100e-08
16.03	5.4529217e-08
16.06	5.8979053e-08
16.10	6.3792003e-08
16.13	6.8997702e-08
16.17	7.4628199e-08
16.20	8.0718161e-08
16.23	8.7305082e-08
16.27	9.4429517e-08
16.30	1.0213533e-07
16.34	1.1046996e-07
16.37	1.1948473e-07
16.40	1.2923513e-07
16.44	1.3978120e-07
16.47	1.5118787e-07
16.51	1.6352537e-07
16.54	1.7686965e-07
16.58	1.9130287e-07
16.61	2.0691390e-07
16.64	2.2379885e-07
16.68	2.4206167e-07
16.71	2.6181481e-07
16.75	2.8317987e-07
16.78	3.0628841e-07
16.81	3.3128270e-07
16.85	3.5831661e-07
16.88	3.8755660e-07
16.92	4.1918268e-07
16.95	4.5338958e-07
16.98	4.9038790e-07
17.02	5.3040543e-07
17.05	5.7368855e-07
17.09	6.2050375e-07
17.12	6.7113927e-07
17.15	7.2590685e-07
17.19	7.8514369e-07
17.22	8.4921450e-07
17.26	9.1851377e-07
17.29	9.9346816e-07
17.32	1.0745392e-06
17.36	1.1622259e-06
17.39	1.2570683e-06
17.43	1.3596502e-06
17.46	1.4706034e-06
17.49	1.5906108e-06
17.53	1.7204114e-06
17.56	1.8608044e-06
17.60	2.0126541e-06
17.63	2.1768956e-06
17.67	2.3545401e-06
17.70	2.5466813e-06
17.73	2.7545023e-06
17.77	2.9792826e-06
17.80	3.2224064e-06
17.84	3.4853706e-06
17.87	3.7697942e-06
17.90	4.0774287e-06
17.94	4.4101682e-06
17.97	4.7700616e-06
18.01	5.1593249e-06
18.04	5.5803550e-06
18.07	6.0357445e-06
18.11	6.5282975e-06
18.14	7.0610470e-06
18.18	7.6372737e-06
18.21	8.2605259e-06
18.24	8.9346417e-06
18.28	9.6637724e-06
18.31	1.0452408e-05
18.35	1.1305406e-05
18.38	1.2228018e-05
18.41	1.3225927e-05
18.45	1.4305280e-05
18.48	1.5472723e-05
18.52	1.6735448e-05
18.55	1.8101231e-05
18.59	1.9578486e-05
18.62	2.1176313e-05
18.65	2.2904553e-05
18.69	2.4773854e-05
18.72	2.6795732e-05
18.76	2.8982643e-05
18.79	3.1348063e-05
18.82	3.3906565e-05
18.86	3.6673917e-05
18.89	3.9667171e-05
18.93	4.2904775e-05
18.96	4.6406685e-05
18.99	5.0194486e-05
19.03	5.4291530e-05
19.06	5.8723075e-05
19.10	6.3516448e-05
19.13	6.8701208e-05
19.16	7.4309333e-05
19.20	8.0375417e-05
19.23	8.6936884e-05
19.27	9.4034223e-05
19.30	1.0171124e-04
19.33	1.1001531e-04
19.37	1.1899772e-04
19.40	1.2871394e-04
19.44	1.3922398e-04
19.47	1.5059279e-04
19.51	1.6289063e-04
19.54	1.7619354e-04
19.57	1.9058378e-04
19.61	2.0615040e-04
19.64	2.2298974e-04
19.68	2.4120607e-04
19.71	2.6091225e-04
19.74	2.8223041e-04
19.78	3.0529277e-04
19.81	3.3024242e-04
19.85	3.5723430e-04
19.88	3.8643610e-04
19.91	4.1802942e-04
19.95	4.5221086e-04
19.98	4.8919332e-04
20.02	5.2920738e-04
20.05	5.7250274e-04
20.08	6.1934992e-04
20.12	6.7004193e-04
20.15	7.2489628e-04
20.19	7.8425701e-04
20.22	8.4849699e-04
20.25	9.1802039e-04
20.29	9.9326539e-04
20.32	1.0747071e-03
20.36	1.1628609e-03
20.39	1.2582859e-03
20.42	1.3615885e-03
20.46	1.4734272e-03
20.49	1.5945168e-03
20.53	1.7256334e-03
20.56	1.8676204e-03
20.60	2.0213940e-03
20.63	2.1879505e-03
20.66	2.3683734e-03
20.70	2.5638413e-03
20.73	2.7756377e-03
20.77	3.0051600e-03
20.80	3.2539312e-03
20.83	3.5236119e-03
20.87	3.8160138e-03
20.90	4.1331151e-03
20.94	4.4770770e-03
20.97	4.8502629e-03
21.00	5.2552590e-03
21.04	5.6948986e-03
21.07	6.1722883e-03
21.11	6.6908378e-03
21.14	7.2542945e-03
21.17	7.8667809e-03
21.21	8.5328391e-03
21.24	9.2574797e-03
21.28	1.0046239e-02
21.31	1.0905244e-02
21.34	1.1841287e-02
21.38	1.2861911e-02
21.41	1.3975510e-02
21.45	1.5191446e-02
21.48	1.6520182e-02
21.52	1.7973439e-02
21.55	1.9564387e-02
21.58	2.1307857e-02
21.62	2.3220604e-02
21.65	2.5321617e-02
21.69	2.7632489e-02
21.72	3.0177859e-02
21.75	3.2985955e-02
21.79	3.6089246e-02
21.82	3.9525248e-02
21.86	4.3337512e-02
21.89	4.7576851e-02
21.92	5.2302878e-02
21.96	5.7585945e-02
21.99	6.3509603e-02
22.03	7.0173771e-02
22.06	7.7698844e-02
22.09	8.6231081e-02
22.13	9.5949773e-02
22.16	1.0707690e-01
22.20	1.1989034e-01
22.23	1.3474234e-01
22.26	1.5208563e-01
22.30	1.7251175e-01
22.33	1.9680846e-01
22.37	2.2605024e-01
22.40	2.6175027e-01
22.43	3.0614180e-01
22.47	3.6276216e-01
22.50	4.3779186e-01
22.54	5.4328626e-01
22.57	7.0496362e-01
22.61	9.8020809e-01
22.64	1.4968914e+00
22.67	2.5295335e+00
22.71	4.6300800e+00
22.74	8.8057372e+00
22.78	1.6631259e+01
22.81	2.9882289e+01
22.84	4.8696384e+01
22.88	6.7396693e+01
22.91	7.3453533e+01
22.95	6.6555323e+01
22.98	5.8106646e+01
23.01	5.0313690e+01
23.05	4.3414920e+01
23.08	3.7392941e+01
23.12	3.2170629e+01
23.15	2.7658044e+01
23.18	2.3767242e+01
23.22	2.0417320e+01
23.25	1.7535890e+01
23.29	1.5059135e+01
23.32	1.2931278e+01
23.35	1.1103833e+01
23.39	9.5348052e+00
23.42	8.1879102e+00
23.46	7.0318565e+00
23.49	6.0396923e+00
23.53	5.1882271e+00
23.56	4.4575222e+00
23.59	3.8304446e+00
23.63	3.2922795e+00
23.66	2.8303933e+00
23.70	2.4339427e+00
23.73	2.0936234e+00
23.76	1.8014527e+00
23.80	1.5505833e+00
23.83	1.3351423e+00
23.87	1.1500929e+00
23.90	9.9111599e-01
23.93	8.5450764e-01
23.97	7.3709191e-01
24.00	6.3614546e-01
24.04	5.4933307e-01
24.07	4.7465229e-01
24.10	4.1038594e-01
24.14	3.5506143e-01
24.17	3.0741585e-01
24.21	2.6636597e-01
24.24	2.3098270e-01
24.27	2.0046897e-01
24.31	1.7414097e-01
24.34	1.5141195e-01
24.38	1.3177837e-01
24.41	1.1480803e-01
24.44	1.0012991e-01
24.48	8.7425455e-02
24.51	7.6421067e-02
24.55	6.6881741e-02
24.58	5.8605558e-02
24.62	5.1418982e-02
24.65	4.5172828e-02
24.68	3.9738807e-02
24.72	3.5006562e-02
24.75	3.0881126e-02
24.79	2.7280747e-02
24.82	2.4135020e-02
24.85	2.1383284e-02
24.89	1.8973252e-02
24.92	1.6859828e-02
24.96	1.5004101e-02
24.99	1.3372478e-02
25.02	1.1935937e-02
25.06	1.0669390e-02
25.09	9.5511354e-03
25.13	8.5623887e-03
25.16	7.6868755e-03
25.19	6.9104866e-03
25.23	6.2209789e-03
25.26	5.6077194e-03
25.30	5.0614648e-03
25.33	4.5741721e-03
25.36	4.1388354e-03
25.40	3.7493459e-03
25.43	3.4003710e-03
25.47	3.0872505e-03
25.50	2.8059067e-03
25.54	2.5527674e-03
25.57	2.3246990e-03
25.60	2.1189495e-03
25.64	1.9330983e-03
25.67	1.7650136e-03
25.71	1.6128154e-03
25.74	1.4748433e-03
25.77	1.3496285e-03
25.81	1.2358703e-03
25.84	1.1324146e-03
25.88	1.0382364e-03
25.91	9.5242348e-04
25.94	8.7416317e-04
25.98	8.0273024e-04
26.01	7.3747656e-04
26.05	6.7782210e-04
26.08	6.2324697e-04
26.11	5.7328457e-04
26.15	5.2751550e-04
26.18	4.8556231e-04
26.22	4.4708481e-04
26.25	4.1177603e-04
26.28	3.7935860e-04
26.32	3.4958159e-04
26.35	3.2221774e-04
26.39	2.9706097e-04
26.42	2.7392422e-04
26.45	2.5263750e-04
26.49	2.3304617e-04
26.52	2.1500943e-04
26.56	1.9839898e-04
26.59	1.8309777e-04
26.63	1.6899893e-04
26.66	1.5600485e-04
26.69	1.4402625e-04
26.73	1.3298146e-04
26.76	1.2279570e-04
26.80	1.1340044e-04
26.83	1.0473286e-04
26.86	9.6735354e-05
26.90	8.9355037e-05
26.93	8.2543354e-05
26.97	7.6255702e-05
27.00	7.0451086e-05
