# NeutrinoAntineutrinoInteraction/NeutrinoAntineutrinoResonanceUp interaction rates
# neutrino field: massive Cosmic Neutrino Background, T_CnuB = 1.94535456 K
# Produced with crpropa-data version: 60a1560e37035039ec25f414e0c42a2444bad49c
# log10(E/eV), 1/lambda [1/Mpc]
10.14	0.0000000e+00
10.17	0.0000000e+00
10.20	0.0000000e+00
10.24	0.0000000e+00
10.27	0.0000000e+00
10.31	0.0000000e+00
10.34	0.0000000e+00
10.37	0.0000000e+00
10.41	0.0000000e+00
10.44	0.0000000e+00
10.48	0.0000000e+00
10.51	0.0000000e+00
10.55	0.0000000e+00
10.58	0.0000000e+00
10.61	0.0000000e+00
10.65	0.0000000e+00
10.68	0.0000000e+00
10.72	0.0000000e+00
10.75	0.0000000e+00
10.78	0.0000000e+00
10.82	0.0000000e+00
10.85	0.0000000e+00
10.89	0.0000000e+00
10.92	0.0000000e+00
10.95	0.0000000e+00
10.99	0.0000000e+00
11.02	0.0000000e+00
11.06	0.0000000e+00
11.09	0.0000000e+00
11.12	0.0000000e+00
11.16	0.0000000e+00
11.19	0.0000000e+00
11.23	0.0000000e+00
11.26	0.0000000e+00
11.29	0.0000000e+00
11.33	0.0000000e+00
11.36	0.0000000e+00
11.40	0.0000000e+00
11.43	0.0000000e+00
11.46	0.0000000e+00
11.50	0.0000000e+00
11.53	0.0000000e+00
11.57	0.0000000e+00
11.60	0.0000000e+00
11.64	0.0000000e+00
11.67	0.0000000e+00
11.70	0.0000000e+00
11.74	0.0000000e+00
11.77	0.0000000e+00
11.81	0.0000000e+00
11.84	0.0000000e+00
11.87	0.0000000e+00
11.91	0.0000000e+00
11.94	0.0000000e+00
11.98	0.0000000e+00
12.01	0.0000000e+00
12.04	0.0000000e+00
12.08	0.0000000e+00
12.11	4.0951565e-263
12.15	1.1354206e-243
12.18	1.0683373e-225
12.21	4.4034511e-209
12.25	1.0067349e-193
12.28	1.5879824e-179
12.32	2.1144967e-166
12.35	2.8642543e-154
12.38	4.6898707e-143
12.42	1.0886959e-132
12.45	4.1521863e-123
12.49	2.9817452e-114
12.52	4.5732157e-106
12.56	1.6832028e-98
12.59	1.6557875e-91
12.62	4.8093638e-85
12.66	4.5225674e-79
12.69	1.4992726e-73
12.73	1.8957013e-68
12.76	9.8326591e-64
12.79	2.2377873e-59
12.83	2.3781830e-55
12.86	1.2501021e-51
12.90	3.4279274e-48
12.93	5.1508045e-45
12.96	4.4385170e-42
13.00	2.2876754e-39
13.03	7.3323541e-37
13.07	1.5149987e-34
13.10	2.0861841e-32
13.13	1.9743737e-30
13.17	1.3213034e-28
13.20	6.4195295e-27
13.24	2.3200822e-25
13.27	6.3794146e-24
13.30	1.3626327e-22
13.34	2.3049485e-21
13.37	3.1431393e-20
13.41	3.5126929e-19
13.44	3.2666837e-18
13.47	2.5637905e-17
13.51	1.7203766e-16
13.54	9.9898702e-16
13.58	5.0760416e-15
13.61	2.2802671e-14
13.65	9.1425319e-14
13.68	3.3004658e-13
13.71	1.0814946e-12
13.75	3.2407878e-12
13.78	8.9419640e-12
13.82	2.2861682e-11
13.85	5.4473433e-11
13.88	1.2160563e-10
13.92	2.5556250e-10
13.95	5.0780068e-10
13.99	9.5767208e-10
14.02	1.7200212e-09
14.05	2.9504542e-09
14.09	4.8448880e-09
14.12	7.6286101e-09
14.16	1.1528894e-08
14.19	1.6725463e-08
14.22	2.3278049e-08
14.26	3.1046126e-08
14.29	3.9647742e-08
14.33	4.8545255e-08
14.36	5.7400103e-08
14.39	6.6267012e-08
14.43	7.5250137e-08
14.46	8.4447150e-08
14.50	9.3950889e-08
14.53	1.0385082e-07
14.57	1.1423436e-07
14.60	1.2518805e-07
14.63	1.3679868e-07
14.67	1.4915424e-07
14.70	1.6234493e-07
14.74	1.7646405e-07
14.77	1.9160885e-07
14.80	2.0788138e-07
14.84	2.2538938e-07
14.87	2.4424710e-07
14.91	2.6457613e-07
14.94	2.8650636e-07
14.97	3.1017682e-07
15.01	3.3573670e-07
15.04	3.6334631e-07
15.08	3.9317813e-07
15.11	4.2541799e-07
15.14	4.6026623e-07
15.18	4.9793895e-07
15.21	5.3866945e-07
15.25	5.8270965e-07
15.28	6.3033165e-07
15.31	6.8182951e-07
15.35	7.3752100e-07
15.38	7.9774961e-07
15.42	8.6288667e-07
15.45	9.3333366e-07
15.48	1.0095247e-06
15.52	1.0919292e-06
15.55	1.1810548e-06
15.59	1.2774504e-06
15.62	1.3817097e-06
15.66	1.4944749e-06
15.69	1.6164402e-06
15.72	1.7483568e-06
15.76	1.8910370e-06
15.79	2.0453592e-06
15.83	2.2122738e-06
15.86	2.3928083e-06
15.89	2.5880744e-06
15.93	2.7992743e-06
15.96	3.0277084e-06
16.00	3.2747831e-06
16.03	3.5420196e-06
16.06	3.8310632e-06
16.10	4.1436937e-06
16.13	4.4818356e-06
16.17	4.8475711e-06
16.20	5.2431517e-06
16.23	5.6710130e-06
16.27	6.1337892e-06
16.30	6.6343296e-06
16.34	7.1757159e-06
16.37	7.7612812e-06
16.40	8.3946308e-06
16.44	9.0796640e-06
16.47	9.8205985e-06
16.51	1.0621996e-05
16.54	1.1488791e-05
16.58	1.2426319e-05
16.61	1.3440353e-05
16.64	1.4537136e-05
16.68	1.5723421e-05
16.71	1.7006511e-05
16.75	1.8394307e-05
16.78	1.9895351e-05
16.81	2.1518888e-05
16.85	2.3274911e-05
16.88	2.5174232e-05
16.92	2.7228546e-05
16.95	2.9450500e-05
16.98	3.1853774e-05
17.02	3.4453166e-05
17.05	3.7264679e-05
17.09	4.0305623e-05
17.12	4.3594721e-05
17.15	4.7152223e-05
17.19	5.1000033e-05
17.22	5.5161841e-05
17.26	5.9663271e-05
17.29	6.4532039e-05
17.32	6.9798120e-05
17.36	7.5493938e-05
17.39	8.1654563e-05
17.43	8.8317923e-05
17.46	9.5525048e-05
17.49	1.0332031e-04
17.53	1.1175171e-04
17.56	1.2087115e-04
17.60	1.3073479e-04
17.63	1.4140336e-04
17.67	1.5294254e-04
17.70	1.6542339e-04
17.73	1.7892275e-04
17.77	1.9352375e-04
17.80	2.0931628e-04
17.84	2.2639760e-04
17.87	2.4487286e-04
17.90	2.6485585e-04
17.94	2.8646960e-04
17.97	3.0984720e-04
18.01	3.3513261e-04
18.04	3.6248152e-04
18.07	3.9206236e-04
18.11	4.2405728e-04
18.14	4.5866330e-04
18.18	4.9609354e-04
18.21	5.3657850e-04
18.24	5.8036752e-04
18.28	6.2773025e-04
18.31	6.7895841e-04
18.35	7.3436749e-04
18.38	7.9429877e-04
18.41	8.5912138e-04
18.45	9.2923459e-04
18.48	1.0050703e-03
18.52	1.0870956e-03
18.55	1.1758158e-03
18.59	1.2717775e-03
18.62	1.3755718e-03
18.65	1.4878383e-03
18.69	1.6092686e-03
18.72	1.7406111e-03
18.76	1.8826750e-03
18.79	2.0363359e-03
18.82	2.2025408e-03
18.86	2.3823142e-03
18.89	2.5767641e-03
18.93	2.7870895e-03
18.96	3.0145870e-03
18.99	3.2606595e-03
19.03	3.5268244e-03
19.06	3.8147236e-03
19.10	4.1261330e-03
19.13	4.4629738e-03
19.16	4.8273248e-03
19.20	5.2214346e-03
19.23	5.6477363e-03
19.27	6.1088621e-03
19.30	6.6076599e-03
19.33	7.1472111e-03
19.37	7.7308498e-03
19.40	8.3621836e-03
19.44	9.0451162e-03
19.47	9.7838717e-03
19.51	1.0583021e-02
19.54	1.1447512e-02
19.57	1.2382697e-02
19.61	1.3394372e-02
19.64	1.4488807e-02
19.68	1.5672791e-02
19.71	1.6953673e-02
19.74	1.8339406e-02
19.78	1.9838604e-02
19.81	2.1460589e-02
19.85	2.3215460e-02
19.88	2.5114148e-02
19.91	2.7168495e-02
19.95	2.9391325e-02
19.98	3.1796531e-02
20.02	3.4399162e-02
20.05	3.7215527e-02
20.08	4.0263297e-02
20.12	4.3561625e-02
20.15	4.7131272e-02
20.19	5.0994750e-02
20.22	5.5176469e-02
20.25	5.9702905e-02
20.29	6.4602784e-02
20.32	6.9907276e-02
20.36	7.5650215e-02
20.39	8.1868337e-02
20.42	8.8601539e-02
20.46	9.5893168e-02
20.49	1.0379034e-01
20.53	1.1234427e-01
20.56	1.2161067e-01
20.60	1.3165018e-01
20.63	1.4252881e-01
20.66	1.5431845e-01
20.70	1.6709748e-01
20.73	1.8095137e-01
20.77	1.9597339e-01
20.80	2.1226539e-01
20.83	2.2993870e-01
20.87	2.4911507e-01
20.90	2.6992780e-01
20.94	2.9252297e-01
20.97	3.1706078e-01
21.00	3.4371717e-01
21.04	3.7268556e-01
21.07	4.0417888e-01
21.11	4.3843181e-01
21.14	4.7570342e-01
21.17	5.1628015e-01
21.21	5.6047919e-01
21.24	6.0865248e-01
21.28	6.6119121e-01
21.31	7.1853112e-01
21.34	7.8115866e-01
21.38	8.4961818e-01
21.41	9.2452033e-01
21.45	1.0065521e+00
21.48	1.0964885e+00
21.52	1.1952066e+00
21.55	1.3037026e+00
21.58	1.4231116e+00
21.62	1.5547325e+00
21.65	1.7000574e+00
21.69	1.8608086e+00
21.72	2.0389834e+00
21.75	2.2369104e+00
21.79	2.4573202e+00
21.82	2.7034348e+00
21.86	2.9790821e+00
21.89	3.2888443e+00
21.92	3.6382531e+00
21.96	4.0340490e+00
21.99	4.4845348e+00
22.03	5.0000652e+00
22.06	5.5937538e+00
22.09	6.2825447e+00
22.13	7.0889853e+00
22.16	8.0444893e+00
22.20	9.1959683e+00
22.23	1.0620027e+01
22.26	1.2453216e+01
22.30	1.4953534e+01
22.33	1.8616643e+01
22.37	2.4376952e+01
22.40	3.3922870e+01
22.43	5.0139345e+01
22.47	7.7652586e+01
22.50	1.2338913e+02
22.54	1.9697867e+02
22.57	3.1073745e+02
22.61	4.7887986e+02
22.64	7.1553253e+02
22.67	1.0310898e+03
22.71	1.4265177e+03
22.74	1.8855824e+03
22.78	2.3661404e+03
22.81	2.7944080e+03
22.84	3.0710664e+03
22.88	3.1028160e+03
22.91	2.8708073e+03
22.95	2.5150041e+03
22.98	2.1767036e+03
23.01	1.8772328e+03
23.05	1.6161898e+03
23.08	1.3900745e+03
23.12	1.1948568e+03
23.15	1.0266435e+03
23.18	8.8188104e+02
23.22	7.5740604e+02
23.25	6.5043932e+02
23.29	5.5855756e+02
23.32	4.7965784e+02
23.35	4.1192100e+02
23.39	3.5377681e+02
23.42	3.0387204e+02
23.46	2.6104179e+02
23.49	2.2428420e+02
23.53	1.9273817e+02
23.56	1.6566399e+02
23.59	1.4242651e+02
23.63	1.2248048e+02
23.66	1.0535801e+02
23.70	9.0657656e+01
23.73	7.8035026e+01
23.76	6.7194729e+01
23.80	5.7883418e+01
23.83	4.9883829e+01
23.87	4.3009647e+01
23.90	3.7101103e+01
23.93	3.2021195e+01
23.97	2.7652444e+01
24.00	2.3894108e+01
24.04	2.0659795e+01
24.07	1.7875419e+01
24.10	1.5477439e+01
24.14	1.3411356e+01
24.17	1.1630422e+01
24.21	1.0094535e+01
24.24	8.7692871e+00
24.27	7.6251558e+00
24.31	6.6368042e+00
24.34	5.7824853e+00
24.38	5.0435297e+00
24.41	4.4039073e+00
24.44	3.8498510e+00
24.48	3.3695349e+00
24.51	2.9527980e+00
24.55	2.5909071e+00
24.58	2.2763548e+00
24.62	2.0026848e+00
24.65	1.7643430e+00
24.68	1.5565502e+00
24.72	1.3751917e+00
24.75	1.2167239e+00
24.79	1.0780938e+00
24.82	9.5666941e-01
24.85	8.5018094e-01
24.89	7.5666969e-01
24.92	6.7444458e-01
24.96	6.0204462e-01
24.99	5.3820686e-01
25.02	4.8183873e-01
25.06	4.3199445e-01
25.09	3.8785464e-01
25.13	3.4870885e-01
25.16	3.1394060e-01
25.19	2.8301442e-01
25.23	2.5546484e-01
25.26	2.3088677e-01
25.30	2.0892735e-01
25.33	1.8927890e-01
25.36	1.7167279e-01
25.40	1.5587425e-01
25.43	1.4167784e-01
25.47	1.2890360e-01
25.50	1.1739362e-01
25.54	1.0700922e-01
25.57	9.7628416e-02
25.60	8.9143772e-02
25.64	8.1460523e-02
25.67	7.4494966e-02
25.71	6.8173066e-02
25.74	6.2429235e-02
25.77	5.7205291e-02
25.81	5.2449538e-02
25.84	4.8115980e-02
25.88	4.4163627e-02
25.91	4.0555900e-02
25.94	3.7260105e-02
25.98	3.4246981e-02
26.01	3.1490299e-02
26.05	2.8966515e-02
26.08	2.6654467e-02
26.11	2.4535106e-02
26.15	2.2591264e-02
26.18	2.0807448e-02
26.22	1.9169657e-02
26.25	1.7665225e-02
26.28	1.6282679e-02
26.32	1.5011614e-02
26.35	1.3842586e-02
26.39	1.2767012e-02
26.42	1.1777084e-02
26.45	1.0865691e-02
26.49	1.0026353e-02
26.52	9.2531605e-03
26.56	8.5407152e-03
26.59	7.8840865e-03
26.63	7.2787656e-03
26.66	6.7206267e-03
26.69	6.2058921e-03
26.73	5.7311004e-03
26.76	5.2930783e-03
26.80	4.8889152e-03
26.83	4.5159393e-03
26.86	4.1716976e-03
26.90	3.8539366e-03
26.93	3.5605849e-03
26.97	3.2897383e-03
27.00	3.0396451e-03
