# NeutrinoAntineutrinoInteraction/NeutrinoAntineutrinoResonanceUp interaction rates
# neutrino field: massive Cosmic Neutrino Background, T_CnuB = 1.94535456 K
# Produced with crpropa-data version: 60a1560e37035039ec25f414e0c42a2444bad49c
# log10(E/eV), 1/lambda [1/Mpc]
10.14	0.0000000e+00
10.17	0.0000000e+00
10.20	0.0000000e+00
10.24	0.0000000e+00
10.27	0.0000000e+00
10.31	0.0000000e+00
10.34	0.0000000e+00
10.37	0.0000000e+00
10.41	0.0000000e+00
10.44	0.0000000e+00
10.48	0.0000000e+00
10.51	0.0000000e+00
10.55	0.0000000e+00
10.58	0.0000000e+00
10.61	0.0000000e+00
10.65	0.0000000e+00
10.68	0.0000000e+00
10.72	0.0000000e+00
10.75	0.0000000e+00
10.78	0.0000000e+00
10.82	0.0000000e+00
10.85	0.0000000e+00
10.89	0.0000000e+00
10.92	0.0000000e+00
10.95	0.0000000e+00
10.99	0.0000000e+00
11.02	0.0000000e+00
11.06	0.0000000e+00
11.09	0.0000000e+00
11.12	0.0000000e+00
11.16	0.0000000e+00
11.19	0.0000000e+00
11.23	0.0000000e+00
11.26	0.0000000e+00
11.29	0.0000000e+00
11.33	0.0000000e+00
11.36	0.0000000e+00
11.40	0.0000000e+00
11.43	0.0000000e+00
11.46	0.0000000e+00
11.50	0.0000000e+00
11.53	0.0000000e+00
11.57	0.0000000e+00
11.60	0.0000000e+00
11.64	0.0000000e+00
11.67	0.0000000e+00
11.70	0.0000000e+00
11.74	0.0000000e+00
11.77	0.0000000e+00
11.81	0.0000000e+00
11.84	0.0000000e+00
11.87	0.0000000e+00
11.91	0.0000000e+00
11.94	0.0000000e+00
11.98	0.0000000e+00
12.01	0.0000000e+00
12.04	0.0000000e+00
12.08	0.0000000e+00
12.11	4.0082297e-263
12.15	1.1093894e-243
12.18	1.0418858e-225
12.21	4.2857210e-209
12.25	9.7767441e-194
12.28	1.5384983e-179
12.32	2.0433766e-166
12.35	2.7602887e-154
12.38	4.5061941e-143
12.42	1.0426988e-132
12.45	3.9629777e-123
12.49	2.8352318e-114
12.52	4.3309645e-106
12.56	1.5871068e-98
12.59	1.5539339e-91
12.62	4.4907013e-85
12.66	4.1998970e-79
12.69	1.3841305e-73
12.73	1.7390478e-68
12.76	8.9587164e-64
12.79	2.0239493e-59
12.83	2.1339724e-55
12.86	1.1122218e-51
12.90	3.0220501e-48
12.93	4.4964735e-45
12.96	3.8339353e-42
13.00	1.9537697e-39
13.03	6.1863573e-37
13.07	1.2616369e-34
13.10	1.7131677e-32
13.13	1.5972478e-30
13.17	1.0519304e-28
13.20	5.0240039e-27
13.24	1.7828211e-25
13.27	4.8074265e-24
13.30	1.0057328e-22
13.34	1.6640131e-21
13.37	2.2163924e-20
13.41	2.4159276e-19
13.44	2.1880835e-18
13.47	1.6698843e-17
13.51	1.0879103e-16
13.54	6.1235374e-16
13.58	3.0112115e-15
13.61	1.3069987e-14
13.65	5.0551640e-14
13.68	1.7576968e-13
13.71	5.5390879e-13
13.75	1.5940117e-12
13.78	4.2182597e-12
13.82	1.0331615e-11
13.85	2.3560939e-11
13.88	5.0304921e-11
13.92	1.0107597e-10
13.95	1.9202883e-10
13.99	3.4647741e-10
14.02	5.9613031e-10
14.05	9.8175277e-10
14.09	1.5530070e-09
14.12	2.3673282e-09
14.16	3.4878451e-09
14.19	4.9805100e-09
14.22	6.9107444e-09
14.26	9.3399875e-09
14.29	1.2322556e-08
14.33	1.5903180e-08
14.36	2.0115481e-08
14.39	2.4981527e-08
14.43	3.0512470e-08
14.46	3.6710141e-08
14.50	4.3569381e-08
14.53	5.1080841e-08
14.57	5.9233979e-08
14.60	6.8019985e-08
14.63	7.7434433e-08
14.67	8.7479535e-08
14.70	9.8165907e-08
14.74	1.0951386e-07
14.77	1.2155421e-07
14.80	1.3432877e-07
14.84	1.4789048e-07
14.87	1.6230339e-07
14.91	1.7764250e-07
14.94	1.9399354e-07
14.97	2.1145284e-07
15.01	2.3012719e-07
15.04	2.5013392e-07
15.08	2.7160104e-07
15.11	2.9466789e-07
15.14	3.1948595e-07
15.18	3.4621714e-07
15.21	3.7503386e-07
15.25	4.0612022e-07
15.28	4.3967332e-07
15.31	4.7590462e-07
15.35	5.1504136e-07
15.38	5.5732807e-07
15.42	6.0302814e-07
15.45	6.5242555e-07
15.48	7.0582665e-07
15.52	7.6356213e-07
15.55	8.2598908e-07
15.59	8.9349323e-07
15.62	9.6649138e-07
15.66	1.0454340e-06
15.69	1.1308079e-06
15.72	1.2231396e-06
15.76	1.3229981e-06
15.79	1.4309987e-06
15.83	1.5478069e-06
15.86	1.6741422e-06
15.89	1.8107828e-06
15.93	1.9585702e-06
15.96	2.1184145e-06
16.00	2.2913002e-06
16.03	2.4782917e-06
16.06	2.6805405e-06
16.10	2.8992920e-06
16.13	3.1358929e-06
16.17	3.3918002e-06
16.20	3.6685895e-06
16.23	3.9679649e-06
16.27	4.2917697e-06
16.30	4.6419976e-06
16.34	5.0208048e-06
16.37	5.4305236e-06
16.40	5.8736766e-06
16.44	6.3529922e-06
16.47	6.8714215e-06
16.51	7.4321563e-06
16.54	8.0386489e-06
16.58	8.6946334e-06
16.61	9.4041485e-06
16.64	1.0171563e-05
16.68	1.1001601e-05
16.71	1.1899373e-05
16.75	1.2870406e-05
16.78	1.3920680e-05
16.81	1.5056660e-05
16.85	1.6285340e-05
16.88	1.7614285e-05
16.92	1.9051678e-05
16.95	2.0606367e-05
16.98	2.2287925e-05
17.02	2.4106704e-05
17.05	2.6073904e-05
17.09	2.8201634e-05
17.12	3.0502996e-05
17.15	3.2992159e-05
17.19	3.5684448e-05
17.22	3.8596438e-05
17.26	4.1746060e-05
17.29	4.5152704e-05
17.32	4.8837344e-05
17.36	5.2822668e-05
17.39	5.7133212e-05
17.43	6.1795515e-05
17.46	6.6838284e-05
17.49	7.2292566e-05
17.53	7.8191943e-05
17.56	8.4572738e-05
17.60	9.1474238e-05
17.63	9.8938934e-05
17.67	1.0701279e-04
17.70	1.1574551e-04
17.73	1.2519087e-04
17.77	1.3540703e-04
17.80	1.4645688e-04
17.84	1.5840846e-04
17.87	1.7133536e-04
17.90	1.8531719e-04
17.94	2.0044001e-04
17.97	2.1679697e-04
18.01	2.3448876e-04
18.04	2.5362433e-04
18.07	2.7432151e-04
18.11	2.9670774e-04
18.14	3.2092086e-04
18.18	3.4710999e-04
18.21	3.7543638e-04
18.24	4.0607448e-04
18.28	4.3921294e-04
18.31	4.7505584e-04
18.35	5.1382392e-04
18.38	5.5575591e-04
18.41	6.0111007e-04
18.45	6.5016570e-04
18.48	7.0322495e-04
18.52	7.6061458e-04
18.55	8.2268809e-04
18.59	8.8982781e-04
18.62	9.6244728e-04
18.65	1.0409938e-03
18.69	1.1259513e-03
18.72	1.2178431e-03
18.76	1.3172353e-03
18.79	1.4247403e-03
18.82	1.5410204e-03
18.86	1.6667922e-03
18.89	1.8028305e-03
18.93	1.9499739e-03
18.96	2.1091291e-03
18.99	2.2812770e-03
19.03	2.4674789e-03
19.06	2.6688825e-03
19.10	2.8867296e-03
19.13	3.1223635e-03
19.16	3.3772371e-03
19.20	3.6529226e-03
19.23	3.9511204e-03
19.27	4.2736703e-03
19.30	4.6225625e-03
19.33	4.9999502e-03
19.37	5.4081630e-03
19.40	5.8497212e-03
19.44	6.3273517e-03
19.47	6.8440048e-03
19.51	7.4028727e-03
19.54	8.0074096e-03
19.57	8.6613530e-03
19.61	9.3687472e-03
19.64	1.0133969e-02
19.68	1.0961754e-02
19.71	1.1857228e-02
19.74	1.2825938e-02
19.78	1.3873889e-02
19.81	1.5007578e-02
19.85	1.6234042e-02
19.88	1.7560893e-02
19.91	1.8996377e-02
19.95	2.0549419e-02
19.98	2.2229683e-02
20.02	2.4047634e-02
20.05	2.6014605e-02
20.08	2.8142870e-02
20.12	3.0445727e-02
20.15	3.2937577e-02
20.19	3.5634026e-02
20.22	3.8551986e-02
20.25	4.1709783e-02
20.29	4.5127282e-02
20.32	4.8826021e-02
20.36	5.2829352e-02
20.39	5.7162606e-02
20.42	6.1853258e-02
20.46	6.6931122e-02
20.49	7.2428558e-02
20.53	7.8380695e-02
20.56	8.4825685e-02
20.60	9.1804973e-02
20.63	9.9363598e-02
20.66	1.0755052e-01
20.70	1.1641900e-01
20.73	1.2602697e-01
20.77	1.3643752e-01
20.80	1.4771933e-01
20.83	1.5994727e-01
20.87	1.7320297e-01
20.90	1.8757552e-01
20.94	2.0316216e-01
20.97	2.2006918e-01
21.00	2.3841280e-01
21.04	2.5832024e-01
21.07	2.7993089e-01
21.11	3.0339762e-01
21.14	3.2888827e-01
21.17	3.5658736e-01
21.21	3.8669797e-01
21.24	4.1944395e-01
21.28	4.5507239e-01
21.31	4.9385651e-01
21.34	5.3609888e-01
21.38	5.8213526e-01
21.41	6.3233900e-01
21.45	6.8712610e-01
21.48	7.4696121e-01
21.52	8.1236465e-01
21.55	8.8392065e-01
21.58	9.6228717e-01
21.62	1.0482076e+00
21.65	1.1425248e+00
21.69	1.2461980e+00
21.72	1.3603233e+00
21.75	1.4861592e+00
21.79	1.6251575e+00
21.82	1.7790021e+00
21.86	1.9496581e+00
21.89	2.1394340e+00
21.92	2.3510624e+00
21.96	2.5878054e+00
21.99	2.8535960e+00
22.03	3.1532322e+00
22.06	3.4926553e+00
22.09	3.8793752e+00
22.13	4.3231915e+00
22.16	4.8375683e+00
22.20	5.4424950e+00
22.23	6.1705997e+00
22.26	7.0798044e+00
22.30	8.2777319e+00
22.33	9.9645750e+00
22.37	1.2500632e+01
22.40	1.6500358e+01
22.43	2.2945511e+01
22.47	3.3296947e+01
22.50	4.9571654e+01
22.54	7.4344572e+01
22.57	1.1063890e+02
22.61	1.6168600e+02
22.64	2.3056407e+02
22.67	3.1975588e+02
22.71	4.3069154e+02
22.74	5.6335435e+02
22.78	7.1602279e+02
22.81	8.8520101e+02
22.84	1.0657591e+03
22.88	1.2512697e+03
22.91	1.4344977e+03
22.95	1.6079773e+03
22.98	1.7646039e+03
23.01	1.8981694e+03
23.05	2.0037842e+03
23.08	2.0781501e+03
23.12	2.1196709e+03
23.15	2.1284082e+03
23.18	2.1059102e+03
23.22	2.0549474e+03
23.25	1.9791978e+03
23.29	1.8829181e+03
23.32	1.7706323e+03
23.35	1.6468611e+03
23.39	1.5159038e+03
23.42	1.3816792e+03
23.46	1.2476216e+03
23.49	1.1166272e+03
23.53	9.9104286e+02
23.56	8.7268634e+02
23.59	7.6289304e+02
23.63	6.6258330e+02
23.66	5.7235806e+02
23.70	4.9266437e+02
23.73	4.2355875e+02
23.76	3.6402829e+02
23.80	3.1282972e+02
23.83	2.6882969e+02
23.87	2.3103188e+02
23.90	1.9857008e+02
23.93	1.7069499e+02
23.97	1.4676025e+02
24.00	1.2620924e+02
24.04	1.0856317e+02
24.07	9.3410523e+01
24.10	8.0397803e+01
24.14	6.9221481e+01
24.17	5.9621013e+01
24.21	5.1372811e+01
24.24	4.4285029e+01
24.27	3.8193082e+01
24.31	3.2955785e+01
24.34	2.8452035e+01
24.38	2.4577953e+01
24.41	2.1244442e+01
24.44	1.8375080e+01
24.48	1.5904314e+01
24.51	1.3775915e+01
24.55	1.1941645e+01
24.58	1.0360120e+01
24.62	8.9958339e+00
24.65	7.8183190e+00
24.68	6.8014277e+00
24.72	5.9227173e+00
24.75	5.1629218e+00
24.79	4.5054994e+00
24.82	3.9362445e+00
24.85	3.4429554e+00
24.89	3.0151491e+00
24.92	2.6438167e+00
24.96	2.3212146e+00
24.99	2.0406842e+00
25.02	1.7964985e+00
25.06	1.5837299e+00
25.09	1.3981371e+00
25.13	1.2360682e+00
25.16	1.0943773e+00
25.19	9.7035311e-01
25.23	8.6165806e-01
25.26	7.6627549e-01
25.30	6.8246479e-01
25.33	6.0872265e-01
25.36	5.4374996e-01
25.40	4.8642331e-01
25.43	4.3577055e-01
25.47	3.9094979e-01
25.50	3.5123141e-01
25.54	3.1598256e-01
25.57	2.8465382e-01
25.60	2.5676781e-01
25.64	2.3190931e-01
25.67	2.0971683e-01
25.71	1.8987535e-01
25.74	1.7210998e-01
25.77	1.5618064e-01
25.81	1.4187740e-01
25.84	1.2901642e-01
25.88	1.1743658e-01
25.91	1.0699642e-01
25.94	9.7571628e-02
25.98	8.9052787e-02
26.01	8.1343462e-02
26.05	7.4358541e-02
26.08	6.8022797e-02
26.11	6.2269644e-02
26.15	5.7040056e-02
26.18	5.2281633e-02
26.22	4.7947785e-02
26.25	4.3997031e-02
26.28	4.0392380e-02
26.32	3.7100797e-02
26.35	3.4092737e-02
26.39	3.1341739e-02
26.42	2.8824067e-02
26.45	2.6518404e-02
26.49	2.4405576e-02
26.52	2.2468311e-02
26.56	2.0691037e-02
26.59	1.9059687e-02
26.63	1.7561548e-02
26.66	1.6185109e-02
26.69	1.4919937e-02
26.73	1.3756570e-02
26.76	1.2686410e-02
26.80	1.1701642e-02
26.83	1.0795153e-02
26.86	9.9604632e-03
26.90	9.1916642e-03
26.93	8.4833645e-03
26.97	7.8306399e-03
27.00	7.2289894e-03
