# NeutrinoAntineutrinoInteraction/NeutrinoAntineutrinoResonanceUp interaction rates
# neutrino field: massive Cosmic Neutrino Background, T_CnuB = 1.94535456 K
# Produced with crpropa-data version: 60a1560e37035039ec25f414e0c42a2444bad49c
# log10(E/eV), 1/lambda [1/Mpc]
10.24	0.0000000e+00
10.27	0.0000000e+00
10.31	0.0000000e+00
10.34	0.0000000e+00
10.37	0.0000000e+00
10.41	0.0000000e+00
10.44	0.0000000e+00
10.48	0.0000000e+00
10.51	0.0000000e+00
10.55	0.0000000e+00
10.58	0.0000000e+00
10.61	0.0000000e+00
10.65	0.0000000e+00
10.68	0.0000000e+00
10.72	0.0000000e+00
10.75	0.0000000e+00
10.78	0.0000000e+00
10.82	0.0000000e+00
10.85	0.0000000e+00
10.89	0.0000000e+00
10.92	0.0000000e+00
10.95	0.0000000e+00
10.99	0.0000000e+00
11.02	0.0000000e+00
11.06	0.0000000e+00
11.09	0.0000000e+00
11.12	0.0000000e+00
11.16	0.0000000e+00
11.19	0.0000000e+00
11.23	0.0000000e+00
11.26	0.0000000e+00
11.29	0.0000000e+00
11.33	0.0000000e+00
11.36	0.0000000e+00
11.40	0.0000000e+00
11.43	0.0000000e+00
11.46	0.0000000e+00
11.50	0.0000000e+00
11.53	0.0000000e+00
11.57	0.0000000e+00
11.60	0.0000000e+00
11.64	0.0000000e+00
11.67	0.0000000e+00
11.70	0.0000000e+00
11.74	0.0000000e+00
11.77	0.0000000e+00
11.81	0.0000000e+00
11.84	0.0000000e+00
11.87	0.0000000e+00
11.91	0.0000000e+00
11.94	0.0000000e+00
11.98	0.0000000e+00
12.01	0.0000000e+00
12.04	0.0000000e+00
12.08	0.0000000e+00
12.11	0.0000000e+00
12.15	0.0000000e+00
12.18	0.0000000e+00
12.21	0.0000000e+00
12.25	3.5850815e-255
12.28	2.2044860e-236
12.32	5.1549894e-219
12.35	5.8668551e-203
12.38	4.0822808e-188
12.42	2.1444243e-174
12.45	1.0335007e-161
12.49	5.4726516e-150
12.52	3.7615030e-139
12.56	3.9149999e-129
12.59	7.1152727e-120
12.62	2.5760664e-111
12.66	2.0986030e-103
12.69	4.3055111e-96
12.73	2.4686886e-89
12.76	4.3558405e-83
12.79	2.5852760e-77
12.83	5.6043162e-72
12.86	4.7882513e-67
12.90	1.7299653e-62
12.93	2.8207811e-58
12.96	2.2044996e-54
13.00	8.7302942e-51
13.03	1.8444916e-47
13.07	2.1803324e-44
13.10	1.5068907e-41
13.13	6.3420782e-39
13.17	1.6878024e-36
13.20	2.9408505e-34
13.24	3.4647459e-32
13.27	2.8434979e-30
13.30	1.6710248e-28
13.34	7.2132203e-27
13.37	2.3416917e-25
13.41	5.8432520e-24
13.44	1.1435732e-22
13.47	1.7883832e-21
13.51	2.2737312e-20
13.54	2.3879811e-19
13.58	2.1025450e-18
13.61	1.5732869e-17
13.65	1.0132002e-16
13.68	5.6815465e-16
13.71	2.8040964e-15
13.75	1.2302220e-14
13.78	4.8418224e-14
13.82	1.7239406e-13
13.85	5.5959983e-13
13.88	1.6678011e-12
13.92	4.5932407e-12
13.95	1.1758016e-11
13.99	2.8122675e-11
14.02	6.3137057e-11
14.05	1.3357484e-10
14.09	2.6715059e-10
14.12	5.0624202e-10
14.16	9.0990043e-10
14.19	1.5503501e-09
14.22	2.4974879e-09
14.26	3.7840849e-09
14.29	5.3554795e-09
14.33	7.0486646e-09
14.36	8.7194117e-09
14.39	1.0367422e-08
14.43	1.2013939e-08
14.46	1.3678584e-08
14.50	1.5379713e-08
14.53	1.7134732e-08
14.57	1.8960369e-08
14.60	2.0872928e-08
14.63	2.2888513e-08
14.67	2.5023234e-08
14.70	2.7293397e-08
14.74	2.9715682e-08
14.77	3.2307313e-08
14.80	3.5086222e-08
14.84	3.8071207e-08
14.87	4.1282088e-08
14.91	4.4739870e-08
14.94	4.8466893e-08
14.97	5.2487008e-08
15.01	5.6825734e-08
15.04	6.1510444e-08
15.08	6.6570542e-08
15.11	7.2037665e-08
15.14	7.7945882e-08
15.18	8.4331921e-08
15.21	9.1235401e-08
15.25	9.8699080e-08
15.28	1.0676913e-07
15.31	1.1549543e-07
15.35	1.2493185e-07
15.38	1.3513664e-07
15.42	1.4617275e-07
15.45	1.5810821e-07
15.48	1.7101659e-07
15.52	1.8497745e-07
15.55	2.0007680e-07
15.59	2.1640766e-07
15.62	2.3407061e-07
15.66	2.5317445e-07
15.69	2.7383682e-07
15.72	2.9618496e-07
15.76	3.2035649e-07
15.79	3.4650026e-07
15.83	3.7477723e-07
15.86	4.0536152e-07
15.89	4.3844144e-07
15.93	4.7422066e-07
15.96	5.1291949e-07
16.00	5.5477618e-07
16.03	6.0004844e-07
16.06	6.4901502e-07
16.10	7.0197738e-07
16.13	7.5926162e-07
16.17	8.2122041e-07
16.20	8.8823524e-07
16.23	9.6071869e-07
16.27	1.0391170e-06
16.30	1.1239129e-06
16.34	1.2156285e-06
16.37	1.3148283e-06
16.40	1.4221233e-06
16.44	1.5381738e-06
16.47	1.6636946e-06
16.51	1.7994583e-06
16.54	1.9463008e-06
16.58	2.1051262e-06
16.61	2.2769123e-06
16.64	2.4627169e-06
16.68	2.6636838e-06
16.71	2.8810504e-06
16.75	3.1161549e-06
16.78	3.3704449e-06
16.81	3.6454859e-06
16.85	3.9429713e-06
16.88	4.2647327e-06
16.92	4.6127511e-06
16.95	4.9891692e-06
16.98	5.3963046e-06
17.02	5.8366638e-06
17.05	6.3129582e-06
17.09	6.8281201e-06
17.12	7.3853214e-06
17.15	7.9879927e-06
17.19	8.6398445e-06
17.22	9.3448902e-06
17.26	1.0107471e-05
17.29	1.0932281e-05
17.32	1.1824400e-05
17.36	1.2789319e-05
17.39	1.3832981e-05
17.43	1.4961810e-05
17.46	1.6182757e-05
17.49	1.7503340e-05
17.53	1.8931688e-05
17.56	2.0476597e-05
17.60	2.2147579e-05
17.63	2.3954922e-05
17.67	2.5909754e-05
17.70	2.8024111e-05
17.73	3.0311012e-05
17.77	3.2784538e-05
17.80	3.5459919e-05
17.84	3.8353628e-05
17.87	4.1483484e-05
17.90	4.4868756e-05
17.94	4.8530292e-05
17.97	5.2490635e-05
18.01	5.6774174e-05
18.04	6.1407283e-05
18.07	6.6418494e-05
18.11	7.1838664e-05
18.14	7.7701169e-05
18.18	8.4042112e-05
18.21	9.0900541e-05
18.24	9.8318691e-05
18.28	1.0634225e-04
18.31	1.1502062e-04
18.35	1.2440726e-04
18.38	1.3455997e-04
18.41	1.4554129e-04
18.45	1.5741885e-04
18.48	1.7026580e-04
18.52	1.8416129e-04
18.55	1.9919090e-04
18.59	2.1544721e-04
18.62	2.3303037e-04
18.65	2.5204871e-04
18.69	2.7261938e-04
18.72	2.9486913e-04
18.76	3.1893506e-04
18.79	3.4496545e-04
18.82	3.7312072e-04
18.86	4.0357439e-04
18.89	4.3651415e-04
18.93	4.7214303e-04
18.96	5.1068068e-04
18.99	5.5236468e-04
19.03	5.9745205e-04
19.06	6.4622081e-04
19.10	6.9897175e-04
19.13	7.5603025e-04
19.16	8.1774830e-04
19.20	8.8450671e-04
19.23	9.5671748e-04
19.27	1.0348263e-03
19.30	1.1193154e-03
19.33	1.2107066e-03
19.37	1.3095642e-03
19.40	1.4164991e-03
19.44	1.5321721e-03
19.47	1.6572984e-03
19.51	1.7926516e-03
19.54	1.9390691e-03
19.57	2.0974570e-03
19.61	2.2687959e-03
19.64	2.4541471e-03
19.68	2.6546592e-03
19.71	2.8715755e-03
19.74	3.1062416e-03
19.78	3.3601143e-03
19.81	3.6347707e-03
19.85	3.9319181e-03
19.88	4.2534051e-03
19.91	4.6012336e-03
19.95	4.9775712e-03
19.98	5.3847658e-03
20.02	5.8253603e-03
20.05	6.3021096e-03
20.08	6.8179981e-03
20.12	7.3762598e-03
20.15	7.9803995e-03
20.19	8.6342159e-03
20.22	9.3418270e-03
20.25	1.0107698e-02
20.29	1.0936671e-02
20.32	1.1834000e-02
20.36	1.2805383e-02
20.39	1.3857005e-02
20.42	1.4995580e-02
20.46	1.6228400e-02
20.49	1.7563382e-02
20.53	1.9009132e-02
20.56	2.0575003e-02
20.60	2.2271166e-02
20.63	2.4108686e-02
20.66	2.6099603e-02
20.70	2.8257032e-02
20.73	3.0595260e-02
20.77	3.3129860e-02
20.80	3.5877821e-02
20.83	3.8857688e-02
20.87	4.2089715e-02
20.90	4.5596047e-02
20.94	4.9400910e-02
20.97	5.3530833e-02
21.00	5.8014897e-02
21.04	6.2885010e-02
21.07	6.8176222e-02
21.11	7.3927084e-02
21.14	8.0180045e-02
21.17	8.6981916e-02
21.21	9.4384396e-02
21.24	1.0244467e-01
21.28	1.1122609e-01
21.31	1.2079898e-01
21.34	1.3124157e-01
21.38	1.4264103e-01
21.41	1.5509472e-01
21.45	1.6871168e-01
21.48	1.8361428e-01
21.52	1.9994028e-01
21.55	2.1784520e-01
21.58	2.3750514e-01
21.62	2.5912022e-01
21.65	2.8291865e-01
21.69	3.0916167e-01
21.72	3.3814958e-01
21.75	3.7022915e-01
21.79	4.0580268e-01
21.82	4.4533934e-01
21.86	4.8938937e-01
21.89	5.3860194e-01
21.92	5.9374809e-01
21.96	6.5575010e-01
21.99	7.2572003e-01
22.03	8.0501041e-01
22.06	8.9528235e-01
22.09	9.9859842e-01
22.13	1.1175520e+00
22.16	1.2554522e+00
22.20	1.4166001e+00
22.23	1.6067260e+00
22.26	1.8337501e+00
22.30	2.1092566e+00
22.33	2.4516137e+00
22.37	2.8928355e+00
22.40	3.4934773e+00
22.43	4.3734011e+00
22.47	5.7709305e+00
22.50	8.1473259e+00
22.54	1.2354339e+01
22.57	1.9874125e+01
22.61	3.3114665e+01
22.64	5.5688838e+01
22.67	9.2506458e+01
22.71	1.4934721e+02
22.74	2.3134790e+02
22.78	3.3959907e+02
22.81	4.6522722e+02
22.84	5.8239537e+02
22.88	6.4834717e+02
22.91	6.2911357e+02
22.95	5.5690555e+02
22.98	4.8347291e+02
23.01	4.1757985e+02
23.05	3.5982337e+02
23.08	3.0964975e+02
23.12	2.6625741e+02
23.15	2.2882594e+02
23.18	1.9658849e+02
23.22	1.6885418e+02
23.25	1.4501183e+02
23.29	1.2452620e+02
23.32	1.0693152e+02
23.35	9.1824082e+01
23.39	7.8854907e+01
23.42	6.7722944e+01
23.46	5.8168840e+01
23.49	4.9969398e+01
23.53	4.2932694e+01
23.56	3.6893801e+01
23.59	3.1711055e+01
23.63	2.7262824e+01
23.66	2.3444710e+01
23.70	2.0167124e+01
23.73	1.7353204e+01
23.76	1.4937018e+01
23.80	1.2862014e+01
23.83	1.1079691e+01
23.87	9.5484587e+00
23.90	8.2326493e+00
23.93	7.1016790e+00
23.97	6.1293224e+00
24.00	5.2930912e+00
24.04	4.5737013e+00
24.07	3.9546162e+00
24.10	3.4216540e+00
24.14	2.9626523e+00
24.17	2.5671793e+00
24.21	2.2262868e+00
24.24	1.9322986e+00
24.27	1.6786289e+00
24.31	1.4596267e+00
24.34	1.2704423e+00
24.38	1.1069130e+00
24.41	9.6546543e-01
24.44	8.4303125e-01
24.48	7.3697533e-01
24.51	6.4503409e-01
24.55	5.6526261e-01
24.58	4.9598934e-01
24.62	4.3577724e-01
24.65	3.8339054e-01
24.68	3.3776617e-01
24.72	2.9798930e-01
24.75	2.6327237e-01
24.79	2.3293710e-01
24.82	2.0639910e-01
24.85	1.8315460e-01
24.89	1.6276911e-01
24.92	1.4486774e-01
24.96	1.2912678e-01
24.99	1.1526659e-01
25.02	1.0304541e-01
25.06	9.2254113e-02
25.09	8.2711664e-02
25.13	7.4261217e-02
25.16	6.6766782e-02
25.19	6.0110350e-02
25.23	5.4189426e-02
25.26	4.8914904e-02
25.30	4.4209244e-02
25.33	4.0004901e-02
25.36	3.6242973e-02
25.40	3.2872039e-02
25.43	2.9847159e-02
25.47	2.7129005e-02
25.50	2.4683124e-02
25.54	2.2479290e-02
25.57	2.0490954e-02
25.60	1.8694764e-02
25.64	1.7070151e-02
25.67	1.5598973e-02
25.71	1.4265207e-02
25.74	1.3054679e-02
25.77	1.1954832e-02
25.81	1.0954527e-02
25.84	1.0043867e-02
25.88	9.2140463e-03
25.91	8.4572162e-03
25.94	7.7663738e-03
25.98	7.1352595e-03
26.01	6.5582709e-03
26.05	6.0303861e-03
26.08	5.5470971e-03
26.11	5.1043522e-03
26.15	4.6985042e-03
26.18	4.3262657e-03
26.22	3.9846702e-03
26.25	3.6710370e-03
26.28	3.3829406e-03
26.32	3.1181843e-03
26.35	2.8747760e-03
26.39	2.6509070e-03
26.42	2.4449339e-03
26.45	2.2553615e-03
26.49	2.0808283e-03
26.52	1.9200936e-03
26.56	1.7720253e-03
26.59	1.6355901e-03
26.63	1.5098438e-03
26.66	1.3939228e-03
26.69	1.2870372e-03
26.73	1.1884635e-03
26.76	1.0975389e-03
26.80	1.0136558e-03
26.83	9.3625664e-04
26.86	8.6482997e-04
26.90	7.9890598e-04
26.93	7.3805309e-04
26.97	6.8187469e-04
27.00	6.3000609e-04
