# NeutrinoAntineutrinoInteraction/NeutrinoAntineutrinoResonanceUp interaction rates
# neutrino field: massive Cosmic Neutrino Background, T_CnuB = 1.94535456 K
# Produced with crpropa-data version: 60a1560e37035039ec25f414e0c42a2444bad49c
# log10(E/eV), 1/lambda [1/Mpc]
10.78	0.0000000e+00
10.82	0.0000000e+00
10.85	0.0000000e+00
10.89	0.0000000e+00
10.92	0.0000000e+00
10.95	0.0000000e+00
10.99	0.0000000e+00
11.02	0.0000000e+00
11.06	0.0000000e+00
11.09	0.0000000e+00
11.12	0.0000000e+00
11.16	0.0000000e+00
11.19	0.0000000e+00
11.23	0.0000000e+00
11.26	0.0000000e+00
11.29	0.0000000e+00
11.33	0.0000000e+00
11.36	0.0000000e+00
11.40	0.0000000e+00
11.43	0.0000000e+00
11.46	0.0000000e+00
11.50	0.0000000e+00
11.53	0.0000000e+00
11.57	0.0000000e+00
11.60	0.0000000e+00
11.64	0.0000000e+00
11.67	0.0000000e+00
11.70	0.0000000e+00
11.74	0.0000000e+00
11.77	0.0000000e+00
11.81	0.0000000e+00
11.84	0.0000000e+00
11.87	0.0000000e+00
11.91	0.0000000e+00
11.94	0.0000000e+00
11.98	0.0000000e+00
12.01	0.0000000e+00
12.04	0.0000000e+00
12.08	0.0000000e+00
12.11	0.0000000e+00
12.15	0.0000000e+00
12.18	0.0000000e+00
12.21	0.0000000e+00
12.25	0.0000000e+00
12.28	0.0000000e+00
12.32	0.0000000e+00
12.35	0.0000000e+00
12.38	0.0000000e+00
12.42	0.0000000e+00
12.45	0.0000000e+00
12.49	0.0000000e+00
12.52	0.0000000e+00
12.56	0.0000000e+00
12.59	0.0000000e+00
12.62	0.0000000e+00
12.66	0.0000000e+00
12.69	0.0000000e+00
12.73	0.0000000e+00
12.76	6.5622979e-274
12.79	6.9719493e-254
12.83	1.9429586e-235
12.86	2.1847267e-218
12.90	1.2628235e-202
12.93	4.6940955e-188
12.96	1.3801921e-174
13.00	3.8871959e-162
13.03	1.2517045e-150
13.07	5.4274554e-140
13.10	3.6865426e-130
13.13	4.5114241e-121
13.17	1.1319825e-112
13.20	6.5632787e-105
13.24	9.8211696e-98
13.27	4.2009876e-91
13.30	5.6457495e-85
13.34	2.6014432e-79
13.37	4.4556181e-74
13.41	3.0565724e-69
13.44	8.9987095e-65
13.47	1.2119047e-60
13.51	7.9201260e-57
13.54	2.6525916e-53
13.58	4.7884532e-50
13.61	4.8816423e-47
13.65	2.9343641e-44
13.68	1.0823267e-41
13.71	2.5416293e-39
13.75	3.9317086e-37
13.78	4.1348089e-35
13.82	3.0436341e-33
13.85	1.6110027e-31
13.88	6.2862118e-30
13.92	1.8504508e-28
13.95	4.1977357e-27
13.99	7.4844217e-26
14.02	1.0681189e-24
14.05	1.2408420e-23
14.09	1.1918346e-22
14.12	9.6023294e-22
14.16	6.5763787e-21
14.19	3.8761507e-20
14.22	1.9887063e-19
14.26	8.9759068e-19
14.29	3.5988389e-18
14.33	1.2934355e-17
14.36	4.2019872e-17
14.39	1.2435152e-16
14.43	3.3763149e-16
14.46	8.4665924e-16
14.50	1.9729376e-15
14.53	4.2966023e-15
14.57	8.7908354e-15
14.60	1.6980324e-14
14.63	3.1105309e-14
14.67	5.4264196e-14
14.70	9.0503766e-14
14.74	1.4482876e-13
14.77	2.2311249e-13
14.80	3.3190532e-13
14.84	4.7815496e-13
14.87	6.6886786e-13
14.91	9.1075161e-13
14.94	1.2098813e-12
14.97	1.5714294e-12
15.01	1.9994893e-12
15.04	2.4970079e-12
15.08	3.0658307e-12
15.11	3.7068458e-12
15.14	4.4202068e-12
15.18	5.2056067e-12
15.21	6.0625730e-12
15.25	6.9907601e-12
15.28	7.9902152e-12
15.31	9.0616054e-12
15.35	1.0206399e-11
15.38	1.1427000e-11
15.42	1.2726834e-11
15.45	1.4110407e-11
15.48	1.5583325e-11
15.52	1.7152304e-11
15.55	1.8825161e-11
15.59	2.0610806e-11
15.62	2.2519239e-11
15.66	2.4561541e-11
15.69	2.6749891e-11
15.72	2.9097583e-11
15.76	3.1619061e-11
15.79	3.4329965e-11
15.83	3.7247194e-11
15.86	4.0388982e-11
15.89	4.3774983e-11
15.93	4.7426380e-11
15.96	5.1365993e-11
16.00	5.5618419e-11
16.03	6.0210167e-11
16.06	6.5169820e-11
16.10	7.0528207e-11
16.13	7.6318591e-11
16.17	8.2576873e-11
16.20	8.9341812e-11
16.23	9.6655263e-11
16.27	1.0456244e-10
16.30	1.1311219e-10
16.34	1.2235731e-10
16.37	1.3235484e-10
16.40	1.4316645e-10
16.44	1.5485881e-10
16.47	1.6750400e-10
16.51	1.8117994e-10
16.54	1.9597092e-10
16.58	2.1196804e-10
16.61	2.2926986e-10
16.64	2.4798295e-10
16.68	2.6822255e-10
16.71	2.9011331e-10
16.75	3.1379004e-10
16.78	3.3939853e-10
16.81	3.6709647e-10
16.85	3.9705441e-10
16.88	4.2945681e-10
16.92	4.6450318e-10
16.95	5.0240931e-10
16.98	5.4340857e-10
17.02	5.8775341e-10
17.05	6.3571685e-10
17.09	6.8759420e-10
17.12	7.4370486e-10
17.15	8.0439429e-10
17.19	8.7003616e-10
17.22	9.4103460e-10
17.26	1.0178267e-09
17.29	1.1008854e-09
17.32	1.1907219e-09
17.36	1.2878893e-09
17.39	1.3929860e-09
17.43	1.5066590e-09
17.46	1.6296081e-09
17.49	1.7625903e-09
17.53	1.9064243e-09
17.56	2.0619958e-09
17.60	2.2302625e-09
17.63	2.4122604e-09
17.67	2.6091101e-09
17.70	2.8220234e-09
17.73	3.0523114e-09
17.77	3.3013917e-09
17.80	3.5707980e-09
17.84	3.8621890e-09
17.87	4.1773587e-09
17.90	4.5182476e-09
17.94	4.8869545e-09
17.97	5.2857494e-09
18.01	5.7170877e-09
18.04	6.1836251e-09
18.07	6.6882340e-09
18.11	7.2340213e-09
18.14	7.8243474e-09
18.18	8.4628468e-09
18.21	9.1534508e-09
18.24	9.9004115e-09
18.28	1.0708328e-08
18.31	1.1582174e-08
18.35	1.2527331e-08
18.38	1.3549618e-08
18.41	1.4655329e-08
18.45	1.5851272e-08
18.48	1.7144811e-08
18.52	1.8543910e-08
18.55	2.0057184e-08
18.59	2.1693952e-08
18.62	2.3464290e-08
18.65	2.5379099e-08
18.69	2.7450171e-08
18.72	2.9690257e-08
18.76	3.2113152e-08
18.79	3.4733774e-08
18.82	3.7568260e-08
18.86	4.0634065e-08
18.89	4.3950068e-08
18.93	4.7536688e-08
18.96	5.1416012e-08
18.99	5.5611930e-08
19.03	6.0150282e-08
19.06	6.5059016e-08
19.10	7.0368364e-08
19.13	7.6111025e-08
19.16	8.2322366e-08
19.20	8.9040643e-08
19.23	9.6307237e-08
19.27	1.0416691e-07
19.30	1.1266806e-07
19.33	1.2186307e-07
19.37	1.3180858e-07
19.40	1.4256585e-07
19.44	1.5420117e-07
19.47	1.6678620e-07
19.51	1.8039851e-07
19.54	1.9512196e-07
19.57	2.1104728e-07
19.61	2.2827262e-07
19.64	2.4690414e-07
19.68	2.6705667e-07
19.71	2.8885445e-07
19.74	3.1243186e-07
19.78	3.3793426e-07
19.81	3.6551890e-07
19.85	3.9535592e-07
19.88	4.2762932e-07
19.91	4.6253821e-07
19.95	5.0029797e-07
19.98	5.4114160e-07
20.02	5.8532120e-07
20.05	6.3310949e-07
20.08	6.8480155e-07
20.12	7.4071663e-07
20.15	8.0120016e-07
20.19	8.6662588e-07
20.22	9.3739822e-07
20.25	1.0139548e-06
20.29	1.0967690e-06
20.32	1.1863535e-06
20.36	1.2832626e-06
20.39	1.3880967e-06
20.42	1.5015051e-06
20.46	1.6241911e-06
20.49	1.7569154e-06
20.53	1.9005019e-06
20.56	2.0558423e-06
20.60	2.2239021e-06
20.63	2.4057264e-06
20.66	2.6024471e-06
20.70	2.8152899e-06
20.73	3.0455820e-06
20.77	3.2947611e-06
20.80	3.5643847e-06
20.83	3.8561399e-06
20.87	4.1718548e-06
20.90	4.5135105e-06
20.94	4.8832540e-06
20.97	5.2834129e-06
21.00	5.7165108e-06
21.04	6.1852843e-06
21.07	6.6927017e-06
21.11	7.2419833e-06
21.14	7.8366237e-06
21.17	8.4804161e-06
21.21	9.1774792e-06
21.24	9.9322864e-06
21.28	1.0749698e-05
21.31	1.1634996e-05
21.34	1.2593924e-05
21.38	1.3632730e-05
21.41	1.4758214e-05
21.45	1.5977777e-05
21.48	1.7299485e-05
21.52	1.8732128e-05
21.55	2.0285294e-05
21.58	2.1969448e-05
21.62	2.3796018e-05
21.65	2.5777498e-05
21.69	2.7927555e-05
21.72	3.0261155e-05
21.75	3.2794701e-05
21.79	3.5546193e-05
21.82	3.8535400e-05
21.86	4.1784068e-05
21.89	4.5316145e-05
21.92	4.9158043e-05
21.96	5.3338937e-05
21.99	5.7891106e-05
22.03	6.2850331e-05
22.06	6.8256349e-05
22.09	7.4153386e-05
22.13	8.0590773e-05
22.16	8.7623669e-05
22.20	9.5313919e-05
22.23	1.0373106e-04
22.26	1.1295351e-04
22.30	1.2307003e-04
22.33	1.3418142e-04
22.37	1.4640264e-04
22.40	1.5986534e-04
22.43	1.7472104e-04
22.47	1.9114502e-04
22.50	2.0934122e-04
22.54	2.2954849e-04
22.57	2.5204854e-04
22.61	2.7717642e-04
22.64	3.0533431e-04
22.67	3.3701042e-04
22.71	3.7280548e-04
22.74	4.1347247e-04
22.78	4.5998138e-04
22.81	5.1363856e-04
22.84	5.7632966e-04
22.88	6.5103851e-04
22.91	7.4293794e-04
22.95	8.6154694e-04
22.98	1.0246375e-03
23.01	1.2646049e-03
23.05	1.6376889e-03
23.08	2.2355936e-03
23.12	3.1977435e-03
23.15	4.7209665e-03
23.18	7.0623951e-03
23.22	1.0531448e-02
23.25	1.5468250e-02
23.29	2.2208601e-02
23.32	3.1038985e-02
23.35	4.2148068e-02
23.39	5.5582881e-02
23.42	7.1217762e-02
23.46	8.8742248e-02
23.49	1.0767090e-01
23.53	1.2737437e-01
23.56	1.4712743e-01
23.59	1.6616757e-01
23.63	1.8375605e-01
23.66	1.9923421e-01
23.70	2.1206848e-01
23.73	2.2188042e-01
23.76	2.2846001e-01
23.80	2.3176314e-01
23.83	2.3189575e-01
23.87	2.2908854e-01
23.90	2.2366624e-01
23.93	2.1601539e-01
23.97	2.0655372e-01
24.00	1.9570352e-01
24.04	1.8387022e-01
24.07	1.7142657e-01
24.10	1.5870239e-01
24.14	1.4597903e-01
24.17	1.3348788e-01
24.21	1.2141176e-01
24.24	1.0988850e-01
24.27	9.9015772e-02
24.31	8.8856527e-02
24.34	7.9444676e-02
24.38	7.0790509e-02
24.41	6.2885724e-02
24.44	5.5707891e-02
24.48	4.9224310e-02
24.51	4.3395254e-02
24.55	3.8176628e-02
24.58	3.3522092e-02
24.62	2.9384720e-02
24.65	2.5718250e-02
24.68	2.2478001e-02
24.72	1.9621509e-02
24.75	1.7108942e-02
24.79	1.4903339e-02
24.82	1.2970709e-02
24.85	1.1280036e-02
24.89	9.8032020e-03
24.92	8.5148641e-03
24.96	7.3922931e-03
24.99	6.4151939e-03
25.02	5.5655144e-03
25.06	4.8272525e-03
25.09	4.1862669e-03
25.13	3.6300942e-03
25.16	3.1477765e-03
25.19	2.7297007e-03
25.23	2.3674498e-03
25.26	2.0536668e-03
25.30	1.7819315e-03
25.33	1.5466492e-03
25.36	1.3429505e-03
25.40	1.1666023e-03
25.43	1.0139285e-03
25.47	8.8173922e-04
25.50	7.6726921e-04
25.54	6.6812277e-04
25.57	5.8222578e-04
25.60	5.0778355e-04
25.64	4.4324390e-04
25.67	3.8726499e-04
25.71	3.3868719e-04
25.74	2.9650865e-04
25.77	2.5986405e-04
25.81	2.2800608e-04
25.84	2.0028948e-04
25.88	1.7615713e-04
25.91	1.5512799e-04
25.94	1.3678675e-04
25.98	1.2077477e-04
26.01	1.0678235e-04
26.05	9.4541981e-05
26.08	8.3822564e-05
26.11	7.4424386e-05
26.15	6.6174813e-05
26.18	5.8924560e-05
26.22	5.2544483e-05
26.25	4.6922809e-05
26.28	4.1962751e-05
26.32	3.7580452e-05
26.35	3.3703215e-05
26.39	3.0267976e-05
26.42	2.7219988e-05
26.45	2.4511689e-05
26.49	2.2101726e-05
26.52	1.9954114e-05
26.56	1.8037511e-05
26.59	1.6324592e-05
26.63	1.4791508e-05
26.66	1.3417429e-05
26.69	1.2184133e-05
26.73	1.1075669e-05
26.76	1.0078051e-05
26.80	9.1790047e-06
26.83	8.3677438e-06
26.86	7.6347760e-06
26.90	6.9717373e-06
26.93	6.3712479e-06
26.97	5.8267869e-06
27.00	5.3325844e-06
