# NeutrinoAntineutrinoInteraction/NeutrinoAntineutrinoResonanceUp interaction rates
# neutrino field: massive Cosmic Neutrino Background, T_CnuB = 1.94535456 K
# Produced with crpropa-data version: 60a1560e37035039ec25f414e0c42a2444bad49c
# log10(E/eV), 1/lambda [1/Mpc]
10.14	0.0000000e+00
10.17	0.0000000e+00
10.20	0.0000000e+00
10.24	0.0000000e+00
10.27	0.0000000e+00
10.31	0.0000000e+00
10.34	0.0000000e+00
10.37	0.0000000e+00
10.41	0.0000000e+00
10.44	0.0000000e+00
10.48	0.0000000e+00
10.51	0.0000000e+00
10.55	0.0000000e+00
10.58	0.0000000e+00
10.61	0.0000000e+00
10.65	0.0000000e+00
10.68	0.0000000e+00
10.72	0.0000000e+00
10.75	0.0000000e+00
10.78	0.0000000e+00
10.82	0.0000000e+00
10.85	0.0000000e+00
10.89	0.0000000e+00
10.92	0.0000000e+00
10.95	0.0000000e+00
10.99	0.0000000e+00
11.02	0.0000000e+00
11.06	0.0000000e+00
11.09	0.0000000e+00
11.12	0.0000000e+00
11.16	0.0000000e+00
11.19	0.0000000e+00
11.23	0.0000000e+00
11.26	0.0000000e+00
11.29	0.0000000e+00
11.33	0.0000000e+00
11.36	0.0000000e+00
11.40	0.0000000e+00
11.43	0.0000000e+00
11.46	0.0000000e+00
11.50	0.0000000e+00
11.53	0.0000000e+00
11.57	0.0000000e+00
11.60	0.0000000e+00
11.64	0.0000000e+00
11.67	0.0000000e+00
11.70	0.0000000e+00
11.74	0.0000000e+00
11.77	0.0000000e+00
11.81	0.0000000e+00
11.84	0.0000000e+00
11.87	0.0000000e+00
11.91	0.0000000e+00
11.94	0.0000000e+00
11.98	0.0000000e+00
12.01	0.0000000e+00
12.04	0.0000000e+00
12.08	0.0000000e+00
12.11	4.0056088e-263
12.15	1.1086053e-243
12.18	1.0410898e-225
12.21	4.2821818e-209
12.25	9.7680178e-194
12.28	1.5370142e-179
12.32	2.0412464e-166
12.35	2.7571792e-154
12.38	4.5007090e-143
12.42	1.0413275e-132
12.45	3.9573470e-123
12.49	2.8308802e-114
12.52	4.3237843e-106
12.56	1.5842651e-98
12.59	1.5509293e-91
12.62	4.4813256e-85
12.66	4.1904304e-79
12.69	1.3807628e-73
12.73	1.7344811e-68
12.76	8.9333304e-64
12.79	2.0177616e-59
12.83	2.1269351e-55
12.86	1.1082663e-51
12.90	3.0104622e-48
12.93	4.4778887e-45
12.96	3.8168589e-42
13.00	1.9443949e-39
13.03	6.1543886e-37
13.07	1.2546179e-34
13.10	1.7029103e-32
13.13	1.5869598e-30
13.17	1.0446445e-28
13.20	4.9866025e-27
13.24	1.7685626e-25
13.27	4.7661433e-24
13.30	9.9646460e-23
13.34	1.6475672e-21
13.37	2.1929150e-20
13.41	2.3885189e-19
13.44	2.1615166e-18
13.47	1.6482029e-17
13.51	1.0728184e-16
13.54	6.0328597e-16
13.58	2.9636605e-15
13.61	1.2850122e-14
13.65	4.9646770e-14
13.68	1.7242585e-13
13.71	5.4272397e-13
13.75	1.5598940e-12
13.78	4.1226981e-12
13.82	1.0084268e-11
13.85	2.2965826e-11
13.88	4.8966716e-11
13.92	9.8249455e-11
13.95	1.8639509e-10
13.99	3.3583575e-10
14.02	5.7700547e-10
14.05	9.4893336e-10
14.09	1.4990495e-09
14.12	2.2820801e-09
14.16	3.3580547e-09
14.19	4.7895970e-09
14.22	6.6388009e-09
14.26	8.9640618e-09
14.29	1.1817247e-08
14.33	1.5241533e-08
14.36	1.9270141e-08
14.39	2.3926069e-08
14.43	2.9222807e-08
14.46	3.5165877e-08
14.50	4.1755008e-08
14.53	4.8986672e-08
14.57	5.6856741e-08
14.60	6.5363036e-08
14.63	7.4507603e-08
14.67	8.4298613e-08
14.70	9.4751836e-08
14.74	1.0589170e-07
14.77	1.1775198e-07
14.80	1.3037618e-07
14.84	1.4381769e-07
14.87	1.5813978e-07
14.91	1.7341556e-07
14.94	1.8972790e-07
14.97	2.0716935e-07
15.01	2.2584220e-07
15.04	2.4585856e-07
15.08	2.6734060e-07
15.11	2.9042092e-07
15.14	3.1524295e-07
15.18	3.4196159e-07
15.21	3.7074392e-07
15.25	4.0177001e-07
15.28	4.3523391e-07
15.31	4.7134471e-07
15.35	5.1032773e-07
15.38	5.5242588e-07
15.42	5.9790110e-07
15.45	6.4703593e-07
15.48	7.0013525e-07
15.52	7.5752815e-07
15.55	8.1956996e-07
15.59	8.8664445e-07
15.62	9.5916617e-07
15.66	1.0375831e-06
15.69	1.1223792e-06
15.72	1.2140778e-06
15.76	1.3132443e-06
15.79	1.4204903e-06
15.83	1.5364768e-06
15.86	1.6619185e-06
15.89	1.7975884e-06
15.93	1.9443222e-06
15.96	2.1030239e-06
16.00	2.2746708e-06
16.03	2.4603202e-06
16.06	2.6611153e-06
16.10	2.8782926e-06
16.13	3.1131894e-06
16.17	3.3672522e-06
16.20	3.6420453e-06
16.23	3.9392606e-06
16.27	4.2607283e-06
16.30	4.6084275e-06
16.34	4.9844990e-06
16.37	5.3912584e-06
16.40	5.8312101e-06
16.44	6.3070626e-06
16.47	6.8217459e-06
16.51	7.3784287e-06
16.54	7.9805385e-06
16.58	8.6317823e-06
16.61	9.3361696e-06
16.64	1.0098037e-05
16.68	1.0922076e-05
16.71	1.1813359e-05
16.75	1.2777375e-05
16.78	1.3820057e-05
16.81	1.4947826e-05
16.85	1.6167625e-05
16.88	1.7486965e-05
16.92	1.8913968e-05
16.95	2.0457419e-05
16.98	2.2126823e-05
17.02	2.3932456e-05
17.05	2.5885436e-05
17.09	2.7997787e-05
17.12	3.0282514e-05
17.15	3.2753685e-05
17.19	3.5426513e-05
17.22	3.8317455e-05
17.26	4.1444310e-05
17.29	4.4826329e-05
17.32	4.8484336e-05
17.36	5.2440853e-05
17.39	5.6720238e-05
17.43	6.1348841e-05
17.46	6.6355158e-05
17.49	7.1770015e-05
17.53	7.7626749e-05
17.56	8.3961420e-05
17.60	9.0813032e-05
17.63	9.8223770e-05
17.67	1.0623926e-04
17.70	1.1490886e-04
17.73	1.2428594e-04
17.77	1.3442825e-04
17.80	1.4539822e-04
17.84	1.5726341e-04
17.87	1.7009687e-04
17.90	1.8397762e-04
17.94	1.9899112e-04
17.97	2.1522983e-04
18.01	2.3279373e-04
18.04	2.5179097e-04
18.07	2.7233852e-04
18.11	2.9456291e-04
18.14	3.1860099e-04
18.18	3.4460079e-04
18.21	3.7272239e-04
18.24	4.0313898e-04
18.28	4.3603785e-04
18.31	4.7162161e-04
18.35	5.1010939e-04
18.38	5.5173820e-04
18.41	5.9676442e-04
18.45	6.4546535e-04
18.48	6.9814092e-04
18.52	7.5511557e-04
18.55	8.1674020e-04
18.59	8.8339439e-04
18.62	9.5548868e-04
18.65	1.0334672e-03
18.69	1.1178102e-03
18.72	1.2090373e-03
18.76	1.3077106e-03
18.79	1.4144379e-03
18.82	1.5298768e-03
18.86	1.6547387e-03
18.89	1.7897928e-03
18.93	1.9358714e-03
18.96	2.0938749e-03
18.99	2.2647769e-03
19.03	2.4496311e-03
19.06	2.6495768e-03
19.10	2.8658468e-03
19.13	3.0997746e-03
19.16	3.3528026e-03
19.20	3.6264914e-03
19.23	3.9225291e-03
19.27	4.2427421e-03
19.30	4.5891061e-03
19.33	4.9637586e-03
19.37	5.3690120e-03
19.40	5.8073684e-03
19.44	6.2815346e-03
19.47	6.7944393e-03
19.51	7.3492513e-03
19.54	7.9493994e-03
19.57	8.5985936e-03
19.61	9.3008485e-03
19.64	1.0060508e-02
19.68	1.0882274e-02
19.71	1.1771234e-02
19.74	1.2732893e-02
19.78	1.3773212e-02
19.81	1.4898640e-02
19.85	1.6116159e-02
19.88	1.7433328e-02
19.91	1.8858329e-02
19.95	2.0400019e-02
19.98	2.2067991e-02
20.02	2.3872629e-02
20.05	2.5825181e-02
20.08	2.7937827e-02
20.12	3.0223762e-02
20.15	3.2697277e-02
20.19	3.5373858e-02
20.22	3.8270284e-02
20.25	4.1404737e-02
20.29	4.4796928e-02
20.32	4.8468221e-02
20.36	5.2441785e-02
20.39	5.6742744e-02
20.42	6.1398352e-02
20.46	6.6438179e-02
20.49	7.1894317e-02
20.53	7.7801602e-02
20.56	8.4197865e-02
20.60	9.1124198e-02
20.63	9.8625249e-02
20.66	1.0674956e-01
20.70	1.1554990e-01
20.73	1.2508370e-01
20.77	1.3541346e-01
20.80	1.4660723e-01
20.83	1.5873918e-01
20.87	1.7189016e-01
20.90	1.8614836e-01
20.94	2.0161008e-01
20.97	2.1838051e-01
21.00	2.3657466e-01
21.04	2.5631841e-01
21.07	2.7774960e-01
21.11	3.0101940e-01
21.14	3.2629374e-01
21.17	3.5375493e-01
21.21	3.8360360e-01
21.24	4.1606081e-01
21.28	4.5137046e-01
21.31	4.8980212e-01
21.34	5.3165423e-01
21.38	5.7725780e-01
21.41	6.2698068e-01
21.45	6.8123259e-01
21.48	7.4047087e-01
21.52	8.0520739e-01
21.55	8.7601653e-01
21.58	9.5354476e-01
21.62	1.0385220e+00
21.65	1.1317752e+00
21.69	1.2342450e+00
21.72	1.3470052e+00
21.75	1.4712880e+00
21.79	1.6085134e+00
21.82	1.7603272e+00
21.86	1.9286487e+00
21.89	2.1157302e+00
21.92	2.3242355e+00
21.96	2.5573420e+00
21.99	2.8188768e+00
22.03	3.1135051e+00
22.06	3.4469984e+00
22.09	3.8266469e+00
22.13	4.2619587e+00
22.16	4.7659960e+00
22.20	5.3581596e+00
22.23	6.0701422e+00
22.26	6.9582419e+00
22.30	8.1270726e+00
22.33	9.7711075e+00
22.37	1.2239915e+01
22.40	1.6128608e+01
22.43	2.2385973e+01
22.47	3.2420180e+01
22.50	4.8169680e+01
22.54	7.2100626e+01
22.57	1.0709678e+02
22.61	1.5622537e+02
22.64	2.2238973e+02
22.67	3.0790928e+02
22.71	4.1409154e+02
22.74	5.4087058e+02
22.78	6.8658052e+02
22.81	8.4791064e+02
22.84	1.0200582e+03
22.88	1.1970616e+03
22.91	1.3722682e+03
22.95	1.5388730e+03
22.98	1.6904580e+03
23.01	1.8214663e+03
23.05	1.9275642e+03
23.08	2.0058603e+03
23.12	2.0549758e+03
23.15	2.0749798e+03
23.18	2.0672154e+03
23.22	2.0340539e+03
23.25	1.9786117e+03
23.29	1.9044646e+03
23.32	1.8153842e+03
23.35	1.7151137e+03
23.39	1.6071938e+03
23.42	1.4948374e+03
23.46	1.3808529e+03
23.49	1.2676078e+03
23.53	1.1570243e+03
23.56	1.0505997e+03
23.59	9.4944225e+02
23.63	8.5431687e+02
23.66	7.6569507e+02
23.70	6.8380501e+02
23.73	6.0867906e+02
23.76	5.4019718e+02
23.80	4.7812504e+02
23.83	4.2214670e+02
23.87	3.7189178e+02
23.90	3.2695766e+02
23.93	2.8692696e+02
23.97	2.5138114e+02
24.00	2.1991058e+02
24.04	1.9212195e+02
24.07	1.6764313e+02
24.10	1.4612641e+02
24.14	1.2725013e+02
24.17	1.1071929e+02
24.21	9.6265304e+01
24.24	8.3645195e+01
24.27	7.2640319e+01
24.31	6.3054886e+01
24.34	5.4714304e+01
24.38	4.7463461e+01
24.41	4.1165001e+01
24.44	3.5697656e+01
24.48	3.0954632e+01
24.51	2.6842110e+01
24.55	2.3277836e+01
24.58	2.0189833e+01
24.62	1.7515225e+01
24.65	1.5199168e+01
24.68	1.3193890e+01
24.72	1.1457828e+01
24.75	9.9548641e+00
24.79	8.6536409e+00
24.82	7.5269583e+00
24.85	6.5512411e+00
24.89	5.7060700e+00
24.92	4.9737698e+00
24.96	4.3390493e+00
24.99	3.7886855e+00
25.02	3.3112483e+00
25.06	2.8968613e+00
25.09	2.5369922e+00
25.13	2.2242720e+00
25.16	1.9523371e+00
25.19	1.7156931e+00
25.23	1.5095958e+00
25.26	1.3299493e+00
25.30	1.1732170e+00
25.33	1.0363450e+00
25.36	9.1669571e-01
25.40	8.1199104e-01
25.43	7.2026256e-01
25.47	6.3980910e-01
25.50	5.6915998e-01
25.54	5.0704326e-01
25.57	4.5235843e-01
25.60	4.0415289e-01
25.64	3.6160159e-01
25.67	3.2398957e-01
25.71	2.9069688e-01
25.74	2.6118559e-01
25.77	2.3498863e-01
25.81	2.1170010e-01
25.84	1.9096700e-01
25.88	1.7248206e-01
25.91	1.5597755e-01
25.94	1.4122002e-01
25.98	1.2800563e-01
26.01	1.1615625e-01
26.05	1.0551606e-01
26.08	9.5948527e-02
26.11	8.7333956e-02
26.15	7.9567229e-02
26.18	7.2555928e-02
26.22	6.6218697e-02
26.25	6.0483812e-02
26.28	5.5287963e-02
26.32	5.0575181e-02
26.35	4.6295919e-02
26.39	4.2406253e-02
26.42	3.8867184e-02
26.45	3.5644038e-02
26.49	3.2705939e-02
26.52	3.0025353e-02
26.56	2.7577691e-02
26.59	2.5340963e-02
26.63	2.3295472e-02
26.66	2.1423553e-02
26.69	1.9709337e-02
26.73	1.8138554e-02
26.76	1.6698352e-02
26.80	1.5377141e-02
26.83	1.4164453e-02
26.86	1.3050829e-02
26.90	1.2027702e-02
26.93	1.1087313e-02
26.97	1.0222619e-02
27.00	9.4272269e-03
