# NeutrinoAntineutrinoInteraction/NeutrinoAntineutrinoResonanceUp interaction rates
# neutrino field: massive Cosmic Neutrino Background, T_CnuB = 1.94535456 K
# Produced with crpropa-data version: 60a1560e37035039ec25f414e0c42a2444bad49c
# log10(E/eV), 1/lambda [1/Mpc]
11.74	0.0000000e+00
11.77	0.0000000e+00
11.81	0.0000000e+00
11.84	0.0000000e+00
11.87	0.0000000e+00
11.91	0.0000000e+00
11.94	0.0000000e+00
11.98	0.0000000e+00
12.01	0.0000000e+00
12.04	0.0000000e+00
12.08	0.0000000e+00
12.11	0.0000000e+00
12.15	0.0000000e+00
12.18	0.0000000e+00
12.21	0.0000000e+00
12.25	0.0000000e+00
12.28	0.0000000e+00
12.32	0.0000000e+00
12.35	0.0000000e+00
12.38	0.0000000e+00
12.42	0.0000000e+00
12.45	0.0000000e+00
12.49	0.0000000e+00
12.52	0.0000000e+00
12.56	0.0000000e+00
12.59	0.0000000e+00
12.62	0.0000000e+00
12.66	0.0000000e+00
12.69	0.0000000e+00
12.73	0.0000000e+00
12.76	0.0000000e+00
12.79	0.0000000e+00
12.83	0.0000000e+00
12.86	0.0000000e+00
12.90	0.0000000e+00
12.93	0.0000000e+00
12.96	0.0000000e+00
13.00	0.0000000e+00
13.03	0.0000000e+00
13.07	0.0000000e+00
13.10	0.0000000e+00
13.13	0.0000000e+00
13.17	0.0000000e+00
13.20	0.0000000e+00
13.24	0.0000000e+00
13.27	0.0000000e+00
13.30	0.0000000e+00
13.34	0.0000000e+00
13.37	0.0000000e+00
13.41	0.0000000e+00
13.44	0.0000000e+00
13.47	0.0000000e+00
13.51	0.0000000e+00
13.54	0.0000000e+00
13.58	0.0000000e+00
13.61	0.0000000e+00
13.65	0.0000000e+00
13.68	0.0000000e+00
13.71	0.0000000e+00
13.75	8.4996984e-260
13.78	2.4477063e-241
13.82	2.8370336e-224
13.85	1.6865058e-208
13.88	6.4336309e-194
13.92	1.9375517e-180
13.95	5.5792314e-168
13.99	1.8337401e-156
14.02	8.1032440e-146
14.05	5.6012877e-136
14.09	6.9664959e-127
14.12	1.7743610e-118
14.16	1.0431195e-110
14.19	1.5810072e-103
14.22	6.8432141e-97
14.26	9.2978115e-91
14.29	4.3277824e-85
14.33	7.4820324e-80
14.36	5.1772655e-75
14.39	1.5364443e-70
14.43	2.0845580e-66
14.46	1.3716533e-62
14.50	4.6230169e-59
14.53	8.3943323e-56
14.57	8.6040173e-53
14.60	5.1977665e-50
14.63	1.9260385e-47
14.67	4.5422530e-45
14.70	7.0542864e-43
14.74	7.4457854e-41
14.77	5.4993482e-39
14.80	2.9199013e-37
14.84	1.1426463e-35
14.87	3.3725366e-34
14.91	7.6694308e-33
14.94	1.3705483e-31
14.97	1.9600584e-30
15.01	2.2814452e-29
15.04	2.1952792e-28
15.08	1.7716236e-27
15.11	1.2152008e-26
15.14	7.1726175e-26
15.18	3.6848231e-25
15.21	1.6651372e-24
15.25	6.6837427e-24
15.28	2.4046433e-23
15.31	7.8194254e-23
15.35	2.3160808e-22
15.38	6.2935933e-22
15.42	1.5793933e-21
15.45	3.6829486e-21
15.48	8.0257353e-21
15.52	1.6430303e-20
15.55	3.1753903e-20
15.59	5.8197295e-20
15.62	1.0157378e-19
15.66	1.6948019e-19
15.69	2.7131661e-19
15.72	4.1812010e-19
15.76	6.2220617e-19
15.79	8.9664374e-19
15.83	1.2546189e-18
15.86	1.7087619e-18
15.89	2.2705184e-18
15.93	2.9496402e-18
15.96	3.7538503e-18
16.00	4.6887153e-18
16.03	5.7577268e-18
16.06	6.9625720e-18
16.10	8.3035511e-18
16.13	9.7800919e-18
16.17	1.1391306e-17
16.20	1.3136539e-17
16.23	1.5015868e-17
16.27	1.7030538e-17
16.30	1.9183294e-17
16.34	2.1478639e-17
16.37	2.3923004e-17
16.40	2.6524845e-17
16.44	2.9294691e-17
16.47	3.2245157e-17
16.51	3.5390933e-17
16.54	3.8748768e-17
16.58	4.2337452e-17
16.61	4.6177821e-17
16.64	5.0292769e-17
16.68	5.4707292e-17
16.71	5.9448546e-17
16.75	6.4545937e-17
16.78	7.0031243e-17
16.81	7.5938744e-17
16.85	8.2305399e-17
16.88	8.9171036e-17
16.92	9.6578566e-17
16.95	1.0457424e-16
16.98	1.1320789e-16
17.02	1.2253328e-16
17.05	1.3260836e-16
17.09	1.4349568e-16
17.12	1.5526275e-16
17.15	1.6798244e-16
17.19	1.8173344e-16
17.22	1.9660078e-16
17.26	2.1267630e-16
17.29	2.3005926e-16
17.32	2.4885691e-16
17.36	2.6918522e-16
17.39	2.9116954e-16
17.43	3.1494538e-16
17.46	3.4065928e-16
17.49	3.6846968e-16
17.53	3.9854792e-16
17.56	4.3107928e-16
17.60	4.6626414e-16
17.63	5.0431919e-16
17.67	5.4547879e-16
17.70	5.8999641e-16
17.73	6.3814619e-16
17.77	6.9022461e-16
17.80	7.4655234e-16
17.84	8.0747621e-16
17.87	8.7337134e-16
17.90	9.4464345e-16
17.94	1.0217314e-15
17.97	1.1051097e-15
18.01	1.1952919e-15
18.04	1.2928331e-15
18.07	1.3983338e-15
18.11	1.5124437e-15
18.14	1.6358653e-15
18.18	1.7693585e-15
18.21	1.9137452e-15
18.24	2.0699142e-15
18.28	2.2388272e-15
18.31	2.4215241e-15
18.35	2.6191297e-15
18.38	2.8328607e-15
18.41	3.0640329e-15
18.45	3.3140696e-15
18.48	3.5845102e-15
18.52	3.8770199e-15
18.55	4.1933994e-15
18.59	4.5355968e-15
18.62	4.9057188e-15
18.65	5.3060442e-15
18.69	5.7390377e-15
18.72	6.2073653e-15
18.76	6.7139103e-15
18.79	7.2617915e-15
18.82	7.8543820e-15
18.86	8.4953304e-15
18.89	9.1885830e-15
18.93	9.9384078e-15
18.96	1.0749422e-14
18.99	1.1626618e-14
19.03	1.2575397e-14
19.06	1.3601601e-14
19.10	1.4711548e-14
19.13	1.5912072e-14
19.16	1.7210564e-14
19.20	1.8615019e-14
19.23	2.0134085e-14
19.27	2.1777115e-14
19.30	2.3554224e-14
19.33	2.5476355e-14
19.37	2.7555342e-14
19.40	2.9803986e-14
19.44	3.2236133e-14
19.47	3.4866757e-14
19.51	3.7712056e-14
19.54	4.0789550e-14
19.57	4.4118187e-14
19.61	4.7718463e-14
19.64	5.1612548e-14
19.68	5.5824418e-14
19.71	6.0380009e-14
19.74	6.5307372e-14
19.78	7.0636850e-14
19.81	7.6401258e-14
19.85	8.2636095e-14
19.88	8.9379754e-14
19.91	9.6673764e-14
19.95	1.0456304e-13
19.98	1.1309617e-13
20.02	1.2232570e-13
20.05	1.3230848e-13
20.08	1.4310599e-13
20.12	1.5478471e-13
20.15	1.6741660e-13
20.19	1.8107944e-13
20.22	1.9585740e-13
20.25	2.1184150e-13
20.29	2.2913020e-13
20.32	2.4783001e-13
20.36	2.6805612e-13
20.39	2.8993315e-13
20.42	3.1359587e-13
20.46	3.3919008e-13
20.49	3.6687350e-13
20.53	3.9681671e-13
20.56	4.2920424e-13
20.60	4.6423571e-13
20.63	5.0212704e-13
20.66	5.4311180e-13
20.70	5.8744266e-13
20.73	6.3539293e-13
20.77	6.8725830e-13
20.80	7.4335863e-13
20.83	8.0403992e-13
20.87	8.6967652e-13
20.90	9.4067339e-13
20.94	1.0174686e-12
20.97	1.1005362e-12
21.00	1.1903890e-12
21.04	1.2875817e-12
21.07	1.3927147e-12
21.11	1.5064373e-12
21.14	1.6294524e-12
21.17	1.7625203e-12
21.21	1.9064638e-12
21.24	2.0621732e-12
21.28	2.2306120e-12
21.31	2.4128230e-12
21.34	2.6099344e-12
21.38	2.8231677e-12
21.41	3.0538446e-12
21.45	3.3033960e-12
21.48	3.5733706e-12
21.52	3.8654451e-12
21.55	4.1814347e-12
21.58	4.5233047e-12
21.62	4.8931832e-12
21.65	5.2933745e-12
21.69	5.7263743e-12
21.72	6.1948859e-12
21.75	6.7018373e-12
21.79	7.2504008e-12
21.82	7.8440135e-12
21.86	8.4864002e-12
21.89	9.1815979e-12
21.92	9.9339828e-12
21.96	1.0748300e-11
21.99	1.1629694e-11
22.03	1.2583746e-11
22.06	1.3616511e-11
22.09	1.4734560e-11
22.13	1.5945024e-11
22.16	1.7255646e-11
22.20	1.8674838e-11
22.23	2.0211738e-11
22.26	2.1876276e-11
22.30	2.3679252e-11
22.33	2.5632412e-11
22.37	2.7748540e-11
22.40	3.0041552e-11
22.43	3.2526613e-11
22.47	3.5220247e-11
22.50	3.8140483e-11
22.54	4.1306991e-11
22.57	4.4741262e-11
22.61	4.8466781e-11
22.64	5.2509244e-11
22.67	5.6896785e-11
22.71	6.1660244e-11
22.74	6.6833456e-11
22.78	7.2453590e-11
22.81	7.8561524e-11
22.84	8.5202277e-11
22.88	9.2425501e-11
22.91	1.0028604e-10
22.95	1.0884457e-10
22.98	1.1816835e-10
23.01	1.2833208e-10
23.05	1.3941888e-10
23.08	1.5152148e-10
23.12	1.6474357e-10
23.15	1.7920137e-10
23.18	1.9502557e-10
23.22	2.1236358e-10
23.25	2.3138218e-10
23.29	2.5227083e-10
23.32	2.7524554e-10
23.35	3.0055372e-10
23.39	3.2848007e-10
23.42	3.5935392e-10
23.46	3.9355846e-10
23.49	4.3154239e-10
23.53	4.7383494e-10
23.56	5.2106544e-10
23.59	5.7398930e-10
23.63	6.3352334e-10
23.66	7.0079559e-10
23.70	7.7721956e-10
23.73	8.6461564e-10
23.76	9.6543404e-10
23.80	1.0832087e-09
23.83	1.2235262e-09
23.87	1.3960644e-09
23.90	1.6186252e-09
23.93	1.9244475e-09
23.97	2.3741428e-09
24.00	3.0729945e-09
24.04	4.1927902e-09
24.07	5.9948969e-09
24.10	8.8485658e-09
24.14	1.3236556e-08
24.17	1.9740282e-08
24.21	2.8999461e-08
24.24	4.1646432e-08
24.27	5.8221621e-08
24.31	7.9082272e-08
24.34	1.0431984e-07
24.38	1.3370123e-07
24.41	1.6664564e-07
24.44	2.0224268e-07
24.48	2.3931032e-07
24.51	2.7648524e-07
24.55	3.1233272e-07
24.58	3.4546175e-07
24.62	3.7463096e-07
24.65	3.9883375e-07
24.68	4.1735496e-07
24.72	4.2979628e-07
24.75	4.3607173e-07
24.79	4.3637809e-07
24.82	4.3114744e-07
24.85	4.2098939e-07
24.89	4.0663038e-07
24.92	3.8885616e-07
24.96	3.6846148e-07
24.99	3.4620967e-07
25.02	3.2280288e-07
25.06	2.9886254e-07
25.09	2.7491902e-07
25.13	2.5140860e-07
25.16	2.2867618e-07
25.19	2.0698192e-07
25.23	1.8651025e-07
25.26	1.6738026e-07
25.30	1.4965623e-07
25.33	1.3335791e-07
25.36	1.1846997e-07
25.40	1.0495045e-07
25.43	9.2737958e-08
25.47	8.1757856e-08
25.50	7.1927226e-08
25.54	6.3158898e-08
25.57	5.5364568e-08
25.60	4.8457168e-08
25.64	4.2352584e-08
25.67	3.6970869e-08
25.71	3.2237022e-08
25.74	2.8081436e-08
25.77	2.4440099e-08
25.81	2.1254592e-08
25.84	1.8471956e-08
25.88	1.6044452e-08
25.91	1.3929265e-08
25.94	1.2088163e-08
25.98	1.0487138e-08
26.01	9.0960437e-09
26.05	7.8882369e-09
26.08	6.8402366e-09
26.11	5.9313974e-09
26.15	5.1436070e-09
26.18	4.4610063e-09
26.22	3.8697337e-09
26.25	3.3576921e-09
26.28	2.9143396e-09
26.32	2.5305013e-09
26.35	2.1982008e-09
26.39	1.9105110e-09
26.42	1.6614215e-09
26.45	1.4457214e-09
26.49	1.2588965e-09
26.52	1.0970385e-09
26.56	9.5676541e-10
26.59	8.3515250e-10
26.63	7.2967118e-10
26.66	6.3813628e-10
26.69	5.5865994e-10
26.73	4.8961152e-10
26.76	4.2958284e-10
26.80	3.7735797e-10
26.83	3.3188706e-10
26.86	2.9226365e-10
26.90	2.5770511e-10
26.93	2.2753566e-10
26.97	2.0117169e-10
27.00	1.7810911e-10
