# NeutrinoAntineutrinoInteraction/NeutrinoAntineutrinoResonanceUp interaction rates
# neutrino field: massive Cosmic Neutrino Background, T_CnuB = 1.94535456 K
# Produced with crpropa-data version: 60a1560e37035039ec25f414e0c42a2444bad49c
# log10(E/eV), 1/lambda [1/Mpc]
10.24	0.0000000e+00
10.27	0.0000000e+00
10.31	0.0000000e+00
10.34	0.0000000e+00
10.37	0.0000000e+00
10.41	0.0000000e+00
10.44	0.0000000e+00
10.48	0.0000000e+00
10.51	0.0000000e+00
10.55	0.0000000e+00
10.58	0.0000000e+00
10.61	0.0000000e+00
10.65	0.0000000e+00
10.68	0.0000000e+00
10.72	0.0000000e+00
10.75	0.0000000e+00
10.78	0.0000000e+00
10.82	0.0000000e+00
10.85	0.0000000e+00
10.89	0.0000000e+00
10.92	0.0000000e+00
10.95	0.0000000e+00
10.99	0.0000000e+00
11.02	0.0000000e+00
11.06	0.0000000e+00
11.09	0.0000000e+00
11.12	0.0000000e+00
11.16	0.0000000e+00
11.19	0.0000000e+00
11.23	0.0000000e+00
11.26	0.0000000e+00
11.29	0.0000000e+00
11.33	0.0000000e+00
11.36	0.0000000e+00
11.40	0.0000000e+00
11.43	0.0000000e+00
11.46	0.0000000e+00
11.50	0.0000000e+00
11.53	0.0000000e+00
11.57	0.0000000e+00
11.60	0.0000000e+00
11.64	0.0000000e+00
11.67	0.0000000e+00
11.70	0.0000000e+00
11.74	0.0000000e+00
11.77	0.0000000e+00
11.81	0.0000000e+00
11.84	0.0000000e+00
11.87	0.0000000e+00
11.91	0.0000000e+00
11.94	0.0000000e+00
11.98	0.0000000e+00
12.01	0.0000000e+00
12.04	0.0000000e+00
12.08	0.0000000e+00
12.11	0.0000000e+00
12.15	0.0000000e+00
12.18	0.0000000e+00
12.21	0.0000000e+00
12.25	3.4485533e-255
12.28	2.1138763e-236
12.32	4.9263426e-219
12.35	5.5860967e-203
12.38	3.8715470e-188
12.42	2.0250384e-174
12.45	9.7146180e-162
12.49	5.1185285e-150
12.52	3.4991991e-139
12.56	3.6208715e-129
12.59	6.5395359e-120
12.62	2.3516410e-111
12.66	1.9018271e-103
12.69	3.8711754e-96
12.73	2.2008664e-89
12.76	3.8478702e-83
12.79	2.2613453e-77
12.83	4.8502244e-72
12.86	4.0967443e-67
12.90	1.4619745e-62
12.93	2.3523546e-58
12.96	1.8123249e-54
13.00	7.0677095e-51
13.03	1.4687547e-47
13.07	1.7056238e-44
13.10	1.1565382e-41
13.13	4.7689222e-39
13.17	1.2415799e-36
13.20	2.1130241e-34
13.24	2.4274698e-32
13.27	1.9391716e-30
13.30	1.1071678e-28
13.34	4.6341390e-27
13.37	1.4557150e-25
13.41	3.5072037e-24
13.44	6.6120936e-23
13.47	9.9373466e-22
13.51	1.2111809e-20
13.54	1.2163199e-19
13.58	1.0213202e-18
13.61	7.2685426e-18
13.65	4.4397394e-17
13.68	2.3547051e-16
13.71	1.0961008e-15
13.75	4.5228883e-15
13.78	1.6696523e-14
13.82	5.5612943e-14
13.85	1.6845517e-13
13.88	4.6742875e-13
13.92	1.1961823e-12
13.95	2.8407998e-12
13.99	6.2972979e-12
14.02	1.3099688e-11
14.05	2.5698700e-11
14.09	4.7763434e-11
14.12	8.4461139e-11
14.16	1.4265960e-10
14.19	2.3099700e-10
14.22	3.5977722e-10
14.26	5.4067310e-10
14.29	7.8625011e-10
14.33	1.1093536e-09
14.36	1.5224253e-09
14.39	2.0368292e-09
14.43	2.6622632e-09
14.46	3.4063259e-09
14.50	4.2742819e-09
14.53	5.2690469e-09
14.57	6.3913845e-09
14.60	7.6402870e-09
14.63	9.0134909e-09
14.67	1.0508075e-08
14.70	1.2121083e-08
14.74	1.3850120e-08
14.77	1.5693887e-08
14.80	1.7652623e-08
14.84	1.9728447e-08
14.87	2.1925599e-08
14.91	2.4250583e-08
14.94	2.6712242e-08
14.97	2.9321768e-08
15.01	3.2092682e-08
15.04	3.5040799e-08
15.08	3.8184213e-08
15.11	4.1543408e-08
15.14	4.5141416e-08
15.18	4.9002844e-08
15.21	5.3153573e-08
15.25	5.7620958e-08
15.28	6.2434041e-08
15.31	6.7623772e-08
15.35	7.3223226e-08
15.38	7.9267839e-08
15.42	8.5795647e-08
15.45	9.2847543e-08
15.48	1.0046754e-07
15.52	1.0870308e-07
15.55	1.1760528e-07
15.59	1.2722935e-07
15.62	1.3763484e-07
15.66	1.4888611e-07
15.69	1.6105265e-07
15.72	1.7420957e-07
15.76	1.8843805e-07
15.79	2.0382583e-07
15.83	2.2046778e-07
15.86	2.3846647e-07
15.89	2.5793279e-07
15.93	2.7898668e-07
15.96	3.0175782e-07
16.00	3.2638647e-07
16.03	3.5302432e-07
16.06	3.8183540e-07
16.10	4.1299713e-07
16.13	4.4670140e-07
16.17	4.8315574e-07
16.20	5.2258462e-07
16.23	5.6523080e-07
16.27	6.1135688e-07
16.30	6.6124684e-07
16.34	7.1520786e-07
16.37	7.7357217e-07
16.40	8.3669912e-07
16.44	9.0497737e-07
16.47	9.7882730e-07
16.51	1.0587036e-06
16.54	1.1450980e-06
16.58	1.2385425e-06
16.61	1.3396124e-06
16.64	1.4489299e-06
16.68	1.5671681e-06
16.71	1.6950550e-06
16.75	1.8333779e-06
16.78	1.9829884e-06
16.81	2.1448078e-06
16.85	2.3198321e-06
16.88	2.5091392e-06
16.92	2.7138944e-06
16.95	2.9353584e-06
16.98	3.1748947e-06
17.02	3.4339781e-06
17.05	3.7142037e-06
17.09	4.0172968e-06
17.12	4.3451235e-06
17.15	4.6997022e-06
17.19	5.0832159e-06
17.22	5.4980259e-06
17.26	5.9466861e-06
17.29	6.4319588e-06
17.32	6.9568318e-06
17.36	7.5245366e-06
17.39	8.1385685e-06
17.43	8.8027081e-06
17.46	9.5210444e-06
17.49	1.0298000e-05
17.53	1.1138359e-05
17.56	1.2047295e-05
17.60	1.3030404e-05
17.63	1.4093739e-05
17.67	1.5243848e-05
17.70	1.6487811e-05
17.73	1.7833288e-05
17.77	1.9288563e-05
17.80	2.0862596e-05
17.84	2.2565078e-05
17.87	2.4406492e-05
17.90	2.6398176e-05
17.94	2.8552392e-05
17.97	3.0882406e-05
18.01	3.3402563e-05
18.04	3.6128382e-05
18.07	3.9076645e-05
18.11	4.2265506e-05
18.14	4.5714601e-05
18.18	4.9445168e-05
18.21	5.3480178e-05
18.24	5.7844477e-05
18.28	6.2564940e-05
18.31	6.7670633e-05
18.35	7.3192999e-05
18.38	7.9166042e-05
18.41	8.5626547e-05
18.45	9.2614298e-05
18.48	1.0017233e-04
18.52	1.0834718e-04
18.55	1.1718921e-04
18.59	1.2675286e-04
18.62	1.3709704e-04
18.65	1.4828546e-04
18.69	1.6038704e-04
18.72	1.7347630e-04
18.76	1.8763389e-04
18.79	2.0294700e-04
18.82	2.1950997e-04
18.86	2.3742485e-04
18.89	2.5680199e-04
18.93	2.7776078e-04
18.96	3.0043037e-04
18.99	3.2495045e-04
19.03	3.5147210e-04
19.06	3.8015879e-04
19.10	4.1118731e-04
19.13	4.4474892e-04
19.16	4.8105052e-04
19.20	5.2031589e-04
19.23	5.6278714e-04
19.27	6.0872617e-04
19.30	6.5841629e-04
19.33	7.1216400e-04
19.37	7.7030088e-04
19.40	8.3318562e-04
19.44	9.0120630e-04
19.47	9.7478276e-04
19.51	1.0543692e-03
19.54	1.1404572e-03
19.57	1.2335783e-03
19.61	1.3343079e-03
19.64	1.4432684e-03
19.68	1.5611335e-03
19.71	1.6886320e-03
19.74	1.8265525e-03
19.78	1.9757486e-03
19.81	2.1371439e-03
19.85	2.3117381e-03
19.88	2.5006131e-03
19.91	2.7049398e-03
19.95	2.9259858e-03
19.98	3.1651233e-03
20.02	3.4238376e-03
20.05	3.7037368e-03
20.08	4.0065623e-03
20.12	4.3341993e-03
20.15	4.6886897e-03
20.19	5.0722446e-03
20.22	5.4872592e-03
20.25	5.9363281e-03
20.29	6.4222622e-03
20.32	6.9481073e-03
20.36	7.5171642e-03
20.39	8.1330105e-03
20.42	8.7995245e-03
20.46	9.5209116e-03
20.49	1.0301732e-02
20.53	1.1146933e-02
20.56	1.2061881e-02
20.60	1.3052401e-02
20.63	1.4124815e-02
20.66	1.5285990e-02
20.70	1.6543383e-02
20.73	1.7905096e-02
20.77	1.9379938e-02
20.80	2.0977486e-02
20.83	2.2708159e-02
20.87	2.4583298e-02
20.90	2.6615250e-02
20.94	2.8817470e-02
20.97	3.1204624e-02
21.00	3.3792713e-02
21.04	3.6599200e-02
21.07	3.9643163e-02
21.11	4.2945460e-02
21.14	4.6528914e-02
21.17	5.0418518e-02
21.21	5.4641674e-02
21.24	5.9228454e-02
21.28	6.4211900e-02
21.31	6.9628360e-02
21.34	7.5517876e-02
21.38	8.1924621e-02
21.41	8.8897401e-02
21.45	9.6490233e-02
21.48	1.0476301e-01
21.52	1.1378226e-01
21.55	1.2362207e-01
21.58	1.3436508e-01
21.62	1.4610373e-01
21.65	1.5894172e-01
21.69	1.7299564e-01
21.72	1.8839706e-01
21.75	2.0529491e-01
21.79	2.2385839e-01
21.82	2.4428049e-01
21.86	2.6678228e-01
21.89	2.9161822e-01
21.92	3.1908270e-01
21.96	3.4951824e-01
21.99	3.8332589e-01
22.03	4.2097857e-01
22.06	4.6303838e-01
22.09	5.1017951e-01
22.13	5.6321923e-01
22.16	6.2316116e-01
22.20	6.9125864e-01
22.23	7.6911583e-01
22.26	8.5886766e-01
22.30	9.6353801e-01
22.33	1.0877994e+00
22.37	1.2395841e+00
22.40	1.4333321e+00
22.43	1.6960277e+00
22.47	2.0773481e+00
22.50	2.6648886e+00
22.54	3.6042041e+00
22.57	5.1212703e+00
22.61	7.5423395e+00
22.64	1.1303978e+01
22.67	1.6945469e+01
22.71	2.5077572e+01
22.74	3.6325887e+01
22.78	5.1252921e+01
22.81	7.0268740e+01
22.84	9.3544194e+01
22.88	1.2094188e+02
22.91	1.5197789e+02
22.95	1.8582260e+02
22.98	2.2134240e+02
23.01	2.5717787e+02
23.05	2.9184836e+02
23.08	3.2386978e+02
23.12	3.5187103e+02
23.15	3.7469601e+02
23.18	3.9148071e+02
23.22	4.0169946e+02
23.25	4.0517854e+02
23.29	4.0207956e+02
23.32	3.9285829e+02
23.35	3.7820648e+02
23.39	3.5898462e+02
23.42	3.3615336e+02
23.46	3.1070964e+02
23.49	2.8363196e+02
23.53	2.5583747e+02
23.56	2.2815188e+02
23.59	2.0129252e+02
23.63	1.7586506e+02
23.66	1.5237794e+02
23.70	1.3129349e+02
23.73	1.1290998e+02
23.76	9.7046177e+01
23.80	8.3390429e+01
23.83	7.1648495e+01
23.87	6.1558550e+01
23.90	5.2891576e+01
23.93	4.5448748e+01
23.97	3.9058157e+01
24.00	3.3571521e+01
24.04	2.8861144e+01
24.07	2.4817181e+01
24.10	2.1345211e+01
24.14	1.8364120e+01
24.17	1.5804257e+01
24.21	1.3605833e+01
24.24	1.1717538e+01
24.27	1.0095346e+01
24.31	8.7014875e+00
24.34	7.5035624e+00
24.38	6.4737811e+00
24.41	5.5883078e+00
24.44	4.8266994e+00
24.48	4.1714222e+00
24.51	3.6074380e+00
24.55	3.1218483e+00
24.58	2.7035896e+00
24.62	2.3431712e+00
24.65	2.0324518e+00
24.68	1.7644462e+00
24.72	1.5331609e+00
24.75	1.3334527e+00
24.79	1.1609072e+00
24.82	1.0117352e+00
24.85	8.8268317e-01
24.89	7.7095763e-01
24.92	6.7415909e-01
24.96	5.9022620e-01
24.99	5.1738766e-01
25.02	4.5412097e-01
25.06	3.9911714e-01
25.09	3.5125038e-01
25.13	3.0955211e-01
25.16	2.7318876e-01
25.19	2.4144262e-01
25.23	2.1369552e-01
25.26	1.8941477e-01
25.30	1.6814111e-01
25.33	1.4947842e-01
25.36	1.3308481e-01
25.40	1.1866508e-01
25.43	1.0596413e-01
25.47	9.4761415e-02
25.50	8.4866113e-02
25.54	7.6112999e-02
25.57	6.8358907e-02
25.60	6.1479679e-02
25.64	5.5367552e-02
25.67	4.9928909e-02
25.71	4.5082345e-02
25.74	4.0757002e-02
25.77	3.6891143e-02
25.81	3.3430916e-02
25.84	3.0329297e-02
25.88	2.7545173e-02
25.91	2.5042563e-02
25.94	2.2789928e-02
25.98	2.0759596e-02
26.01	1.8927252e-02
26.05	1.7271501e-02
26.08	1.5773494e-02
26.11	1.4416599e-02
26.15	1.3186122e-02
26.18	1.2069060e-02
26.22	1.1053891e-02
26.25	1.0130387e-02
26.28	9.2894620e-03
26.32	8.5230250e-03
26.35	7.8238648e-03
26.39	7.1855434e-03
26.42	6.6023049e-03
26.45	6.0689956e-03
26.49	5.5809944e-03
26.52	5.1341520e-03
26.56	4.7247375e-03
26.59	4.3493917e-03
26.63	4.0050858e-03
26.66	3.6890857e-03
26.69	3.3989203e-03
26.73	3.1323530e-03
26.76	2.8873574e-03
26.80	2.6620957e-03
26.83	2.4548989e-03
26.86	2.2642498e-03
26.90	2.0887679e-03
26.93	1.9271962e-03
26.97	1.7783883e-03
27.00	1.6412987e-03
