# NeutrinoAntineutrinoInteraction/NeutrinoAntineutrinoResonanceUp interaction rates
# neutrino field: massive Cosmic Neutrino Background, T_CnuB = 1.94535456 K
# Produced with crpropa-data version: 60a1560e37035039ec25f414e0c42a2444bad49c
# log10(E/eV), 1/lambda [1/Mpc]
10.03	0.0000000e+00
10.07	0.0000000e+00
10.10	0.0000000e+00
10.14	0.0000000e+00
10.17	0.0000000e+00
10.20	0.0000000e+00
10.24	0.0000000e+00
10.27	0.0000000e+00
10.31	0.0000000e+00
10.34	0.0000000e+00
10.37	0.0000000e+00
10.41	0.0000000e+00
10.44	0.0000000e+00
10.48	0.0000000e+00
10.51	0.0000000e+00
10.55	0.0000000e+00
10.58	0.0000000e+00
10.61	0.0000000e+00
10.65	0.0000000e+00
10.68	0.0000000e+00
10.72	0.0000000e+00
10.75	0.0000000e+00
10.78	0.0000000e+00
10.82	0.0000000e+00
10.85	0.0000000e+00
10.89	0.0000000e+00
10.92	0.0000000e+00
10.95	0.0000000e+00
10.99	0.0000000e+00
11.02	0.0000000e+00
11.06	0.0000000e+00
11.09	0.0000000e+00
11.12	0.0000000e+00
11.16	0.0000000e+00
11.19	0.0000000e+00
11.23	0.0000000e+00
11.26	0.0000000e+00
11.29	0.0000000e+00
11.33	0.0000000e+00
11.36	0.0000000e+00
11.40	0.0000000e+00
11.43	0.0000000e+00
11.46	0.0000000e+00
11.50	0.0000000e+00
11.53	0.0000000e+00
11.57	0.0000000e+00
11.60	0.0000000e+00
11.64	0.0000000e+00
11.67	0.0000000e+00
11.70	0.0000000e+00
11.74	0.0000000e+00
11.77	0.0000000e+00
11.81	0.0000000e+00
11.84	0.0000000e+00
11.87	0.0000000e+00
11.91	0.0000000e+00
11.94	0.0000000e+00
11.98	0.0000000e+00
12.01	5.3927518e-267
12.04	3.2318771e-247
12.08	6.1999603e-229
12.11	4.9361171e-212
12.15	2.0735240e-196
12.18	5.7379676e-182
12.21	1.2842750e-168
12.25	2.8106734e-156
12.28	7.1680307e-145
12.32	2.5053217e-134
12.35	1.3941976e-124
12.38	1.4190322e-115
12.42	3.0028581e-107
12.45	1.4873729e-99
12.49	1.9241215e-92
12.52	7.1939590e-86
12.56	8.5369464e-80
12.59	3.5062595e-74
12.62	5.3996207e-69
12.66	3.3574381e-64
12.69	9.0261229e-60
12.73	1.1176963e-55
12.76	6.7590220e-52
12.79	2.1070414e-48
12.83	3.5596837e-45
12.86	3.4133503e-42
12.90	1.9388713e-39
12.93	6.7870843e-37
12.96	1.5186468e-34
13.00	2.2467049e-32
13.03	2.2673634e-30
13.07	1.6066803e-28
13.10	8.2105618e-27
13.13	3.1015523e-25
13.17	8.8606966e-24
13.20	1.9552929e-22
13.24	3.3985458e-21
13.27	4.7375696e-20
13.30	5.3858343e-19
13.34	5.0710002e-18
13.37	4.0112685e-17
13.41	2.7011924e-16
13.44	1.5675542e-15
13.47	7.9285248e-15
13.51	3.5318864e-14
13.54	1.3991598e-13
13.58	4.9734971e-13
13.61	1.5995131e-12
13.65	4.6900165e-12
13.68	1.2627084e-11
13.71	3.1421469e-11
13.75	7.2708565e-11
13.78	1.5733517e-10
13.82	3.2004562e-10
13.85	6.1495191e-10
13.88	1.1211306e-09
13.92	1.9474050e-09
13.95	3.2352492e-09
13.99	5.1588627e-09
14.02	7.9218112e-09
14.05	1.1750156e-08
14.09	1.6882573e-08
14.12	2.3558498e-08
14.16	3.2005653e-08
14.19	4.2428463e-08
14.22	5.4998693e-08
14.26	6.9849368e-08
14.29	8.7072506e-08
14.33	1.0672077e-07
14.36	1.2881264e-07
14.39	1.5334030e-07
14.43	1.8027946e-07
14.46	2.0959983e-07
14.50	2.4127564e-07
14.53	2.7529513e-07
14.57	3.1166876e-07
14.60	3.5043568e-07
14.63	3.9166854e-07
14.67	4.3547670e-07
14.70	4.8200797e-07
14.74	5.3144950e-07
14.77	5.8402774e-07
14.80	6.4000806e-07
14.84	6.9969422e-07
14.87	7.6342785e-07
14.91	8.3158814e-07
14.94	9.0459191e-07
14.97	9.8289404e-07
15.01	1.0669885e-06
15.04	1.1574097e-06
15.08	1.2547348e-06
15.11	1.3595866e-06
15.14	1.4726373e-06
15.18	1.5946080e-06
15.21	1.7262709e-06
15.25	1.8684547e-06
15.28	2.0220505e-06
15.31	2.1880172e-06
15.35	2.3673880e-06
15.38	2.5612769e-06
15.42	2.7708861e-06
15.45	2.9975130e-06
15.48	3.2425591e-06
15.52	3.5075382e-06
15.55	3.7940862e-06
15.59	4.1039711e-06
15.62	4.4391040e-06
15.66	4.8015509e-06
15.69	5.1935459e-06
15.72	5.6175042e-06
15.76	6.0760379e-06
15.79	6.5719715e-06
15.83	7.1083596e-06
15.86	7.6885057e-06
15.89	8.3159824e-06
15.93	8.9946539e-06
15.96	9.7286992e-06
16.00	1.0522638e-05
16.03	1.1381360e-05
16.06	1.2310151e-05
16.10	1.3314730e-05
16.13	1.4401283e-05
16.17	1.5576499e-05
16.20	1.6847615e-05
16.23	1.8222456e-05
16.27	1.9709487e-05
16.30	2.1317864e-05
16.34	2.3057488e-05
16.37	2.4939072e-05
16.40	2.6974198e-05
16.44	2.9175398e-05
16.47	3.1556222e-05
16.51	3.4131331e-05
16.54	3.6916577e-05
16.58	3.9929110e-05
16.61	4.3187476e-05
16.64	4.6711737e-05
16.68	5.0523590e-05
16.71	5.4646506e-05
16.75	5.9105867e-05
16.78	6.3929129e-05
16.81	6.9145987e-05
16.85	7.4788562e-05
16.88	8.0891593e-05
16.92	8.7492655e-05
16.95	9.4632390e-05
16.98	1.0235476e-04
17.02	1.1070730e-04
17.05	1.1974144e-04
17.09	1.2951281e-04
17.12	1.4008156e-04
17.15	1.5151277e-04
17.19	1.6387681e-04
17.22	1.7724981e-04
17.26	1.9171410e-04
17.29	2.0735875e-04
17.32	2.2428007e-04
17.36	2.4258224e-04
17.39	2.6237796e-04
17.43	2.8378910e-04
17.46	3.0694750e-04
17.49	3.3199573e-04
17.53	3.5908802e-04
17.56	3.8839118e-04
17.60	4.2008563e-04
17.63	4.5436652e-04
17.67	4.9144492e-04
17.70	5.3154913e-04
17.73	5.7492607e-04
17.77	6.2184283e-04
17.80	6.7258829e-04
17.84	7.2747490e-04
17.87	7.8684063e-04
17.90	8.5105100e-04
17.94	9.2050140e-04
17.97	9.9561947e-04
18.01	1.0768678e-03
18.04	1.1647465e-03
18.07	1.2597970e-03
18.11	1.3626044e-03
18.14	1.4738018e-03
18.18	1.5940740e-03
18.21	1.7241617e-03
18.24	1.8648659e-03
18.28	2.0170532e-03
18.31	2.1816607e-03
18.35	2.3597023e-03
18.38	2.5522745e-03
18.41	2.7605633e-03
18.45	2.9858516e-03
18.48	3.2295270e-03
18.52	3.4930904e-03
18.55	3.7781653e-03
18.59	4.0865078e-03
18.62	4.4200174e-03
18.65	4.7807486e-03
18.69	5.1709239e-03
18.72	5.5929472e-03
18.76	6.0494188e-03
18.79	6.5431516e-03
18.82	7.0771880e-03
18.86	7.6548193e-03
18.89	8.2796055e-03
18.93	8.9553979e-03
18.96	9.6863623e-03
18.99	1.0477005e-02
19.03	1.1332201e-02
19.06	1.2257225e-02
19.10	1.3257780e-02
19.13	1.4340038e-02
19.16	1.5510677e-02
19.20	1.6776919e-02
19.23	1.8146578e-02
19.27	1.9628108e-02
19.30	2.1230656e-02
19.33	2.2964118e-02
19.37	2.4839201e-02
19.40	2.6867488e-02
19.44	2.9061515e-02
19.47	3.1434846e-02
19.51	3.4002155e-02
19.54	3.6779325e-02
19.57	3.9783542e-02
19.61	4.3033407e-02
19.64	4.6549046e-02
19.68	5.0352249e-02
19.71	5.4466593e-02
19.74	5.8917605e-02
19.78	6.3732915e-02
19.81	6.8942433e-02
19.85	7.4578544e-02
19.88	8.0676311e-02
19.91	8.7273702e-02
19.95	9.4411831e-02
19.98	1.0213523e-01
20.02	1.1049213e-01
20.05	1.1953478e-01
20.08	1.2931979e-01
20.12	1.3990850e-01
20.15	1.5136738e-01
20.19	1.6376848e-01
20.22	1.7718991e-01
20.25	1.9171636e-01
20.29	2.0743967e-01
20.32	2.2445948e-01
20.36	2.4288388e-01
20.39	2.6283018e-01
20.42	2.8442574e-01
20.46	3.0780884e-01
20.49	3.3312970e-01
20.53	3.6055152e-01
20.56	3.9025174e-01
20.60	4.2242328e-01
20.63	4.5727604e-01
20.66	4.9503848e-01
20.70	5.3595937e-01
20.73	5.8030978e-01
20.77	6.2838523e-01
20.80	6.8050811e-01
20.83	7.3703033e-01
20.87	7.9833639e-01
20.90	8.6484663e-01
20.94	9.3702105e-01
20.97	1.0153635e+00
21.00	1.1004263e+00
21.04	1.1928159e+00
21.07	1.2931984e+00
21.11	1.4023070e+00
21.14	1.5209492e+00
21.17	1.6500162e+00
21.21	1.7904927e+00
21.24	1.9434688e+00
21.28	2.1101536e+00
21.31	2.2918903e+00
21.34	2.4901751e+00
21.38	2.7066776e+00
21.41	2.9432662e+00
21.45	3.2020371e+00
21.48	3.4853491e+00
21.52	3.7958645e+00
21.55	4.1365988e+00
21.58	4.5109805e+00
21.62	4.9229227e+00
21.65	5.3769119e+00
21.69	5.8781171e+00
21.72	6.4325249e+00
21.75	7.0471098e+00
21.79	7.7300507e+00
21.82	8.4910092e+00
21.86	9.3414934e+00
21.89	1.0295342e+01
21.92	1.1369388e+01
21.96	1.2584391e+01
21.99	1.3966451e+01
22.03	1.5549340e+01
22.06	1.7378839e+01
22.09	1.9521647e+01
22.13	2.2084416e+01
22.16	2.5253577e+01
22.20	2.9373493e+01
22.23	3.5086633e+01
22.26	4.3559725e+01
22.30	5.6807275e+01
22.33	7.8093709e+01
22.37	1.1234979e+02
22.40	1.6649008e+02
22.43	2.4948649e+02
22.47	3.7205870e+02
22.50	5.4589692e+02
22.54	7.8242838e+02
22.57	1.0912535e+03
22.61	1.4784776e+03
22.64	1.9452187e+03
22.67	2.4865652e+03
22.71	3.0911919e+03
22.74	3.7417317e+03
22.78	4.4158758e+03
22.81	5.0880585e+03
22.84	5.7315011e+03
22.88	6.3203472e+03
22.91	6.8316293e+03
22.95	7.2468532e+03
22.98	7.5530581e+03
23.01	7.7432945e+03
23.05	7.8165424e+03
23.08	7.7771578e+03
23.12	7.6339750e+03
23.15	7.3992087e+03
23.18	7.0872936e+03
23.22	6.7137768e+03
23.25	6.2943455e+03
23.29	5.8440390e+03
23.32	5.3766649e+03
23.35	4.9044135e+03
23.39	4.4376493e+03
23.42	3.9848488e+03
23.46	3.5526509e+03
23.49	3.1459867e+03
23.53	2.7682623e+03
23.56	2.4215693e+03
23.59	2.1069103e+03
23.63	1.8244324e+03
23.66	1.5736855e+03
23.70	1.3539901e+03
23.73	1.1640129e+03
23.76	1.0005065e+03
23.80	8.5994854e+02
23.83	7.3918258e+02
23.87	6.3545162e+02
23.90	5.4636672e+02
23.93	4.6986553e+02
23.97	4.0417145e+02
24.00	3.4775598e+02
24.04	2.9930526e+02
24.07	2.5769057e+02
24.10	2.2194273e+02
24.14	1.9122977e+02
24.17	1.6483769e+02
24.21	1.4215385e+02
24.24	1.2265263e+02
24.27	1.0588315e+02
24.31	9.1458595e+01
24.34	7.9047195e+01
24.38	6.8364349e+01
24.41	5.9165926e+01
24.44	5.1242509e+01
24.48	4.4414442e+01
24.51	3.8527593e+01
24.55	3.3449717e+01
24.58	2.9067333e+01
24.62	2.5283056e+01
24.65	2.2013294e+01
24.68	1.9186293e+01
24.72	1.6740443e+01
24.75	1.4622835e+01
24.79	1.2788028e+01
24.82	1.1196979e+01
24.85	9.8161392e+00
24.89	8.6166699e+00
24.92	7.5737761e+00
24.96	6.6661321e+00
24.99	5.8753897e+00
25.02	5.1857574e+00
25.06	4.5836382e+00
25.09	4.0573201e+00
25.13	3.5967103e+00
25.16	3.1931071e+00
25.19	2.8390044e+00
25.23	2.5279239e+00
25.26	2.2542710e+00
25.30	2.0132116e+00
25.33	1.8005656e+00
25.36	1.6127163e+00
25.40	1.4465320e+00
25.43	1.2992987e+00
25.47	1.1686628e+00
25.50	1.0525813e+00
25.54	9.4927931e-01
25.57	8.5721315e-01
25.60	7.7503924e-01
25.64	7.0158676e-01
25.67	6.3583439e-01
25.71	5.7689019e-01
25.74	5.2397432e-01
25.77	4.7640413e-01
25.81	4.3358130e-01
25.84	3.9498074e-01
25.88	3.6014103e-01
25.91	3.2865616e-01
25.94	3.0016834e-01
25.98	2.7436189e-01
26.01	2.5095783e-01
26.05	2.2970928e-01
26.08	2.1039745e-01
26.11	1.9282814e-01
26.15	1.7682875e-01
26.18	1.6224561e-01
26.22	1.4894172e-01
26.25	1.3679478e-01
26.28	1.2569541e-01
26.32	1.1554569e-01
26.35	1.0625778e-01
26.39	9.7752819e-02
26.42	8.9959894e-02
26.45	8.2815141e-02
26.49	7.6260976e-02
26.52	7.0245413e-02
26.56	6.4721459e-02
26.59	5.9646581e-02
26.63	5.4982241e-02
26.66	5.0693479e-02
26.69	4.6748547e-02
26.73	4.3118585e-02
26.76	3.9777330e-02
26.80	3.6700861e-02
26.83	3.3867370e-02
26.86	3.1256959e-02
26.90	2.8851457e-02
26.93	2.6634255e-02
26.97	2.4590166e-02
27.00	2.2705287e-02
