# NeutrinoAntineutrinoInteraction/NeutrinoAntineutrinoResonanceUp interaction rates
# neutrino field: massive Cosmic Neutrino Background, T_CnuB = 1.94535456 K
# Produced with crpropa-data version: 60a1560e37035039ec25f414e0c42a2444bad49c
# log10(E/eV), 1/lambda [1/Mpc]
10.65	0.0000000e+00
10.68	0.0000000e+00
10.72	0.0000000e+00
10.75	0.0000000e+00
10.78	0.0000000e+00
10.82	0.0000000e+00
10.85	0.0000000e+00
10.89	0.0000000e+00
10.92	0.0000000e+00
10.95	0.0000000e+00
10.99	0.0000000e+00
11.02	0.0000000e+00
11.06	0.0000000e+00
11.09	0.0000000e+00
11.12	0.0000000e+00
11.16	0.0000000e+00
11.19	0.0000000e+00
11.23	0.0000000e+00
11.26	0.0000000e+00
11.29	0.0000000e+00
11.33	0.0000000e+00
11.36	0.0000000e+00
11.40	0.0000000e+00
11.43	0.0000000e+00
11.46	0.0000000e+00
11.50	0.0000000e+00
11.53	0.0000000e+00
11.57	0.0000000e+00
11.60	0.0000000e+00
11.64	0.0000000e+00
11.67	0.0000000e+00
11.70	0.0000000e+00
11.74	0.0000000e+00
11.77	0.0000000e+00
11.81	0.0000000e+00
11.84	0.0000000e+00
11.87	0.0000000e+00
11.91	0.0000000e+00
11.94	0.0000000e+00
11.98	0.0000000e+00
12.01	0.0000000e+00
12.04	0.0000000e+00
12.08	0.0000000e+00
12.11	0.0000000e+00
12.15	0.0000000e+00
12.18	0.0000000e+00
12.21	0.0000000e+00
12.25	0.0000000e+00
12.28	0.0000000e+00
12.32	0.0000000e+00
12.35	0.0000000e+00
12.38	0.0000000e+00
12.42	0.0000000e+00
12.45	0.0000000e+00
12.49	0.0000000e+00
12.52	0.0000000e+00
12.56	0.0000000e+00
12.59	0.0000000e+00
12.62	0.0000000e+00
12.66	1.3541017e-259
12.69	1.1631330e-240
12.73	3.7033142e-223
12.76	5.6040951e-207
12.79	5.0722328e-192
12.83	3.3959834e-178
12.86	2.0470845e-165
12.90	1.3323043e-153
12.93	1.1074152e-142
12.96	1.3730810e-132
13.00	2.9316504e-123
13.03	1.2308546e-114
13.07	1.1488925e-106
13.10	2.6706009e-99
13.13	1.7169491e-92
13.17	3.3639521e-86
13.20	2.1970201e-80
13.24	5.1966136e-75
13.27	4.8062180e-70
13.30	1.8658072e-65
13.34	3.2461799e-61
13.37	2.6892861e-57
13.41	1.1219976e-53
13.44	2.4827609e-50
13.47	3.0568031e-47
13.51	2.1888870e-44
13.54	9.4970054e-42
13.58	2.5929941e-39
13.61	4.6139513e-37
13.65	5.5266359e-35
13.68	4.5916196e-33
13.71	2.7202573e-31
13.75	1.1789895e-29
13.78	3.8277694e-28
13.82	9.5153324e-27
13.85	1.8481438e-25
13.88	2.8576636e-24
13.92	3.5790567e-23
13.95	3.6894480e-22
13.99	3.1770202e-21
14.02	2.3168149e-20
14.05	1.4490233e-19
14.09	7.8642684e-19
14.12	3.7440698e-18
14.16	1.5793626e-17
14.19	5.9579125e-17
14.22	2.0272134e-16
14.26	6.2709844e-16
14.29	1.7765628e-15
14.33	4.6405605e-15
14.36	1.1246518e-14
14.39	2.5434809e-14
14.43	5.3965167e-14
14.46	1.0794565e-13
14.50	2.0448776e-13
14.53	3.6838907e-13
14.57	6.3355208e-13
14.60	1.0437915e-12
14.63	1.6526811e-12
14.67	2.5221541e-12
14.70	3.7196894e-12
14.74	5.3140805e-12
14.77	7.3699673e-12
14.80	9.9415204e-12
14.84	1.3065873e-11
14.87	1.6757130e-11
14.91	2.1001983e-11
14.94	2.5758179e-11
14.97	3.0957060e-11
15.01	3.6511250e-11
15.04	4.2327984e-11
15.08	4.8328148e-11
15.11	5.4474700e-11
15.14	6.0803334e-11
15.18	6.7374949e-11
15.21	7.4249080e-11
15.25	8.1484354e-11
15.28	8.9139256e-11
15.31	9.7272828e-11
15.35	1.0594533e-10
15.38	1.1521886e-10
15.42	1.2515796e-10
15.45	1.3583018e-10
15.48	1.4730666e-10
15.52	1.5966271e-10
15.55	1.7297837e-10
15.59	1.8733902e-10
15.62	2.0283599e-10
15.66	2.1956715e-10
15.69	2.3763764e-10
15.72	2.5716054e-10
15.76	2.7825758e-10
15.79	3.0105998e-10
15.83	3.2570926e-10
15.86	3.5235815e-10
15.89	3.8117155e-10
15.93	4.1232756e-10
15.96	4.4601861e-10
16.00	4.8245263e-10
16.03	5.2185439e-10
16.06	5.6446684e-10
16.10	6.1055268e-10
16.13	6.6039590e-10
16.17	7.1430363e-10
16.20	7.7260795e-10
16.23	8.3566800e-10
16.27	9.0387218e-10
16.30	9.7764053e-10
16.34	1.0574273e-09
16.37	1.1437239e-09
16.40	1.2370616e-09
16.44	1.3380152e-09
16.47	1.4472062e-09
16.51	1.5653071e-09
16.54	1.6930449e-09
16.58	1.8312061e-09
16.61	1.9806415e-09
16.64	2.1422709e-09
16.68	2.3170897e-09
16.71	2.5061741e-09
16.75	2.7106882e-09
16.78	2.9318913e-09
16.81	3.1711453e-09
16.85	3.4299231e-09
16.88	3.7098181e-09
16.92	4.0125534e-09
16.95	4.3399930e-09
16.98	4.6941529e-09
17.02	5.0772134e-09
17.05	5.4915331e-09
17.09	5.9396627e-09
17.12	6.4243614e-09
17.15	6.9486133e-09
17.19	7.5156462e-09
17.22	8.1289511e-09
17.26	8.7923039e-09
17.29	9.5097889e-09
17.32	1.0285823e-08
17.36	1.1125185e-08
17.39	1.2033043e-08
17.43	1.3014984e-08
17.46	1.4077057e-08
17.49	1.5225798e-08
17.53	1.6468282e-08
17.56	1.7812157e-08
17.60	1.9265697e-08
17.63	2.0837853e-08
17.67	2.2538303e-08
17.70	2.4377517e-08
17.73	2.6366819e-08
17.77	2.8518456e-08
17.80	3.0845675e-08
17.84	3.3362807e-08
17.87	3.6085347e-08
17.90	3.9030059e-08
17.94	4.2215073e-08
17.97	4.5659999e-08
18.01	4.9386048e-08
18.04	5.3416160e-08
18.07	5.7775149e-08
18.11	6.2489854e-08
18.14	6.7589303e-08
18.18	7.3104894e-08
18.21	7.9070587e-08
18.24	8.5523114e-08
18.28	9.2502205e-08
18.31	1.0005083e-07
18.35	1.0821547e-07
18.38	1.1704640e-07
18.41	1.2659798e-07
18.45	1.3692904e-07
18.48	1.4810319e-07
18.52	1.6018923e-07
18.55	1.7326158e-07
18.59	1.8740074e-07
18.62	2.0269377e-07
18.65	2.1923484e-07
18.69	2.3712582e-07
18.72	2.5647687e-07
18.76	2.7740716e-07
18.79	3.0004557e-07
18.82	3.2453154e-07
18.86	3.5101584e-07
18.89	3.7966159e-07
18.93	4.1064520e-07
18.96	4.4415750e-07
18.99	4.8040490e-07
19.03	5.1961064e-07
19.06	5.6201622e-07
19.10	6.0788283e-07
19.13	6.5749302e-07
19.16	7.1115238e-07
19.20	7.6919148e-07
19.23	8.3196788e-07
19.27	8.9986836e-07
19.30	9.7331127e-07
19.33	1.0527492e-06
19.37	1.1386715e-06
19.40	1.2316079e-06
19.44	1.3321310e-06
19.47	1.4408605e-06
19.51	1.5584666e-06
19.54	1.6856742e-06
19.57	1.8232678e-06
19.61	1.9720957e-06
19.64	2.1330758e-06
19.68	2.3072009e-06
19.71	2.4955451e-06
19.74	2.6992705e-06
19.78	2.9196342e-06
19.81	3.1579963e-06
19.85	3.4158282e-06
19.88	3.6947218e-06
19.91	3.9963996e-06
19.95	4.3227251e-06
19.98	4.6757148e-06
20.02	5.0575505e-06
20.05	5.4705930e-06
20.08	5.9173970e-06
20.12	6.4007271e-06
20.15	6.9235751e-06
20.19	7.4891787e-06
20.22	8.1010421e-06
20.25	8.7629581e-06
20.29	9.4790320e-06
20.32	1.0253708e-05
20.36	1.1091796e-05
20.39	1.1998504e-05
20.42	1.2979471e-05
20.46	1.4040804e-05
20.49	1.5189112e-05
20.53	1.6431557e-05
20.56	1.7775893e-05
20.60	1.9230522e-05
20.63	2.0804544e-05
20.66	2.2507819e-05
20.70	2.4351033e-05
20.73	2.6345768e-05
20.77	2.8504576e-05
20.80	3.0841068e-05
20.83	3.3370004e-05
20.87	3.6107390e-05
20.90	3.9070594e-05
20.94	4.2278461e-05
20.97	4.5751444e-05
21.00	4.9511752e-05
21.04	5.3583502e-05
21.07	5.7992899e-05
21.11	6.2768419e-05
21.14	6.7941023e-05
21.17	7.3544386e-05
21.21	7.9615152e-05
21.24	8.6193216e-05
21.28	9.3322031e-05
21.31	1.0104896e-04
21.34	1.0942564e-04
21.38	1.1850844e-04
21.41	1.2835890e-04
21.45	1.3904429e-04
21.48	1.5063815e-04
21.52	1.6322103e-04
21.55	1.7688117e-04
21.58	1.9171535e-04
21.62	2.0782985e-04
21.65	2.2534151e-04
21.69	2.4437895e-04
21.72	2.6508393e-04
21.75	2.8761296e-04
21.79	3.1213907e-04
21.82	3.3885390e-04
21.86	3.6797011e-04
21.89	3.9972409e-04
21.92	4.3437923e-04
21.96	4.7222964e-04
21.99	5.1360453e-04
22.03	5.5887341e-04
22.06	6.0845213e-04
22.09	6.6281021e-04
22.13	7.2247942e-04
22.16	7.8806426e-04
22.20	8.6025448e-04
22.23	9.3984039e-04
22.26	1.0277317e-03
22.30	1.1249804e-03
22.33	1.2328101e-03
22.37	1.3526517e-03
22.40	1.4861900e-03
22.43	1.6354227e-03
22.47	1.8027375e-03
22.50	1.9910146e-03
22.54	2.2037654e-03
22.57	2.4453243e-03
22.61	2.7211294e-03
22.64	3.0381593e-03
22.67	3.4056911e-03
22.71	3.8367710e-03
22.74	4.3512934e-03
22.78	4.9825565e-03
22.81	5.7907119e-03
22.84	6.8884528e-03
22.88	8.4857954e-03
22.91	1.0960380e-02
22.95	1.4955593e-02
22.98	2.1499868e-02
23.01	3.2127585e-02
23.05	4.8968228e-02
23.08	7.4761045e-02
23.12	1.1275244e-01
23.15	1.6644543e-01
23.18	2.3919396e-01
23.22	3.3366450e-01
23.25	4.5121696e-01
23.29	5.9128055e-01
23.32	7.5081382e-01
23.35	9.2394340e-01
23.39	1.1018748e+00
23.42	1.2731636e+00
23.46	1.4244279e+00
23.49	1.5415624e+00
23.53	1.6114677e+00
23.56	1.6242224e+00
23.59	1.5754901e+00
23.63	1.4688480e+00
23.66	1.3178763e+00
23.70	1.1489001e+00
23.73	9.9185574e-01
23.76	8.5414530e-01
23.80	7.3470602e-01
23.83	6.3155366e-01
23.87	5.4266549e-01
23.90	4.6617140e-01
23.93	4.0040040e-01
23.97	3.4388277e-01
24.00	2.9533674e-01
24.04	2.5365017e-01
24.07	2.1786116e-01
24.10	1.8713965e-01
24.14	1.6077045e-01
24.17	1.3813802e-01
24.21	1.1871306e-01
24.24	1.0204070e-01
24.27	8.7730233e-02
24.31	7.5446210e-02
24.34	6.4900699e-02
24.38	5.5846619e-02
24.41	4.8071984e-02
24.44	4.1394949e-02
24.48	3.5659539e-02
24.51	3.0731981e-02
24.55	2.6497552e-02
24.58	2.2857871e-02
24.62	1.9728569e-02
24.65	1.7037299e-02
24.68	1.4722018e-02
24.72	1.2729519e-02
24.75	1.1014173e-02
24.79	9.5368444e-03
24.82	8.2639651e-03
24.85	7.1667419e-03
24.89	6.2204730e-03
24.92	5.4039653e-03
24.96	4.6990331e-03
24.99	4.0900694e-03
25.02	3.5636781e-03
25.06	3.1083590e-03
25.09	2.7142371e-03
25.13	2.3728317e-03
25.16	2.0768577e-03
25.19	1.8200555e-03
25.23	1.5970452e-03
25.26	1.4032017e-03
25.30	1.2345475e-03
25.33	1.0876610e-03
25.36	9.5959776e-04
25.40	8.4782277e-04
25.43	7.5015291e-04
25.47	6.6470710e-04
25.50	5.8986381e-04
25.54	5.2422453e-04
25.57	4.6658246e-04
25.60	4.1589564e-04
25.64	3.7126389e-04
25.67	3.3190900e-04
25.71	2.9715776e-04
25.74	2.6642740e-04
25.77	2.3921300e-04
25.81	2.1507677e-04
25.84	1.9363882e-04
25.88	1.7456918e-04
25.91	1.5758097e-04
25.94	1.4242457e-04
25.98	1.2888251e-04
26.01	1.1676514e-04
26.05	1.0590692e-04
26.08	9.6163143e-05
26.11	8.7407189e-05
26.15	7.9528118e-05
26.18	7.2428608e-05
26.22	6.6023167e-05
26.25	6.0236601e-05
26.28	5.5002675e-05
26.32	5.0262969e-05
26.35	4.5965881e-05
26.39	4.2065763e-05
26.42	3.8522178e-05
26.45	3.5299252e-05
26.49	3.2365109e-05
26.52	2.9691387e-05
26.56	2.7252809e-05
26.59	2.5026819e-05
26.63	2.2993254e-05
26.66	2.1134068e-05
26.69	1.9433085e-05
26.73	1.7875784e-05
26.76	1.6449113e-05
26.80	1.5141323e-05
26.83	1.3941824e-05
26.86	1.2841059e-05
26.90	1.1830392e-05
26.93	1.0902009e-05
26.97	1.0048832e-05
27.00	9.2644442e-06
