# NeutrinoAntineutrinoInteraction/NeutrinoAntineutrinoResonanceUp interaction rates
# neutrino field: massive Cosmic Neutrino Background, T_CnuB = 1.94535456 K
# Produced with crpropa-data version: 60a1560e37035039ec25f414e0c42a2444bad49c
# log10(E/eV), 1/lambda [1/Mpc]
10.95	0.0000000e+00
10.99	0.0000000e+00
11.02	0.0000000e+00
11.06	0.0000000e+00
11.09	0.0000000e+00
11.12	0.0000000e+00
11.16	0.0000000e+00
11.19	0.0000000e+00
11.23	0.0000000e+00
11.26	0.0000000e+00
11.29	0.0000000e+00
11.33	0.0000000e+00
11.36	0.0000000e+00
11.40	0.0000000e+00
11.43	0.0000000e+00
11.46	0.0000000e+00
11.50	0.0000000e+00
11.53	0.0000000e+00
11.57	0.0000000e+00
11.60	0.0000000e+00
11.64	0.0000000e+00
11.67	0.0000000e+00
11.70	0.0000000e+00
11.74	0.0000000e+00
11.77	0.0000000e+00
11.81	0.0000000e+00
11.84	0.0000000e+00
11.87	0.0000000e+00
11.91	0.0000000e+00
11.94	0.0000000e+00
11.98	0.0000000e+00
12.01	0.0000000e+00
12.04	0.0000000e+00
12.08	0.0000000e+00
12.11	0.0000000e+00
12.15	0.0000000e+00
12.18	0.0000000e+00
12.21	0.0000000e+00
12.25	0.0000000e+00
12.28	0.0000000e+00
12.32	0.0000000e+00
12.35	0.0000000e+00
12.38	0.0000000e+00
12.42	0.0000000e+00
12.45	0.0000000e+00
12.49	0.0000000e+00
12.52	0.0000000e+00
12.56	0.0000000e+00
12.59	0.0000000e+00
12.62	0.0000000e+00
12.66	0.0000000e+00
12.69	0.0000000e+00
12.73	0.0000000e+00
12.76	0.0000000e+00
12.79	0.0000000e+00
12.83	0.0000000e+00
12.86	0.0000000e+00
12.90	0.0000000e+00
12.93	0.0000000e+00
12.96	9.8637133e-258
13.00	5.2870982e-239
13.03	1.1032344e-221
13.07	1.1460954e-205
13.10	7.4418683e-191
13.13	3.7277039e-177
13.17	1.7499910e-164
13.20	9.2186804e-153
13.24	6.4371179e-142
13.27	6.9510078e-132
13.30	1.3387071e-122
13.34	5.2473182e-114
13.37	4.7301237e-106
13.41	1.0980509e-98
13.44	7.2892455e-92
13.47	1.5247209e-85
13.51	1.0994701e-79
13.54	2.9705572e-74
13.58	3.2485454e-69
13.61	1.5446656e-64
13.65	3.4129024e-60
13.68	3.7267626e-56
13.71	2.1297014e-52
13.75	6.7170628e-49
13.78	1.2285088e-45
13.82	1.3641877e-42
13.85	9.5991547e-40
13.88	4.4537866e-37
13.92	1.4139527e-34
13.95	3.1790084e-32
13.99	5.2259814e-30
14.02	6.4697302e-28
14.05	6.1974517e-26
14.09	4.7074073e-24
14.12	2.8966340e-22
14.16	1.4692055e-20
14.19	6.2109051e-19
14.22	2.1873548e-17
14.26	6.2508266e-16
14.29	1.3028666e-14
14.33	1.1662622e-13
14.36	2.6576932e-13
14.39	4.0680913e-13
14.43	5.4202818e-13
14.46	6.7346783e-13
14.50	8.0297063e-13
14.53	9.3221719e-13
14.57	1.0627583e-12
14.60	1.1960431e-12
14.63	1.3334439e-12
14.67	1.4762785e-12
14.70	1.6258291e-12
14.74	1.7833610e-12
14.77	1.9501386e-12
14.80	2.1274403e-12
14.84	2.3165731e-12
14.87	2.5188853e-12
14.91	2.7357799e-12
14.94	2.9687265e-12
14.97	3.2192746e-12
15.01	3.4890645e-12
15.04	3.7798413e-12
15.08	4.0934668e-12
15.11	4.4319337e-12
15.14	4.7973778e-12
15.18	5.1920946e-12
15.21	5.6185521e-12
15.25	6.0794100e-12
15.28	6.5775329e-12
15.31	7.1160111e-12
15.35	7.6981798e-12
15.38	8.3276412e-12
15.42	9.0082852e-12
15.45	9.7443156e-12
15.48	1.0540274e-11
15.52	1.1401072e-11
15.55	1.2332017e-11
15.59	1.3338847e-11
15.62	1.4427765e-11
15.66	1.5605482e-11
15.69	1.6879252e-11
15.72	1.8256922e-11
15.76	1.9746976e-11
15.79	2.1358592e-11
15.83	2.3101696e-11
15.86	2.4987025e-11
15.89	2.7026182e-11
15.93	2.9231724e-11
15.96	3.1617229e-11
16.00	3.4197385e-11
16.03	3.6988081e-11
16.06	4.0006495e-11
16.10	4.3271216e-11
16.13	4.6802342e-11
16.17	5.0621618e-11
16.20	5.4752552e-11
16.23	5.9220581e-11
16.27	6.4053210e-11
16.30	6.9280197e-11
16.34	7.4933720e-11
16.37	8.1048594e-11
16.40	8.7662464e-11
16.44	9.4816070e-11
16.47	1.0255344e-10
16.51	1.1092220e-10
16.54	1.1997387e-10
16.58	1.2976419e-10
16.61	1.4035343e-10
16.64	1.5180679e-10
16.68	1.6419478e-10
16.71	1.7759369e-10
16.75	1.9208600e-10
16.78	2.0776093e-10
16.81	2.2471499e-10
16.85	2.4305256e-10
16.88	2.6288654e-10
16.92	2.8433904e-10
16.95	3.0754216e-10
16.98	3.3263875e-10
17.02	3.5978337e-10
17.05	3.8914316e-10
17.09	4.2089880e-10
17.12	4.5524581e-10
17.15	4.9239566e-10
17.19	5.3257706e-10
17.22	5.7603741e-10
17.26	6.2304428e-10
17.29	6.7388711e-10
17.32	7.2887893e-10
17.36	7.8835834e-10
17.39	8.5269147e-10
17.43	9.2227447e-10
17.46	9.9753569e-10
17.49	1.0789386e-09
17.53	1.1669843e-09
17.56	1.2622151e-09
17.60	1.3652171e-09
17.63	1.4766250e-09
17.67	1.5971243e-09
17.70	1.7274570e-09
17.73	1.8684253e-09
17.77	2.0208974e-09
17.80	2.1858118e-09
17.84	2.3641843e-09
17.87	2.5571129e-09
17.90	2.7657858e-09
17.94	2.9914877e-09
17.97	3.2356083e-09
18.01	3.4996506e-09
18.04	3.7852405e-09
18.07	4.0941365e-09
18.11	4.4282407e-09
18.14	4.7896105e-09
18.18	5.1804712e-09
18.21	5.6032304e-09
18.24	6.0604910e-09
18.28	6.5550681e-09
18.31	7.0900072e-09
18.35	7.6686026e-09
18.38	8.2944171e-09
18.41	8.9713050e-09
18.45	9.7034347e-09
18.48	1.0495316e-08
18.52	1.1351825e-08
18.55	1.2278238e-08
18.59	1.3280259e-08
18.62	1.4364061e-08
18.65	1.5536319e-08
18.69	1.6804255e-08
18.72	1.8175679e-08
18.76	1.9659040e-08
18.79	2.1263478e-08
18.82	2.2998881e-08
18.86	2.4875935e-08
18.89	2.6906208e-08
18.93	2.9102207e-08
18.96	3.1477467e-08
18.99	3.4046625e-08
19.03	3.6825518e-08
19.06	3.9831274e-08
19.10	4.3082425e-08
19.13	4.6599014e-08
19.16	5.0402722e-08
19.20	5.4517004e-08
19.23	5.8967236e-08
19.27	6.3780868e-08
19.30	6.8987599e-08
19.33	7.4619556e-08
19.37	8.0711501e-08
19.40	8.7301048e-08
19.44	9.4428872e-08
19.47	1.0213898e-07
19.51	1.1047899e-07
19.54	1.1950044e-07
19.57	1.2925908e-07
19.61	1.3981525e-07
19.64	1.5123421e-07
19.68	1.6358662e-07
19.71	1.7694894e-07
19.74	1.9140389e-07
19.78	2.0704100e-07
19.81	2.2395720e-07
19.85	2.4225736e-07
19.88	2.6205506e-07
19.91	2.8347318e-07
19.95	3.0664482e-07
19.98	3.3171404e-07
20.02	3.5883689e-07
20.05	3.8818216e-07
20.08	4.1993280e-07
20.12	4.5428688e-07
20.15	4.9145903e-07
20.19	5.3168166e-07
20.22	5.7520668e-07
20.25	6.2230696e-07
20.29	6.7327833e-07
20.32	7.2844132e-07
20.36	7.8814348e-07
20.39	8.5276162e-07
20.42	9.2270448e-07
20.46	9.9841538e-07
20.49	1.0803754e-06
20.53	1.1691066e-06
20.56	1.2651759e-06
20.60	1.3691988e-06
20.63	1.4818436e-06
20.66	1.6038369e-06
20.70	1.7359681e-06
20.73	1.8790961e-06
20.77	2.0341551e-06
20.80	2.2021621e-06
20.83	2.3842245e-06
20.87	2.5815490e-06
20.90	2.7954511e-06
20.94	3.0273658e-06
20.97	3.2788595e-06
21.00	3.5516436e-06
21.04	3.8475890e-06
21.07	4.1687432e-06
21.11	4.5173480e-06
21.14	4.8958618e-06
21.17	5.3069818e-06
21.21	5.7536717e-06
21.24	6.2391893e-06
21.28	6.7671244e-06
21.31	7.3414351e-06
21.34	7.9664942e-06
21.38	8.6471375e-06
21.41	9.3887251e-06
21.45	1.0197206e-05
21.48	1.1079198e-05
21.52	1.2042075e-05
21.55	1.3094074e-05
21.58	1.4244418e-05
21.62	1.5503461e-05
21.65	1.6882852e-05
21.69	1.8395742e-05
21.72	2.0057020e-05
21.75	2.1883598e-05
21.79	2.3894753e-05
21.82	2.6112531e-05
21.86	2.8562259e-05
21.89	3.1273149e-05
21.92	3.4279054e-05
21.96	3.7619387e-05
21.99	4.1340278e-05
22.03	4.5496023e-05
22.06	5.0150913e-05
22.09	5.5381563e-05
22.13	6.1279920e-05
22.16	6.7957167e-05
22.20	7.5548871e-05
22.23	8.4221799e-05
22.26	9.4183151e-05
22.30	1.0569313e-04
22.33	1.1908248e-04
22.37	1.3477717e-04
22.40	1.5333412e-04
22.43	1.7549370e-04
22.47	2.0225928e-04
22.50	2.3502080e-04
22.54	2.7575359e-04
22.57	3.2735068e-04
22.61	3.9420498e-04
22.64	4.8328783e-04
22.67	6.0629332e-04
22.71	7.8430593e-04
22.74	1.0593105e-03
22.78	1.5285389e-03
22.81	2.4863278e-03
22.84	5.3241262e-03
22.88	1.8669792e-02
22.91	5.8687189e-02
22.95	6.5973193e-02
22.98	5.9239413e-02
23.01	5.1788960e-02
23.05	4.4893756e-02
23.08	3.8766946e-02
23.12	3.3406179e-02
23.15	2.8750283e-02
23.18	2.4723126e-02
23.22	2.1248482e-02
23.25	1.8255411e-02
23.29	1.5680017e-02
23.32	1.3465744e-02
23.35	1.1563029e-02
23.39	9.9287130e-03
23.42	8.5253624e-03
23.46	7.3206072e-03
23.49	6.2865092e-03
23.53	5.3989937e-03
23.56	4.6373361e-03
23.59	3.9837113e-03
23.63	3.4227988e-03
23.66	2.9414383e-03
23.70	2.5283289e-03
23.73	2.1737699e-03
23.76	1.8694362e-03
23.80	1.6081850e-03
23.83	1.3838888e-03
23.87	1.1912918e-03
23.90	1.0258862e-03
23.93	8.8380644e-04
23.97	7.6173771e-04
24.00	6.5683757e-04
24.04	5.6666866e-04
24.07	4.8914108e-04
24.10	4.2246272e-04
24.14	3.6509692e-04
24.17	3.1572586e-04
24.21	2.7321936e-04
24.24	2.3660823e-04
24.27	2.0506116e-04
24.31	1.7786512e-04
24.34	1.5440836e-04
24.38	1.3416607e-04
24.41	1.1668787e-04
24.44	1.0158729e-04
24.48	8.8532538e-05
24.51	7.7238819e-05
24.55	6.7461563e-05
24.58	5.8990732e-05
24.62	5.1645886e-05
24.65	4.5271983e-05
24.68	3.9735761e-05
24.72	3.4922653e-05
24.75	3.0734125e-05
24.79	2.7085402e-05
24.82	2.3903526e-05
24.85	2.1125691e-05
24.89	1.8697796e-05
24.92	1.6573224e-05
24.96	1.4711786e-05
24.99	1.3078817e-05
25.02	1.1644399e-05
25.06	1.0382700e-05
25.09	9.2713964e-06
25.13	8.2911890e-06
25.16	7.4253798e-06
25.19	6.6595117e-06
25.23	5.9810569e-06
25.26	5.3791516e-06
25.30	4.8443665e-06
25.33	4.3685105e-06
25.36	3.9444597e-06
25.40	3.5660137e-06
25.43	3.2277706e-06
25.47	2.9250185e-06
25.50	2.6536430e-06
25.54	2.4100469e-06
25.57	2.1910819e-06
25.60	1.9939886e-06
25.64	1.8163459e-06
25.67	1.6560260e-06
25.71	1.5111571e-06
25.74	1.3800899e-06
25.77	1.2613693e-06
25.81	1.1537096e-06
25.84	1.0559731e-06
25.88	9.6715163e-07
25.91	8.8635060e-07
25.94	8.1277478e-07
25.98	7.4571620e-07
26.01	6.8454384e-07
26.05	6.2869450e-07
26.08	5.7766452e-07
26.11	5.3100305e-07
26.15	4.8830574e-07
26.18	4.4920960e-07
26.22	4.1338818e-07
26.25	3.8054759e-07
26.28	3.5042279e-07
26.32	3.2277458e-07
26.35	2.9738673e-07
26.39	2.7406358e-07
26.42	2.5262784e-07
26.45	2.3291870e-07
26.49	2.1479015e-07
26.52	1.9810948e-07
26.56	1.8275585e-07
26.59	1.6861924e-07
26.63	1.5559940e-07
26.66	1.4360482e-07
26.69	1.3255196e-07
26.73	1.2236448e-07
26.76	1.1297254e-07
26.80	1.0431225e-07
26.83	9.6325087e-08
26.86	8.8957412e-08
26.90	8.2160056e-08
26.93	7.5887904e-08
26.97	7.0099553e-08
27.00	6.4756973e-08
