# NeutrinoAntineutrinoInteraction/NeutrinoAntineutrinoResonanceUp interaction rates
# neutrino field: massive Cosmic Neutrino Background, T_CnuB = 1.94535456 K
# Produced with crpropa-data version: 60a1560e37035039ec25f414e0c42a2444bad49c
# log10(E/eV), 1/lambda [1/Mpc]
11.74	0.0000000e+00
11.77	0.0000000e+00
11.81	0.0000000e+00
11.84	0.0000000e+00
11.87	0.0000000e+00
11.91	0.0000000e+00
11.94	0.0000000e+00
11.98	0.0000000e+00
12.01	0.0000000e+00
12.04	0.0000000e+00
12.08	0.0000000e+00
12.11	0.0000000e+00
12.15	0.0000000e+00
12.18	0.0000000e+00
12.21	0.0000000e+00
12.25	0.0000000e+00
12.28	0.0000000e+00
12.32	0.0000000e+00
12.35	0.0000000e+00
12.38	0.0000000e+00
12.42	0.0000000e+00
12.45	0.0000000e+00
12.49	0.0000000e+00
12.52	0.0000000e+00
12.56	0.0000000e+00
12.59	0.0000000e+00
12.62	0.0000000e+00
12.66	0.0000000e+00
12.69	0.0000000e+00
12.73	0.0000000e+00
12.76	0.0000000e+00
12.79	0.0000000e+00
12.83	0.0000000e+00
12.86	0.0000000e+00
12.90	0.0000000e+00
12.93	0.0000000e+00
12.96	0.0000000e+00
13.00	0.0000000e+00
13.03	0.0000000e+00
13.07	0.0000000e+00
13.10	0.0000000e+00
13.13	0.0000000e+00
13.17	0.0000000e+00
13.20	0.0000000e+00
13.24	0.0000000e+00
13.27	0.0000000e+00
13.30	0.0000000e+00
13.34	0.0000000e+00
13.37	0.0000000e+00
13.41	0.0000000e+00
13.44	0.0000000e+00
13.47	0.0000000e+00
13.51	0.0000000e+00
13.54	0.0000000e+00
13.58	0.0000000e+00
13.61	0.0000000e+00
13.65	0.0000000e+00
13.68	0.0000000e+00
13.71	4.7917774e-264
13.75	8.3718978e-243
13.78	5.7345934e-223
13.82	2.0393931e-204
13.85	4.8956720e-187
13.88	1.0142434e-170
13.92	2.2832025e-155
13.95	6.9343811e-141
13.99	3.4832929e-127
14.02	3.5066668e-114
14.05	8.4814685e-102
14.09	5.8493688e-90
14.12	1.3519063e-78
14.16	1.2179297e-67
14.19	4.9114952e-57
14.22	9.9767103e-47
14.26	1.0979791e-36
14.29	5.9879988e-27
14.33	1.1505414e-18
14.36	8.5958224e-18
14.39	1.5581273e-17
14.43	2.2224201e-17
14.46	2.8629198e-17
14.50	3.4889966e-17
14.53	4.1091687e-17
14.57	4.7312241e-17
14.60	5.3624158e-17
14.63	6.0095602e-17
14.67	6.6792250e-17
14.70	7.3775356e-17
14.74	8.1105634e-17
14.77	8.8843736e-17
14.80	9.7050335e-17
14.84	1.0578748e-16
14.87	1.1511834e-16
14.91	1.2510911e-16
14.94	1.3582816e-16
14.97	1.4734860e-16
15.01	1.5974469e-16
15.04	1.7309801e-16
15.08	1.8749355e-16
15.11	2.0302446e-16
15.14	2.1978801e-16
15.18	2.3789178e-16
15.21	2.5744844e-16
15.25	2.7858543e-16
15.28	3.0143104e-16
15.31	3.2612533e-16
15.35	3.5281855e-16
15.38	3.8167873e-16
15.42	4.1288116e-16
15.45	4.4662198e-16
15.48	4.8310625e-16
15.52	5.2256373e-16
15.55	5.6523718e-16
15.59	6.1138965e-16
15.62	6.6130015e-16
15.66	7.1527972e-16
15.69	7.7365805e-16
15.72	8.3679817e-16
15.76	9.0508793e-16
15.79	9.7895266e-16
15.83	1.0588527e-15
15.86	1.1452944e-15
15.89	1.2387851e-15
15.93	1.3398972e-15
15.96	1.4492541e-15
16.00	1.5675257e-15
16.03	1.6954439e-15
16.06	1.8337912e-15
16.10	1.9834277e-15
16.13	2.1452731e-15
16.17	2.3203341e-15
16.20	2.5096634e-15
16.23	2.7144405e-15
16.27	2.9359101e-15
16.30	3.1754567e-15
16.34	3.4345379e-15
16.37	3.7147812e-15
16.40	4.0179019e-15
16.44	4.3458562e-15
16.47	4.7005777e-15
16.51	5.0842431e-15
16.54	5.4991702e-15
16.58	5.9479569e-15
16.61	6.4333170e-15
16.64	6.9582917e-15
16.68	7.5260635e-15
16.71	8.1402035e-15
16.75	8.8044822e-15
16.78	9.5229709e-15
16.81	1.0300024e-14
16.85	1.1140479e-14
16.88	1.2049468e-14
16.92	1.3032641e-14
16.95	1.4096038e-14
16.98	1.5246285e-14
17.02	1.6490585e-14
17.05	1.7836722e-14
17.09	1.9292621e-14
17.12	2.0867220e-14
17.15	2.2570228e-14
17.19	2.4412076e-14
17.22	2.6404163e-14
17.26	2.8558678e-14
17.29	3.0889020e-14
17.32	3.3409537e-14
17.36	3.6135815e-14
17.39	3.9084305e-14
17.43	4.2273379e-14
17.46	4.5722424e-14
17.49	4.9453010e-14
17.53	5.3487841e-14
17.56	5.7852282e-14
17.60	6.2573094e-14
17.63	6.7680769e-14
17.67	7.3205022e-14
17.70	7.9180044e-14
17.73	8.5641934e-14
17.77	9.2631154e-14
17.80	1.0018998e-13
17.84	1.0836578e-13
17.87	1.1720814e-13
17.90	1.2677276e-13
17.94	1.3711821e-13
17.97	1.4830778e-13
18.01	1.6040948e-13
18.04	1.7349864e-13
18.07	1.8765524e-13
18.11	2.0296726e-13
18.14	2.1952888e-13
18.18	2.3744336e-13
18.21	2.5682369e-13
18.24	2.7778864e-13
18.28	3.0046316e-13
18.31	3.2498645e-13
18.35	3.5150981e-13
18.38	3.8019569e-13
18.41	4.1122174e-13
18.45	4.4477785e-13
18.48	4.8107293e-13
18.52	5.2033065e-13
18.55	5.6279271e-13
18.59	6.0871620e-13
18.62	6.5838749e-13
18.65	7.1210864e-13
18.69	7.7021589e-13
18.72	8.3306313e-13
18.76	9.0104599e-13
18.79	9.7458255e-13
18.82	1.0541466e-12
18.86	1.1401976e-12
18.89	1.2332721e-12
18.93	1.3339327e-12
18.96	1.4428105e-12
18.99	1.5605646e-12
19.03	1.6879338e-12
19.06	1.8256919e-12
19.10	1.9747097e-12
19.13	2.1358942e-12
19.16	2.3102361e-12
19.20	2.4987973e-12
19.23	2.7027534e-12
19.27	2.9233532e-12
19.30	3.1619704e-12
19.33	3.4200766e-12
19.37	3.6992862e-12
19.40	4.0013719e-12
19.44	4.3281570e-12
19.47	4.6816159e-12
19.51	5.0639240e-12
19.54	5.4774484e-12
19.57	5.9247301e-12
19.61	6.4085502e-12
19.64	6.9318818e-12
19.68	7.4980000e-12
19.71	8.1104082e-12
19.74	8.7728837e-12
19.78	9.4894698e-12
19.81	1.0264662e-11
19.85	1.1103205e-11
19.88	1.2010386e-11
19.91	1.2991772e-11
19.95	1.4053596e-11
19.98	1.5202472e-11
20.02	1.6445797e-11
20.05	1.7790830e-11
20.08	1.9246082e-11
20.12	2.0820460e-11
20.15	2.2523957e-11
20.19	2.4367037e-11
20.22	2.6361437e-11
20.25	2.8519483e-11
20.29	3.0855082e-11
20.32	3.3382614e-11
20.36	3.6118007e-11
20.39	3.9078310e-11
20.42	4.2282416e-11
20.46	4.5750476e-11
20.49	4.9504694e-11
20.53	5.3568955e-11
20.56	5.7969553e-11
20.60	6.2735447e-11
20.63	6.7896157e-11
20.66	7.3484494e-11
20.70	7.9536425e-11
20.73	8.6091280e-11
20.77	9.3191499e-11
20.80	1.0088379e-10
20.83	1.0921840e-10
20.87	1.1825105e-10
20.90	1.2804164e-10
20.94	1.3865529e-10
20.97	1.5016257e-10
21.00	1.6264232e-10
21.04	1.7617878e-10
21.07	1.9086644e-10
21.11	2.0680633e-10
21.14	2.2411244e-10
21.17	2.4290826e-10
21.21	2.6332999e-10
21.24	2.8551922e-10
21.28	3.0964076e-10
21.31	3.3587122e-10
21.34	3.6441105e-10
21.38	3.9547596e-10
21.41	4.2931123e-10
21.45	4.6618256e-10
21.48	5.0639422e-10
21.52	5.5027169e-10
21.55	5.9818627e-10
21.58	6.5054847e-10
21.62	7.0782497e-10
21.65	7.7053455e-10
21.69	8.3926738e-10
21.72	9.1468709e-10
21.75	9.9755266e-10
21.79	1.0887323e-09
21.82	1.1891796e-09
21.86	1.3000094e-09
21.89	1.4225055e-09
21.92	1.5581553e-09
21.96	1.7086790e-09
21.99	1.8760936e-09
22.03	2.0627528e-09
22.06	2.2714537e-09
22.09	2.5054918e-09
22.13	2.7688090e-09
22.16	3.0661371e-09
22.20	3.4032515e-09
22.23	3.7871734e-09
22.26	4.2266243e-09
22.30	4.7324231e-09
22.33	5.3182938e-09
22.37	6.0017270e-09
22.40	6.8053137e-09
22.43	7.7586238e-09
22.47	8.9014308e-09
22.50	1.0287854e-08
22.54	1.1993635e-08
22.57	1.4127171e-08
22.61	1.6849118e-08
22.64	2.0406095e-08
22.67	2.5195457e-08
22.71	3.1894121e-08
22.74	4.1747278e-08
22.78	5.7288107e-08
22.81	8.4478481e-08
22.84	1.4095768e-07
22.88	3.0664931e-07
22.91	1.5310213e-06
22.95	3.2804744e-06
22.98	3.0602310e-06
23.01	2.6987048e-06
23.05	2.3473813e-06
23.08	2.0304801e-06
23.12	1.7514079e-06
23.15	1.5082192e-06
23.18	1.2974678e-06
23.22	1.1154097e-06
23.25	9.5846532e-07
23.29	8.2334642e-07
23.32	7.0712793e-07
23.35	6.0723017e-07
23.39	5.2140764e-07
23.42	4.4770113e-07
23.46	3.8442069e-07
23.49	3.3010010e-07
23.53	2.8348064e-07
23.56	2.4347483e-07
23.59	2.0914343e-07
23.63	1.7967931e-07
23.66	1.5439395e-07
23.70	1.3269297e-07
23.73	1.1406851e-07
23.76	9.8082474e-08
23.80	8.4360685e-08
23.83	7.2580655e-08
23.87	6.2467022e-08
23.90	5.3781709e-08
23.93	4.6322025e-08
23.97	3.9913587e-08
24.00	3.4407281e-08
24.04	2.9674914e-08
24.07	2.5606776e-08
24.10	2.2108659e-08
24.14	1.9099969e-08
24.17	1.6511277e-08
24.21	1.4282856e-08
24.24	1.2363852e-08
24.27	1.0710618e-08
24.31	9.2857456e-09
24.34	8.0570938e-09
24.38	6.9971378e-09
24.41	6.0822057e-09
24.44	5.2920483e-09
24.48	4.6091794e-09
24.51	4.0186589e-09
24.55	3.5076260e-09
24.58	3.0650817e-09
24.62	2.6815341e-09
24.65	2.3488685e-09
24.68	2.0600746e-09
24.72	1.8091632e-09
24.75	1.5909608e-09
24.79	1.4009907e-09
24.82	1.2354137e-09
24.85	1.0909526e-09
24.89	9.6476483e-10
24.92	8.5441893e-10
24.96	7.5780360e-10
24.99	6.7311162e-10
25.02	5.9877312e-10
25.06	5.3344114e-10
25.09	4.7593868e-10
25.13	4.2526045e-10
25.16	3.8053190e-10
25.19	3.4099993e-10
25.23	3.0600935e-10
25.26	2.7499430e-10
25.30	2.4746277e-10
25.33	2.2299000e-10
25.36	2.0120111e-10
25.40	1.8177044e-10
25.43	1.6441747e-10
25.47	1.4889724e-10
25.50	1.3499648e-10
25.54	1.2252816e-10
25.57	1.1132949e-10
25.60	1.0125707e-10
25.64	9.2186242e-11
25.67	8.4005608e-11
25.71	7.6618709e-11
25.74	6.9939866e-11
25.77	6.3894438e-11
25.81	5.8415640e-11
25.84	5.3445297e-11
25.88	4.8931104e-11
25.91	4.4827597e-11
25.94	4.1093665e-11
25.98	3.7692143e-11
26.01	3.4590349e-11
26.05	3.1759757e-11
26.08	2.9174316e-11
26.11	2.6811239e-11
26.15	2.4649636e-11
26.18	2.2671192e-11
26.22	2.0859132e-11
26.25	1.9198537e-11
26.28	1.7675621e-11
26.32	1.6278321e-11
26.35	1.4995553e-11
26.39	1.3817442e-11
26.42	1.2734934e-11
26.45	1.1739905e-11
26.49	1.0824944e-11
26.52	9.9834261e-12
26.56	9.2090009e-12
26.59	8.4960156e-12
26.63	7.8394132e-12
26.66	7.2345591e-12
26.69	6.6772513e-12
26.73	6.1636141e-12
26.76	5.6901468e-12
26.80	5.2536053e-12
26.83	4.8510722e-12
26.86	4.4797689e-12
26.90	4.1372399e-12
26.93	3.8211849e-12
26.97	3.5295430e-12
27.00	3.2603724e-12
