# NeutrinoAntineutrinoInteraction/NeutrinoAntineutrinoResonanceUp interaction rates
# neutrino field: massive Cosmic Neutrino Background, T_CnuB = 1.94535456 K
# Produced with crpropa-data version: 60a1560e37035039ec25f414e0c42a2444bad49c
# log10(E/eV), 1/lambda [1/Mpc]
10.95	0.0000000e+00
10.99	0.0000000e+00
11.02	0.0000000e+00
11.06	0.0000000e+00
11.09	0.0000000e+00
11.12	0.0000000e+00
11.16	0.0000000e+00
11.19	0.0000000e+00
11.23	0.0000000e+00
11.26	0.0000000e+00
11.29	0.0000000e+00
11.33	0.0000000e+00
11.36	0.0000000e+00
11.40	0.0000000e+00
11.43	0.0000000e+00
11.46	0.0000000e+00
11.50	0.0000000e+00
11.53	0.0000000e+00
11.57	0.0000000e+00
11.60	0.0000000e+00
11.64	0.0000000e+00
11.67	0.0000000e+00
11.70	0.0000000e+00
11.74	0.0000000e+00
11.77	0.0000000e+00
11.81	0.0000000e+00
11.84	0.0000000e+00
11.87	0.0000000e+00
11.91	0.0000000e+00
11.94	0.0000000e+00
11.98	0.0000000e+00
12.01	0.0000000e+00
12.04	0.0000000e+00
12.08	0.0000000e+00
12.11	0.0000000e+00
12.15	0.0000000e+00
12.18	0.0000000e+00
12.21	0.0000000e+00
12.25	0.0000000e+00
12.28	0.0000000e+00
12.32	0.0000000e+00
12.35	0.0000000e+00
12.38	0.0000000e+00
12.42	0.0000000e+00
12.45	0.0000000e+00
12.49	0.0000000e+00
12.52	0.0000000e+00
12.56	0.0000000e+00
12.59	0.0000000e+00
12.62	0.0000000e+00
12.66	0.0000000e+00
12.69	0.0000000e+00
12.73	0.0000000e+00
12.76	0.0000000e+00
12.79	0.0000000e+00
12.83	0.0000000e+00
12.86	0.0000000e+00
12.90	0.0000000e+00
12.93	0.0000000e+00
12.96	3.4803605e-258
13.00	1.7145912e-239
13.03	3.2660839e-222
13.07	3.0748316e-206
13.10	1.7951397e-191
13.13	8.0163988e-178
13.17	3.3243930e-165
13.20	1.5317591e-153
13.24	9.2561745e-143
13.27	8.5510927e-133
13.30	1.3916336e-123
13.34	4.5484423e-115
13.37	3.3702634e-107
13.41	6.3326974e-100
13.44	3.3467929e-93
13.47	5.4749940e-87
13.51	3.0291221e-81
13.54	6.1516652e-76
13.58	4.9464726e-71
13.61	1.6890086e-66
13.65	2.6128656e-62
13.68	1.9442363e-58
13.71	7.3547481e-55
13.75	1.4886870e-51
13.78	1.6904903e-48
13.82	1.1251375e-45
13.85	4.5704832e-43
13.88	1.1763597e-40
13.92	1.9859824e-38
13.95	2.2707728e-36
13.99	1.8113239e-34
14.02	1.0359480e-32
14.05	4.3571385e-31
14.09	1.3796300e-29
14.12	3.3607356e-28
14.16	6.4257313e-27
14.19	9.8238074e-26
14.22	1.2216700e-24
14.26	1.2555463e-23
14.29	1.0821457e-22
14.33	7.9287031e-22
14.36	5.0006424e-21
14.39	2.7465486e-20
14.43	1.3278022e-19
14.46	5.7062902e-19
14.50	2.1999139e-18
14.53	7.6724690e-18
14.57	2.4394801e-17
14.60	7.1215274e-17
14.63	1.9212521e-16
14.67	4.8184210e-16
14.70	1.1294539e-15
14.74	2.4864155e-15
14.77	5.1627286e-15
14.80	1.0148298e-14
14.84	1.8942916e-14
14.87	3.3655073e-14
14.91	5.6993180e-14
14.94	9.2021775e-14
14.97	1.4150551e-13
15.01	2.0669245e-13
15.04	2.8571140e-13
15.08	3.7268861e-13
15.11	4.6033764e-13
15.14	5.4687045e-13
15.18	6.3335448e-13
15.21	7.2081816e-13
15.25	8.1022393e-13
15.28	9.0248464e-13
15.31	9.9847808e-13
15.35	1.0990601e-12
15.38	1.2050762e-12
15.42	1.3173726e-12
15.45	1.4368061e-12
15.48	1.5642535e-12
15.52	1.7006201e-12
15.55	1.8468489e-12
15.59	2.0039284e-12
15.62	2.1729013e-12
15.66	2.3548723e-12
15.69	2.5510171e-12
15.72	2.7625902e-12
15.76	2.9909347e-12
15.79	3.2374908e-12
15.83	3.5038059e-12
15.86	3.7915449e-12
15.89	4.1025008e-12
15.93	4.4386065e-12
15.96	4.8019470e-12
16.00	5.1947727e-12
16.03	5.6195137e-12
16.06	6.0787948e-12
16.10	6.5754520e-12
16.13	7.1125503e-12
16.17	7.6934027e-12
16.20	8.3215905e-12
16.23	9.0009858e-12
16.27	9.7357753e-12
16.30	1.0530486e-11
16.34	1.1390014e-11
16.37	1.2319653e-11
16.40	1.3325129e-11
16.44	1.4412634e-11
16.47	1.5588866e-11
16.51	1.6861066e-11
16.54	1.8237069e-11
16.58	1.9725348e-11
16.61	2.1335066e-11
16.64	2.3076134e-11
16.68	2.4959273e-11
16.71	2.6996077e-11
16.75	2.9199086e-11
16.78	3.1581864e-11
16.81	3.4159082e-11
16.85	3.6946607e-11
16.88	3.9961602e-11
16.92	4.3222629e-11
16.95	4.6749766e-11
16.98	5.0564729e-11
17.02	5.4691005e-11
17.05	5.9153999e-11
17.09	6.3981190e-11
17.12	6.9202296e-11
17.15	7.4849463e-11
17.19	8.0957459e-11
17.22	8.7563890e-11
17.26	9.4709430e-11
17.29	1.0243807e-10
17.32	1.1079740e-10
17.36	1.1983888e-10
17.39	1.2961818e-10
17.43	1.4019551e-10
17.46	1.5163599e-10
17.49	1.6401006e-10
17.53	1.7739390e-10
17.56	1.9186991e-10
17.60	2.0752722e-10
17.63	2.2446223e-10
17.67	2.4277920e-10
17.70	2.6259091e-10
17.73	2.8401934e-10
17.77	3.0719641e-10
17.80	3.3226483e-10
17.84	3.5937893e-10
17.87	3.8870566e-10
17.90	4.2042557e-10
17.94	4.5473396e-10
17.97	4.9184207e-10
18.01	5.3197835e-10
18.04	5.7538994e-10
18.07	6.2234411e-10
18.11	6.7312995e-10
18.14	7.2806015e-10
18.18	7.8747292e-10
18.21	8.5173406e-10
18.24	9.2123922e-10
18.28	9.9641635e-10
18.31	1.0777283e-09
18.35	1.1656758e-09
18.38	1.2608002e-09
18.41	1.3636873e-09
18.45	1.4749706e-09
18.48	1.5953353e-09
18.52	1.7255225e-09
18.55	1.8663337e-09
18.59	2.0186360e-09
18.62	2.1833673e-09
18.65	2.3615417e-09
18.69	2.5542564e-09
18.72	2.7626982e-09
18.76	2.9881503e-09
18.79	3.2320013e-09
18.82	3.4957525e-09
18.86	3.7810282e-09
18.89	4.0895851e-09
18.93	4.4233232e-09
18.96	4.7842978e-09
18.99	5.1747318e-09
19.03	5.5970297e-09
19.06	6.0537922e-09
19.10	6.5478324e-09
19.13	7.0821930e-09
19.16	7.6601650e-09
19.20	8.2853083e-09
19.23	8.9614734e-09
19.27	9.6928252e-09
19.30	1.0483869e-08
19.33	1.1339477e-08
19.37	1.2264920e-08
19.40	1.3265900e-08
19.44	1.4348584e-08
19.47	1.5519642e-08
19.51	1.6786290e-08
19.54	1.8156334e-08
19.57	1.9638215e-08
19.61	2.1241068e-08
19.64	2.2974770e-08
19.68	2.4850009e-08
19.71	2.6878344e-08
19.74	2.9072282e-08
19.78	3.1445349e-08
19.81	3.4012180e-08
19.85	3.6788605e-08
19.88	3.9791751e-08
19.91	4.3040145e-08
19.95	4.6553831e-08
19.98	5.0354494e-08
20.02	5.4465593e-08
20.05	5.8912512e-08
20.08	6.3722711e-08
20.12	6.8925902e-08
20.15	7.4554235e-08
20.19	8.0642493e-08
20.22	8.7228317e-08
20.25	9.4352435e-08
20.29	1.0205892e-07
20.32	1.1039548e-07
20.36	1.1941371e-07
20.39	1.2916949e-07
20.42	1.3972329e-07
20.46	1.5114053e-07
20.49	1.6349207e-07
20.53	1.7685459e-07
20.56	1.9131111e-07
20.60	2.0695151e-07
20.63	2.2387311e-07
20.66	2.4218128e-07
20.70	2.6199017e-07
20.73	2.8342336e-07
20.77	3.0661475e-07
20.80	3.3170937e-07
20.83	3.5886437e-07
20.87	3.8825001e-07
20.90	4.2005083e-07
20.94	4.5446687e-07
20.97	4.9171498e-07
21.00	5.3203028e-07
21.04	5.7566780e-07
21.07	6.2290417e-07
21.11	6.7403955e-07
21.14	7.2939971e-07
21.17	7.8933829e-07
21.21	8.5423936e-07
21.24	9.2452010e-07
21.28	1.0006338e-06
21.31	1.0830734e-06
21.34	1.1723746e-06
21.38	1.2691207e-06
21.41	1.3739463e-06
21.45	1.4875425e-06
21.48	1.6106626e-06
21.52	1.7441275e-06
21.55	1.8888332e-06
21.58	2.0457576e-06
21.62	2.2159691e-06
21.65	2.4006359e-06
21.69	2.6010363e-06
21.72	2.8185705e-06
21.75	3.0547735e-06
21.79	3.3113302e-06
21.82	3.5900916e-06
21.86	3.8930943e-06
21.89	4.2225817e-06
21.92	4.5810282e-06
21.96	4.9711676e-06
21.99	5.3960250e-06
22.03	5.8589535e-06
22.06	6.3636767e-06
22.09	6.9143380e-06
22.13	7.5155575e-06
22.16	8.1724990e-06
22.20	8.8909476e-06
22.23	9.6774019e-06
22.26	1.0539182e-05
22.30	1.1484558e-05
22.33	1.2522904e-05
22.37	1.3664883e-05
22.40	1.4922666e-05
22.43	1.6310202e-05
22.47	1.7843548e-05
22.50	1.9541269e-05
22.54	2.1424940e-05
22.57	2.3519767e-05
22.61	2.5855365e-05
22.64	2.8466760e-05
22.67	3.1395653e-05
22.71	3.4692075e-05
22.74	3.8416559e-05
22.78	4.2643023e-05
22.81	4.7462692e-05
22.84	5.2989513e-05
22.88	5.9367870e-05
22.91	6.6784025e-05
22.95	7.5484238e-05
22.98	8.5806367e-05
23.01	9.8241236e-05
23.05	1.1356211e-04
23.08	1.3310611e-04
23.12	1.5937287e-04
23.15	1.9722882e-04
23.18	2.5615144e-04
23.22	3.5405640e-04
23.25	5.2320724e-04
23.29	8.1835341e-04
23.32	1.3264032e-03
23.35	2.1754581e-03
23.39	3.5387922e-03
23.42	5.6262530e-03
23.46	8.6515851e-03
23.49	1.2759936e-02
23.53	1.7898721e-02
23.56	2.3629383e-02
23.59	2.8939136e-02
23.63	3.2266076e-02
23.66	3.2161813e-02
23.70	2.8983559e-02
23.73	2.5228368e-02
23.76	2.1807520e-02
23.80	1.8798190e-02
23.83	1.6180255e-02
23.87	1.3914580e-02
23.90	1.1959386e-02
23.93	1.0275095e-02
23.97	8.8258510e-03
24.00	7.5798459e-03
24.04	6.5091823e-03
24.07	5.5895604e-03
24.10	4.7999060e-03
24.14	4.1219957e-03
24.17	3.5401043e-03
24.21	3.0406817e-03
24.24	2.6120655e-03
24.27	2.2442263e-03
24.31	1.9285446e-03
24.34	1.6576164e-03
24.38	1.4250844e-03
24.41	1.2254916e-03
24.44	1.0541551e-03
24.48	9.0705724e-04
24.51	7.8075132e-04
24.55	6.7228119e-04
24.58	5.7911146e-04
24.62	4.9906786e-04
24.65	4.3028587e-04
24.68	3.7116665e-04
24.72	3.2033920e-04
24.75	2.7662788e-04
24.79	2.3902459e-04
24.82	2.0666480e-04
24.85	1.7880715e-04
24.89	1.5481578e-04
24.92	1.3414536e-04
24.96	1.1632810e-04
24.99	1.0096270e-04
25.02	8.7704874e-05
25.06	7.6259201e-05
25.09	6.6372155e-05
25.13	5.7826129e-05
25.16	5.0434316e-05
25.19	4.4036318e-05
25.23	3.8494382e-05
25.26	3.3690180e-05
25.30	2.9522044e-05
25.33	2.5902593e-05
25.36	2.2756712e-05
25.40	2.0019803e-05
25.43	1.7636298e-05
25.47	1.5558377e-05
25.50	1.3744875e-05
25.54	1.2160341e-05
25.57	1.0774228e-05
25.60	9.5602059e-06
25.64	8.4955673e-06
25.67	7.5607176e-06
25.71	6.7387395e-06
25.74	6.0150180e-06
25.77	5.3769194e-06
25.81	4.8135150e-06
25.84	4.3153443e-06
25.88	3.8742114e-06
25.91	3.4830106e-06
25.94	3.1355759e-06
25.98	2.8265519e-06
26.01	2.5512832e-06
26.05	2.3057189e-06
26.08	2.0863302e-06
26.11	1.8900402e-06
26.15	1.7141630e-06
26.18	1.5563509e-06
26.22	1.4145501e-06
26.25	1.2869610e-06
26.28	1.1720051e-06
26.32	1.0682960e-06
26.35	9.7461429e-07
26.39	8.8988593e-07
26.42	8.1316374e-07
26.45	7.4361114e-07
26.49	6.8048816e-07
26.52	6.2313936e-07
26.56	5.7098328e-07
26.59	5.2350334e-07
26.63	4.8023995e-07
26.66	4.4078354e-07
26.69	4.0476866e-07
26.73	3.7186867e-07
26.76	3.4179126e-07
26.80	3.1427441e-07
26.83	2.8908295e-07
26.86	2.6600550e-07
26.90	2.4485180e-07
26.93	2.2545040e-07
26.97	2.0764655e-07
27.00	1.9130045e-07
