# NeutrinoAntineutrinoInteraction/NeutrinoAntineutrinoResonanceUp interaction rates
# neutrino field: massive Cosmic Neutrino Background, T_CnuB = 1.94535456 K
# Produced with crpropa-data version: 60a1560e37035039ec25f414e0c42a2444bad49c
# log10(E/eV), 1/lambda [1/Mpc]
10.78	0.0000000e+00
10.82	0.0000000e+00
10.85	0.0000000e+00
10.89	0.0000000e+00
10.92	0.0000000e+00
10.95	0.0000000e+00
10.99	0.0000000e+00
11.02	0.0000000e+00
11.06	0.0000000e+00
11.09	0.0000000e+00
11.12	0.0000000e+00
11.16	0.0000000e+00
11.19	0.0000000e+00
11.23	0.0000000e+00
11.26	0.0000000e+00
11.29	0.0000000e+00
11.33	0.0000000e+00
11.36	0.0000000e+00
11.40	0.0000000e+00
11.43	0.0000000e+00
11.46	0.0000000e+00
11.50	0.0000000e+00
11.53	0.0000000e+00
11.57	0.0000000e+00
11.60	0.0000000e+00
11.64	0.0000000e+00
11.67	0.0000000e+00
11.70	0.0000000e+00
11.74	0.0000000e+00
11.77	0.0000000e+00
11.81	0.0000000e+00
11.84	0.0000000e+00
11.87	0.0000000e+00
11.91	0.0000000e+00
11.94	0.0000000e+00
11.98	0.0000000e+00
12.01	0.0000000e+00
12.04	0.0000000e+00
12.08	0.0000000e+00
12.11	0.0000000e+00
12.15	0.0000000e+00
12.18	0.0000000e+00
12.21	0.0000000e+00
12.25	0.0000000e+00
12.28	0.0000000e+00
12.32	0.0000000e+00
12.35	0.0000000e+00
12.38	0.0000000e+00
12.42	0.0000000e+00
12.45	0.0000000e+00
12.49	0.0000000e+00
12.52	0.0000000e+00
12.56	0.0000000e+00
12.59	0.0000000e+00
12.62	0.0000000e+00
12.66	0.0000000e+00
12.69	0.0000000e+00
12.73	0.0000000e+00
12.76	1.1532103e-273
12.79	1.1305771e-253
12.83	3.2765060e-235
12.86	3.8433621e-218
12.90	2.3253943e-202
12.93	9.0810174e-188
12.96	2.8162046e-174
13.00	8.4013798e-162
13.03	2.8787025e-150
13.07	1.3348048e-139
13.10	9.7471754e-130
13.13	1.2897350e-120
13.17	3.5207365e-112
13.20	2.2356572e-104
13.24	3.6901149e-97
13.27	1.7545075e-90
13.30	2.6426296e-84
13.34	1.3768576e-78
13.37	2.6919967e-73
13.41	2.1297356e-68
13.44	7.3105100e-64
13.47	1.1614568e-59
13.51	9.0674066e-56
13.54	3.6767647e-52
13.58	8.1519671e-49
13.61	1.0364584e-45
13.65	7.8977930e-43
13.68	3.7575316e-40
13.71	1.1594016e-37
13.75	2.4032577e-35
13.78	3.4578069e-33
13.82	3.5596889e-31
13.85	2.6968789e-29
13.88	1.5434395e-27
13.92	6.8360364e-26
13.95	2.3961976e-24
13.99	6.7857402e-23
14.02	1.5820575e-21
14.05	3.0889110e-20
14.09	5.1272587e-19
14.12	7.3274181e-18
14.16	9.1006498e-17
14.19	9.8656914e-16
14.22	9.2908340e-15
14.26	7.4160017e-14
14.29	4.6165093e-13
14.33	1.6864355e-12
14.36	3.1179741e-12
14.39	4.4784523e-12
14.43	5.7893516e-12
14.46	7.0699455e-12
14.50	8.3376940e-12
14.53	9.6085878e-12
14.57	1.0897448e-11
14.60	1.2218192e-11
14.63	1.3584063e-11
14.67	1.5007842e-11
14.70	1.6502028e-11
14.74	1.8079015e-11
14.77	1.9751241e-11
14.80	2.1531334e-11
14.84	2.3432249e-11
14.87	2.5467393e-11
14.91	2.7650755e-11
14.94	2.9997021e-11
14.97	3.2521703e-11
15.01	3.5241254e-11
15.04	3.8173196e-11
15.08	4.1336244e-11
15.11	4.4750442e-11
15.14	4.8437295e-11
15.18	5.2419919e-11
15.21	5.6723189e-11
15.25	6.1373906e-11
15.28	6.6400961e-11
15.31	7.1835523e-11
15.35	7.7711241e-11
15.38	8.4064452e-11
15.42	9.0934409e-11
15.45	9.8363529e-11
15.48	1.0639765e-10
15.52	1.1508633e-10
15.55	1.2448312e-10
15.59	1.3464596e-10
15.62	1.4563746e-10
15.66	1.5752533e-10
15.69	1.7038281e-10
15.72	1.8428910e-10
15.76	1.9932984e-10
15.79	2.1559766e-10
15.83	2.3319273e-10
15.86	2.5222343e-10
15.89	2.7280691e-10
15.93	2.9506991e-10
15.96	3.1914951e-10
16.00	3.4519397e-10
16.03	3.7336365e-10
16.06	4.0383199e-10
16.10	4.3678658e-10
16.13	4.7243032e-10
16.17	5.1098267e-10
16.20	5.5268098e-10
16.23	5.9778199e-10
16.27	6.4656335e-10
16.30	6.9932544e-10
16.34	7.5639306e-10
16.37	8.1811762e-10
16.40	8.8487911e-10
16.44	9.5708865e-10
16.47	1.0351907e-09
16.51	1.1196662e-09
16.54	1.2110352e-09
16.58	1.3098602e-09
16.61	1.4167497e-09
16.64	1.5323617e-09
16.68	1.6574081e-09
16.71	1.7926588e-09
16.75	1.9389465e-09
16.78	2.0971717e-09
16.81	2.2683088e-09
16.85	2.4534112e-09
16.88	2.6536187e-09
16.92	2.8701639e-09
16.95	3.1043800e-09
16.98	3.3577092e-09
17.02	3.6317111e-09
17.05	3.9280729e-09
17.09	4.2486190e-09
17.12	4.5953228e-09
17.15	4.9703190e-09
17.19	5.3759163e-09
17.22	5.8146120e-09
17.26	6.2891070e-09
17.29	6.8023228e-09
17.32	7.3574192e-09
17.36	7.9578140e-09
17.39	8.6072034e-09
17.43	9.3095859e-09
17.46	1.0069286e-08
17.49	1.0890981e-08
17.53	1.1779730e-08
17.56	1.2741005e-08
17.60	1.3780725e-08
17.63	1.4905293e-08
17.67	1.6121631e-08
17.70	1.7437229e-08
17.73	1.8860185e-08
17.77	2.0399263e-08
17.80	2.2063937e-08
17.84	2.3864459e-08
17.87	2.5811913e-08
17.90	2.7918292e-08
17.94	3.0196565e-08
17.97	3.2660760e-08
18.01	3.5326049e-08
18.04	3.8208844e-08
18.07	4.1326896e-08
18.11	4.4699405e-08
18.14	4.8347137e-08
18.18	5.2292556e-08
18.21	5.6559957e-08
18.24	6.1175620e-08
18.28	6.6167963e-08
18.31	7.1567730e-08
18.35	7.7408174e-08
18.38	8.3725261e-08
18.41	9.0557895e-08
18.45	9.7948155e-08
18.48	1.0594156e-07
18.52	1.1458733e-07
18.55	1.2393873e-07
18.59	1.3405334e-07
18.62	1.4499347e-07
18.65	1.5682651e-07
18.69	1.6962534e-07
18.72	1.8346881e-07
18.76	1.9844221e-07
18.79	2.1463778e-07
18.82	2.3215532e-07
18.86	2.5110274e-07
18.89	2.7159680e-07
18.93	2.9376377e-07
18.96	3.1774027e-07
18.99	3.4367406e-07
19.03	3.7172500e-07
19.06	4.0206600e-07
19.10	4.3488411e-07
19.13	4.7038168e-07
19.16	5.0877757e-07
19.20	5.5030857e-07
19.23	5.9523085e-07
19.27	6.4382151e-07
19.30	6.9638035e-07
19.33	7.5323170e-07
19.37	8.1472646e-07
19.40	8.8124427e-07
19.44	9.5319583e-07
19.47	1.0310255e-06
19.51	1.1152140e-06
19.54	1.2062816e-06
19.57	1.3047911e-06
19.61	1.4113517e-06
19.64	1.5266225e-06
19.68	1.6513167e-06
19.71	1.7862062e-06
19.74	1.9321263e-06
19.78	2.0899810e-06
19.81	2.2607489e-06
19.85	2.4454891e-06
19.88	2.6453481e-06
19.91	2.8615671e-06
19.95	3.0954898e-06
19.98	3.3485710e-06
20.02	3.6223862e-06
20.05	3.9186407e-06
20.08	4.2391821e-06
20.12	4.5860110e-06
20.15	4.9612950e-06
20.19	5.3673820e-06
20.22	5.8068163e-06
20.25	6.2823546e-06
20.29	6.7969851e-06
20.32	7.3539467e-06
20.36	7.9567510e-06
20.39	8.6092057e-06
20.42	9.3154414e-06
20.46	1.0079939e-05
20.49	1.0907560e-05
20.53	1.1803582e-05
20.56	1.2773736e-05
20.60	1.3824245e-05
20.63	1.4961868e-05
20.66	1.6193954e-05
20.70	1.7528490e-05
20.73	1.8974164e-05
20.77	2.0540430e-05
20.80	2.2237582e-05
20.83	2.4076829e-05
20.87	2.6070390e-05
20.90	2.8231588e-05
20.94	3.0574961e-05
20.97	3.3116385e-05
21.00	3.5873206e-05
21.04	3.8864396e-05
21.07	4.2110722e-05
21.11	4.5634936e-05
21.14	4.9461991e-05
21.17	5.3619279e-05
21.21	5.8136912e-05
21.24	6.3048019e-05
21.28	6.8389111e-05
21.31	7.4200477e-05
21.34	8.0526646e-05
21.38	8.7416903e-05
21.41	9.4925907e-05
21.45	1.0311438e-04
21.48	1.1204990e-04
21.52	1.2180788e-04
21.55	1.3247260e-04
21.58	1.4413855e-04
21.62	1.5691187e-04
21.65	1.7091219e-04
21.69	1.8627468e-04
21.72	2.0315257e-04
21.75	2.2172017e-04
21.79	2.4217645e-04
21.82	2.6474938e-04
21.86	2.8970128e-04
21.89	3.1733528e-04
21.92	3.4800335e-04
21.96	3.8211616e-04
21.99	4.2015547e-04
22.03	4.6268975e-04
22.06	5.1039392e-04
22.09	5.6407465e-04
22.13	6.2470315e-04
22.16	6.9345796e-04
22.20	7.7178152e-04
22.23	8.6145585e-04
22.26	9.6470533e-04
22.30	1.0843381e-03
22.33	1.2239446e-03
22.37	1.3881800e-03
22.40	1.5831768e-03
22.43	1.8171604e-03
22.47	2.1013930e-03
22.50	2.4516685e-03
22.54	2.8907677e-03
22.57	3.4526755e-03
22.61	4.1902297e-03
22.64	5.1899998e-03
22.67	6.6042092e-03
22.71	8.7302847e-03
22.74	1.2259320e-02
22.78	1.9275975e-02
22.81	3.7887673e-02
22.84	1.0158985e-01
22.88	3.0779059e-01
22.91	6.1309786e-01
22.95	6.2264426e-01
22.98	5.5335595e-01
23.01	4.8227109e-01
23.05	4.1748893e-01
23.08	3.6024747e-01
23.12	3.1029482e-01
23.15	2.6697281e-01
23.18	2.2953369e-01
23.22	1.9724929e-01
23.25	1.6945000e-01
23.29	1.4553650e-01
23.32	1.2498013e-01
23.35	1.0731866e-01
23.39	9.2150121e-02
23.42	7.9126237e-02
23.46	6.7946046e-02
23.49	5.8349929e-02
23.53	5.0114248e-02
23.56	4.3046546e-02
23.59	3.6981334e-02
23.63	3.1776400e-02
23.66	2.7309597e-02
23.70	2.3476048e-02
23.73	2.0185736e-02
23.76	1.7361413e-02
23.80	1.4936806e-02
23.83	1.2855065e-02
23.87	1.1067430e-02
23.90	9.5320812e-03
23.93	8.2131586e-03
23.97	7.0799100e-03
24.00	6.1059666e-03
24.04	5.2687176e-03
24.07	4.5487750e-03
24.10	3.9295137e-03
24.14	3.3966778e-03
24.17	2.9380417e-03
24.21	2.5431207e-03
24.24	2.2029229e-03
24.27	1.9097355e-03
24.31	1.6569425e-03
24.34	1.4388680e-03
24.38	1.2506419e-03
24.41	1.0880851e-03
24.44	9.4761088e-04
24.48	8.2614034e-04
24.51	7.2103004e-04
24.55	6.3000999e-04
24.58	5.5113044e-04
24.62	4.8271633e-04
24.65	4.2332819e-04
24.68	3.7172867e-04
24.72	3.2685386e-04
24.75	2.8778868e-04
24.79	2.5374573e-04
24.82	2.2404729e-04
24.85	1.9810981e-04
24.89	1.7543057e-04
24.92	1.5557633e-04
24.96	1.3817351e-04
24.99	1.2289982e-04
25.02	1.0947707e-04
25.06	9.7664973e-05
25.09	8.7255876e-05
25.13	7.8070198e-05
25.16	6.9952523e-05
25.19	6.2768255e-05
25.23	5.6400731e-05
25.26	5.0748753e-05
25.30	4.5724458e-05
25.33	4.1251494e-05
25.36	3.7263443e-05
25.40	3.3702474e-05
25.43	3.0518183e-05
25.47	2.7666585e-05
25.50	2.5109260e-05
25.54	2.2812603e-05
25.57	2.0747189e-05
25.60	1.8887218e-05
25.64	1.7210042e-05
25.67	1.5695749e-05
25.71	1.4326812e-05
25.74	1.3087782e-05
25.77	1.1965021e-05
25.81	1.0946473e-05
25.84	1.0021465e-05
25.88	9.1805328e-06
25.91	8.4152754e-06
25.94	7.7182208e-06
25.98	7.0827143e-06
26.01	6.5028212e-06
26.05	5.9732409e-06
26.08	5.4892315e-06
26.11	5.0465457e-06
26.15	4.6413728e-06
26.18	4.2702899e-06
26.22	3.9302175e-06
26.25	3.6183816e-06
26.28	3.3322801e-06
26.32	3.0696531e-06
26.35	2.8284574e-06
26.39	2.6068429e-06
26.42	2.4031330e-06
26.45	2.2158060e-06
26.49	2.0434798e-06
26.52	1.8848977e-06
26.56	1.7389156e-06
26.59	1.6044911e-06
26.63	1.4806740e-06
26.66	1.3665968e-06
26.69	1.2614673e-06
26.73	1.1645613e-06
26.76	1.0752163e-06
26.80	9.9282574e-07
26.83	9.1683427e-07
26.86	8.4673264e-07
26.90	7.8205394e-07
26.93	7.2236969e-07
26.97	6.6728658e-07
27.00	6.1644330e-07
