# NeutrinoAntineutrinoInteraction/NeutrinoAntineutrinoResonanceUp interaction rates
# neutrino field: massive Cosmic Neutrino Background, T_CnuB = 1.94535456 K
# Produced with crpropa-data version: 60a1560e37035039ec25f414e0c42a2444bad49c
# log10(E/eV), 1/lambda [1/Mpc]
10.41	0.0000000e+00
10.44	0.0000000e+00
10.48	0.0000000e+00
10.51	0.0000000e+00
10.55	0.0000000e+00
10.58	0.0000000e+00
10.61	0.0000000e+00
10.65	0.0000000e+00
10.68	0.0000000e+00
10.72	0.0000000e+00
10.75	0.0000000e+00
10.78	0.0000000e+00
10.82	0.0000000e+00
10.85	0.0000000e+00
10.89	0.0000000e+00
10.92	0.0000000e+00
10.95	0.0000000e+00
10.99	0.0000000e+00
11.02	0.0000000e+00
11.06	0.0000000e+00
11.09	0.0000000e+00
11.12	0.0000000e+00
11.16	0.0000000e+00
11.19	0.0000000e+00
11.23	0.0000000e+00
11.26	0.0000000e+00
11.29	0.0000000e+00
11.33	0.0000000e+00
11.36	0.0000000e+00
11.40	0.0000000e+00
11.43	0.0000000e+00
11.46	0.0000000e+00
11.50	0.0000000e+00
11.53	0.0000000e+00
11.57	0.0000000e+00
11.60	0.0000000e+00
11.64	0.0000000e+00
11.67	0.0000000e+00
11.70	0.0000000e+00
11.74	0.0000000e+00
11.77	0.0000000e+00
11.81	0.0000000e+00
11.84	0.0000000e+00
11.87	0.0000000e+00
11.91	0.0000000e+00
11.94	0.0000000e+00
11.98	0.0000000e+00
12.01	0.0000000e+00
12.04	0.0000000e+00
12.08	0.0000000e+00
12.11	0.0000000e+00
12.15	0.0000000e+00
12.18	0.0000000e+00
12.21	0.0000000e+00
12.25	0.0000000e+00
12.28	0.0000000e+00
12.32	0.0000000e+00
12.35	0.0000000e+00
12.38	0.0000000e+00
12.42	1.6201643e-255
12.45	8.8143870e-237
12.49	1.8396881e-219
12.52	1.8838955e-203
12.56	1.1882582e-188
12.59	5.6968477e-175
12.62	2.5215434e-162
12.66	1.2333155e-150
12.69	7.8711126e-140
12.73	7.6433743e-130
12.76	1.3017263e-120
12.79	4.4338774e-112
12.83	3.4104967e-104
12.86	6.6280129e-97
12.90	3.6104736e-90
12.93	6.0679580e-84
12.96	3.4384021e-78
13.00	7.1307893e-73
13.03	5.8388707e-68
13.07	2.0248323e-63
13.10	3.1730690e-59
13.13	2.3858197e-55
13.17	9.0978136e-52
13.20	1.8519790e-48
13.24	2.1101557e-45
13.27	1.4060491e-42
13.30	5.7054186e-40
13.34	1.4636686e-37
13.37	2.4575776e-35
13.41	2.7886139e-33
13.44	2.2026507e-31
13.47	1.2447139e-29
13.51	5.1612511e-28
13.54	1.6075659e-26
13.58	3.8433706e-25
13.61	7.1958003e-24
13.65	1.0747532e-22
13.68	1.3026743e-21
13.71	1.3017753e-20
13.75	1.0883486e-19
13.78	7.7163667e-19
13.82	4.6979652e-18
13.85	2.4847909e-17
13.88	1.1540020e-16
13.92	4.7529646e-16
13.95	1.7520477e-15
13.99	5.8295413e-15
14.02	1.7645667e-14
14.05	4.8945206e-14
14.09	1.2524720e-13
14.12	2.9751646e-13
14.16	6.5983703e-13
14.19	1.3735860e-12
14.22	2.6971571e-12
14.26	5.0183981e-12
14.29	8.8850692e-12
14.33	1.5027385e-11
14.36	2.4366576e-11
14.39	3.8004615e-11
14.43	5.7192697e-11
14.46	8.3279197e-11
14.50	1.1764114e-10
14.53	1.6160595e-10
14.57	2.1637191e-10
14.60	2.8293635e-10
14.63	3.6203969e-10
14.67	4.5413168e-10
14.70	5.5936358e-10
14.74	6.7760715e-10
14.77	8.0849854e-10
14.80	9.5150256e-10
14.84	1.1059914e-09
14.87	1.2713303e-09
14.91	1.4469641e-09
14.94	1.6324975e-09
14.97	1.8277648e-09
15.01	2.0328872e-09
15.04	2.2483171e-09
15.08	2.4748763e-09
15.11	2.7138181e-09
15.14	2.9668903e-09
15.18	3.2360237e-09
15.21	3.5231953e-09
15.25	3.8304470e-09
15.28	4.1599044e-09
15.31	4.5137958e-09
15.35	4.8944710e-09
15.38	5.3044200e-09
15.42	5.7462915e-09
15.45	6.2229129e-09
15.48	6.7373098e-09
15.52	7.2927272e-09
15.55	7.8926515e-09
15.59	8.5408331e-09
15.62	9.2413116e-09
15.66	9.9984413e-09
15.69	1.0816919e-08
15.72	1.1701815e-08
15.76	1.2658602e-08
15.79	1.3693195e-08
15.83	1.4811980e-08
15.86	1.6021864e-08
15.89	1.7330309e-08
15.93	1.8745381e-08
15.96	2.0275805e-08
16.00	2.1931010e-08
16.03	2.3721196e-08
16.06	2.5657389e-08
16.10	2.7751516e-08
16.13	3.0016475e-08
16.17	3.2466214e-08
16.20	3.5115820e-08
16.23	3.7981608e-08
16.27	4.1081224e-08
16.30	4.4433754e-08
16.34	4.8059841e-08
16.37	5.1981811e-08
16.40	5.6223812e-08
16.44	6.0811962e-08
16.47	6.5774510e-08
16.51	7.1142010e-08
16.54	7.6947509e-08
16.58	8.3226752e-08
16.61	9.0018397e-08
16.64	9.7364260e-08
16.68	1.0530957e-07
16.71	1.1390324e-07
16.75	1.2319818e-07
16.78	1.3325163e-07
16.81	1.4412547e-07
16.85	1.5588665e-07
16.88	1.6860759e-07
16.92	1.8236660e-07
16.95	1.9724840e-07
16.98	2.1334461e-07
17.02	2.3075433e-07
17.05	2.4958475e-07
17.09	2.6995180e-07
17.12	2.9198088e-07
17.15	3.1580762e-07
17.19	3.4157872e-07
17.22	3.6945284e-07
17.26	3.9960159e-07
17.29	4.3221061e-07
17.32	4.6748065e-07
17.36	5.0562886e-07
17.39	5.4689013e-07
17.43	5.9151848e-07
17.46	6.3978870e-07
17.49	6.9199796e-07
17.53	7.4846772e-07
17.56	8.0954565e-07
17.60	8.7560781e-07
17.63	9.4706093e-07
17.67	1.0243449e-06
17.70	1.1079357e-06
17.73	1.1983478e-06
17.77	1.2961380e-06
17.80	1.4019083e-06
17.84	1.5163100e-06
17.87	1.6400474e-06
17.90	1.7738824e-06
17.94	1.9186391e-06
17.97	2.0752086e-06
18.01	2.2445551e-06
18.04	2.4277212e-06
18.07	2.6258347e-06
18.11	2.8401154e-06
18.14	3.0718827e-06
18.18	3.3225637e-06
18.21	3.5937019e-06
18.24	3.8869668e-06
18.28	4.2041641e-06
18.31	4.5472471e-06
18.35	4.9183282e-06
18.38	5.3196924e-06
18.41	5.7538113e-06
18.45	6.2233579e-06
18.48	6.7312238e-06
18.52	7.2805363e-06
18.55	7.8746782e-06
18.59	8.5173082e-06
18.62	9.2123839e-06
18.65	9.9641857e-06
18.69	1.0777344e-05
18.72	1.1656866e-05
18.76	1.2608169e-05
18.79	1.3637113e-05
18.82	1.4750033e-05
18.86	1.5953787e-05
18.89	1.7255787e-05
18.93	1.8664055e-05
18.96	2.0187265e-05
18.99	2.1834801e-05
19.03	2.3616813e-05
19.06	2.5544280e-05
19.10	2.7629077e-05
19.13	2.9884051e-05
19.16	3.2323097e-05
19.20	3.4961245e-05
19.23	3.7814755e-05
19.27	4.0901215e-05
19.30	4.4239649e-05
19.33	4.7850639e-05
19.37	5.1756446e-05
19.40	5.5981156e-05
19.44	6.0550820e-05
19.47	6.5493624e-05
19.51	7.0840056e-05
19.54	7.6623102e-05
19.57	8.2878445e-05
19.61	8.9644694e-05
19.64	9.6963613e-05
19.68	1.0488039e-04
19.71	1.1344392e-04
19.74	1.2270710e-04
19.78	1.3272717e-04
19.81	1.4356605e-04
19.85	1.5529076e-04
19.88	1.6797382e-04
19.91	1.8169368e-04
19.95	1.9653528e-04
19.98	2.1259052e-04
20.02	2.2995885e-04
20.05	2.4874793e-04
20.08	2.6907428e-04
20.12	2.9106404e-04
20.15	3.1485373e-04
20.19	3.4059119e-04
20.22	3.6843644e-04
20.25	3.9856278e-04
20.29	4.3115785e-04
20.32	4.6642487e-04
20.36	5.0458393e-04
20.39	5.4587345e-04
20.42	5.9055170e-04
20.46	6.3889852e-04
20.49	6.9121714e-04
20.53	7.4783621e-04
20.56	8.0911197e-04
20.60	8.7543062e-04
20.63	9.4721097e-04
20.66	1.0249072e-03
20.70	1.1090122e-03
20.73	1.2000605e-03
20.77	1.2986325e-03
20.80	1.4053582e-03
20.83	1.5209219e-03
20.87	1.6460670e-03
20.90	1.7816011e-03
20.94	1.9284026e-03
20.97	2.0874267e-03
21.00	2.2597126e-03
21.04	2.4463918e-03
21.07	2.6486966e-03
21.11	2.8679701e-03
21.14	3.1056766e-03
21.17	3.3634143e-03
21.21	3.6429281e-03
21.24	3.9461246e-03
21.28	4.2750894e-03
21.31	4.6321050e-03
21.34	5.0196726e-03
21.38	5.4405353e-03
21.41	5.8977051e-03
21.45	6.3944929e-03
21.48	6.9345434e-03
21.52	7.5218735e-03
21.55	8.1609178e-03
21.58	8.8565789e-03
21.62	9.6142869e-03
21.65	1.0440067e-02
21.69	1.1340618e-02
21.72	1.2323405e-02
21.75	1.3396762e-02
21.79	1.4570024e-02
21.82	1.5853668e-02
21.86	1.7259491e-02
21.89	1.8800818e-02
21.92	2.0492749e-02
21.96	2.2352462e-02
21.99	2.4399577e-02
22.03	2.6656598e-02
22.06	2.9149466e-02
22.09	3.1908235e-02
22.13	3.4967929e-02
22.16	3.8369625e-02
22.20	4.2161838e-02
22.23	4.6402337e-02
22.26	5.1160535e-02
22.30	5.6520733e-02
22.33	6.2586654e-02
22.37	6.9488095e-02
22.40	7.7391534e-02
22.43	8.6519029e-02
22.47	9.7185803e-02
22.50	1.0987990e-01
22.54	1.2543100e-01
22.57	1.4535076e-01
22.61	1.7246587e-01
22.64	2.1198439e-01
22.67	2.7310063e-01
22.71	3.7111889e-01
22.74	5.2985431e-01
22.78	7.8379190e-01
22.81	1.1792462e+00
22.84	1.7736835e+00
22.88	2.6325340e+00
22.91	3.8232484e+00
22.95	5.4069556e+00
22.98	7.4286983e+00
23.01	9.9076888e+00
23.05	1.2829210e+01
23.08	1.6139634e+01
23.12	1.9745594e+01
23.15	2.3517718e+01
23.18	2.7298676e+01
23.22	3.0914674e+01
23.25	3.4189100e+01
23.29	3.6956770e+01
23.32	3.9077243e+01
23.35	4.0445797e+01
23.39	4.1001066e+01
23.42	4.0728732e+01
23.46	3.9661187e+01
23.49	3.7873560e+01
23.53	3.5476847e+01
23.56	3.2609250e+01
23.59	2.9426966e+01
23.63	2.6096072e+01
23.66	2.2788293e+01
23.70	1.9688074e+01
23.73	1.6947214e+01
23.76	1.4572442e+01
23.80	1.2524031e+01
23.83	1.0760534e+01
23.87	9.2439569e+00
23.90	7.9406026e+00
23.93	6.8209883e+00
23.97	5.8594980e+00
24.00	5.0339645e+00
24.04	4.3252542e+00
24.07	3.7168800e+00
24.10	3.1946527e+00
24.14	2.7463710e+00
24.17	2.3615505e+00
24.21	2.0311859e+00
24.24	1.7475457e+00
24.27	1.5039939e+00
24.31	1.2948360e+00
24.34	1.1151864e+00
24.38	9.6085420e-01
24.41	8.2824455e-01
24.44	7.1427424e-01
24.48	6.1629898e-01
24.51	5.3205102e-01
24.55	4.5958548e-01
24.58	3.9723444e-01
24.62	3.4356742e-01
24.65	2.9735752e-01
24.68	2.5755242e-01
24.72	2.2324947e-01
24.75	1.9367429e-01
24.79	1.6816255e-01
24.82	1.4614421e-01
24.85	1.2713008e-01
24.89	1.1070031e-01
24.92	9.6494507e-02
24.96	8.4203229e-02
24.99	7.3560759e-02
25.02	6.4338868e-02
25.06	5.6341479e-02
25.09	4.9400098e-02
25.13	4.3369893e-02
25.16	3.8126336e-02
25.19	3.3562322e-02
25.23	2.9585698e-02
25.26	2.6117150e-02
25.30	2.3088385e-02
25.33	2.0440576e-02
25.36	1.8123026e-02
25.40	1.6092025e-02
25.43	1.4309865e-02
25.47	1.2744001e-02
25.50	1.1366327e-02
25.54	1.0152553e-02
25.57	9.0816776e-03
25.60	8.1355249e-03
25.64	7.2983572e-03
25.67	6.5565349e-03
25.71	5.8982280e-03
25.74	5.3131667e-03
25.77	4.7924278e-03
25.81	4.3282507e-03
25.84	3.9138793e-03
25.88	3.5434255e-03
25.91	3.2117526e-03
25.94	2.9143739e-03
25.98	2.6473664e-03
26.01	2.4072951e-03
26.05	2.1911493e-03
26.08	1.9962862e-03
26.11	1.8203832e-03
26.15	1.6613961e-03
26.18	1.5175236e-03
26.22	1.3871756e-03
26.25	1.2689472e-03
26.28	1.1615945e-03
26.32	1.0640152e-03
26.35	9.7523065e-04
26.39	8.9437086e-04
26.42	8.2066120e-04
26.45	7.5341096e-04
26.49	6.9200333e-04
26.52	6.3588671e-04
26.56	5.8456708e-04
26.59	5.3760134e-04
26.63	4.9459154e-04
26.66	4.5517977e-04
26.69	4.1904367e-04
26.73	3.8589255e-04
26.76	3.5546392e-04
26.80	3.2752048e-04
26.83	3.0184742e-04
26.86	2.7825009e-04
26.90	2.5655186e-04
26.93	2.3659234e-04
26.97	2.1822570e-04
27.00	2.0131922e-04
