# NeutrinoAntineutrinoInteraction/NeutrinoAntineutrinoResonanceUp interaction rates
# neutrino field: massive Cosmic Neutrino Background, T_CnuB = 1.94535456 K
# Produced with crpropa-data version: 60a1560e37035039ec25f414e0c42a2444bad49c
# log10(E/eV), 1/lambda [1/Mpc]
11.74	0.0000000e+00
11.77	0.0000000e+00
11.81	0.0000000e+00
11.84	0.0000000e+00
11.87	0.0000000e+00
11.91	0.0000000e+00
11.94	0.0000000e+00
11.98	0.0000000e+00
12.01	0.0000000e+00
12.04	0.0000000e+00
12.08	0.0000000e+00
12.11	0.0000000e+00
12.15	0.0000000e+00
12.18	0.0000000e+00
12.21	0.0000000e+00
12.25	0.0000000e+00
12.28	0.0000000e+00
12.32	0.0000000e+00
12.35	0.0000000e+00
12.38	0.0000000e+00
12.42	0.0000000e+00
12.45	0.0000000e+00
12.49	0.0000000e+00
12.52	0.0000000e+00
12.56	0.0000000e+00
12.59	0.0000000e+00
12.62	0.0000000e+00
12.66	0.0000000e+00
12.69	0.0000000e+00
12.73	0.0000000e+00
12.76	0.0000000e+00
12.79	0.0000000e+00
12.83	0.0000000e+00
12.86	0.0000000e+00
12.90	0.0000000e+00
12.93	0.0000000e+00
12.96	0.0000000e+00
13.00	0.0000000e+00
13.03	0.0000000e+00
13.07	0.0000000e+00
13.10	0.0000000e+00
13.13	0.0000000e+00
13.17	0.0000000e+00
13.20	0.0000000e+00
13.24	0.0000000e+00
13.27	0.0000000e+00
13.30	0.0000000e+00
13.34	0.0000000e+00
13.37	0.0000000e+00
13.41	0.0000000e+00
13.44	0.0000000e+00
13.47	0.0000000e+00
13.51	0.0000000e+00
13.54	0.0000000e+00
13.58	0.0000000e+00
13.61	0.0000000e+00
13.65	0.0000000e+00
13.68	0.0000000e+00
13.71	0.0000000e+00
13.75	2.7046652e-259
13.78	8.5541973e-241
13.82	1.0971441e-223
13.85	7.2760133e-208
13.88	3.1237261e-193
13.92	1.0687703e-179
13.95	3.5321863e-167
13.99	1.3471429e-155
14.02	6.9900445e-145
14.05	5.7463176e-135
14.09	8.6170422e-126
14.12	2.6856263e-117
14.16	1.9629250e-109
14.19	3.7626909e-102
14.22	2.0980105e-95
14.26	3.7453772e-89
14.29	2.3397445e-83
14.33	5.5540495e-78
14.36	5.4075193e-73
14.39	2.3179743e-68
14.43	4.6719613e-64
14.46	4.7063309e-60
14.50	2.5077481e-56
14.53	7.4505487e-53
14.57	1.2962030e-49
14.60	1.3820723e-46
14.63	9.4227817e-44
14.67	4.2732556e-41
14.70	1.3372653e-38
14.74	2.9879725e-36
14.77	4.9201159e-34
14.80	6.1472705e-32
14.84	5.9848503e-30
14.87	4.6493914e-28
14.91	2.9407549e-26
14.94	1.5372579e-24
14.97	6.6828977e-23
15.01	2.3880298e-21
15.04	6.6134576e-20
15.08	1.0948042e-18
15.11	4.2979803e-18
15.14	7.4334481e-18
15.18	1.0420433e-17
15.21	1.3305530e-17
15.25	1.6130613e-17
15.28	1.8933688e-17
15.31	2.1749626e-17
15.35	2.4610821e-17
15.38	2.7547759e-17
15.42	3.0589527e-17
15.45	3.3764256e-17
15.48	3.7099532e-17
15.52	4.0622762e-17
15.55	4.4361513e-17
15.59	4.8343826e-17
15.62	5.2598509e-17
15.66	5.7155423e-17
15.69	6.2045765e-17
15.72	6.7302319e-17
15.76	7.2959747e-17
15.79	7.9054834e-17
15.83	8.5626791e-17
15.86	9.2717516e-17
15.89	1.0037189e-16
15.93	1.0863807e-16
15.96	1.1756783e-16
16.00	1.2721693e-16
16.03	1.3764542e-16
16.06	1.4891806e-16
16.10	1.6110474e-16
16.13	1.7428090e-16
16.17	1.8852802e-16
16.20	2.0393409e-16
16.23	2.2059423e-16
16.27	2.3861122e-16
16.30	2.5809617e-16
16.34	2.7916921e-16
16.37	3.0196022e-16
16.40	3.2660965e-16
16.44	3.5326938e-16
16.47	3.8210368e-16
16.51	4.1329005e-16
16.54	4.4702057e-16
16.58	4.8350294e-16
16.61	5.2296183e-16
16.64	5.6564020e-16
16.68	6.1180087e-16
16.71	6.6172804e-16
16.75	7.1572919e-16
16.78	7.7413676e-16
16.81	8.3731037e-16
16.85	9.0563893e-16
16.88	9.7954320e-16
16.92	1.0594781e-15
16.95	1.1459360e-15
16.98	1.2394490e-15
17.02	1.3405930e-15
17.05	1.4499910e-15
17.09	1.5683163e-15
17.12	1.6962972e-15
17.15	1.8347217e-15
17.19	1.9844420e-15
17.22	2.1463800e-15
17.26	2.3215325e-15
17.29	2.5109782e-15
17.32	2.7158833e-15
17.36	2.9375096e-15
17.39	3.1772212e-15
17.43	3.4364942e-15
17.46	3.7169246e-15
17.49	4.0202392e-15
17.53	4.3483053e-15
17.56	4.7031429e-15
17.60	5.0869368e-15
17.63	5.5020505e-15
17.67	5.9510401e-15
17.70	6.4366686e-15
17.73	6.9619260e-15
17.77	7.5300460e-15
17.80	8.1445266e-15
17.84	8.8091507e-15
17.87	9.5280108e-15
17.90	1.0305532e-14
17.94	1.1146503e-14
17.97	1.2056101e-14
18.01	1.3039925e-14
18.04	1.4104032e-14
18.07	1.5254975e-14
18.11	1.6499839e-14
18.14	1.7846290e-14
18.18	1.9302617e-14
18.21	2.0877789e-14
18.24	2.2581507e-14
18.28	2.4424256e-14
18.31	2.6417381e-14
18.35	2.8573154e-14
18.38	3.0904845e-14
18.41	3.3426815e-14
18.45	3.6154587e-14
18.48	3.9104961e-14
18.52	4.2296100e-14
18.55	4.5747657e-14
18.59	4.9480878e-14
18.62	5.3518750e-14
18.65	5.7886134e-14
18.69	6.2609922e-14
18.72	6.7719201e-14
18.76	7.3245431e-14
18.79	7.9222643e-14
18.82	8.5687653e-14
18.86	9.2680265e-14
18.89	1.0024352e-13
18.93	1.0842400e-13
18.96	1.1727206e-13
18.99	1.2684220e-13
19.03	1.3719334e-13
19.06	1.4838923e-13
19.10	1.6049881e-13
19.13	1.7359667e-13
19.16	1.8776346e-13
19.20	2.0308642e-13
19.23	2.1965990e-13
19.27	2.3758601e-13
19.30	2.5697512e-13
19.33	2.7794668e-13
19.37	3.0062984e-13
19.40	3.2516438e-13
19.44	3.5170142e-13
19.47	3.8040440e-13
19.51	4.1145008e-13
19.54	4.4502974e-13
19.57	4.8135024e-13
19.61	5.2063538e-13
19.64	5.6312718e-13
19.68	6.0908751e-13
19.71	6.5879959e-13
19.74	7.1256982e-13
19.78	7.7072950e-13
19.81	8.3363714e-13
19.85	9.0168051e-13
19.88	9.7527911e-13
19.91	1.0548867e-12
19.95	1.1409943e-12
19.98	1.2341328e-12
20.02	1.3348770e-12
20.05	1.4438483e-12
20.08	1.5617187e-12
20.12	1.6892157e-12
20.15	1.8271260e-12
20.19	1.9763013e-12
20.22	2.1376623e-12
20.25	2.3122060e-12
20.29	2.5010104e-12
20.32	2.7052426e-12
20.36	2.9261646e-12
20.39	3.1651426e-12
20.42	3.4236545e-12
20.46	3.7033003e-12
20.49	4.0058109e-12
20.53	4.3330600e-12
20.56	4.6870752e-12
20.60	5.0700519e-12
20.63	5.4843657e-12
20.66	5.9325873e-12
20.70	6.4174999e-12
20.73	6.9421176e-12
20.77	7.5097030e-12
20.80	8.1237897e-12
20.83	8.7882033e-12
20.87	9.5070883e-12
20.90	1.0284933e-11
20.94	1.1126598e-11
20.97	1.2037350e-11
21.00	1.3022897e-11
21.04	1.4089422e-11
21.07	1.5243629e-11
21.11	1.6492783e-11
21.14	1.7844763e-11
21.17	1.9308113e-11
21.21	2.0892102e-11
21.24	2.2606779e-11
21.28	2.4463052e-11
21.31	2.6472762e-11
21.34	2.8648765e-11
21.38	3.1005026e-11
21.41	3.3556714e-11
21.45	3.6320319e-11
21.48	3.9313769e-11
21.52	4.2556566e-11
21.55	4.6069925e-11
21.58	4.9876951e-11
21.62	5.4002808e-11
21.65	5.8474929e-11
21.69	6.3323223e-11
21.72	6.8580341e-11
21.75	7.4281929e-11
21.79	8.0466964e-11
21.82	8.7178049e-11
21.86	9.4461827e-11
21.89	1.0236940e-10
21.92	1.1095685e-10
21.96	1.2028573e-10
21.99	1.3042371e-10
22.03	1.4144527e-10
22.06	1.5343252e-10
22.09	1.6647607e-10
22.13	1.8067607e-10
22.16	1.9614339e-10
22.20	2.1300104e-10
22.23	2.3138568e-10
22.26	2.5144950e-10
22.30	2.7336231e-10
22.33	2.9731402e-10
22.37	3.2351756e-10
22.40	3.5221229e-10
22.43	3.8366787e-10
22.47	4.1818924e-10
22.50	4.5612223e-10
22.54	4.9786038e-10
22.57	5.4385313e-10
22.61	5.9461571e-10
22.64	6.5074128e-10
22.67	7.1291563e-10
22.71	7.8193547e-10
22.74	8.5873086e-10
22.78	9.4439371e-10
22.81	1.0402131e-09
22.84	1.1477209e-09
22.88	1.2687490e-09
22.91	1.4055050e-09
22.95	1.5606698e-09
22.98	1.7375277e-09
23.01	1.9401394e-09
23.05	2.1735784e-09
23.08	2.4442565e-09
23.12	2.7603797e-09
23.15	3.1325993e-09
23.18	3.5749623e-09
23.22	4.1063289e-09
23.25	4.7525496e-09
23.29	5.5499060e-09
23.32	6.5507574e-09
23.35	7.8332052e-09
23.39	9.5185046e-09
23.42	1.1804471e-08
23.46	1.5034892e-08
23.49	1.9859793e-08
23.53	2.7665655e-08
23.56	4.2051670e-08
23.59	7.6445319e-08
23.63	2.1071884e-07
23.66	8.4172657e-07
23.70	1.4551391e-06
23.73	1.3593883e-06
23.76	1.1978303e-06
23.80	1.0414272e-06
23.83	9.0060451e-07
23.87	7.7670501e-07
23.90	6.6879385e-07
23.93	5.7530456e-07
23.97	4.9456069e-07
24.00	4.2496134e-07
24.04	3.6504701e-07
24.07	3.1351704e-07
24.10	2.6922712e-07
24.14	2.3117814e-07
24.17	1.9850219e-07
24.21	1.7044773e-07
24.24	1.4636563e-07
24.27	1.2569618e-07
24.31	1.0795734e-07
24.34	9.2734361e-08
24.38	7.9670683e-08
24.41	6.8459918e-08
24.44	5.8838938e-08
24.48	5.0581829e-08
24.51	4.3494693e-08
24.55	3.7411150e-08
24.58	3.2188468e-08
24.62	2.7704207e-08
24.65	2.3853356e-08
24.68	2.0545856e-08
24.72	1.7704478e-08
24.75	1.5262998e-08
24.79	1.3164628e-08
24.82	1.1360672e-08
24.85	9.8093779e-09
24.89	8.4749435e-09
24.92	7.3266679e-09
24.96	6.3382236e-09
24.99	5.4870312e-09
25.02	4.7537259e-09
25.06	4.1216968e-09
25.09	3.5766950e-09
25.13	3.1064955e-09
25.16	2.7006096e-09
25.19	2.3500358e-09
25.23	2.0470488e-09
25.26	1.7850165e-09
25.30	1.5582449e-09
25.33	1.3618440e-09
25.36	1.1916137e-09
25.40	1.0439449e-09
25.43	9.1573625e-10
25.47	8.0432182e-10
25.50	7.0740926e-10
25.54	6.2302659e-10
25.57	5.4947714e-10
25.60	4.8530026e-10
25.64	4.2923825e-10
25.67	3.8020745e-10
25.71	3.3727389e-10
25.74	2.9963212e-10
25.77	2.6658727e-10
25.81	2.3753942e-10
25.84	2.1197040e-10
25.88	1.8943229e-10
25.91	1.6953772e-10
25.94	1.5195139e-10
25.98	1.3638283e-10
26.01	1.2258025e-10
26.05	1.1032520e-10
26.08	9.9428003e-11
26.11	8.9723794e-11
26.15	8.1069139e-11
26.18	7.3339116e-11
26.22	6.6424828e-11
26.25	6.0231223e-11
26.28	5.4675250e-11
26.32	4.9684252e-11
26.35	4.5194598e-11
26.39	4.1150479e-11
26.42	3.7502894e-11
26.45	3.4208750e-11
26.49	3.1230109e-11
26.52	2.8533516e-11
26.56	2.6089435e-11
26.59	2.3871737e-11
26.63	2.1857291e-11
26.66	2.0025584e-11
26.69	1.8358397e-11
26.73	1.6839523e-11
26.76	1.5454528e-11
26.80	1.4190529e-11
26.83	1.3036022e-11
26.86	1.1980708e-11
26.90	1.1015362e-11
26.93	1.0131703e-11
26.97	9.3222928e-12
27.00	8.5804368e-12
