# NeutrinoAntineutrinoInteraction/NeutrinoAntineutrinoResonanceUp interaction rates
# neutrino field: massive Cosmic Neutrino Background, T_CnuB = 1.94535456 K
# Produced with crpropa-data version: 60a1560e37035039ec25f414e0c42a2444bad49c
# log10(E/eV), 1/lambda [1/Mpc]
11.26	0.0000000e+00
11.29	0.0000000e+00
11.33	0.0000000e+00
11.36	0.0000000e+00
11.40	0.0000000e+00
11.43	0.0000000e+00
11.46	0.0000000e+00
11.50	0.0000000e+00
11.53	0.0000000e+00
11.57	0.0000000e+00
11.60	0.0000000e+00
11.64	0.0000000e+00
11.67	0.0000000e+00
11.70	0.0000000e+00
11.74	0.0000000e+00
11.77	0.0000000e+00
11.81	0.0000000e+00
11.84	0.0000000e+00
11.87	0.0000000e+00
11.91	0.0000000e+00
11.94	0.0000000e+00
11.98	0.0000000e+00
12.01	0.0000000e+00
12.04	0.0000000e+00
12.08	0.0000000e+00
12.11	0.0000000e+00
12.15	0.0000000e+00
12.18	0.0000000e+00
12.21	0.0000000e+00
12.25	0.0000000e+00
12.28	0.0000000e+00
12.32	0.0000000e+00
12.35	0.0000000e+00
12.38	0.0000000e+00
12.42	0.0000000e+00
12.45	0.0000000e+00
12.49	0.0000000e+00
12.52	0.0000000e+00
12.56	0.0000000e+00
12.59	0.0000000e+00
12.62	0.0000000e+00
12.66	0.0000000e+00
12.69	0.0000000e+00
12.73	0.0000000e+00
12.76	0.0000000e+00
12.79	0.0000000e+00
12.83	0.0000000e+00
12.86	0.0000000e+00
12.90	0.0000000e+00
12.93	0.0000000e+00
12.96	0.0000000e+00
13.00	0.0000000e+00
13.03	0.0000000e+00
13.07	0.0000000e+00
13.10	0.0000000e+00
13.13	0.0000000e+00
13.17	0.0000000e+00
13.20	0.0000000e+00
13.24	0.0000000e+00
13.27	5.9593459e-255
13.30	2.4009815e-236
13.34	4.0100555e-219
13.37	3.5455286e-203
13.41	2.0811959e-188
13.44	1.0002704e-174
13.47	4.7803901e-162
13.51	2.7197901e-150
13.54	2.1767731e-139
13.58	2.8609815e-129
13.61	7.1286845e-120
13.65	3.8476460e-111
13.68	5.0916019e-103
13.71	1.8534440e-95
13.75	2.0657342e-88
13.78	7.7881706e-82
13.82	1.0899549e-75
13.85	6.1748625e-70
13.88	1.5354318e-64
13.92	1.8074195e-59
13.95	1.0810096e-54
13.99	3.5098095e-50
14.02	6.5811201e-46
14.05	7.5501820e-42
14.09	5.5913406e-38
14.12	2.8070262e-34
14.16	9.9761401e-31
14.19	2.5993947e-27
14.22	5.0657454e-24
14.26	7.2714949e-21
14.29	6.7204410e-18
14.33	1.2788367e-15
14.36	4.4752800e-15
14.39	7.4835901e-15
14.43	1.0353602e-14
14.46	1.3129759e-14
14.50	1.5852031e-14
14.53	1.8556744e-14
14.57	2.1277269e-14
14.60	2.4044654e-14
14.63	2.6888164e-14
14.67	2.9835773e-14
14.70	3.2914526e-14
14.74	3.6150995e-14
14.77	3.9571631e-14
14.80	4.3203063e-14
14.84	4.7072420e-14
14.87	5.1207590e-14
14.91	5.5637529e-14
14.94	6.0392480e-14
14.97	6.5504292e-14
15.01	7.1006562e-14
15.04	7.6935051e-14
15.08	8.3327817e-14
15.11	9.0225616e-14
15.14	9.7672045e-14
15.18	1.0571400e-13
15.21	1.1440181e-13
15.25	1.2378985e-13
15.28	1.3393643e-13
15.31	1.4490451e-13
15.35	1.5676200e-13
15.38	1.6958235e-13
15.42	1.8344474e-13
15.45	1.9843490e-13
15.48	2.1464527e-13
15.52	2.3217599e-13
15.55	2.5113514e-13
15.59	2.7163961e-13
15.62	2.9381562e-13
15.66	3.1779990e-13
15.69	3.4374014e-13
15.72	3.7179622e-13
15.76	4.0214091e-13
15.79	4.3496122e-13
15.83	4.7045943e-13
15.86	5.0885449e-13
15.89	5.5038219e-13
15.93	5.9529811e-13
15.96	6.4387886e-13
16.00	6.9642345e-13
16.03	7.5325553e-13
16.06	8.1472486e-13
16.10	8.8121014e-13
16.13	9.5312066e-13
16.17	1.0308995e-12
16.20	1.1150247e-12
16.23	1.2060148e-12
16.27	1.3044294e-12
16.30	1.4108751e-12
16.34	1.5260067e-12
16.37	1.6505340e-12
16.40	1.7852234e-12
16.44	1.9309065e-12
16.47	2.0884780e-12
16.51	2.2589078e-12
16.54	2.4432441e-12
16.58	2.6426228e-12
16.61	2.8582703e-12
16.64	3.0915155e-12
16.68	3.3437934e-12
16.71	3.6166589e-12
16.75	3.9117920e-12
16.78	4.2310091e-12
16.81	4.5762737e-12
16.85	4.9497130e-12
16.88	5.3536251e-12
16.92	5.7904981e-12
16.95	6.2630216e-12
16.98	6.7741066e-12
17.02	7.3269035e-12
17.05	7.9248186e-12
17.09	8.5715237e-12
17.12	9.2709993e-12
17.15	1.0027553e-11
17.19	1.0845841e-11
17.22	1.1730902e-11
17.26	1.2688185e-11
17.29	1.3723586e-11
17.32	1.4843481e-11
17.36	1.6054766e-11
17.39	1.7364890e-11
17.43	1.8781925e-11
17.46	2.0314590e-11
17.49	2.1972329e-11
17.53	2.3765342e-11
17.56	2.5704683e-11
17.60	2.7802290e-11
17.63	3.0071115e-11
17.67	3.2525081e-11
17.70	3.5179302e-11
17.73	3.8050102e-11
17.77	4.1155174e-11
17.80	4.4513616e-11
17.84	4.8146130e-11
17.87	5.2075062e-11
17.90	5.6324635e-11
17.94	6.0921008e-11
17.97	6.5892471e-11
18.01	7.1269611e-11
18.04	7.7085558e-11
18.07	8.3376109e-11
18.11	9.0180019e-11
18.14	9.7539182e-11
18.18	1.0549895e-10
18.21	1.1410840e-10
18.24	1.2342054e-10
18.28	1.3349260e-10
18.31	1.4438658e-10
18.35	1.5616960e-10
18.38	1.6891417e-10
18.41	1.8269882e-10
18.45	1.9760841e-10
18.48	2.1373481e-10
18.52	2.3117736e-10
18.55	2.5004347e-10
18.59	2.7044922e-10
18.62	2.9252041e-10
18.65	3.1639285e-10
18.69	3.4221376e-10
18.72	3.7014207e-10
18.76	4.0035007e-10
18.79	4.3302381e-10
18.82	4.6836517e-10
18.86	5.0659105e-10
18.89	5.4793715e-10
18.93	5.9265795e-10
18.96	6.4102932e-10
18.99	6.9334905e-10
19.03	7.4993995e-10
19.06	8.1115053e-10
19.10	8.7735869e-10
19.13	9.4897230e-10
19.16	1.0264328e-09
19.20	1.1102175e-09
19.23	1.2008435e-09
19.27	1.2988695e-09
19.30	1.4049005e-09
19.33	1.5195908e-09
19.37	1.6436487e-09
19.40	1.7778412e-09
19.44	1.9229956e-09
19.47	2.0800072e-09
19.51	2.2498452e-09
19.54	2.4335594e-09
19.57	2.6322843e-09
19.61	2.8472491e-09
19.64	3.0797822e-09
19.68	3.3313234e-09
19.71	3.6034289e-09
19.74	3.8977831e-09
19.78	4.2162072e-09
19.81	4.5606760e-09
19.85	4.9333233e-09
19.88	5.3364631e-09
19.91	5.7725958e-09
19.95	6.2444341e-09
19.98	6.7549110e-09
20.02	7.3072086e-09
20.05	7.9047521e-09
20.08	8.5512685e-09
20.12	9.2507855e-09
20.15	1.0007675e-08
20.19	1.0826664e-08
20.22	1.1712883e-08
20.25	1.2671881e-08
20.29	1.3709687e-08
20.32	1.4832817e-08
20.36	1.6048341e-08
20.39	1.7363922e-08
20.42	1.8787879e-08
20.46	2.0329228e-08
20.49	2.1997758e-08
20.53	2.3804087e-08
20.56	2.5759750e-08
20.60	2.7877284e-08
20.63	3.0170253e-08
20.66	3.2653413e-08
20.70	3.5342813e-08
20.73	3.8255906e-08
20.77	4.1411671e-08
20.80	4.4830773e-08
20.83	4.8535698e-08
20.87	5.2550967e-08
20.90	5.6903284e-08
20.94	6.1621769e-08
20.97	6.6738189e-08
21.00	7.2287285e-08
21.04	7.8306975e-08
21.07	8.4838801e-08
21.11	9.1928175e-08
21.14	9.9624953e-08
21.17	1.0798378e-07
21.21	1.1706468e-07
21.24	1.2693344e-07
21.28	1.3766268e-07
21.31	1.4933237e-07
21.34	1.6203087e-07
21.38	1.7585577e-07
21.41	1.9091527e-07
21.45	2.0732924e-07
21.48	2.2523115e-07
21.52	2.4476929e-07
21.55	2.6610936e-07
21.58	2.8943660e-07
21.62	3.1495890e-07
21.65	3.4290985e-07
21.69	3.7355293e-07
21.72	4.0718603e-07
21.75	4.4414723e-07
21.79	4.8482148e-07
21.82	5.2964752e-07
21.86	5.7912916e-07
21.89	6.3384649e-07
21.92	6.9447068e-07
21.96	7.6178146e-07
21.99	8.3668988e-07
22.03	9.2026549e-07
22.06	1.0137723e-06
22.09	1.1187120e-06
22.13	1.2368819e-06
22.16	1.3704487e-06
22.20	1.5220457e-06
22.23	1.6949000e-06
22.26	1.8930058e-06
22.30	2.1213557e-06
22.33	2.3862655e-06
22.37	2.6958242e-06
22.40	3.0605389e-06
22.43	3.4942748e-06
22.47	4.0156727e-06
22.50	4.6503025e-06
22.54	5.4340950e-06
22.57	6.4189513e-06
22.61	7.6823709e-06
22.64	9.3447581e-06
22.67	1.1602602e-05
22.71	1.4797055e-05
22.74	1.9570724e-05
22.78	2.7277484e-05
22.81	4.1283925e-05
22.84	7.2644911e-05
22.88	1.8661437e-04
22.91	9.8541504e-04
22.95	1.4210673e-03
22.98	1.2985596e-03
23.01	1.1402843e-03
23.05	9.9026092e-04
23.08	8.5591103e-04
23.12	7.3795243e-04
23.15	6.3531784e-04
23.18	5.4644881e-04
23.22	4.6972068e-04
23.25	4.0359717e-04
23.29	3.4668322e-04
23.32	2.9773876e-04
23.35	2.5567406e-04
23.39	2.1953873e-04
23.42	1.8850735e-04
23.46	1.6186573e-04
23.49	1.3899693e-04
23.53	1.1936926e-04
23.56	1.0252476e-04
23.59	8.8069388e-05
23.63	7.5664387e-05
23.66	6.5018850e-05
23.70	5.5882863e-05
23.73	4.8041937e-05
23.76	4.1311932e-05
23.80	3.5534890e-05
23.83	3.0575262e-05
23.87	2.6316810e-05
23.90	2.2659791e-05
23.93	1.9518705e-05
23.97	1.6820218e-05
24.00	1.4501456e-05
24.04	1.2508499e-05
24.07	1.0795116e-05
24.10	9.3216632e-06
24.14	8.0541501e-06
24.17	6.9634216e-06
24.21	6.0244695e-06
24.24	5.2158571e-06
24.27	4.5191971e-06
24.31	3.9187191e-06
24.34	3.4008928e-06
24.38	2.9541119e-06
24.41	2.5684158e-06
24.44	2.2352584e-06
24.48	1.9473020e-06
24.51	1.6982490e-06
24.55	1.4826917e-06
24.58	1.2959870e-06
24.62	1.1341455e-06
24.65	9.9374044e-07
24.68	8.7182599e-07
24.72	7.6587067e-07
24.75	6.7369696e-07
24.79	5.9343101e-07
24.82	5.2346073e-07
24.85	4.6239906e-07
24.89	4.0905098e-07
24.92	3.6238732e-07
24.96	3.2152058e-07
24.99	2.8568572e-07
25.02	2.5422235e-07
25.06	2.2656055e-07
25.09	2.0220762e-07
25.13	1.8073798e-07
25.16	1.6178338e-07
25.19	1.4502515e-07
25.23	1.3018718e-07
25.26	1.1703012e-07
25.30	1.0534627e-07
25.33	9.4955333e-08
25.36	8.5700408e-08
25.40	7.7444994e-08
25.43	7.0070286e-08
25.47	6.3472678e-08
25.50	5.7561755e-08
25.54	5.2258478e-08
25.57	4.7493722e-08
25.60	4.3206906e-08
25.64	3.9344926e-08
25.67	3.5861087e-08
25.71	3.2714368e-08
25.74	2.9868620e-08
25.77	2.7291990e-08
25.81	2.4956323e-08
25.84	2.2836741e-08
25.88	2.0911192e-08
25.91	1.9160135e-08
25.94	1.7566194e-08
25.98	1.6113896e-08
26.01	1.4789463e-08
26.05	1.3580620e-08
26.08	1.2476381e-08
26.11	1.1466932e-08
26.15	1.0543460e-08
26.18	9.6980706e-09
26.22	8.9236587e-09
26.25	8.2138347e-09
26.28	7.5628316e-09
26.32	6.9654552e-09
26.35	6.4170080e-09
26.39	5.9132440e-09
26.42	5.4503154e-09
26.45	5.0247349e-09
26.49	4.6333366e-09
26.52	4.2732461e-09
26.56	3.9418406e-09
26.59	3.6367350e-09
26.63	3.3557587e-09
26.66	3.0969310e-09
26.69	2.8584445e-09
26.73	2.6386468e-09
26.76	2.4360285e-09
26.80	2.2492072e-09
26.83	2.0769187e-09
26.86	1.9180018e-09
26.90	1.7713947e-09
26.93	1.6361218e-09
26.97	1.5112895e-09
27.00	1.3960757e-09
