# NeutrinoAntineutrinoInteraction/NeutrinoAntineutrinoResonanceUp interaction rates
# neutrino field: massive Cosmic Neutrino Background, T_CnuB = 1.94535456 K
# Produced with crpropa-data version: 60a1560e37035039ec25f414e0c42a2444bad49c
# log10(E/eV), 1/lambda [1/Mpc]
10.24	0.0000000e+00
10.27	0.0000000e+00
10.31	0.0000000e+00
10.34	0.0000000e+00
10.37	0.0000000e+00
10.41	0.0000000e+00
10.44	0.0000000e+00
10.48	0.0000000e+00
10.51	0.0000000e+00
10.55	0.0000000e+00
10.58	0.0000000e+00
10.61	0.0000000e+00
10.65	0.0000000e+00
10.68	0.0000000e+00
10.72	0.0000000e+00
10.75	0.0000000e+00
10.78	0.0000000e+00
10.82	0.0000000e+00
10.85	0.0000000e+00
10.89	0.0000000e+00
10.92	0.0000000e+00
10.95	0.0000000e+00
10.99	0.0000000e+00
11.02	0.0000000e+00
11.06	0.0000000e+00
11.09	0.0000000e+00
11.12	0.0000000e+00
11.16	0.0000000e+00
11.19	0.0000000e+00
11.23	0.0000000e+00
11.26	0.0000000e+00
11.29	0.0000000e+00
11.33	0.0000000e+00
11.36	0.0000000e+00
11.40	0.0000000e+00
11.43	0.0000000e+00
11.46	0.0000000e+00
11.50	0.0000000e+00
11.53	0.0000000e+00
11.57	0.0000000e+00
11.60	0.0000000e+00
11.64	0.0000000e+00
11.67	0.0000000e+00
11.70	0.0000000e+00
11.74	0.0000000e+00
11.77	0.0000000e+00
11.81	0.0000000e+00
11.84	0.0000000e+00
11.87	0.0000000e+00
11.91	0.0000000e+00
11.94	0.0000000e+00
11.98	0.0000000e+00
12.01	0.0000000e+00
12.04	0.0000000e+00
12.08	0.0000000e+00
12.11	0.0000000e+00
12.15	0.0000000e+00
12.18	0.0000000e+00
12.21	0.0000000e+00
12.25	3.4444738e-255
12.28	2.1111733e-236
12.32	4.9195337e-219
12.35	5.5777519e-203
12.38	3.8652964e-188
12.42	2.0215051e-174
12.45	9.6963015e-162
12.49	5.1081005e-150
12.52	3.4914966e-139
12.56	3.6122606e-129
12.59	6.5227358e-120
12.62	2.3451154e-111
12.66	1.8961273e-103
12.69	3.8586462e-96
12.73	2.1931749e-89
12.76	3.8333520e-83
12.79	2.2521351e-77
12.83	4.8289034e-72
12.86	4.0773107e-67
12.90	1.4544921e-62
12.93	2.3393677e-58
12.96	1.8015342e-54
13.00	7.0223363e-51
13.03	1.4585906e-47
13.07	1.6929039e-44
13.10	1.1472460e-41
13.13	4.7276554e-39
13.17	1.2300127e-36
13.20	2.0918366e-34
13.24	2.4012833e-32
13.27	1.9166754e-30
13.30	1.0933615e-28
13.34	4.5720530e-27
13.37	1.4347721e-25
13.41	3.4530516e-24
13.44	6.5025905e-23
13.47	9.7609410e-22
13.51	1.1881502e-20
13.54	1.1915640e-19
13.58	9.9908797e-19
13.61	7.0994633e-18
13.65	4.3294765e-17
13.68	2.2923292e-16
13.71	1.0651630e-15
13.75	4.3870148e-15
13.78	1.6163295e-14
13.82	5.3727193e-14
13.85	1.6239852e-13
13.88	4.4963425e-13
13.92	1.1480395e-12
13.95	2.7201191e-12
13.99	6.0154137e-12
14.02	1.2482942e-11
14.05	2.4428579e-11
14.09	4.5290432e-11
14.12	7.9889945e-11
14.16	1.3460761e-10
14.19	2.1743399e-10
14.22	3.3786067e-10
14.26	5.0659924e-10
14.29	7.3514511e-10
14.33	1.0352296e-09
14.36	1.4182237e-09
14.39	1.8945651e-09
14.43	2.4732774e-09
14.46	3.1616352e-09
14.50	3.9650077e-09
14.53	4.8868914e-09
14.57	5.9291141e-09
14.60	7.0921810e-09
14.63	8.3757153e-09
14.67	9.7789484e-09
14.70	1.1301212e-08
14.74	1.2942393e-08
14.77	1.4703336e-08
14.80	1.6586155e-08
14.84	1.8594484e-08
14.87	2.0733634e-08
14.91	2.3010703e-08
14.94	2.5434622e-08
14.97	2.8016172e-08
15.01	3.0767979e-08
15.04	3.3704498e-08
15.08	3.6842002e-08
15.11	4.0198574e-08
15.14	4.3794121e-08
15.18	4.7650405e-08
15.21	5.1791090e-08
15.25	5.6241821e-08
15.28	6.1030317e-08
15.31	6.6186492e-08
15.35	7.1742602e-08
15.38	7.7733405e-08
15.42	8.4196355e-08
15.45	9.1171813e-08
15.48	9.8703278e-08
15.52	1.0683765e-07
15.55	1.1562551e-07
15.59	1.2512142e-07
15.62	1.3538427e-07
15.66	1.4647765e-07
15.69	1.5847020e-07
15.72	1.7143608e-07
15.76	1.8545540e-07
15.79	2.0061473e-07
15.83	2.1700762e-07
15.86	2.3473521e-07
15.89	2.5390681e-07
15.93	2.7464062e-07
15.96	2.9706442e-07
16.00	3.2131639e-07
16.03	3.4754595e-07
16.06	3.7591467e-07
16.10	4.0659731e-07
16.13	4.3978282e-07
16.17	4.7567558e-07
16.20	5.1449664e-07
16.23	5.5648504e-07
16.27	6.0189934e-07
16.30	6.5101917e-07
16.34	7.0414698e-07
16.37	7.6160990e-07
16.40	8.2376172e-07
16.44	8.9098512e-07
16.47	9.6369400e-07
16.51	1.0423360e-06
16.54	1.1273954e-06
16.58	1.2193957e-06
16.61	1.3189036e-06
16.64	1.4265315e-06
16.68	1.5429422e-06
16.71	1.6688524e-06
16.75	1.8050373e-06
16.78	1.9523354e-06
16.81	2.1116534e-06
16.85	2.2839724e-06
16.88	2.4703533e-06
16.92	2.6719435e-06
16.95	2.8899842e-06
16.98	3.1258179e-06
17.02	3.3808965e-06
17.05	3.6567905e-06
17.09	3.9551985e-06
17.12	4.2779578e-06
17.15	4.6270555e-06
17.19	5.0046409e-06
17.22	5.4130389e-06
17.26	5.8547638e-06
17.29	6.3325352e-06
17.32	6.8492948e-06
17.36	7.4082241e-06
17.39	8.0127644e-06
17.43	8.6666377e-06
17.46	9.3738700e-06
17.49	1.0138816e-05
17.53	1.0966184e-05
17.56	1.1861069e-05
17.60	1.2828982e-05
17.63	1.3875880e-05
17.67	1.5008210e-05
17.70	1.6232944e-05
17.73	1.7557622e-05
17.77	1.8990401e-05
17.80	2.0540102e-05
17.84	2.2216266e-05
17.87	2.4029215e-05
17.90	2.5990110e-05
17.94	2.8111026e-05
17.97	3.0405021e-05
18.01	3.2886220e-05
18.04	3.5569900e-05
18.07	3.8472586e-05
18.11	4.1612150e-05
18.14	4.5007925e-05
18.18	4.8680820e-05
18.21	5.2653451e-05
18.24	5.6950280e-05
18.28	6.1597765e-05
18.31	6.6624526e-05
18.35	7.2061515e-05
18.38	7.7942213e-05
18.41	8.4302835e-05
18.45	9.1182550e-05
18.48	9.8623725e-05
18.52	1.0667219e-04
18.55	1.1537750e-04
18.59	1.2479328e-04
18.62	1.3497752e-04
18.65	1.4599294e-04
18.69	1.5790738e-04
18.72	1.7079424e-04
18.76	1.8473289e-04
18.79	1.9980920e-04
18.82	2.1611602e-04
18.86	2.3375383e-04
18.89	2.5283128e-04
18.93	2.7346591e-04
18.96	2.9578485e-04
18.99	3.1992563e-04
19.03	3.4603701e-04
19.06	3.7427990e-04
19.10	4.0482836e-04
19.13	4.3787069e-04
19.16	4.7361055e-04
19.20	5.1226828e-04
19.23	5.5408222e-04
19.27	5.9931020e-04
19.30	6.4823112e-04
19.33	7.0114673e-04
19.37	7.5838343e-04
19.40	8.2029435e-04
19.44	8.8726152e-04
19.47	9.5969824e-04
19.51	1.0380517e-03
19.54	1.1228056e-03
19.57	1.2144834e-03
19.61	1.3136514e-03
19.64	1.4209223e-03
19.68	1.5369593e-03
19.71	1.6624797e-03
19.74	1.7982598e-03
19.78	1.9451397e-03
19.81	2.1040286e-03
19.85	2.2759103e-03
19.88	2.4618497e-03
19.91	2.6629994e-03
19.95	2.8806067e-03
19.98	3.1160221e-03
20.02	3.3707074e-03
20.05	3.6462451e-03
20.08	3.9443486e-03
20.12	4.2668732e-03
20.15	4.6158279e-03
20.19	4.9933884e-03
20.22	5.4019111e-03
20.25	5.8439486e-03
20.29	6.3222661e-03
20.32	6.8398598e-03
20.36	7.3999763e-03
20.39	8.0061344e-03
20.42	8.6621482e-03
20.46	9.3721532e-03
20.49	1.0140633e-02
20.53	1.0972453e-02
20.56	1.1872887e-02
20.60	1.2847661e-02
20.63	1.3902990e-02
20.66	1.5045621e-02
20.70	1.6282880e-02
20.73	1.7622727e-02
20.77	1.9073815e-02
20.80	2.0645548e-02
20.83	2.2348156e-02
20.87	2.4192770e-02
20.90	2.6191510e-02
20.94	2.8357575e-02
20.97	3.0705352e-02
21.00	3.3250529e-02
21.04	3.6010227e-02
21.07	3.9003141e-02
21.11	4.2249704e-02
21.14	4.5772263e-02
21.17	4.9595285e-02
21.21	5.3745578e-02
21.24	5.8252551e-02
21.28	6.3148501e-02
21.31	6.8468938e-02
21.34	7.4252958e-02
21.38	8.0543663e-02
21.41	8.7388647e-02
21.45	9.4840549e-02
21.48	1.0295769e-01
21.52	1.1180481e-01
21.55	1.2145392e-01
21.58	1.3198532e-01
21.62	1.4348871e-01
21.65	1.5606464e-01
21.69	1.6982604e-01
21.72	1.8490022e-01
21.75	2.0143113e-01
21.79	2.1958209e-01
21.82	2.3953922e-01
21.86	2.6151542e-01
21.89	2.8575542e-01
21.92	3.1254200e-01
21.96	3.4220369e-01
21.99	3.7512466e-01
22.03	4.1175724e-01
22.06	4.5263826e-01
22.09	4.9841071e-01
22.13	5.4985286e-01
22.16	6.0791906e-01
22.20	6.7379963e-01
22.23	7.4901637e-01
22.26	8.3559354e-01
22.30	9.3639903e-01
22.33	1.0558696e+00
22.37	1.2015479e+00
22.40	1.3871760e+00
22.43	1.6384236e+00
22.47	2.0024736e+00
22.50	2.5623078e+00
22.54	3.4553489e+00
22.57	4.8940751e+00
22.61	7.1837861e+00
22.64	1.0730758e+01
22.67	1.6033649e+01
22.71	2.3652932e+01
22.74	3.4157350e+01
22.78	4.8051850e+01
22.81	6.5696801e+01
22.84	8.7231721e+01
22.88	1.1251733e+02
22.91	1.4110728e+02
22.95	1.7225585e+02
22.98	2.0496192e+02
23.01	2.3804355e+02
23.05	2.7023269e+02
23.08	3.0027746e+02
23.12	3.2703904e+02
23.15	3.4957201e+02
23.18	3.6718072e+02
23.22	3.7944812e+02
23.25	3.8623734e+02
23.29	3.8766998e+02
23.32	3.8408694e+02
23.35	3.7599863e+02
23.39	3.6403114e+02
23.42	3.4887417e+02
23.46	3.3123473e+02
23.49	3.1179917e+02
23.53	2.9120462e+02
23.56	2.7001974e+02
23.59	2.4873379e+02
23.63	2.2775262e+02
23.66	2.0740012e+02
23.70	1.8792338e+02
23.73	1.6950039e+02
23.76	1.5224901e+02
23.80	1.3623638e+02
23.83	1.2148815e+02
23.87	1.0799699e+02
23.90	9.5730358e+01
23.93	8.4637137e+01
23.97	7.4653294e+01
24.00	6.5706549e+01
24.04	5.7720116e+01
24.07	5.0615646e+01
24.10	4.4315468e+01
24.14	3.8744235e+01
24.17	3.3830094e+01
24.21	2.9505451e+01
24.24	2.5707435e+01
24.27	2.2378118e+01
24.31	1.9464546e+01
24.34	1.6918646e+01
24.38	1.4697035e+01
24.41	1.2760759e+01
24.44	1.1075002e+01
24.48	9.6087705e+00
24.51	8.3345684e+00
24.55	7.2280806e+00
24.58	6.2678640e+00
24.62	5.4350557e+00
24.65	4.7130994e+00
24.68	4.0874924e+00
24.72	3.5455537e+00
24.75	3.0762130e+00
24.79	2.6698203e+00
24.82	2.3179742e+00
24.85	2.0133694e+00
24.89	1.7496601e+00
24.92	1.5213391e+00
24.96	1.3236312e+00
24.99	1.1523988e+00
25.02	1.0040590e+00
25.06	8.7551140e-01
25.09	7.6407423e-01
25.13	6.6742884e-01
25.16	5.8357134e-01
25.19	5.1077038e-01
25.23	4.4753043e-01
25.26	3.9255994e-01
25.30	3.4474366e-01
25.33	3.0311865e-01
25.36	2.6685352e-01
25.40	2.3523042e-01
25.43	2.0762955e-01
25.47	1.8351563e-01
25.50	1.6242638e-01
25.54	1.4396242e-01
25.57	1.2777866e-01
25.60	1.1357681e-01
25.64	1.0109894e-01
25.67	9.0121967e-02
25.71	8.0452816e-02
25.74	7.1924324e-02
25.77	6.4391682e-02
25.81	5.7729366e-02
25.84	5.1828504e-02
25.88	4.6594600e-02
25.91	4.1945574e-02
25.94	3.7810074e-02
25.98	3.4126023e-02
26.01	3.0839364e-02
26.05	2.7902981e-02
26.08	2.5275764e-02
26.11	2.2921808e-02
26.15	2.0809720e-02
26.18	1.8912021e-02
26.22	1.7204629e-02
26.25	1.5666412e-02
26.28	1.4278805e-02
26.32	1.3025478e-02
26.35	1.1892045e-02
26.39	1.0865816e-02
26.42	9.9355843e-03
26.45	9.0914343e-03
26.49	8.3245844e-03
26.52	7.6272436e-03
26.56	6.9924908e-03
26.59	6.4141679e-03
26.63	5.8867883e-03
26.66	5.4054560e-03
26.69	4.9657958e-03
26.73	4.5638923e-03
26.76	4.1962366e-03
26.80	3.8596795e-03
26.83	3.5513907e-03
26.86	3.2688233e-03
26.90	3.0096820e-03
26.93	2.7718959e-03
26.97	2.5535939e-03
27.00	2.3530837e-03
