# NeutrinoAntineutrinoInteraction/NeutrinoAntineutrinoResonanceUp interaction rates
# neutrino field: massive Cosmic Neutrino Background, T_CnuB = 1.94535456 K
# Produced with crpropa-data version: 60a1560e37035039ec25f414e0c42a2444bad49c
# log10(E/eV), 1/lambda [1/Mpc]
10.65	0.0000000e+00
10.68	0.0000000e+00
10.72	0.0000000e+00
10.75	0.0000000e+00
10.78	0.0000000e+00
10.82	0.0000000e+00
10.85	0.0000000e+00
10.89	0.0000000e+00
10.92	0.0000000e+00
10.95	0.0000000e+00
10.99	0.0000000e+00
11.02	0.0000000e+00
11.06	0.0000000e+00
11.09	0.0000000e+00
11.12	0.0000000e+00
11.16	0.0000000e+00
11.19	0.0000000e+00
11.23	0.0000000e+00
11.26	0.0000000e+00
11.29	0.0000000e+00
11.33	0.0000000e+00
11.36	0.0000000e+00
11.40	0.0000000e+00
11.43	0.0000000e+00
11.46	0.0000000e+00
11.50	0.0000000e+00
11.53	0.0000000e+00
11.57	0.0000000e+00
11.60	0.0000000e+00
11.64	0.0000000e+00
11.67	0.0000000e+00
11.70	0.0000000e+00
11.74	0.0000000e+00
11.77	0.0000000e+00
11.81	0.0000000e+00
11.84	0.0000000e+00
11.87	0.0000000e+00
11.91	0.0000000e+00
11.94	0.0000000e+00
11.98	0.0000000e+00
12.01	0.0000000e+00
12.04	0.0000000e+00
12.08	0.0000000e+00
12.11	0.0000000e+00
12.15	0.0000000e+00
12.18	0.0000000e+00
12.21	0.0000000e+00
12.25	0.0000000e+00
12.28	0.0000000e+00
12.32	0.0000000e+00
12.35	0.0000000e+00
12.38	0.0000000e+00
12.42	0.0000000e+00
12.45	0.0000000e+00
12.49	0.0000000e+00
12.52	0.0000000e+00
12.56	0.0000000e+00
12.59	0.0000000e+00
12.62	0.0000000e+00
12.66	1.3435287e-259
12.69	1.1533186e-240
12.73	3.6695482e-223
12.76	5.5488853e-207
12.79	5.0182450e-192
12.83	3.3569344e-178
12.86	2.0216581e-165
12.90	1.3144307e-153
12.93	1.0913706e-142
12.96	1.3515990e-132
13.00	2.8821292e-123
13.03	1.2084093e-114
13.07	1.1262788e-106
13.10	2.6138722e-99
13.13	1.6775963e-92
13.17	3.2807739e-86
13.20	2.1384272e-80
13.24	5.0471666e-75
13.27	4.6572060e-70
13.30	1.8034591e-65
13.34	3.1292978e-61
13.37	2.5849820e-57
13.41	1.0751372e-53
13.44	2.3711392e-50
13.47	2.9089195e-47
13.51	2.0749823e-44
13.54	8.9656500e-42
13.58	2.4370816e-39
13.61	4.3159486e-37
13.65	5.1434169e-35
13.68	4.2499971e-33
13.71	2.5032257e-31
13.75	1.0781860e-29
13.78	3.4772879e-28
13.82	8.5829841e-27
13.85	1.6545084e-25
13.88	2.5377793e-24
13.92	3.1513973e-23
13.95	3.2193058e-22
13.99	2.7457081e-21
14.02	1.9820760e-20
14.05	1.2264640e-19
14.09	6.5817369e-19
14.12	3.0965573e-18
14.16	1.2900911e-17
14.19	4.8038435e-17
14.22	1.6125328e-16
14.26	4.9184241e-16
14.29	1.3731914e-15
14.33	3.5332712e-15
14.36	8.4313640e-15
14.39	1.8768331e-14
14.43	3.9183701e-14
14.46	7.7109786e-14
14.50	1.4369780e-13
14.53	2.5467817e-13
14.57	4.3098451e-13
14.60	6.9897314e-13
14.63	1.0901125e-12
14.67	1.6400939e-12
14.70	2.3874105e-12
14.74	3.3715421e-12
14.77	4.6309545e-12
14.80	6.2011540e-12
14.84	8.1130289e-12
14.87	1.0391669e-11
14.91	1.3055777e-11
14.94	1.6117716e-11
14.97	1.9584146e-11
15.01	2.3457144e-11
15.04	2.7735662e-11
15.08	3.2417170e-11
15.11	3.7499315e-11
15.14	4.2981473e-11
15.18	4.8866107e-11
15.21	5.5159876e-11
15.25	6.1874465e-11
15.28	6.9027174e-11
15.31	7.6641278e-11
15.35	8.4746211e-11
15.38	9.3377633e-11
15.42	1.0257741e-10
15.45	1.1239358e-10
15.48	1.2288028e-10
15.52	1.3409775e-10
15.55	1.4611236e-10
15.59	1.5899670e-10
15.62	1.7282976e-10
15.66	1.8769713e-10
15.69	2.0369138e-10
15.72	2.2091240e-10
15.76	2.3946791e-10
15.79	2.5947401e-10
15.83	2.8105577e-10
15.86	3.0434798e-10
15.89	3.2949593e-10
15.93	3.5665623e-10
15.96	3.8599780e-10
16.00	4.1770284e-10
16.03	4.5196802e-10
16.06	4.8900561e-10
16.10	5.2904485e-10
16.13	5.7233333e-10
16.17	6.1913854e-10
16.20	6.6974952e-10
16.23	7.2447862e-10
16.27	7.8366350e-10
16.30	8.4766913e-10
16.34	9.1689012e-10
16.37	9.9175309e-10
16.40	1.0727194e-09
16.44	1.1602878e-09
16.47	1.2549979e-09
16.51	1.3574329e-09
16.54	1.4682238e-09
16.58	1.5880529e-09
16.61	1.7176581e-09
16.64	1.8578376e-09
16.68	2.0094545e-09
16.71	2.1734423e-09
16.75	2.3508109e-09
16.78	2.5426523e-09
16.81	2.7501478e-09
16.85	2.9745748e-09
16.88	3.2173151e-09
16.92	3.4798634e-09
16.95	3.7638361e-09
16.98	4.0709816e-09
17.02	4.4031910e-09
17.05	4.7625095e-09
17.09	5.1511495e-09
17.12	5.5715037e-09
17.15	6.0261603e-09
17.19	6.5179183e-09
17.22	7.0498055e-09
17.26	7.6250966e-09
17.29	8.2473335e-09
17.32	8.9203473e-09
17.36	9.6482815e-09
17.39	1.0435618e-08
17.43	1.1287204e-08
17.46	1.2208283e-08
17.49	1.3204525e-08
17.53	1.4282064e-08
17.56	1.5447535e-08
17.60	1.6708113e-08
17.63	1.8071560e-08
17.67	1.9546269e-08
17.70	2.1141320e-08
17.73	2.2866534e-08
17.77	2.4732533e-08
17.80	2.6750805e-08
17.84	2.8933777e-08
17.87	3.1294889e-08
17.90	3.3848677e-08
17.94	3.6610867e-08
17.97	3.9598463e-08
18.01	4.2829861e-08
18.04	4.6324956e-08
18.07	5.0105267e-08
18.11	5.4194070e-08
18.14	5.8616540e-08
18.18	6.3399905e-08
18.21	6.8573617e-08
18.24	7.4169532e-08
18.28	8.0222103e-08
18.31	8.6768598e-08
18.35	9.3849325e-08
18.38	1.0150788e-07
18.41	1.0979142e-07
18.45	1.1875095e-07
18.48	1.2844163e-07
18.52	1.3892314e-07
18.55	1.5026001e-07
18.59	1.6252206e-07
18.62	1.7578478e-07
18.65	1.9012984e-07
18.69	2.0564557e-07
18.72	2.2242752e-07
18.76	2.4057903e-07
18.79	2.6021187e-07
18.82	2.8144695e-07
18.86	3.0441503e-07
18.89	3.2925755e-07
18.93	3.5612751e-07
18.96	3.8519039e-07
18.99	4.1662517e-07
19.03	4.5062546e-07
19.06	4.8740066e-07
19.10	5.2717728e-07
19.13	5.7020031e-07
19.16	6.1673478e-07
19.20	6.6706731e-07
19.23	7.2150796e-07
19.27	7.8039210e-07
19.30	8.4408251e-07
19.33	9.1297158e-07
19.37	9.8748374e-07
19.40	1.0680781e-06
19.44	1.1552514e-06
19.47	1.2495407e-06
19.51	1.3515272e-06
19.54	1.4618394e-06
19.57	1.5811574e-06
19.61	1.7102167e-06
19.64	1.8498130e-06
19.68	2.0008071e-06
19.71	2.1641300e-06
19.74	2.3407892e-06
19.78	2.5318742e-06
19.81	2.7385642e-06
19.85	2.9621343e-06
19.88	3.2039644e-06
19.91	3.4655472e-06
19.95	3.7484979e-06
19.98	4.0545638e-06
20.02	4.3856355e-06
20.05	4.7437587e-06
20.08	5.1311466e-06
20.12	5.5501945e-06
20.15	6.0034939e-06
20.19	6.4938493e-06
20.22	7.0242958e-06
20.25	7.5981179e-06
20.29	8.2188703e-06
20.32	8.8904006e-06
20.36	9.6168733e-06
20.39	1.0402796e-05
20.42	1.1253049e-05
20.46	1.2172914e-05
20.49	1.3168112e-05
20.53	1.4244836e-05
20.56	1.5409792e-05
20.60	1.6670242e-05
20.63	1.8034053e-05
20.66	1.9509745e-05
20.70	2.1106549e-05
20.73	2.2834465e-05
20.77	2.4704329e-05
20.80	2.6727889e-05
20.83	2.8917873e-05
20.87	3.1288085e-05
20.90	3.3853492e-05
20.94	3.6630326e-05
20.97	3.9636196e-05
21.00	4.2890210e-05
21.04	4.6413106e-05
21.07	5.0227401e-05
21.11	5.4357547e-05
21.14	5.8830106e-05
21.17	6.3673946e-05
21.21	6.8920451e-05
21.24	7.4603755e-05
21.28	8.0760996e-05
21.31	8.7432607e-05
21.34	9.4662624e-05
21.38	1.0249904e-04
21.41	1.1099419e-04
21.45	1.2020517e-04
21.48	1.3019435e-04
21.52	1.4102986e-04
21.55	1.5278622e-04
21.58	1.6554502e-04
21.62	1.7939564e-04
21.65	1.9443612e-04
21.69	2.1077411e-04
21.72	2.2852797e-04
21.75	2.4782798e-04
21.79	2.6881777e-04
21.82	2.9165589e-04
21.86	3.1651766e-04
21.89	3.4359734e-04
21.92	3.7311047e-04
21.96	4.0529679e-04
21.99	4.4042352e-04
22.03	4.7878919e-04
22.06	5.2072821e-04
22.09	5.6661621e-04
22.13	6.1687638e-04
22.16	6.7198710e-04
22.20	7.3249104e-04
22.23	7.9900619e-04
22.26	8.7223928e-04
22.30	9.5300231e-04
22.33	1.0422329e-03
22.37	1.1410200e-03
22.40	1.2506358e-03
22.43	1.3725773e-03
22.47	1.5086198e-03
22.50	1.6608875e-03
22.54	1.8319485e-03
22.57	2.0249477e-03
22.61	2.2437998e-03
22.64	2.4934949e-03
22.67	2.7806389e-03
22.71	3.1145213e-03
22.74	3.5093782e-03
22.78	3.9892026e-03
22.81	4.5974898e-03
22.84	5.4154504e-03
22.88	6.5928135e-03
22.91	8.3942939e-03
22.95	1.1261091e-02
22.98	1.5880179e-02
23.01	2.3245966e-02
23.05	3.4692023e-02
23.08	5.1868674e-02
23.12	7.6647904e-02
23.15	1.1095046e-01
23.18	1.5650833e-01
23.22	2.1459403e-01
23.25	2.8576032e-01
23.29	3.6963729e-01
23.32	4.6482604e-01
23.35	5.6891236e-01
23.39	6.7860318e-01
23.42	7.8996848e-01
23.46	8.9875531e-01
23.49	1.0007313e+00
23.53	1.0920142e+00
23.56	1.1693490e+00
23.59	1.2303064e+00
23.63	1.2733892e+00
23.66	1.2980457e+00
23.70	1.3046045e+00
23.73	1.2941467e+00
23.76	1.2683412e+00
23.80	1.2292642e+00
23.83	1.1792222e+00
23.87	1.1205945e+00
23.90	1.0557019e+00
23.93	9.8670769e-01
23.97	9.1555001e-01
24.00	8.4390219e-01
24.04	7.7315750e-01
24.07	7.0443222e-01
24.10	6.3858217e-01
24.14	5.7622783e-01
24.17	5.1778432e-01
24.21	4.6349297e-01
24.24	4.1345249e-01
24.27	3.6764802e-01
24.31	3.2597737e-01
24.34	2.8827382e-01
24.38	2.5432547e-01
24.41	2.2389128e-01
24.44	1.9671391e-01
24.48	1.7252991e-01
24.51	1.5107744e-01
24.55	1.3210206e-01
24.58	1.1536069e-01
24.62	1.0062444e-01
24.65	8.7680163e-02
24.68	7.6331298e-02
24.72	6.6398045e-02
24.75	5.7717069e-02
24.79	5.0140882e-02
24.82	4.3536998e-02
24.85	3.7786953e-02
24.89	3.2785247e-02
24.92	2.8438258e-02
24.96	2.4663168e-02
24.99	2.1386923e-02
25.02	1.8545245e-02
25.06	1.6081704e-02
25.09	1.3946859e-02
25.13	1.2097473e-02
25.16	1.0495796e-02
25.19	9.1089138e-03
25.23	7.9081710e-03
25.26	6.8686458e-03
25.30	5.9686882e-03
25.33	5.1895078e-03
25.36	4.5148097e-03
25.40	3.9304744e-03
25.43	3.4242749e-03
25.47	2.9856295e-03
25.50	2.6053851e-03
25.54	2.2756277e-03
25.57	1.9895174e-03
25.60	1.7411443e-03
25.64	1.5254036e-03
25.67	1.3378863e-03
25.71	1.1747856e-03
25.74	1.0328143e-03
25.77	9.0913437e-04
25.81	8.0129539e-04
25.84	7.0718156e-04
25.88	6.2496579e-04
25.91	5.5307001e-04
25.94	4.9013103e-04
25.98	4.3497093e-04
26.01	3.8657161e-04
26.05	3.4405277e-04
26.08	3.0665299e-04
26.11	2.7371338e-04
26.15	2.4466348e-04
26.18	2.1900914e-04
26.22	1.9632205e-04
26.25	1.7623074e-04
26.28	1.5841282e-04
26.32	1.4258828e-04
26.35	1.2851371e-04
26.39	1.1597739e-04
26.42	1.0479494e-04
26.45	9.4805683e-05
26.49	8.5869441e-05
26.52	7.7863793e-05
26.56	7.0681715e-05
26.59	6.4229534e-05
26.63	5.8425167e-05
26.66	5.3196600e-05
26.69	4.8480573e-05
26.73	4.4221444e-05
26.76	4.0370205e-05
26.80	3.6883635e-05
26.83	3.3723562e-05
26.86	3.0856225e-05
26.90	2.8251723e-05
26.93	2.5883534e-05
26.97	2.3728099e-05
27.00	2.1764462e-05
