# NeutrinoAntineutrinoInteraction/NeutrinoAntineutrinoResonanceUp interaction rates
# neutrino field: massive Cosmic Neutrino Background, T_CnuB = 1.94535456 K
# Produced with crpropa-data version: 60a1560e37035039ec25f414e0c42a2444bad49c
# log10(E/eV), 1/lambda [1/Mpc]
10.55	0.0000000e+00
10.58	0.0000000e+00
10.61	0.0000000e+00
10.65	0.0000000e+00
10.68	0.0000000e+00
10.72	0.0000000e+00
10.75	0.0000000e+00
10.78	0.0000000e+00
10.82	0.0000000e+00
10.85	0.0000000e+00
10.89	0.0000000e+00
10.92	0.0000000e+00
10.95	0.0000000e+00
10.99	0.0000000e+00
11.02	0.0000000e+00
11.06	0.0000000e+00
11.09	0.0000000e+00
11.12	0.0000000e+00
11.16	0.0000000e+00
11.19	0.0000000e+00
11.23	0.0000000e+00
11.26	0.0000000e+00
11.29	0.0000000e+00
11.33	0.0000000e+00
11.36	0.0000000e+00
11.40	0.0000000e+00
11.43	0.0000000e+00
11.46	0.0000000e+00
11.50	0.0000000e+00
11.53	0.0000000e+00
11.57	0.0000000e+00
11.60	0.0000000e+00
11.64	0.0000000e+00
11.67	0.0000000e+00
11.70	0.0000000e+00
11.74	0.0000000e+00
11.77	0.0000000e+00
11.81	0.0000000e+00
11.84	0.0000000e+00
11.87	0.0000000e+00
11.91	0.0000000e+00
11.94	0.0000000e+00
11.98	0.0000000e+00
12.01	0.0000000e+00
12.04	0.0000000e+00
12.08	0.0000000e+00
12.11	0.0000000e+00
12.15	0.0000000e+00
12.18	0.0000000e+00
12.21	0.0000000e+00
12.25	0.0000000e+00
12.28	0.0000000e+00
12.32	0.0000000e+00
12.35	0.0000000e+00
12.38	0.0000000e+00
12.42	0.0000000e+00
12.45	0.0000000e+00
12.49	0.0000000e+00
12.52	1.7529791e-265
12.56	4.7768557e-246
12.59	4.4222433e-228
12.62	1.7951586e-211
12.66	4.0456306e-196
12.69	6.2954393e-182
12.73	8.2757718e-169
12.76	1.1074193e-156
12.79	1.7922808e-145
12.83	4.1144466e-135
12.86	1.5524839e-125
12.90	1.1033771e-116
12.93	1.6753638e-108
12.96	6.1060828e-101
13.00	5.9490723e-94
13.03	1.7116137e-87
13.07	1.5944381e-81
13.10	5.2361873e-76
13.13	6.5584408e-71
13.17	3.3694490e-66
13.20	7.5945500e-62
13.24	7.9916975e-58
13.27	4.1585508e-54
13.30	1.1284961e-50
13.34	1.6774951e-47
13.37	1.4294346e-44
13.41	7.2821516e-42
13.44	2.3058040e-39
13.47	4.7038704e-37
13.51	6.3912500e-35
13.54	5.9642240e-33
13.58	3.9327377e-31
13.61	1.8811136e-29
13.65	6.6874616e-28
13.68	1.8071198e-26
13.71	3.7897540e-25
13.75	6.2874403e-24
13.78	8.4001775e-23
13.82	9.1872950e-22
13.85	8.3515688e-21
13.88	6.3992703e-20
13.92	4.1871372e-19
13.95	2.3678096e-18
13.99	1.1701615e-17
14.02	5.1059718e-17
14.05	1.9859744e-16
14.09	6.9462514e-16
14.12	2.2026287e-15
14.16	6.3798880e-15
14.19	1.6997591e-14
14.22	4.1923599e-14
14.26	9.6296521e-14
14.29	2.0712494e-13
14.33	4.1930694e-13
14.36	8.0269333e-13
14.39	1.4593826e-12
14.43	2.5300502e-12
14.46	4.1979042e-12
14.50	6.6889186e-12
14.53	1.0267341e-11
14.57	1.5226066e-11
14.60	2.1872193e-11
14.63	3.0508815e-11
14.67	4.1414697e-11
14.70	5.4823930e-11
14.74	7.0907813e-11
14.77	8.9761131e-11
14.80	1.1139473e-10
14.84	1.3573573e-10
14.87	1.6263614e-10
14.91	1.9188968e-10
14.94	2.2325604e-10
14.97	2.5649073e-10
15.01	2.9137841e-10
15.04	3.2776747e-10
15.08	3.6560534e-10
15.11	4.0498560e-10
15.14	4.4619424e-10
15.18	4.8958076e-10
15.21	5.3549493e-10
15.25	5.8429008e-10
15.28	6.3632703e-10
15.31	6.9197778e-10
15.35	7.5162907e-10
15.38	8.1568590e-10
15.42	8.8457488e-10
15.45	9.5874770e-10
15.48	1.0386846e-09
15.52	1.1248978e-09
15.55	1.2179354e-09
15.59	1.3183849e-09
15.62	1.4268774e-09
15.66	1.5440914e-09
15.69	1.6707579e-09
15.72	1.8076645e-09
15.76	1.9556610e-09
15.79	2.1156641e-09
15.83	2.2886640e-09
15.86	2.4757299e-09
15.89	2.6780171e-09
15.93	2.8967741e-09
15.96	3.1333504e-09
16.00	3.3892048e-09
16.03	3.6659143e-09
16.06	3.9651843e-09
16.10	4.2888587e-09
16.13	4.6389314e-09
16.17	5.0175588e-09
16.20	5.4270729e-09
16.23	5.8699957e-09
16.27	6.3490548e-09
16.30	6.8672001e-09
16.34	7.4276224e-09
16.37	8.0337722e-09
16.40	8.6893819e-09
16.44	9.3984882e-09
16.47	1.0165457e-08
16.51	1.0995011e-08
16.54	1.1892257e-08
16.58	1.2862720e-08
16.61	1.3912375e-08
16.64	1.5047684e-08
16.68	1.6275637e-08
16.71	1.7603794e-08
16.75	1.9040334e-08
16.78	2.0594099e-08
16.81	2.2274657e-08
16.85	2.4092354e-08
16.88	2.6058382e-08
16.92	2.8184845e-08
16.95	3.0484834e-08
16.98	3.2972511e-08
17.02	3.5663192e-08
17.05	3.8573442e-08
17.09	4.1721179e-08
17.12	4.5125783e-08
17.15	4.8808217e-08
17.19	5.2791150e-08
17.22	5.7099107e-08
17.26	6.1758609e-08
17.29	6.6798345e-08
17.32	7.2249343e-08
17.36	7.8145164e-08
17.39	8.4522107e-08
17.43	9.1419435e-08
17.46	9.8879612e-08
17.49	1.0694857e-07
17.53	1.1567599e-07
17.56	1.2511560e-07
17.60	1.3532552e-07
17.63	1.4636862e-07
17.67	1.5831288e-07
17.70	1.7123184e-07
17.73	1.8520505e-07
17.77	2.0031853e-07
17.80	2.1666534e-07
17.84	2.3434613e-07
17.87	2.5346975e-07
17.90	2.7415395e-07
17.94	2.9652608e-07
17.97	3.2072388e-07
18.01	3.4689635e-07
18.04	3.7520463e-07
18.07	4.0582301e-07
18.11	4.3894001e-07
18.14	4.7475955e-07
18.18	5.1350217e-07
18.21	5.5540642e-07
18.24	6.0073030e-07
18.28	6.4975290e-07
18.31	7.0277607e-07
18.35	7.6012627e-07
18.38	8.2215666e-07
18.41	8.8924917e-07
18.45	9.6181694e-07
18.48	1.0403068e-06
18.52	1.1252021e-06
18.55	1.2170256e-06
18.59	1.3163427e-06
18.62	1.4237650e-06
18.65	1.5399540e-06
18.69	1.6656253e-06
18.72	1.8015527e-06
18.76	1.9485734e-06
18.79	2.1075927e-06
18.82	2.2795901e-06
18.86	2.4656248e-06
18.89	2.6668426e-06
18.93	2.8844830e-06
18.96	3.1198863e-06
18.99	3.3745026e-06
19.03	3.6499003e-06
19.06	3.9477759e-06
19.10	4.2699644e-06
19.13	4.6184507e-06
19.16	4.9953819e-06
19.20	5.4030803e-06
19.23	5.8440581e-06
19.27	6.3210326e-06
19.30	6.8369432e-06
19.33	7.3949696e-06
19.37	7.9985510e-06
19.40	8.6514082e-06
19.44	9.3575658e-06
19.47	1.0121378e-05
19.51	1.0947553e-05
19.54	1.1841187e-05
19.57	1.2807792e-05
19.61	1.3853330e-05
19.64	1.4984251e-05
19.68	1.6207534e-05
19.71	1.7530729e-05
19.74	1.8962003e-05
19.78	2.0510194e-05
19.81	2.2184863e-05
19.85	2.3996354e-05
19.88	2.5955861e-05
19.91	2.8075496e-05
19.95	3.0368361e-05
19.98	3.2848640e-05
20.02	3.5531677e-05
20.05	3.8434080e-05
20.08	4.1573820e-05
20.12	4.4970350e-05
20.15	4.8644720e-05
20.19	5.2619720e-05
20.22	5.6920016e-05
20.25	6.1572308e-05
20.29	6.6605506e-05
20.32	7.2050907e-05
20.36	7.7942400e-05
20.39	8.4316682e-05
20.42	9.1213495e-05
20.46	9.8675881e-05
20.49	1.0675047e-04
20.53	1.1548776e-04
20.56	1.2494250e-04
20.60	1.3517397e-04
20.63	1.4624646e-04
20.66	1.5822963e-04
20.70	1.7119901e-04
20.73	1.8523651e-04
20.77	2.0043097e-04
20.80	2.1687876e-04
20.83	2.3468443e-04
20.87	2.5396151e-04
20.90	2.7483320e-04
20.94	2.9743333e-04
20.97	3.2190729e-04
21.00	3.4841306e-04
21.04	3.7712242e-04
21.07	4.0822218e-04
21.11	4.4191562e-04
21.14	4.7842404e-04
21.17	5.1798846e-04
21.21	5.6087156e-04
21.24	6.0735979e-04
21.28	6.5776570e-04
21.31	7.1243059e-04
21.34	7.7172741e-04
21.38	8.3606404e-04
21.41	9.0588698e-04
21.45	9.8168540e-04
21.48	1.0639958e-03
21.52	1.1534074e-03
21.55	1.2505677e-03
21.58	1.3561896e-03
21.62	1.4710586e-03
21.65	1.5960420e-03
21.69	1.7320986e-03
21.72	1.8802901e-03
21.75	2.0417948e-03
21.79	2.2179224e-03
21.82	2.4101319e-03
21.86	2.6200527e-03
21.89	2.8495088e-03
21.92	3.1005474e-03
21.96	3.3754727e-03
21.99	3.6768867e-03
22.03	4.0077371e-03
22.06	4.3713754e-03
22.09	4.7716277e-03
22.13	5.2128798e-03
22.16	5.7001829e-03
22.20	6.2393842e-03
22.23	6.8372899e-03
22.26	7.5018715e-03
22.30	8.2425288e-03
22.33	9.0704305e-03
22.37	9.9989624e-03
22.40	1.1044327e-02
22.43	1.2226369e-02
22.47	1.3569754e-02
22.50	1.5105766e-02
22.54	1.6875329e-02
22.57	1.8934698e-02
22.61	2.1367231e-02
22.64	2.4308496e-02
22.67	2.7998448e-02
22.71	3.2882931e-02
22.74	3.9794256e-02
22.78	5.0240597e-02
22.81	6.6818321e-02
22.84	9.3724339e-02
22.88	1.3728947e-01
22.91	2.0639283e-01
22.95	3.1257483e-01
22.98	4.6966694e-01
23.01	6.9281381e-01
23.05	9.9687309e-01
23.08	1.3943154e+00
23.12	1.8928772e+00
23.15	2.4933060e+00
23.18	3.1875660e+00
23.22	3.9578273e+00
23.25	4.7764723e+00
23.29	5.6072235e+00
23.32	6.4073647e+00
23.35	7.1308996e+00
23.39	7.7323860e+00
23.42	8.1710979e+00
23.46	8.4151170e+00
23.49	8.4449281e+00
23.53	8.2561254e+00
23.56	7.8609177e+00
23.59	7.2883122e+00
23.63	6.5832015e+00
23.66	5.8054287e+00
23.70	5.0323445e+00
23.73	4.3366859e+00
23.76	3.7311667e+00
23.80	3.2077143e+00
23.83	2.7564855e+00
23.87	2.3681133e+00
23.90	2.0341580e+00
23.93	1.7471737e+00
23.97	1.5006588e+00
24.00	1.2889687e+00
24.04	1.1072206e+00
24.07	9.5120038e-01
24.10	8.1727700e-01
24.14	7.0232543e-01
24.17	6.0365848e-01
24.21	5.1896693e-01
24.24	4.4626734e-01
24.27	3.8385680e-01
24.31	3.3027363e-01
24.34	2.8426358e-01
24.38	2.4475053e-01
24.41	2.1081135e-01
24.44	1.8165427e-01
24.48	1.5660018e-01
24.51	1.3506669e-01
24.55	1.1655433e-01
24.58	1.0063479e-01
24.62	8.6940751e-02
24.65	7.5157200e-02
24.68	6.5013981e-02
24.72	5.6279394e-02
24.75	4.8754701e-02
24.79	4.2269434e-02
24.82	3.6677350e-02
24.85	3.1852984e-02
24.89	2.7688677e-02
24.92	2.4092042e-02
24.96	2.0983782e-02
24.99	1.8295825e-02
25.02	1.5969726e-02
25.06	1.3955292e-02
25.09	1.2209410e-02
25.13	1.0695041e-02
25.16	9.3803520e-03
25.19	8.2379798e-03
25.23	7.2443952e-03
25.26	6.3793595e-03
25.30	5.6254580e-03
25.33	4.9677008e-03
25.36	4.3931796e-03
25.40	3.8907743e-03
25.43	3.4509003e-03
25.47	3.0652930e-03
25.50	2.7268221e-03
25.54	2.4293321e-03
25.57	2.1675067e-03
25.60	1.9367507e-03
25.64	1.7330899e-03
25.67	1.5530850e-03
25.71	1.3937567e-03
25.74	1.2525229e-03
25.77	1.1271434e-03
25.81	1.0156729e-03
25.84	9.1642116e-04
25.88	8.2791742e-04
25.91	7.4888115e-04
25.94	6.7819603e-04
25.98	6.1488790e-04
26.01	5.5810566e-04
26.05	5.0710487e-04
26.08	4.6123357e-04
26.11	4.1992006e-04
26.15	3.8266242e-04
26.18	3.4901933e-04
26.22	3.1860230e-04
26.25	2.9106880e-04
26.28	2.6611647e-04
26.32	2.4347794e-04
26.35	2.2291650e-04
26.39	2.0422225e-04
26.42	1.8720879e-04
26.45	1.7171035e-04
26.49	1.5757927e-04
26.52	1.4468384e-04
26.56	1.3290642e-04
26.59	1.2214173e-04
26.63	1.1229549e-04
26.66	1.0328306e-04
26.69	9.5028445e-05
26.73	8.7463240e-05
26.76	8.0525829e-05
26.80	7.4160630e-05
26.83	6.8317435e-05
26.86	6.2950840e-05
26.90	5.8019734e-05
26.93	5.3486852e-05
26.97	4.9318373e-05
27.00	4.5483574e-05
