# NeutrinoAntineutrinoInteraction/NeutrinoAntineutrinoResonanceUp interaction rates
# neutrino field: massive Cosmic Neutrino Background, T_CnuB = 1.94535456 K
# Produced with crpropa-data version: 60a1560e37035039ec25f414e0c42a2444bad49c
# log10(E/eV), 1/lambda [1/Mpc]
11.26	0.0000000e+00
11.29	0.0000000e+00
11.33	0.0000000e+00
11.36	0.0000000e+00
11.40	0.0000000e+00
11.43	0.0000000e+00
11.46	0.0000000e+00
11.50	0.0000000e+00
11.53	0.0000000e+00
11.57	0.0000000e+00
11.60	0.0000000e+00
11.64	0.0000000e+00
11.67	0.0000000e+00
11.70	0.0000000e+00
11.74	0.0000000e+00
11.77	0.0000000e+00
11.81	0.0000000e+00
11.84	0.0000000e+00
11.87	0.0000000e+00
11.91	0.0000000e+00
11.94	0.0000000e+00
11.98	0.0000000e+00
12.01	0.0000000e+00
12.04	0.0000000e+00
12.08	0.0000000e+00
12.11	0.0000000e+00
12.15	0.0000000e+00
12.18	0.0000000e+00
12.21	0.0000000e+00
12.25	0.0000000e+00
12.28	0.0000000e+00
12.32	0.0000000e+00
12.35	0.0000000e+00
12.38	0.0000000e+00
12.42	0.0000000e+00
12.45	0.0000000e+00
12.49	0.0000000e+00
12.52	0.0000000e+00
12.56	0.0000000e+00
12.59	0.0000000e+00
12.62	0.0000000e+00
12.66	0.0000000e+00
12.69	0.0000000e+00
12.73	0.0000000e+00
12.76	0.0000000e+00
12.79	0.0000000e+00
12.83	0.0000000e+00
12.86	0.0000000e+00
12.90	0.0000000e+00
12.93	0.0000000e+00
12.96	0.0000000e+00
13.00	0.0000000e+00
13.03	0.0000000e+00
13.07	0.0000000e+00
13.10	0.0000000e+00
13.13	0.0000000e+00
13.17	0.0000000e+00
13.20	0.0000000e+00
13.24	0.0000000e+00
13.27	8.7553803e-257
13.30	2.5062894e-238
13.34	2.8935948e-221
13.37	1.7169254e-205
13.41	6.5507713e-191
13.44	1.9771662e-177
13.47	5.7174488e-165
13.51	1.8910232e-153
13.54	8.4266694e-143
13.58	5.8863829e-133
13.61	7.4146060e-124
13.65	1.9169344e-115
13.68	1.1465782e-107
13.71	1.7723931e-100
13.75	7.8440452e-94
13.78	1.0926021e-87
13.82	5.2281920e-82
13.85	9.3191365e-77
13.88	6.6689754e-72
13.92	2.0534495e-67
13.95	2.9005139e-63
13.99	1.9942044e-59
14.02	7.0498070e-56
14.05	1.3481055e-52
14.09	1.4614642e-49
14.12	9.3804906e-47
14.16	3.7109383e-44
14.19	9.3909408e-42
14.22	1.5734213e-39
14.26	1.8018665e-37
14.29	1.4525947e-35
14.33	8.4715293e-34
14.36	3.6656047e-32
14.39	1.2046252e-30
14.43	3.0724300e-29
14.46	6.2049312e-28
14.50	1.0108070e-26
14.53	1.3512095e-25
14.57	1.5058563e-24
14.60	1.4197318e-23
14.63	1.1477569e-22
14.67	8.0556787e-22
14.70	4.9647620e-21
14.74	2.7147659e-20
14.77	1.3293968e-19
14.80	5.8783440e-19
14.84	2.3638404e-18
14.87	8.6942991e-18
14.91	2.9364903e-17
14.94	9.1204637e-17
14.97	2.5976888e-16
15.01	6.7124298e-16
15.04	1.5322080e-15
15.08	2.9316283e-15
15.11	4.5081996e-15
15.14	6.0240793e-15
15.18	7.4969698e-15
15.21	8.9475667e-15
15.25	1.0394740e-14
15.28	1.1855896e-14
15.31	1.3347292e-14
15.35	1.4884319e-14
15.38	1.6481746e-14
15.42	1.8153943e-14
15.45	1.9915084e-14
15.48	2.1779326e-14
15.52	2.3760979e-14
15.55	2.5874666e-14
15.59	2.8135470e-14
15.62	3.0559080e-14
15.66	3.3161929e-14
15.69	3.5961337e-14
15.72	3.8975642e-14
15.76	4.2224349e-14
15.79	4.5728267e-14
15.83	4.9509658e-14
15.86	5.3592393e-14
15.89	5.8002114e-14
15.93	6.2766401e-14
15.96	6.7914955e-14
16.00	7.3479789e-14
16.03	7.9495433e-14
16.06	8.5999155e-14
16.10	9.3031193e-14
16.13	1.0063501e-13
16.17	1.0885756e-13
16.20	1.1774960e-13
16.23	1.2736598e-13
16.27	1.3776598e-13
16.30	1.4901372e-13
16.34	1.6117852e-13
16.37	1.7433532e-13
16.40	1.8856517e-13
16.44	2.0395573e-13
16.47	2.2060179e-13
16.51	2.3860586e-13
16.54	2.5807882e-13
16.58	2.7914057e-13
16.61	3.0192081e-13
16.64	3.2655980e-13
16.68	3.5320925e-13
16.71	3.8203326e-13
16.75	4.1320928e-13
16.78	4.4692928e-13
16.81	4.8340087e-13
16.85	5.2284859e-13
16.88	5.6551533e-13
16.92	6.1166377e-13
16.95	6.6157805e-13
16.98	7.1556548e-13
17.02	7.7395844e-13
17.05	8.3711647e-13
17.09	9.0542841e-13
17.12	9.7931482e-13
17.15	1.0592306e-12
17.19	1.1456678e-12
17.22	1.2391586e-12
17.26	1.3402786e-12
17.29	1.4496503e-12
17.32	1.5679472e-12
17.36	1.6958975e-12
17.39	1.8342891e-12
17.43	1.9839739e-12
17.46	2.1458736e-12
17.49	2.3209849e-12
17.53	2.5103859e-12
17.56	2.7152428e-12
17.60	2.9368168e-12
17.63	3.1764722e-12
17.67	3.4356843e-12
17.70	3.7160492e-12
17.73	4.0192929e-12
17.77	4.3472826e-12
17.80	4.7020375e-12
17.84	5.0857418e-12
17.87	5.5007579e-12
17.90	5.9496410e-12
17.94	6.4351549e-12
17.97	6.9602888e-12
18.01	7.5282757e-12
18.04	8.1426128e-12
18.07	8.8070825e-12
18.11	9.5257757e-12
18.14	1.0303118e-11
18.18	1.1143894e-11
18.21	1.2053282e-11
18.24	1.3036880e-11
18.28	1.4100744e-11
18.31	1.5251425e-11
18.35	1.6496007e-11
18.38	1.7842153e-11
18.41	1.9298152e-11
18.45	2.0872968e-11
18.48	2.2576297e-11
18.52	2.4418627e-11
18.55	2.6411303e-11
18.59	2.8566592e-11
18.62	3.0897765e-11
18.65	3.3419177e-11
18.69	3.6146353e-11
18.72	3.9096085e-11
18.76	4.2286535e-11
18.79	4.5737349e-11
18.82	4.9469776e-11
18.86	5.3506798e-11
18.89	5.7873275e-11
18.93	6.2596093e-11
18.96	6.7704336e-11
18.99	7.3229459e-11
19.03	7.9205486e-11
19.06	8.5669220e-11
19.10	9.2660465e-11
19.13	1.0022228e-10
19.16	1.0840122e-10
19.20	1.1724768e-10
19.23	1.2681612e-10
19.27	1.3716549e-10
19.30	1.4835953e-10
19.33	1.6046718e-10
19.37	1.7356303e-10
19.40	1.8772774e-10
19.44	2.0304857e-10
19.47	2.1961990e-10
19.51	2.3754383e-10
19.54	2.5693077e-10
19.57	2.7790018e-10
19.61	3.0058127e-10
19.64	3.2511381e-10
19.68	3.5164897e-10
19.71	3.8035029e-10
19.74	4.1139467e-10
19.78	4.4497348e-10
19.81	4.8129372e-10
19.85	5.2057932e-10
19.88	5.6307250e-10
19.91	6.0903533e-10
19.95	6.5875129e-10
19.98	7.1252705e-10
20.02	7.7069438e-10
20.05	8.3361221e-10
20.08	9.0166884e-10
20.12	9.7528438e-10
20.15	1.0549133e-09
20.19	1.1410475e-09
20.22	1.2342189e-09
20.25	1.3350032e-09
20.29	1.4440234e-09
20.32	1.5619535e-09
20.36	1.6895229e-09
20.39	1.8275207e-09
20.42	1.9768013e-09
20.46	2.1382888e-09
20.49	2.3129838e-09
20.53	2.5019691e-09
20.56	2.7064166e-09
20.60	2.9275950e-09
20.63	3.1668777e-09
20.66	3.4257514e-09
20.70	3.7058258e-09
20.73	4.0088439e-09
20.77	4.3366930e-09
20.80	4.6914172e-09
20.83	5.0752301e-09
20.87	5.4905297e-09
20.90	5.9399138e-09
20.94	6.4261971e-09
20.97	6.9524293e-09
21.00	7.5219160e-09
21.04	8.1382401e-09
21.07	8.8052861e-09
21.11	9.5272662e-09
21.14	1.0308749e-08
21.17	1.1154690e-08
21.21	1.2070466e-08
21.24	1.3061915e-08
21.28	1.4135373e-08
21.31	1.5297720e-08
21.34	1.6556433e-08
21.38	1.7919634e-08
21.41	1.9396155e-08
21.45	2.0995600e-08
21.48	2.2728420e-08
21.52	2.4605991e-08
21.55	2.6640701e-08
21.58	2.8846051e-08
21.62	3.1236763e-08
21.65	3.3828897e-08
21.69	3.6639989e-08
21.72	3.9689197e-08
21.75	4.2997471e-08
21.79	4.6587740e-08
21.82	5.0485118e-08
21.86	5.4717141e-08
21.89	5.9314038e-08
21.92	6.4309022e-08
21.96	6.9738640e-08
21.99	7.5643149e-08
22.03	8.2066964e-08
22.06	8.9059157e-08
22.09	9.6674033e-08
22.13	1.0497179e-07
22.16	1.1401928e-07
22.20	1.2389090e-07
22.23	1.3466960e-07
22.26	1.4644811e-07
22.30	1.5933029e-07
22.33	1.7343280e-07
22.37	1.8888706e-07
22.40	2.0584147e-07
22.43	2.2446423e-07
22.47	2.4494655e-07
22.50	2.6750659e-07
22.54	2.9239422e-07
22.57	3.1989682e-07
22.61	3.5034631e-07
22.64	3.8412788e-07
22.67	4.2169079e-07
22.71	4.6356185e-07
22.74	5.1036243e-07
22.78	5.6283002e-07
22.81	6.2184586e-07
22.84	6.8847082e-07
22.88	7.6399217e-07
22.91	8.4998576e-07
22.95	9.4839929e-07
22.98	1.0616658e-06
23.01	1.1928609e-06
23.05	1.3459241e-06
23.08	1.5259783e-06
23.12	1.7398006e-06
23.15	1.9965391e-06
23.18	2.3088459e-06
23.22	2.6947702e-06
23.25	3.1811889e-06
23.29	3.8107764e-06
23.32	4.6580703e-06
23.35	5.8703143e-06
23.39	7.7756211e-06
23.42	1.1165059e-05
23.46	1.7985778e-05
23.49	3.2879455e-05
23.53	6.6059207e-05
23.56	1.3692546e-04
23.59	2.7223169e-04
23.63	4.7678801e-04
23.66	6.5387841e-04
23.70	6.5313362e-04
23.73	5.7839218e-04
23.76	5.0310105e-04
23.80	4.3505385e-04
23.83	3.7516307e-04
23.87	3.2300967e-04
23.90	2.7783674e-04
23.93	2.3883006e-04
23.97	2.0521259e-04
24.00	1.7627671e-04
24.04	1.5139246e-04
24.07	1.3000601e-04
24.10	1.1163412e-04
24.14	9.5857177e-05
24.17	8.2311988e-05
24.21	7.0684920e-05
24.24	6.0705585e-05
24.27	5.2141160e-05
24.31	4.4791355e-05
24.34	3.8483990e-05
24.38	3.3071133e-05
24.41	2.8425742e-05
24.44	2.4438752e-05
24.48	2.1016562e-05
24.51	1.8078855e-05
24.55	1.5556728e-05
24.58	1.3391079e-05
24.62	1.1531220e-05
24.65	9.9336773e-06
24.68	8.5611733e-06
24.72	7.3817412e-06
24.75	6.3679703e-06
24.79	5.4963563e-06
24.82	4.7467447e-06
24.85	4.1018532e-06
24.89	3.5468614e-06
24.92	3.0690597e-06
24.96	2.6575481e-06
24.99	2.3029776e-06
25.02	1.9973290e-06
25.06	1.7337228e-06
25.09	1.5062567e-06
25.13	1.3098662e-06
25.16	1.1402048e-06
25.19	9.9354179e-07
25.23	8.6667457e-07
25.26	7.5685304e-07
25.30	6.6171541e-07
25.33	5.7923283e-07
25.36	5.0766202e-07
25.40	4.4550469e-07
25.43	3.9147274e-07
25.47	3.4445841e-07
25.50	3.0350876e-07
25.54	2.6780368e-07
25.57	2.3663712e-07
25.60	2.0940102e-07
25.64	1.8557140e-07
25.67	1.6469659e-07
25.71	1.4638701e-07
25.74	1.3030649e-07
25.77	1.1616475e-07
25.81	1.0371099e-07
25.84	9.2728405e-08
25.88	8.3029416e-08
25.91	7.4451632e-08
25.94	6.6854357e-08
25.98	6.0115589e-08
26.01	5.4129450e-08
26.05	4.8803970e-08
26.08	4.4059189e-08
26.11	3.9825518e-08
26.15	3.6042330e-08
26.18	3.2656754e-08
26.22	2.9622626e-08
26.25	2.6899595e-08
26.28	2.4452348e-08
26.32	2.2249942e-08
26.35	2.0265229e-08
26.39	1.8474359e-08
26.42	1.6856353e-08
26.45	1.5392727e-08
26.49	1.4067180e-08
26.52	1.2865308e-08
26.56	1.1774370e-08
26.59	1.0783077e-08
26.63	9.8814129e-09
26.66	9.0604760e-09
26.69	8.3123460e-09
26.73	7.6299630e-09
26.76	7.0070261e-09
26.80	6.4379025e-09
26.83	5.9175501e-09
26.86	5.4414486e-09
26.90	5.0055399e-09
26.93	4.6061758e-09
26.97	4.2400720e-09
27.00	3.9042682e-09
