# NeutrinoAntineutrinoInteraction/NeutrinoAntineutrinoResonanceUp interaction rates
# neutrino field: massive Cosmic Neutrino Background, T_CnuB = 1.94535456 K
# Produced with crpropa-data version: 60a1560e37035039ec25f414e0c42a2444bad49c
# log10(E/eV), 1/lambda [1/Mpc]
10.03	0.0000000e+00
10.07	0.0000000e+00
10.10	0.0000000e+00
10.14	0.0000000e+00
10.17	0.0000000e+00
10.20	0.0000000e+00
10.24	0.0000000e+00
10.27	0.0000000e+00
10.31	0.0000000e+00
10.34	0.0000000e+00
10.37	0.0000000e+00
10.41	0.0000000e+00
10.44	0.0000000e+00
10.48	0.0000000e+00
10.51	0.0000000e+00
10.55	0.0000000e+00
10.58	0.0000000e+00
10.61	0.0000000e+00
10.65	0.0000000e+00
10.68	0.0000000e+00
10.72	0.0000000e+00
10.75	0.0000000e+00
10.78	0.0000000e+00
10.82	0.0000000e+00
10.85	0.0000000e+00
10.89	0.0000000e+00
10.92	0.0000000e+00
10.95	0.0000000e+00
10.99	0.0000000e+00
11.02	0.0000000e+00
11.06	0.0000000e+00
11.09	0.0000000e+00
11.12	0.0000000e+00
11.16	0.0000000e+00
11.19	0.0000000e+00
11.23	0.0000000e+00
11.26	0.0000000e+00
11.29	0.0000000e+00
11.33	0.0000000e+00
11.36	0.0000000e+00
11.40	0.0000000e+00
11.43	0.0000000e+00
11.46	0.0000000e+00
11.50	0.0000000e+00
11.53	0.0000000e+00
11.57	0.0000000e+00
11.60	0.0000000e+00
11.64	0.0000000e+00
11.67	0.0000000e+00
11.70	0.0000000e+00
11.74	0.0000000e+00
11.77	0.0000000e+00
11.81	0.0000000e+00
11.84	0.0000000e+00
11.87	0.0000000e+00
11.91	0.0000000e+00
11.94	0.0000000e+00
11.98	0.0000000e+00
12.01	5.3905115e-267
12.04	3.2304254e-247
12.08	6.1969499e-229
12.11	4.9335264e-212
12.15	2.0723478e-196
12.18	5.7344497e-182
12.21	1.2834241e-168
12.25	2.8086609e-156
12.28	7.1624848e-145
12.32	2.5032273e-134
12.35	1.3929384e-124
12.38	1.4176477e-115
12.42	2.9996933e-107
12.45	1.4856798e-99
12.49	1.9217561e-92
12.52	7.1844093e-86
12.56	8.5247110e-80
12.59	3.5008346e-74
12.62	5.3906035e-69
12.66	3.3513874e-64
12.69	9.0085715e-60
12.73	1.1153518e-55
12.76	6.7437302e-52
12.79	2.1019011e-48
12.83	3.5503221e-45
12.86	3.4036756e-42
12.90	1.9329502e-39
12.93	6.7647593e-37
12.96	1.5132680e-34
13.00	2.2381398e-32
13.03	2.2580630e-30
13.07	1.5995922e-28
13.10	8.1716218e-27
13.13	3.0857465e-25
13.17	8.8122012e-24
13.20	1.9438061e-22
13.24	3.3771279e-21
13.27	4.7055614e-20
13.30	5.3468505e-19
13.34	5.0317057e-18
13.37	3.9780189e-17
13.41	2.6772614e-16
13.44	1.5527243e-15
13.47	7.8485048e-15
13.51	3.4938975e-14
13.54	1.3831391e-13
13.58	4.9129453e-13
13.61	1.5788327e-12
13.65	4.6257079e-12
13.68	1.2443726e-11
13.71	3.0939008e-11
13.75	7.1529998e-11
13.78	1.5464750e-10
13.82	3.1429459e-10
13.85	6.0335066e-10
13.88	1.0989720e-09
13.92	1.9071705e-09
13.95	3.1655428e-09
13.99	5.0432418e-09
14.02	7.7376317e-09
14.05	1.1467585e-08
14.09	1.6463946e-08
14.12	2.2958178e-08
14.16	3.1170542e-08
14.19	4.1299223e-08
14.22	5.3511700e-08
14.26	6.7939277e-08
14.29	8.4675296e-08
14.33	1.0377700e-07
14.36	1.2527066e-07
14.39	1.4915917e-07
14.43	1.7543125e-07
14.46	2.0407127e-07
14.50	2.3506883e-07
14.53	2.6842743e-07
14.57	3.0417189e-07
14.60	3.4235412e-07
14.63	3.8305736e-07
14.67	4.2639904e-07
14.70	4.7253237e-07
14.74	5.2164714e-07
14.77	5.7396980e-07
14.80	6.2976326e-07
14.84	6.8932664e-07
14.87	7.5299499e-07
14.91	8.2113934e-07
14.94	8.9416702e-07
14.97	9.7252243e-07
15.01	1.0566881e-06
15.04	1.1471866e-06
15.08	1.2445823e-06
15.11	1.3494839e-06
15.14	1.4625477e-06
15.18	1.5844811e-06
15.21	1.7160460e-06
15.25	1.8580636e-06
15.28	2.0114193e-06
15.31	2.1770673e-06
15.35	2.3560373e-06
15.38	2.5494400e-06
15.42	2.7584745e-06
15.45	2.9844350e-06
15.48	3.2287197e-06
15.52	3.4928385e-06
15.55	3.7784231e-06
15.59	4.0872365e-06
15.62	4.4211843e-06
15.66	4.7823264e-06
15.69	5.1728896e-06
15.72	5.5952814e-06
15.76	6.0521050e-06
15.79	6.5461751e-06
15.83	7.0805356e-06
15.86	7.6584781e-06
15.89	8.2835625e-06
15.93	8.9596384e-06
15.96	9.6908694e-06
16.00	1.0481759e-05
16.03	1.1337176e-05
16.06	1.2262389e-05
16.10	1.3263094e-05
16.13	1.4345454e-05
16.17	1.5516132e-05
16.20	1.6782337e-05
16.23	1.8151864e-05
16.27	1.9633145e-05
16.30	2.1235302e-05
16.34	2.2968197e-05
16.37	2.4842501e-05
16.40	2.6869753e-05
16.44	2.9062434e-05
16.47	3.1434045e-05
16.51	3.3999187e-05
16.54	3.6773654e-05
16.58	3.9774526e-05
16.61	4.3020280e-05
16.64	4.6530899e-05
16.68	5.0327997e-05
16.71	5.4434953e-05
16.75	5.8877051e-05
16.78	6.3681642e-05
16.81	6.8878306e-05
16.85	7.4499037e-05
16.88	8.0578442e-05
16.92	8.7153950e-05
16.95	9.4266046e-05
16.98	1.0195852e-04
17.02	1.1027873e-04
17.05	1.1927790e-04
17.09	1.2901144e-04
17.12	1.3953927e-04
17.15	1.5092623e-04
17.19	1.6324240e-04
17.22	1.7656363e-04
17.26	1.9097193e-04
17.29	2.0655601e-04
17.32	2.2341182e-04
17.36	2.4164314e-04
17.39	2.6136222e-04
17.43	2.8269047e-04
17.46	3.0575921e-04
17.49	3.3071047e-04
17.53	3.5769788e-04
17.56	3.8688759e-04
17.60	4.1845934e-04
17.63	4.5260751e-04
17.67	4.8954236e-04
17.70	5.2949130e-04
17.73	5.7270030e-04
17.77	6.1943542e-04
17.80	6.6998441e-04
17.84	7.2465852e-04
17.87	7.8379439e-04
17.90	8.4775616e-04
17.94	9.1693766e-04
17.97	9.9176487e-04
18.01	1.0726986e-03
18.04	1.1602371e-03
18.07	1.2549195e-03
18.11	1.3573288e-03
18.14	1.4680957e-03
18.18	1.5879021e-03
18.21	1.7174860e-03
18.24	1.8576454e-03
18.28	2.0092433e-03
18.31	2.1732133e-03
18.35	2.3505654e-03
18.38	2.5423917e-03
18.41	2.7498738e-03
18.45	2.9742894e-03
18.48	3.2170209e-03
18.52	3.4795634e-03
18.55	3.7635339e-03
18.59	4.0706819e-03
18.62	4.4028993e-03
18.65	4.7622328e-03
18.69	5.1508962e-03
18.72	5.5712840e-03
18.76	6.0259866e-03
18.79	6.5178056e-03
18.82	7.0497720e-03
18.86	7.6251639e-03
18.89	8.2475277e-03
18.93	8.9206996e-03
18.96	9.6488291e-03
18.99	1.0436405e-02
19.03	1.1288284e-02
19.06	1.2209718e-02
19.10	1.3206390e-02
19.13	1.4284448e-02
19.16	1.5450541e-02
19.20	1.6711866e-02
19.23	1.8076204e-02
19.27	1.9551978e-02
19.30	2.1148298e-02
19.33	2.2875020e-02
19.37	2.4742810e-02
19.40	2.6763206e-02
19.44	2.8948693e-02
19.47	3.1312781e-02
19.51	3.3870089e-02
19.54	3.6636434e-02
19.57	3.9628934e-02
19.61	4.2866115e-02
19.64	4.6368027e-02
19.68	5.0156366e-02
19.71	5.4254621e-02
19.74	5.8688211e-02
19.78	6.3484656e-02
19.81	6.8673746e-02
19.85	7.4287733e-02
19.88	8.0361537e-02
19.91	8.6932969e-02
19.95	9.4042975e-02
19.98	1.0173590e-01
20.02	1.1005978e-01
20.05	1.1906664e-01
20.08	1.2881285e-01
20.12	1.3935950e-01
20.15	1.5077276e-01
20.19	1.6312437e-01
20.22	1.7649212e-01
20.25	1.9096031e-01
20.29	2.0662039e-01
20.32	2.2357154e-01
20.36	2.4192138e-01
20.39	2.6178667e-01
20.42	2.8329419e-01
20.46	3.0658156e-01
20.49	3.3179830e-01
20.53	3.5910683e-01
20.56	3.8868371e-01
20.60	4.2072091e-01
20.63	4.5542728e-01
20.66	4.9303008e-01
20.70	5.3377679e-01
20.73	5.7793704e-01
20.77	6.2580472e-01
20.80	6.7770043e-01
20.83	7.3397406e-01
20.87	7.9500786e-01
20.90	8.6121965e-01
20.94	9.3306658e-01
20.97	1.0110493e+00
21.00	1.0957165e+00
21.04	1.1876706e+00
21.07	1.2875731e+00
21.11	1.3961518e+00
21.14	1.5142083e+00
21.17	1.6426270e+00
21.21	1.7823848e+00
21.24	1.9345628e+00
21.28	2.1003596e+00
21.31	2.2811068e+00
21.34	2.4782867e+00
21.38	2.6935529e+00
21.41	2.9287552e+00
21.45	3.1859683e+00
21.48	3.4675253e+00
21.52	3.7760590e+00
21.55	4.1145497e+00
21.58	4.4863841e+00
21.62	4.8954260e+00
21.65	5.3461029e+00
21.69	5.8435131e+00
21.72	6.3935580e+00
21.75	7.0031089e+00
21.79	7.6802190e+00
21.82	8.4343958e+00
21.86	9.2769570e+00
21.89	1.0221505e+01
21.92	1.1284572e+01
21.96	1.2486541e+01
21.99	1.3853020e+01
22.03	1.5417133e+01
22.06	1.7223777e+01
22.09	1.9338373e+01
22.13	2.1865578e+01
22.16	2.4988421e+01
22.20	2.9045022e+01
22.23	3.4666010e+01
22.26	4.2995775e+01
22.30	5.6008137e+01
22.33	7.6897277e+01
22.37	1.1048009e+02
22.40	1.6349885e+02
22.43	2.4468296e+02
22.47	3.6443600e+02
22.50	5.3406893e+02
22.54	7.6459543e+02
22.57	1.0652168e+03
22.61	1.4417196e+03
22.64	1.8950596e+03
22.67	2.4203953e+03
22.71	3.0067663e+03
22.74	3.6375008e+03
22.78	4.2913154e+03
22.81	4.9439590e+03
22.84	5.5701722e+03
22.88	6.1457061e+03
22.91	6.6491506e+03
22.95	7.0633773e+03
22.98	7.3764707e+03
23.01	7.5821076e+03
23.05	7.6794186e+03
23.08	7.6724223e+03
23.12	7.5691599e+03
23.15	7.3806664e+03
23.18	7.1199048e+03
23.22	6.8007645e+03
23.25	6.4371973e+03
23.29	6.0425276e+03
23.32	5.6289521e+03
23.35	5.2072169e+03
23.39	4.7864524e+03
23.42	4.3741350e+03
23.46	3.9761441e+03
23.49	3.5968853e+03
23.53	3.2394539e+03
23.56	2.9058171e+03
23.59	2.5970010e+03
23.63	2.3132691e+03
23.66	2.0542869e+03
23.70	1.8192677e+03
23.73	1.6070974e+03
23.76	1.4164405e+03
23.80	1.2458254e+03
23.83	1.0937131e+03
23.87	9.5855049e+02
23.90	8.3881033e+02
23.93	7.3302058e+02
23.97	6.3978448e+02
24.00	5.5779356e+02
24.04	4.8583494e+02
24.07	4.2279431e+02
24.10	3.6765564e+02
24.14	3.1949851e+02
24.17	2.7749379e+02
24.21	2.4089828e+02
24.24	2.0904865e+02
24.27	1.8135514e+02
24.31	1.5729515e+02
24.34	1.3640699e+02
24.38	1.1828387e+02
24.41	1.0256823e+02
24.44	8.8946462e+01
24.48	7.7144038e+01
24.51	6.6921047e+01
24.55	5.8068161e+01
24.58	5.0402992e+01
24.62	4.3766823e+01
24.65	3.8021692e+01
24.68	3.3047796e+01
24.72	2.8741201e+01
24.75	2.5011805e+01
24.79	2.1781560e+01
24.82	1.8982895e+01
24.85	1.6557347e+01
24.89	1.4454358e+01
24.92	1.2630219e+01
24.96	1.1047160e+01
24.99	9.6725500e+00
25.02	8.4782066e+00
25.06	7.4397908e+00
25.09	6.5362873e+00
25.13	5.7495511e+00
25.16	5.0639160e+00
25.19	4.4658553e+00
25.23	3.9436890e+00
25.26	3.4873300e+00
25.30	3.0880657e+00
25.33	2.7383687e+00
25.36	2.4317339e+00
25.40	2.1625381e+00
25.43	1.9259184e+00
25.47	1.7176675e+00
25.50	1.5341442e+00
25.54	1.3721951e+00
25.57	1.2290881e+00
25.60	1.1024541e+00
25.64	9.9023827e-01
25.67	8.9065627e-01
25.71	8.0215798e-01
25.74	7.2339547e-01
25.77	6.5319566e-01
25.81	5.9053670e-01
25.84	5.3452762e-01
25.88	4.8439079e-01
25.91	4.3944678e-01
25.94	3.9910129e-01
25.98	3.6283389e-01
26.01	3.3018833e-01
26.05	3.0076407e-01
26.08	2.7420907e-01
26.11	2.5021351e-01
26.15	2.2850433e-01
26.18	2.0884057e-01
26.22	1.9100930e-01
26.25	1.7482206e-01
26.28	1.6011183e-01
26.32	1.4673037e-01
26.35	1.3454592e-01
26.39	1.2344119e-01
26.42	1.1331163e-01
26.45	1.0406388e-01
26.49	9.5614500e-02
26.52	8.7888748e-02
26.56	8.0819628e-02
26.59	7.4346978e-02
26.63	6.8416703e-02
26.66	6.2980102e-02
26.69	5.7993265e-02
26.73	5.3416556e-02
26.76	4.9214151e-02
26.80	4.5353631e-02
26.83	4.1805626e-02
26.86	3.8543494e-02
26.90	3.5543049e-02
26.93	3.2782302e-02
26.97	3.0241249e-02
27.00	2.7901673e-02
