# NeutrinoAntineutrinoInteraction/NeutrinoAntineutrinoResonanceUp interaction rates
# neutrino field: massive Cosmic Neutrino Background, T_CnuB = 1.94535456 K
# Produced with crpropa-data version: 60a1560e37035039ec25f414e0c42a2444bad49c
# log10(E/eV), 1/lambda [1/Mpc]
10.55	0.0000000e+00
10.58	0.0000000e+00
10.61	0.0000000e+00
10.65	0.0000000e+00
10.68	0.0000000e+00
10.72	0.0000000e+00
10.75	0.0000000e+00
10.78	0.0000000e+00
10.82	0.0000000e+00
10.85	0.0000000e+00
10.89	0.0000000e+00
10.92	0.0000000e+00
10.95	0.0000000e+00
10.99	0.0000000e+00
11.02	0.0000000e+00
11.06	0.0000000e+00
11.09	0.0000000e+00
11.12	0.0000000e+00
11.16	0.0000000e+00
11.19	0.0000000e+00
11.23	0.0000000e+00
11.26	0.0000000e+00
11.29	0.0000000e+00
11.33	0.0000000e+00
11.36	0.0000000e+00
11.40	0.0000000e+00
11.43	0.0000000e+00
11.46	0.0000000e+00
11.50	0.0000000e+00
11.53	0.0000000e+00
11.57	0.0000000e+00
11.60	0.0000000e+00
11.64	0.0000000e+00
11.67	0.0000000e+00
11.70	0.0000000e+00
11.74	0.0000000e+00
11.77	0.0000000e+00
11.81	0.0000000e+00
11.84	0.0000000e+00
11.87	0.0000000e+00
11.91	0.0000000e+00
11.94	0.0000000e+00
11.98	0.0000000e+00
12.01	0.0000000e+00
12.04	0.0000000e+00
12.08	0.0000000e+00
12.11	0.0000000e+00
12.15	0.0000000e+00
12.18	0.0000000e+00
12.21	0.0000000e+00
12.25	0.0000000e+00
12.28	0.0000000e+00
12.32	0.0000000e+00
12.35	0.0000000e+00
12.38	0.0000000e+00
12.42	0.0000000e+00
12.45	0.0000000e+00
12.49	0.0000000e+00
12.52	1.7454636e-265
12.56	4.7547208e-246
12.59	4.4000966e-228
12.62	1.7854430e-211
12.66	4.0219700e-196
12.69	6.2556556e-182
12.73	8.2192659e-169
12.76	1.0992504e-156
12.79	1.7779989e-145
12.83	4.0790323e-135
12.86	1.5380518e-125
12.90	1.0923003e-116
12.93	1.6572031e-108
12.96	6.0346236e-101
13.00	5.8739181e-94
13.03	1.6882764e-87
13.07	1.5709787e-81
13.10	5.1530663e-76
13.13	6.4461367e-71
13.17	3.3072246e-66
13.20	7.4433298e-62
13.24	7.8201656e-58
13.27	4.0623608e-54
13.30	1.1003741e-50
13.34	1.6324728e-47
13.37	1.3881291e-44
13.41	7.0556738e-42
13.44	2.2286528e-39
13.47	4.5346121e-37
13.51	6.1440425e-35
13.54	5.7163654e-33
13.58	3.7572296e-31
13.61	1.7910123e-29
13.65	6.3438753e-28
13.68	1.7075914e-26
13.71	3.5661575e-25
13.75	5.8903318e-24
13.78	7.8326699e-23
13.82	8.5239141e-22
13.85	7.7076132e-21
13.88	5.8728572e-20
13.92	3.8200311e-19
13.95	2.1467844e-18
13.99	1.0539965e-17
14.02	4.5675450e-17
14.05	1.7638001e-16
14.09	6.1229415e-16
14.12	1.9264222e-15
14.16	5.5347310e-15
14.19	1.4622616e-14
14.22	3.5755447e-14
14.26	8.1403943e-14
14.29	1.7351634e-13
14.33	3.4806090e-13
14.36	6.6016760e-13
14.39	1.1891856e-12
14.43	2.0427410e-12
14.46	3.3588212e-12
14.50	5.3050751e-12
14.53	8.0748971e-12
14.57	1.1880373e-11
14.60	1.6942706e-11
14.63	2.3481174e-11
14.67	3.1701946e-11
14.70	4.1788091e-11
14.74	5.3891956e-11
14.77	6.8130714e-11
14.80	8.4585437e-11
14.84	1.0330362e-10
14.87	1.2430467e-10
14.91	1.4758754e-10
14.94	1.7313976e-10
14.97	2.0094674e-10
15.01	2.3100085e-10
15.04	2.6330939e-10
15.08	2.9790133e-10
15.11	3.3483250e-10
15.14	3.7418934e-10
15.18	4.1609129e-10
15.21	4.6069213e-10
15.25	5.0818060e-10
15.28	5.5878036e-10
15.31	6.1274978e-10
15.35	6.7038167e-10
15.38	7.3200311e-10
15.42	7.9797551e-10
15.45	8.6869502e-10
15.48	9.4459333e-10
15.52	1.0261389e-09
15.55	1.1138384e-09
15.59	1.2082394e-09
15.62	1.3099319e-09
15.66	1.4195524e-09
15.69	1.5377863e-09
15.72	1.6653724e-09
15.76	1.8031069e-09
15.79	1.9518479e-09
15.83	2.1125210e-09
15.86	2.2861243e-09
15.89	2.4737352e-09
15.93	2.6765163e-09
15.96	2.8957231e-09
16.00	3.1327115e-09
16.03	3.3889462e-09
16.06	3.6660099e-09
16.10	3.9656129e-09
16.13	4.2896038e-09
16.17	4.6399807e-09
16.20	5.0189040e-09
16.23	5.4287094e-09
16.27	5.8719223e-09
16.30	6.3512735e-09
16.34	6.8697162e-09
16.37	7.4304438e-09
16.40	8.0369099e-09
16.44	8.6928497e-09
16.47	9.4023026e-09
16.51	1.0169637e-08
16.54	1.0999579e-08
16.58	1.1897239e-08
16.61	1.2868143e-08
16.64	1.3918269e-08
16.68	1.5054085e-08
16.71	1.6282582e-08
16.75	1.7611325e-08
16.78	1.9048495e-08
16.81	2.0602940e-08
16.85	2.2284232e-08
16.88	2.4102720e-08
16.92	2.6069602e-08
16.95	2.8196988e-08
16.98	3.0497974e-08
17.02	3.2986729e-08
17.05	3.5678574e-08
17.09	3.8590084e-08
17.12	4.1739182e-08
17.15	4.5145259e-08
17.19	4.8829283e-08
17.22	5.2813938e-08
17.26	5.7123756e-08
17.29	6.1785271e-08
17.32	6.6827184e-08
17.36	7.2280536e-08
17.39	7.8178903e-08
17.43	8.4558600e-08
17.46	9.1458905e-08
17.49	9.8922303e-08
17.53	1.0699474e-07
17.56	1.1572593e-07
17.60	1.2516962e-07
17.63	1.3538395e-07
17.67	1.4643181e-07
17.70	1.5838122e-07
17.73	1.7130576e-07
17.77	1.8528500e-07
17.80	2.0040501e-07
17.84	2.1675887e-07
17.87	2.3444729e-07
17.90	2.5357916e-07
17.94	2.7427228e-07
17.97	2.9665406e-07
18.01	3.2086230e-07
18.04	3.4704606e-07
18.07	3.7536654e-07
18.11	4.0599813e-07
18.14	4.3912942e-07
18.18	4.7496440e-07
18.21	5.1372372e-07
18.24	5.5564602e-07
18.28	6.0098944e-07
18.31	6.5003316e-07
18.35	7.0307916e-07
18.38	7.6045406e-07
18.41	8.2251116e-07
18.45	8.8963255e-07
18.48	9.6223155e-07
18.52	1.0407552e-06
18.55	1.1256870e-06
18.59	1.2175499e-06
18.62	1.3169097e-06
18.65	1.4243782e-06
18.69	1.5406171e-06
18.72	1.6663423e-06
18.76	1.8023280e-06
18.79	1.9494117e-06
18.82	2.1084992e-06
18.86	2.2805703e-06
18.89	2.4666846e-06
18.93	2.6679885e-06
18.96	2.8857218e-06
18.99	3.1212256e-06
19.03	3.3759506e-06
19.06	3.6514656e-06
19.10	3.9494680e-06
19.13	4.2717935e-06
19.16	4.6204277e-06
19.20	4.9975187e-06
19.23	5.4053897e-06
19.27	5.8465538e-06
19.30	6.3237295e-06
19.33	6.8398574e-06
19.37	7.3981182e-06
19.40	8.0019527e-06
19.44	8.6550829e-06
19.47	9.3615351e-06
19.51	1.0125664e-05
19.54	1.0952182e-05
19.57	1.1846186e-05
19.61	1.2813189e-05
19.64	1.3859155e-05
19.68	1.4990538e-05
19.71	1.6214318e-05
19.74	1.7538047e-05
19.78	1.8969897e-05
19.81	2.0518706e-05
19.85	2.2194040e-05
19.88	2.4006245e-05
19.91	2.5966518e-05
19.95	2.8086974e-05
19.98	3.0380720e-05
20.02	3.2861941e-05
20.05	3.5545987e-05
20.08	3.8449467e-05
20.12	4.1590357e-05
20.15	4.4988113e-05
20.19	4.8663789e-05
20.22	5.2640176e-05
20.25	5.6941943e-05
20.29	6.1595795e-05
20.32	6.6630639e-05
20.36	7.2077775e-05
20.39	7.7971090e-05
20.42	8.4347281e-05
20.46	9.1246084e-05
20.49	9.8710538e-05
20.53	1.0678726e-04
20.56	1.1552675e-04
20.60	1.2498372e-04
20.63	1.3521744e-04
20.66	1.4629218e-04
20.70	1.5827756e-04
20.73	1.7124908e-04
20.77	1.8528860e-04
20.80	2.0048488e-04
20.83	2.1693422e-04
20.87	2.3474110e-04
20.90	2.5401892e-04
20.94	2.7489074e-04
20.97	2.9749026e-04
21.00	3.2196264e-04
21.04	3.4846565e-04
21.07	3.7717079e-04
21.11	4.0826455e-04
21.14	4.4194980e-04
21.17	4.7844739e-04
21.21	5.1799779e-04
21.24	5.6086304e-04
21.28	6.0732879e-04
21.31	6.5770671e-04
21.34	7.1233701e-04
21.38	7.7159138e-04
21.41	8.3587622e-04
21.45	9.0563626e-04
21.48	9.8135862e-04
21.52	1.0635774e-03
21.55	1.1528789e-03
21.58	1.2499074e-03
21.62	1.3553717e-03
21.65	1.4700530e-03
21.69	1.5948131e-03
21.72	1.7306046e-03
21.75	1.8784820e-03
21.79	2.0396150e-03
21.82	2.2153034e-03
21.86	2.4069951e-03
21.89	2.6163063e-03
21.92	2.8450457e-03
21.96	3.0952431e-03
21.99	3.3691830e-03
22.03	3.6694449e-03
22.06	3.9989515e-03
22.09	4.3610265e-03
22.13	4.7594656e-03
22.16	5.1986228e-03
22.20	5.6835172e-03
22.23	6.2199661e-03
22.26	6.8147523e-03
22.30	7.4758372e-03
22.33	8.2126369e-03
22.37	9.0363823e-03
22.40	9.9606030e-03
22.43	1.1001791e-02
22.47	1.2180352e-02
22.50	1.3522063e-02
22.54	1.5060550e-02
22.57	1.6842022e-02
22.61	1.8935139e-02
22.64	2.1452110e-02
22.67	2.4592323e-02
22.71	2.8726316e-02
22.74	3.4542848e-02
22.78	4.3279719e-02
22.81	5.7043599e-02
22.84	7.9192103e-02
22.88	1.1470687e-01
22.91	1.7044313e-01
22.95	2.5511911e-01
22.98	3.7892527e-01
23.01	5.5269539e-01
23.05	7.8667805e-01
23.08	1.0890526e+00
23.12	1.4644178e+00
23.15	1.9125168e+00
23.18	2.4274392e+00
23.22	2.9974661e+00
23.25	3.6056130e+00
23.29	4.2308085e+00
23.32	4.8495491e+00
23.35	5.4378020e+00
23.39	5.9729084e+00
23.42	6.4352591e+00
23.46	6.8095694e+00
23.49	7.0856505e+00
23.53	7.2586567e+00
23.56	7.3288536e+00
23.59	7.3010040e+00
23.63	7.1834971e+00
23.66	6.9873497e+00
23.70	6.7251965e+00
23.73	6.4103593e+00
23.76	6.0560581e+00
23.80	5.6747931e+00
23.83	5.2779068e+00
23.87	4.8753114e+00
23.90	4.4753616e+00
23.93	4.0848398e+00
23.97	3.7090277e+00
24.00	3.3518337e+00
24.04	3.0159546e+00
24.07	2.7030513e+00
24.10	2.4139263e+00
24.14	2.1486911e+00
24.17	1.9069195e+00
24.21	1.6877826e+00
24.24	1.4901631e+00
24.27	1.3127524e+00
24.31	1.1541281e+00
24.34	1.0128157e+00
24.38	8.8733719e-01
24.41	7.7624596e-01
24.44	6.7815305e-01
24.48	5.9174457e-01
24.51	5.1579277e-01
24.55	4.4916200e-01
24.58	3.9081076e-01
24.62	3.3979086e-01
24.65	2.9524445e-01
24.68	2.5639971e-01
24.72	2.2256544e-01
24.75	1.9312533e-01
24.79	1.6753180e-01
24.82	1.4530002e-01
24.85	1.2600189e-01
24.89	1.0926044e-01
24.92	9.4744509e-02
24.96	8.2163744e-02
24.99	7.1264083e-02
25.02	6.1823585e-02
25.06	5.3648661e-02
25.09	4.6570688e-02
25.13	4.0442962e-02
25.16	3.5137995e-02
25.19	3.0545104e-02
25.23	2.6568282e-02
25.26	2.3124315e-02
25.30	2.0141131e-02
25.33	1.7556341e-02
25.36	1.5315973e-02
25.40	1.3373354e-02
25.43	1.1688141e-02
25.47	1.0225473e-02
25.50	8.9552341e-03
25.54	7.8514145e-03
25.57	6.8915533e-03
25.60	6.0562569e-03
25.64	5.3287804e-03
25.67	4.6946668e-03
25.71	4.1414329e-03
25.74	3.6582997e-03
25.77	3.2359578e-03
25.81	2.8663660e-03
25.84	2.5425765e-03
25.88	2.2585849e-03
25.91	2.0092001e-03
25.94	1.7899326e-03
25.98	1.5968980e-03
26.01	1.4267339e-03
26.05	1.2765282e-03
26.08	1.1437573e-03
26.11	1.0262329e-03
26.15	9.2205640e-04
26.18	8.2957900e-04
26.22	7.4736807e-04
26.25	6.7417759e-04
26.28	6.0892295e-04
26.32	5.5065919e-04
26.35	4.9856219e-04
26.39	4.5191249e-04
26.42	4.1008134e-04
26.45	3.7251864e-04
26.49	3.3874253e-04
26.52	3.0833046e-04
26.56	2.8091137e-04
26.59	2.5615905e-04
26.63	2.3378629e-04
26.66	2.1353994e-04
26.69	1.9519649e-04
26.73	1.7855839e-04
26.76	1.6345072e-04
26.80	1.4971843e-04
26.83	1.3722385e-04
26.86	1.2584458e-04
26.90	1.1547162e-04
26.93	1.0600778e-04
26.97	9.7366249e-05
27.00	8.9469396e-05
