# NeutrinoAntineutrinoInteraction/NeutrinoAntineutrinoResonanceUp interaction rates
# neutrino field: massive Cosmic Neutrino Background, T_CnuB = 1.94535456 K
# Produced with crpropa-data version: 60a1560e37035039ec25f414e0c42a2444bad49c
# log10(E/eV), 1/lambda [1/Mpc]
10.41	0.0000000e+00
10.44	0.0000000e+00
10.48	0.0000000e+00
10.51	0.0000000e+00
10.55	0.0000000e+00
10.58	0.0000000e+00
10.61	0.0000000e+00
10.65	0.0000000e+00
10.68	0.0000000e+00
10.72	0.0000000e+00
10.75	0.0000000e+00
10.78	0.0000000e+00
10.82	0.0000000e+00
10.85	0.0000000e+00
10.89	0.0000000e+00
10.92	0.0000000e+00
10.95	0.0000000e+00
10.99	0.0000000e+00
11.02	0.0000000e+00
11.06	0.0000000e+00
11.09	0.0000000e+00
11.12	0.0000000e+00
11.16	0.0000000e+00
11.19	0.0000000e+00
11.23	0.0000000e+00
11.26	0.0000000e+00
11.29	0.0000000e+00
11.33	0.0000000e+00
11.36	0.0000000e+00
11.40	0.0000000e+00
11.43	0.0000000e+00
11.46	0.0000000e+00
11.50	0.0000000e+00
11.53	0.0000000e+00
11.57	0.0000000e+00
11.60	0.0000000e+00
11.64	0.0000000e+00
11.67	0.0000000e+00
11.70	0.0000000e+00
11.74	0.0000000e+00
11.77	0.0000000e+00
11.81	0.0000000e+00
11.84	0.0000000e+00
11.87	0.0000000e+00
11.91	0.0000000e+00
11.94	0.0000000e+00
11.98	0.0000000e+00
12.01	0.0000000e+00
12.04	0.0000000e+00
12.08	0.0000000e+00
12.11	0.0000000e+00
12.15	0.0000000e+00
12.18	0.0000000e+00
12.21	0.0000000e+00
12.25	0.0000000e+00
12.28	0.0000000e+00
12.32	0.0000000e+00
12.35	0.0000000e+00
12.38	0.0000000e+00
12.42	1.6159792e-255
12.45	8.7897773e-237
12.49	1.8341366e-219
12.52	1.8777515e-203
12.56	1.1840702e-188
12.59	5.6751508e-175
12.62	2.5111665e-162
12.66	1.2278318e-150
12.69	7.8333030e-140
12.73	7.6037123e-130
12.76	1.2944302e-120
12.79	4.4070373e-112
12.83	3.3882021e-104
12.86	6.5812295e-97
12.90	3.5829606e-90
12.93	6.0180445e-84
12.96	3.4078765e-78
13.00	7.0624764e-73
13.03	5.7785217e-68
13.07	2.0022577e-63
13.10	3.1349182e-59
13.13	2.3548913e-55
13.17	8.9706860e-52
13.20	1.8240917e-48
13.24	2.0759244e-45
13.27	1.3814843e-42
13.30	5.5981041e-40
13.34	1.4340399e-37
13.37	2.4040587e-35
13.41	2.7233106e-33
13.44	2.1472082e-31
13.47	1.2110544e-29
13.51	5.0113835e-28
13.54	1.5574709e-26
13.58	3.7149159e-25
13.61	6.9380191e-24
13.65	1.0335133e-22
13.68	1.2491734e-21
13.71	1.2445962e-20
13.75	1.0372651e-19
13.78	7.3296899e-19
13.82	4.4468622e-18
13.85	2.3432781e-17
13.88	1.0840493e-16
13.92	4.4466610e-16
13.95	1.6321561e-15
13.99	5.4065176e-15
14.02	1.6289688e-14
14.05	4.4968076e-14
14.09	1.1450251e-13
14.12	2.7061447e-13
14.16	5.9706065e-13
14.19	1.2363415e-12
14.22	2.4146882e-12
14.26	4.4686693e-12
14.29	7.8692857e-12
14.33	1.3238604e-11
14.36	2.1354191e-11
14.39	3.3137991e-11
14.43	4.9628605e-11
14.46	7.1938665e-11
14.50	1.0120162e-10
14.53	1.3851406e-10
14.57	1.8488057e-10
14.60	2.4116770e-10
14.63	3.0807208e-10
14.67	3.8610609e-10
14.70	4.7560150e-10
14.74	5.7672984e-10
14.77	6.8953614e-10
14.80	8.1398187e-10
14.84	9.4999227e-10
14.87	1.0975039e-09
14.91	1.2565086e-09
14.94	1.4270917e-09
14.97	1.6094624e-09
15.01	1.8039771e-09
15.04	2.0111554e-09
15.08	2.2316890e-09
15.11	2.4664475e-09
15.14	2.7164790e-09
15.18	2.9830098e-09
15.21	3.2674431e-09
15.25	3.5713574e-09
15.28	3.8965067e-09
15.31	4.2448208e-09
15.35	4.6184092e-09
15.38	5.0195653e-09
15.42	5.4507741e-09
15.45	5.9147217e-09
15.48	6.4143066e-09
15.52	6.9526541e-09
15.55	7.5331321e-09
15.59	8.1593695e-09
15.62	8.8352769e-09
15.66	9.5650691e-09
15.69	1.0353290e-08
15.72	1.1204842e-08
15.76	1.2125010e-08
15.79	1.3119503e-08
15.83	1.4194480e-08
15.86	1.5356593e-08
15.89	1.6613029e-08
15.93	1.7971550e-08
15.96	1.9440545e-08
16.00	2.1029079e-08
16.03	2.2746953e-08
16.06	2.4604759e-08
16.10	2.6613951e-08
16.13	2.8786912e-08
16.17	3.1137031e-08
16.20	3.3678789e-08
16.23	3.6427842e-08
16.27	3.9401123e-08
16.30	4.2616946e-08
16.34	4.6095113e-08
16.37	4.9857046e-08
16.40	5.3925908e-08
16.44	5.8326756e-08
16.47	6.3086687e-08
16.51	6.8235009e-08
16.54	7.3803422e-08
16.58	7.9826212e-08
16.61	8.6340461e-08
16.64	9.3386276e-08
16.68	1.0100704e-07
16.71	1.0924967e-07
16.75	1.1816492e-07
16.78	1.2780768e-07
16.81	1.3823731e-07
16.85	1.4951803e-07
16.88	1.6171929e-07
16.92	1.7491622e-07
16.95	1.8919006e-07
16.98	2.0462869e-07
17.02	2.2132718e-07
17.05	2.3938832e-07
17.09	2.5892331e-07
17.12	2.8005244e-07
17.15	3.0290578e-07
17.19	3.2762404e-07
17.22	3.5435941e-07
17.26	3.8327648e-07
17.29	4.1455331e-07
17.32	4.4838244e-07
17.36	4.8497217e-07
17.39	5.2454776e-07
17.43	5.6735288e-07
17.46	6.1365108e-07
17.49	6.6372740e-07
17.53	7.1789016e-07
17.56	7.7647283e-07
17.60	8.3983610e-07
17.63	9.0837008e-07
17.67	9.8249673e-07
17.70	1.0626724e-06
17.73	1.1493909e-06
17.77	1.2431859e-06
17.80	1.3446351e-06
17.84	1.4543630e-06
17.87	1.5730452e-06
17.90	1.7014124e-06
17.94	1.8402551e-06
17.97	1.9904281e-06
18.01	2.1528560e-06
18.04	2.3285388e-06
18.07	2.5185584e-06
18.11	2.7240847e-06
18.14	2.9463831e-06
18.18	3.1868224e-06
18.21	3.4468831e-06
18.24	3.7281664e-06
18.28	4.0324043e-06
18.31	4.3614702e-06
18.35	4.7173902e-06
18.38	5.1023560e-06
18.41	5.5187381e-06
18.45	5.9691004e-06
18.48	6.4562160e-06
18.52	6.9830848e-06
18.55	7.5529510e-06
18.59	8.1693239e-06
18.62	8.8359993e-06
18.65	9.5570828e-06
18.69	1.0337015e-05
18.72	1.1180599e-05
18.76	1.2093031e-05
18.79	1.3079929e-05
18.82	1.4147373e-05
18.86	1.5301937e-05
18.89	1.6550732e-05
18.93	1.7901451e-05
18.96	1.9362413e-05
18.99	2.0942618e-05
19.03	2.2651802e-05
19.06	2.4500494e-05
19.10	2.6500083e-05
19.13	2.8662890e-05
19.16	3.1002242e-05
19.20	3.3532554e-05
19.23	3.6269419e-05
19.27	3.9229705e-05
19.30	4.2431659e-05
19.33	4.5895016e-05
19.37	4.9641129e-05
19.40	5.3693093e-05
19.44	5.8075893e-05
19.47	6.2816558e-05
19.51	6.7944327e-05
19.54	7.3490830e-05
19.57	7.9490289e-05
19.61	8.5979723e-05
19.64	9.2999183e-05
19.68	1.0059200e-04
19.71	1.0880506e-04
19.74	1.1768907e-04
19.78	1.2729893e-04
19.81	1.3769401e-04
19.85	1.4893855e-04
19.88	1.6110209e-04
19.91	1.7425985e-04
19.95	1.8849324e-04
19.98	2.0389037e-04
20.02	2.2054658e-04
20.05	2.3856505e-04
20.08	2.5805749e-04
20.12	2.7914477e-04
20.15	3.0195776e-04
20.19	3.2663811e-04
20.22	3.5333920e-04
20.25	3.8222706e-04
20.29	4.1348148e-04
20.32	4.4729715e-04
20.36	4.8388491e-04
20.39	5.2347313e-04
20.42	5.6630918e-04
20.46	6.1266103e-04
20.49	6.6281905e-04
20.53	7.1709786e-04
20.56	7.7583848e-04
20.60	8.3941056e-04
20.63	9.0821486e-04
20.66	9.8268594e-04
20.70	1.0632952e-03
20.73	1.1505539e-03
20.77	1.2450170e-03
20.80	1.3472867e-03
20.83	1.4580169e-03
20.87	1.5779178e-03
20.90	1.7077608e-03
20.94	1.8483845e-03
20.97	2.0007003e-03
21.00	2.1657000e-03
21.04	2.3444623e-03
21.07	2.5381619e-03
21.11	2.7480783e-03
21.14	2.9756061e-03
21.17	3.2222658e-03
21.21	3.4897172e-03
21.24	3.7797725e-03
21.28	4.0944125e-03
21.31	4.4358037e-03
21.34	4.8063179e-03
21.38	5.2085544e-03
21.41	5.6453644e-03
21.45	6.1198794e-03
21.48	6.6355425e-03
21.52	7.1961448e-03
21.55	7.8058660e-03
21.58	8.4693216e-03
21.62	9.1916168e-03
21.65	9.9784079e-03
21.69	1.0835975e-02
21.72	1.1771303e-02
21.75	1.2792182e-02
21.79	1.3907315e-02
21.82	1.5126458e-02
21.86	1.6460570e-02
21.89	1.7922006e-02
21.92	1.9524738e-02
21.96	2.1284621e-02
21.99	2.3219725e-02
22.03	2.5350723e-02
22.06	2.7701385e-02
22.09	3.0299178e-02
22.13	3.3176023e-02
22.16	3.6369254e-02
22.20	3.9922841e-02
22.23	4.3888985e-02
22.26	4.8330228e-02
22.30	5.3322304e-02
22.33	5.8958130e-02
22.37	6.5353675e-02
22.40	7.2657373e-02
22.43	8.1067007e-02
22.47	9.0863560e-02
22.50	1.0248319e-01
22.54	1.1666964e-01
22.57	1.3478022e-01
22.61	1.5935048e-01
22.64	1.9503555e-01
22.67	2.5000703e-01
22.71	3.3776642e-01
22.74	4.7913684e-01
22.78	7.0395911e-01
22.81	1.0518342e+00
22.84	1.5712246e+00
22.88	2.3164215e+00
22.91	3.3422961e+00
22.95	4.6972877e+00
22.98	6.4155892e+00
23.01	8.5098165e+00
23.05	1.0965494e+01
23.08	1.3738435e+01
23.12	1.6755615e+01
23.15	1.9919539e+01
23.18	2.3115529e+01
23.22	2.6220932e+01
23.25	2.9115002e+01
23.29	3.1688222e+01
23.32	3.3850001e+01
23.35	3.5534030e+01
23.39	3.6700970e+01
23.42	3.7338520e+01
23.46	3.7459248e+01
23.49	3.7096762e+01
23.53	3.6300866e+01
23.56	3.5132364e+01
23.59	3.3658037e+01
23.63	3.1946196e+01
23.66	3.0063043e+01
23.70	2.8069941e+01
23.73	2.6021589e+01
23.76	2.3964986e+01
23.80	2.1939070e+01
23.83	1.9974868e+01
23.87	1.8096011e+01
23.90	1.6319480e+01
23.93	1.4656477e+01
23.97	1.3113334e+01
24.00	1.1692402e+01
24.04	1.0392879e+01
24.07	9.2115436e+00
24.10	8.1434043e+00
24.14	7.1822380e+00
24.17	6.3210387e+00
24.21	5.5523764e+00
24.24	4.8686786e+00
24.27	4.2624448e+00
24.31	3.7264040e+00
24.34	3.2536257e+00
24.38	2.8375935e+00
24.41	2.4722481e+00
24.44	2.1520084e+00
24.48	1.8717740e+00
24.51	1.6269155e+00
24.55	1.4132559e+00
24.58	1.2270454e+00
24.62	1.0649331e+00
24.65	9.2393605e-01
24.68	8.0140860e-01
24.72	6.9501120e-01
24.75	6.0268091e-01
24.79	5.2260312e-01
24.82	4.5318526e-01
24.85	3.9303240e-01
24.89	3.4092487e-01
24.92	2.9579800e-01
24.96	2.5672375e-01
24.99	2.2289420e-01
25.02	1.9360687e-01
25.06	1.6825154e-01
25.09	1.4629868e-01
25.13	1.2728912e-01
25.16	1.1082505e-01
25.19	9.6561967e-02
25.23	8.4201788e-02
25.26	7.3486669e-02
25.30	6.4193689e-02
25.33	5.6130190e-02
25.36	4.9129715e-02
25.40	4.3048484e-02
25.43	3.7762329e-02
25.47	3.3164027e-02
25.50	2.9161004e-02
25.54	2.5673328e-02
25.57	2.2631989e-02
25.60	1.9977395e-02
25.64	1.7658088e-02
25.67	1.5629622e-02
25.71	1.3853599e-02
25.74	1.2296842e-02
25.77	1.0930672e-02
25.81	9.7302919e-03
25.84	8.6742510e-03
25.88	7.7439863e-03
25.91	6.9234250e-03
25.94	6.1986433e-03
25.98	5.5575719e-03
26.01	4.9897419e-03
26.05	4.4860667e-03
26.08	4.0386534e-03
26.11	3.6406405e-03
26.15	3.2860583e-03
26.18	2.9697081e-03
26.22	2.6870585e-03
26.25	2.4341558e-03
26.28	2.2075467e-03
26.32	2.0042116e-03
26.35	1.8215073e-03
26.39	1.6571173e-03
26.42	1.5090089e-03
26.45	1.3753961e-03
26.49	1.2547079e-03
26.52	1.1455600e-03
26.56	1.0467318e-03
26.59	9.5714466e-04
26.63	8.7584468e-04
26.66	8.0198675e-04
26.69	7.3482112e-04
26.73	6.7368171e-04
26.76	6.1797585e-04
26.80	5.6717544e-04
26.83	5.2080924e-04
26.86	4.7845610e-04
26.90	4.3973911e-04
26.93	4.0432046e-04
26.97	3.7189698e-04
27.00	3.4219619e-04
