# NeutrinoAntineutrinoInteraction/NeutrinoAntineutrinoMuon interaction rates
# neutrino field: massive Cosmic Neutrino Background, T_CnuB = 1.94535456 K
# Produced with crpropa-data version: 60a1560e37035039ec25f414e0c42a2444bad49c
# log10(E/eV), 1/lambda [1/Mpc]
13.44	0.0000000e+00
13.47	0.0000000e+00
13.51	0.0000000e+00
13.54	0.0000000e+00
13.58	0.0000000e+00
13.61	0.0000000e+00
13.65	0.0000000e+00
13.68	0.0000000e+00
13.71	0.0000000e+00
13.75	0.0000000e+00
13.78	0.0000000e+00
13.82	0.0000000e+00
13.85	0.0000000e+00
13.88	0.0000000e+00
13.92	0.0000000e+00
13.95	0.0000000e+00
13.99	0.0000000e+00
14.02	0.0000000e+00
14.05	0.0000000e+00
14.09	0.0000000e+00
14.12	0.0000000e+00
14.16	0.0000000e+00
14.19	0.0000000e+00
14.22	0.0000000e+00
14.26	0.0000000e+00
14.29	0.0000000e+00
14.33	0.0000000e+00
14.36	0.0000000e+00
14.39	0.0000000e+00
14.43	0.0000000e+00
14.46	0.0000000e+00
14.50	0.0000000e+00
14.53	0.0000000e+00
14.57	0.0000000e+00
14.60	0.0000000e+00
14.63	0.0000000e+00
14.67	0.0000000e+00
14.70	0.0000000e+00
14.74	0.0000000e+00
14.77	0.0000000e+00
14.80	0.0000000e+00
14.84	0.0000000e+00
14.87	0.0000000e+00
14.91	0.0000000e+00
14.94	0.0000000e+00
14.97	0.0000000e+00
15.01	0.0000000e+00
15.04	0.0000000e+00
15.08	0.0000000e+00
15.11	0.0000000e+00
15.14	0.0000000e+00
15.18	0.0000000e+00
15.21	0.0000000e+00
15.25	0.0000000e+00
15.28	0.0000000e+00
15.31	0.0000000e+00
15.35	0.0000000e+00
15.38	0.0000000e+00
15.42	0.0000000e+00
15.45	0.0000000e+00
15.48	0.0000000e+00
15.52	0.0000000e+00
15.55	0.0000000e+00
15.59	0.0000000e+00
15.62	0.0000000e+00
15.66	0.0000000e+00
15.69	0.0000000e+00
15.72	0.0000000e+00
15.76	0.0000000e+00
15.79	0.0000000e+00
15.83	0.0000000e+00
15.86	0.0000000e+00
15.89	0.0000000e+00
15.93	0.0000000e+00
15.96	0.0000000e+00
16.00	0.0000000e+00
16.03	0.0000000e+00
16.06	0.0000000e+00
16.10	0.0000000e+00
16.13	0.0000000e+00
16.17	0.0000000e+00
16.20	0.0000000e+00
16.23	0.0000000e+00
16.27	0.0000000e+00
16.30	0.0000000e+00
16.34	0.0000000e+00
16.37	0.0000000e+00
16.40	0.0000000e+00
16.44	0.0000000e+00
16.47	0.0000000e+00
16.51	0.0000000e+00
16.54	0.0000000e+00
16.58	0.0000000e+00
16.61	0.0000000e+00
16.64	0.0000000e+00
16.68	0.0000000e+00
16.71	0.0000000e+00
16.75	0.0000000e+00
16.78	0.0000000e+00
16.81	0.0000000e+00
16.85	0.0000000e+00
16.88	0.0000000e+00
16.92	0.0000000e+00
16.95	0.0000000e+00
16.98	0.0000000e+00
17.02	0.0000000e+00
17.05	0.0000000e+00
17.09	0.0000000e+00
17.12	0.0000000e+00
17.15	0.0000000e+00
17.19	0.0000000e+00
17.22	0.0000000e+00
17.26	0.0000000e+00
17.29	0.0000000e+00
17.32	0.0000000e+00
17.36	0.0000000e+00
17.39	0.0000000e+00
17.43	0.0000000e+00
17.46	0.0000000e+00
17.49	0.0000000e+00
17.53	0.0000000e+00
17.56	0.0000000e+00
17.60	0.0000000e+00
17.63	0.0000000e+00
17.67	0.0000000e+00
17.70	0.0000000e+00
17.73	0.0000000e+00
17.77	0.0000000e+00
17.80	0.0000000e+00
17.84	0.0000000e+00
17.87	0.0000000e+00
17.90	0.0000000e+00
17.94	0.0000000e+00
17.97	0.0000000e+00
18.01	0.0000000e+00
18.04	0.0000000e+00
18.07	0.0000000e+00
18.11	0.0000000e+00
18.14	0.0000000e+00
18.18	0.0000000e+00
18.21	0.0000000e+00
18.24	0.0000000e+00
18.28	0.0000000e+00
18.31	0.0000000e+00
18.35	0.0000000e+00
18.38	0.0000000e+00
18.41	0.0000000e+00
18.45	0.0000000e+00
18.48	0.0000000e+00
18.52	0.0000000e+00
18.55	0.0000000e+00
18.59	0.0000000e+00
18.62	0.0000000e+00
18.65	0.0000000e+00
18.69	0.0000000e+00
18.72	0.0000000e+00
18.76	0.0000000e+00
18.79	0.0000000e+00
18.82	0.0000000e+00
18.86	0.0000000e+00
18.89	0.0000000e+00
18.93	0.0000000e+00
18.96	0.0000000e+00
18.99	0.0000000e+00
19.03	0.0000000e+00
19.06	0.0000000e+00
19.10	0.0000000e+00
19.13	0.0000000e+00
19.16	0.0000000e+00
19.20	0.0000000e+00
19.23	0.0000000e+00
19.27	0.0000000e+00
19.30	0.0000000e+00
19.33	0.0000000e+00
19.37	0.0000000e+00
19.40	0.0000000e+00
19.44	0.0000000e+00
19.47	0.0000000e+00
19.51	0.0000000e+00
19.54	0.0000000e+00
19.57	0.0000000e+00
19.61	0.0000000e+00
19.64	0.0000000e+00
19.68	0.0000000e+00
19.71	0.0000000e+00
19.74	0.0000000e+00
19.78	0.0000000e+00
19.81	0.0000000e+00
19.85	0.0000000e+00
19.88	0.0000000e+00
19.91	0.0000000e+00
19.95	0.0000000e+00
19.98	0.0000000e+00
20.02	0.0000000e+00
20.05	0.0000000e+00
20.08	0.0000000e+00
20.12	0.0000000e+00
20.15	0.0000000e+00
20.19	0.0000000e+00
20.22	0.0000000e+00
20.25	0.0000000e+00
20.29	0.0000000e+00
20.32	0.0000000e+00
20.36	0.0000000e+00
20.39	0.0000000e+00
20.42	0.0000000e+00
20.46	0.0000000e+00
20.49	0.0000000e+00
20.53	0.0000000e+00
20.56	0.0000000e+00
20.60	0.0000000e+00
20.63	0.0000000e+00
20.66	3.1602437e-281
20.70	1.0333358e-259
20.73	8.0410157e-240
20.77	1.9741212e-221
20.80	1.9844162e-204
20.83	1.0393094e-188
20.87	3.5437757e-174
20.90	9.6660275e-161
20.94	2.5514516e-148
20.97	7.7720700e-137
21.00	3.2149585e-126
21.04	2.0991571e-116
21.07	2.4862926e-107
21.11	6.0749408e-99
21.14	3.4485902e-91
21.17	5.0766733e-84
21.21	2.1452560e-77
21.24	2.8584710e-71
21.28	1.3099539e-65
21.31	2.2372360e-60
21.34	1.5336841e-55
21.38	4.5199212e-51
21.41	6.1017034e-47
21.45	4.0010420e-43
21.48	1.3454042e-39
21.52	2.4393304e-36
21.55	2.4978499e-33
21.58	1.5078659e-30
21.62	5.5831664e-28
21.65	1.3153599e-25
21.69	2.0397710e-23
21.72	2.1483752e-21
21.75	1.5820707e-19
21.79	8.3671447e-18
21.82	3.2578997e-16
21.86	9.5558965e-15
21.89	2.1567242e-13
21.92	3.8197210e-12
21.96	5.4058916e-11
21.99	6.2172033e-10
22.03	5.9014854e-09
22.06	4.6903681e-08
22.09	3.1630421e-07
22.13	1.8322982e-06
22.16	9.2219172e-06
22.20	4.0752208e-05
22.23	1.5966688e-04
22.26	5.5966090e-04
22.30	1.7697084e-03
22.33	5.0873866e-03
22.37	1.3390710e-02
22.40	3.2486010e-02
22.43	7.3084820e-02
22.47	1.5333876e-01
22.50	3.0160819e-01
22.54	5.5886021e-01
22.57	9.7988891e-01
22.61	1.6325343e+00
22.64	2.5943089e+00
22.67	3.9463041e+00
22.71	5.7648354e+00
22.74	8.1118475e+00
22.78	1.1025476e+01
22.81	1.4512259e+01
22.84	1.8542287e+01
22.88	2.3048114e+01
22.91	2.7927669e+01
22.95	3.3050793e+01
22.98	3.8268509e+01
23.01	4.3423834e+01
23.05	4.8362807e+01
23.08	5.2944525e+01
23.12	5.7049241e+01
23.15	6.0583925e+01
23.18	6.3485109e+01
23.22	6.5719147e+01
23.25	6.7280291e+01
23.29	6.8187167e+01
23.32	6.8478241e+01
23.35	6.8206857e+01
23.39	6.7436335e+01
23.42	6.6235475e+01
23.46	6.4674701e+01
23.49	6.2822955e+01
23.53	6.0745363e+01
23.56	5.8501621e+01
23.59	5.6145010e+01
23.63	5.3721944e+01
23.66	5.1271918e+01
23.70	4.8827762e+01
23.73	4.6416100e+01
23.76	4.4057940e+01
23.80	4.1769321e+01
23.83	3.9561984e+01
23.87	3.7444022e+01
23.90	3.5420493e+01
23.93	3.3493973e+01
23.97	3.1665054e+01
24.00	2.9932776e+01
24.04	2.8294993e+01
24.07	2.6748691e+01
24.10	2.5290238e+01
24.14	2.3915601e+01
24.17	2.2620512e+01
24.21	2.1400603e+01
24.24	2.0251503e+01
24.27	1.9168925e+01
24.31	1.8148713e+01
24.34	1.7186889e+01
24.38	1.6279673e+01
24.41	1.5423503e+01
24.44	1.4615041e+01
24.48	1.3851168e+01
24.51	1.3128988e+01
24.55	1.2445815e+01
24.58	1.1799165e+01
24.62	1.1186742e+01
24.65	1.0606429e+01
24.68	1.0056274e+01
24.72	9.5344749e+00
24.75	9.0393712e+00
24.79	8.5694290e+00
24.82	8.1232310e+00
24.85	7.6994659e+00
24.89	7.2969181e+00
24.92	6.9144593e+00
24.96	6.5510401e+00
24.99	6.2056823e+00
25.02	5.8774724e+00
25.06	5.5655553e+00
25.09	5.2691292e+00
25.13	4.9874402e+00
25.16	4.7197784e+00
25.19	4.4654739e+00
25.23	4.2238932e+00
25.26	3.9944363e+00
25.30	3.7765340e+00
25.33	3.5696456e+00
25.36	3.3732564e+00
25.40	3.1868764e+00
25.43	3.0100383e+00
25.47	2.8422958e+00
25.50	2.6832231e+00
25.54	2.5324128e+00
25.57	2.3894754e+00
25.60	2.2540383e+00
25.64	2.1257449e+00
25.67	2.0042538e+00
25.71	1.8892381e+00
25.74	1.7803851e+00
25.77	1.6773950e+00
25.81	1.5799812e+00
25.84	1.4878692e+00
25.88	1.4007961e+00
25.91	1.3185108e+00
25.94	1.2407729e+00
25.98	1.1673525e+00
26.01	1.0980299e+00
26.05	1.0325953e+00
26.08	9.7084802e-01
26.11	9.1259682e-01
26.15	8.5765898e-01
26.18	8.0586026e-01
26.22	7.5703452e-01
26.25	7.1102342e-01
26.28	6.6767612e-01
26.32	6.2684898e-01
26.35	5.8840530e-01
26.39	5.5221504e-01
26.42	5.1815452e-01
26.45	4.8610620e-01
26.49	4.5595841e-01
26.52	4.2760510e-01
26.56	4.0094561e-01
26.59	3.7588442e-01
26.63	3.5233094e-01
26.66	3.3019932e-01
26.69	3.0940816e-01
26.73	2.8988039e-01
26.76	2.7154302e-01
26.80	2.5432697e-01
26.83	2.3816688e-01
26.86	2.2300094e-01
26.90	2.0877070e-01
26.93	1.9542094e-01
26.97	1.8289948e-01
27.00	1.7115705e-01
