# NeutrinoAntineutrinoInteraction/NeutrinoAntineutrinoMuon interaction rates
# neutrino field: massive Cosmic Neutrino Background, T_CnuB = 1.94535456 K
# Produced with crpropa-data version: 60a1560e37035039ec25f414e0c42a2444bad49c
# log10(E/eV), 1/lambda [1/Mpc]
13.37	0.0000000e+00
13.41	0.0000000e+00
13.44	0.0000000e+00
13.47	0.0000000e+00
13.51	0.0000000e+00
13.54	0.0000000e+00
13.58	0.0000000e+00
13.61	0.0000000e+00
13.65	0.0000000e+00
13.68	0.0000000e+00
13.71	0.0000000e+00
13.75	0.0000000e+00
13.78	0.0000000e+00
13.82	0.0000000e+00
13.85	0.0000000e+00
13.88	0.0000000e+00
13.92	0.0000000e+00
13.95	0.0000000e+00
13.99	0.0000000e+00
14.02	0.0000000e+00
14.05	0.0000000e+00
14.09	0.0000000e+00
14.12	0.0000000e+00
14.16	0.0000000e+00
14.19	0.0000000e+00
14.22	0.0000000e+00
14.26	0.0000000e+00
14.29	0.0000000e+00
14.33	0.0000000e+00
14.36	0.0000000e+00
14.39	0.0000000e+00
14.43	0.0000000e+00
14.46	0.0000000e+00
14.50	0.0000000e+00
14.53	0.0000000e+00
14.57	0.0000000e+00
14.60	0.0000000e+00
14.63	0.0000000e+00
14.67	0.0000000e+00
14.70	0.0000000e+00
14.74	0.0000000e+00
14.77	0.0000000e+00
14.80	0.0000000e+00
14.84	0.0000000e+00
14.87	0.0000000e+00
14.91	0.0000000e+00
14.94	0.0000000e+00
14.97	0.0000000e+00
15.01	0.0000000e+00
15.04	0.0000000e+00
15.08	0.0000000e+00
15.11	0.0000000e+00
15.14	0.0000000e+00
15.18	0.0000000e+00
15.21	0.0000000e+00
15.25	0.0000000e+00
15.28	0.0000000e+00
15.31	0.0000000e+00
15.35	0.0000000e+00
15.38	0.0000000e+00
15.42	0.0000000e+00
15.45	0.0000000e+00
15.48	0.0000000e+00
15.52	0.0000000e+00
15.55	0.0000000e+00
15.59	0.0000000e+00
15.62	0.0000000e+00
15.66	0.0000000e+00
15.69	0.0000000e+00
15.72	0.0000000e+00
15.76	0.0000000e+00
15.79	0.0000000e+00
15.83	0.0000000e+00
15.86	0.0000000e+00
15.89	0.0000000e+00
15.93	0.0000000e+00
15.96	0.0000000e+00
16.00	0.0000000e+00
16.03	0.0000000e+00
16.06	0.0000000e+00
16.10	0.0000000e+00
16.13	0.0000000e+00
16.17	0.0000000e+00
16.20	0.0000000e+00
16.23	0.0000000e+00
16.27	0.0000000e+00
16.30	0.0000000e+00
16.34	0.0000000e+00
16.37	0.0000000e+00
16.40	0.0000000e+00
16.44	0.0000000e+00
16.47	0.0000000e+00
16.51	0.0000000e+00
16.54	0.0000000e+00
16.58	0.0000000e+00
16.61	0.0000000e+00
16.64	0.0000000e+00
16.68	0.0000000e+00
16.71	0.0000000e+00
16.75	0.0000000e+00
16.78	0.0000000e+00
16.81	0.0000000e+00
16.85	0.0000000e+00
16.88	0.0000000e+00
16.92	0.0000000e+00
16.95	0.0000000e+00
16.98	0.0000000e+00
17.02	0.0000000e+00
17.05	0.0000000e+00
17.09	0.0000000e+00
17.12	0.0000000e+00
17.15	0.0000000e+00
17.19	0.0000000e+00
17.22	0.0000000e+00
17.26	0.0000000e+00
17.29	0.0000000e+00
17.32	0.0000000e+00
17.36	0.0000000e+00
17.39	0.0000000e+00
17.43	0.0000000e+00
17.46	0.0000000e+00
17.49	0.0000000e+00
17.53	0.0000000e+00
17.56	0.0000000e+00
17.60	0.0000000e+00
17.63	0.0000000e+00
17.67	0.0000000e+00
17.70	0.0000000e+00
17.73	0.0000000e+00
17.77	0.0000000e+00
17.80	0.0000000e+00
17.84	0.0000000e+00
17.87	0.0000000e+00
17.90	0.0000000e+00
17.94	0.0000000e+00
17.97	0.0000000e+00
18.01	0.0000000e+00
18.04	0.0000000e+00
18.07	0.0000000e+00
18.11	0.0000000e+00
18.14	0.0000000e+00
18.18	0.0000000e+00
18.21	0.0000000e+00
18.24	0.0000000e+00
18.28	0.0000000e+00
18.31	0.0000000e+00
18.35	0.0000000e+00
18.38	0.0000000e+00
18.41	0.0000000e+00
18.45	0.0000000e+00
18.48	0.0000000e+00
18.52	0.0000000e+00
18.55	0.0000000e+00
18.59	0.0000000e+00
18.62	0.0000000e+00
18.65	0.0000000e+00
18.69	0.0000000e+00
18.72	0.0000000e+00
18.76	0.0000000e+00
18.79	0.0000000e+00
18.82	0.0000000e+00
18.86	0.0000000e+00
18.89	0.0000000e+00
18.93	0.0000000e+00
18.96	0.0000000e+00
18.99	0.0000000e+00
19.03	0.0000000e+00
19.06	0.0000000e+00
19.10	0.0000000e+00
19.13	0.0000000e+00
19.16	0.0000000e+00
19.20	0.0000000e+00
19.23	0.0000000e+00
19.27	0.0000000e+00
19.30	0.0000000e+00
19.33	0.0000000e+00
19.37	0.0000000e+00
19.40	0.0000000e+00
19.44	0.0000000e+00
19.47	0.0000000e+00
19.51	0.0000000e+00
19.54	0.0000000e+00
19.57	0.0000000e+00
19.61	0.0000000e+00
19.64	0.0000000e+00
19.68	0.0000000e+00
19.71	0.0000000e+00
19.74	0.0000000e+00
19.78	0.0000000e+00
19.81	0.0000000e+00
19.85	0.0000000e+00
19.88	0.0000000e+00
19.91	0.0000000e+00
19.95	0.0000000e+00
19.98	0.0000000e+00
20.02	0.0000000e+00
20.05	0.0000000e+00
20.08	0.0000000e+00
20.12	0.0000000e+00
20.15	0.0000000e+00
20.19	0.0000000e+00
20.22	0.0000000e+00
20.25	0.0000000e+00
20.29	0.0000000e+00
20.32	0.0000000e+00
20.36	0.0000000e+00
20.39	0.0000000e+00
20.42	0.0000000e+00
20.46	0.0000000e+00
20.49	0.0000000e+00
20.53	0.0000000e+00
20.56	1.4315138e-285
20.60	1.0990303e-263
20.63	1.8828349e-243
20.66	9.5886857e-225
20.70	1.8923608e-207
20.73	1.8493028e-191
20.77	1.1225236e-176
20.80	5.2186676e-163
20.83	2.2553991e-150
20.87	1.0838212e-138
20.90	6.8337715e-128
20.94	6.5887070e-118
20.97	1.1189882e-108
21.00	3.8154361e-100
21.04	2.9476359e-92
21.07	5.7698678e-85
21.11	3.1732572e-78
21.14	5.3949556e-72
21.17	3.0972521e-66
21.21	6.5153580e-61
21.24	5.4158076e-56
21.28	1.9075122e-51
21.31	3.0365440e-47
21.34	2.3190767e-43
21.38	8.9791494e-40
21.41	1.8547918e-36
21.45	2.1427971e-33
21.48	1.4462250e-30
21.52	5.9371270e-28
21.55	1.5388660e-25
21.58	2.6066865e-23
21.62	2.9791558e-21
21.65	2.3660580e-19
21.69	1.3419419e-17
21.72	5.5741204e-16
21.75	1.7357548e-14
21.79	4.1404154e-13
21.82	7.7181530e-12
21.86	1.1452931e-10
21.89	1.3761694e-09
21.92	1.3603202e-08
21.96	1.1224627e-07
21.99	7.8367520e-07
22.03	4.6877632e-06
22.06	2.4304451e-05
22.09	1.1039403e-04
22.13	4.4365572e-04
22.16	1.5920869e-03
22.20	5.1450499e-03
22.23	1.5091114e-02
22.26	4.0468235e-02
22.30	9.9881594e-02
22.33	2.2831486e-01
22.37	4.8613646e-01
22.40	9.6932351e-01
22.43	1.8188808e+00
22.47	3.2265820e+00
22.50	5.4339217e+00
22.54	8.7218206e+00
22.57	1.3390179e+01
22.61	1.9728492e+01
22.64	2.7980905e+01
22.67	3.8310642e+01
22.71	5.0769378e+01
22.74	6.5276568e+01
22.78	8.1612229e+01
22.81	9.9424544e+01
22.84	1.1825137e+02
22.88	1.3755271e+02
22.91	1.5675000e+02
22.95	1.7526709e+02
22.98	1.9256864e+02
23.01	2.0819191e+02
23.05	2.2176947e+02
23.08	2.3304198e+02
23.12	2.4186109e+02
23.15	2.4818396e+02
23.18	2.5206125e+02
23.22	2.5362101e+02
23.25	2.5305040e+02
23.29	2.5057745e+02
23.32	2.4645389e+02
23.35	2.4094037e+02
23.39	2.3429432e+02
23.42	2.2676066e+02
23.46	2.1856529e+02
23.49	2.0991096e+02
23.53	2.0097522e+02
23.56	1.9190990e+02
23.59	1.8284187e+02
23.63	1.7387459e+02
23.66	1.6509021e+02
23.70	1.5655194e+02
23.73	1.4830653e+02
23.76	1.4038671e+02
23.80	1.3281348e+02
23.83	1.2559821e+02
23.87	1.1874457e+02
23.90	1.1225011e+02
23.93	1.0610774e+02
23.97	1.0030691e+02
24.00	9.4834586e+01
24.04	8.9676099e+01
24.07	8.4815781e+01
24.10	8.0237490e+01
24.14	7.5925017e+01
24.17	7.1862388e+01
24.21	6.8034089e+01
24.24	6.4425229e+01
24.27	6.1021644e+01
24.31	5.7809958e+01
24.34	5.4777619e+01
24.38	5.1912904e+01
24.41	4.9204905e+01
24.44	4.6643505e+01
24.48	4.4219342e+01
24.51	4.1923764e+01
24.55	3.9748789e+01
24.58	3.7687055e+01
24.62	3.5731771e+01
24.65	3.3876676e+01
24.68	3.2115988e+01
24.72	3.0444366e+01
24.75	2.8856871e+01
24.79	2.7348926e+01
24.82	2.5916282e+01
24.85	2.4554992e+01
24.89	2.3261376e+01
24.92	2.2032000e+01
24.96	2.0863652e+01
24.99	1.9753320e+01
25.02	1.8698173e+01
25.06	1.7695549e+01
25.09	1.6742933e+01
25.13	1.5837952e+01
25.16	1.4978356e+01
25.19	1.4162013e+01
25.23	1.3386897e+01
25.26	1.2651082e+01
25.30	1.1952732e+01
25.33	1.1290100e+01
25.36	1.0661515e+01
25.40	1.0065384e+01
25.43	9.5001826e+00
25.47	8.9644546e+00
25.50	8.4568061e+00
25.54	7.9759034e+00
25.57	7.5204698e+00
25.60	7.0892832e+00
25.64	6.6811734e+00
25.67	6.2950200e+00
25.71	5.9297505e+00
25.74	5.5843385e+00
25.77	5.2578013e+00
25.81	4.9491991e+00
25.84	4.6576326e+00
25.88	4.3822420e+00
25.91	4.1222055e+00
25.94	3.8767377e+00
25.98	3.6450885e+00
26.01	3.4265415e+00
26.05	3.2204132e+00
26.08	3.0260514e+00
26.11	2.8428343e+00
26.15	2.6701690e+00
26.18	2.5074908e+00
26.22	2.3542619e+00
26.25	2.2099705e+00
26.28	2.0741295e+00
26.32	1.9462757e+00
26.35	1.8259688e+00
26.39	1.7127905e+00
26.42	1.6063435e+00
26.45	1.5062506e+00
26.49	1.4121539e+00
26.52	1.3237139e+00
26.56	1.2406089e+00
26.59	1.1625338e+00
26.63	1.0891996e+00
26.66	1.0203327e+00
26.69	9.5567420e-01
26.73	8.9497896e-01
26.76	8.3801521e-01
26.80	7.8456379e-01
26.83	7.3441759e-01
26.86	6.8738088e-01
26.90	6.4326885e-01
26.93	6.0190696e-01
26.97	5.6313053e-01
27.00	5.2678412e-01
