# NeutrinoAntineutrinoInteraction/NeutrinoAntineutrinoMuon interaction rates
# neutrino field: massive Cosmic Neutrino Background, T_CnuB = 1.94535456 K
# Produced with crpropa-data version: 60a1560e37035039ec25f414e0c42a2444bad49c
# log10(E/eV), 1/lambda [1/Mpc]
13.58	0.0000000e+00
13.61	0.0000000e+00
13.65	0.0000000e+00
13.68	0.0000000e+00
13.71	0.0000000e+00
13.75	0.0000000e+00
13.78	0.0000000e+00
13.82	0.0000000e+00
13.85	0.0000000e+00
13.88	0.0000000e+00
13.92	0.0000000e+00
13.95	0.0000000e+00
13.99	0.0000000e+00
14.02	0.0000000e+00
14.05	0.0000000e+00
14.09	0.0000000e+00
14.12	0.0000000e+00
14.16	0.0000000e+00
14.19	0.0000000e+00
14.22	0.0000000e+00
14.26	0.0000000e+00
14.29	0.0000000e+00
14.33	0.0000000e+00
14.36	0.0000000e+00
14.39	0.0000000e+00
14.43	0.0000000e+00
14.46	0.0000000e+00
14.50	0.0000000e+00
14.53	0.0000000e+00
14.57	0.0000000e+00
14.60	0.0000000e+00
14.63	0.0000000e+00
14.67	0.0000000e+00
14.70	0.0000000e+00
14.74	0.0000000e+00
14.77	0.0000000e+00
14.80	0.0000000e+00
14.84	0.0000000e+00
14.87	0.0000000e+00
14.91	0.0000000e+00
14.94	0.0000000e+00
14.97	0.0000000e+00
15.01	0.0000000e+00
15.04	0.0000000e+00
15.08	0.0000000e+00
15.11	0.0000000e+00
15.14	0.0000000e+00
15.18	0.0000000e+00
15.21	0.0000000e+00
15.25	0.0000000e+00
15.28	0.0000000e+00
15.31	0.0000000e+00
15.35	0.0000000e+00
15.38	0.0000000e+00
15.42	0.0000000e+00
15.45	0.0000000e+00
15.48	0.0000000e+00
15.52	0.0000000e+00
15.55	0.0000000e+00
15.59	0.0000000e+00
15.62	0.0000000e+00
15.66	0.0000000e+00
15.69	0.0000000e+00
15.72	0.0000000e+00
15.76	0.0000000e+00
15.79	0.0000000e+00
15.83	0.0000000e+00
15.86	0.0000000e+00
15.89	0.0000000e+00
15.93	0.0000000e+00
15.96	0.0000000e+00
16.00	0.0000000e+00
16.03	0.0000000e+00
16.06	0.0000000e+00
16.10	0.0000000e+00
16.13	0.0000000e+00
16.17	0.0000000e+00
16.20	0.0000000e+00
16.23	0.0000000e+00
16.27	0.0000000e+00
16.30	0.0000000e+00
16.34	0.0000000e+00
16.37	0.0000000e+00
16.40	0.0000000e+00
16.44	0.0000000e+00
16.47	0.0000000e+00
16.51	0.0000000e+00
16.54	0.0000000e+00
16.58	0.0000000e+00
16.61	0.0000000e+00
16.64	0.0000000e+00
16.68	0.0000000e+00
16.71	0.0000000e+00
16.75	0.0000000e+00
16.78	0.0000000e+00
16.81	0.0000000e+00
16.85	0.0000000e+00
16.88	0.0000000e+00
16.92	0.0000000e+00
16.95	0.0000000e+00
16.98	0.0000000e+00
17.02	0.0000000e+00
17.05	0.0000000e+00
17.09	0.0000000e+00
17.12	0.0000000e+00
17.15	0.0000000e+00
17.19	0.0000000e+00
17.22	0.0000000e+00
17.26	0.0000000e+00
17.29	0.0000000e+00
17.32	0.0000000e+00
17.36	0.0000000e+00
17.39	0.0000000e+00
17.43	0.0000000e+00
17.46	0.0000000e+00
17.49	0.0000000e+00
17.53	0.0000000e+00
17.56	0.0000000e+00
17.60	0.0000000e+00
17.63	0.0000000e+00
17.67	0.0000000e+00
17.70	0.0000000e+00
17.73	0.0000000e+00
17.77	0.0000000e+00
17.80	0.0000000e+00
17.84	0.0000000e+00
17.87	0.0000000e+00
17.90	0.0000000e+00
17.94	0.0000000e+00
17.97	0.0000000e+00
18.01	0.0000000e+00
18.04	0.0000000e+00
18.07	0.0000000e+00
18.11	0.0000000e+00
18.14	0.0000000e+00
18.18	0.0000000e+00
18.21	0.0000000e+00
18.24	0.0000000e+00
18.28	0.0000000e+00
18.31	0.0000000e+00
18.35	0.0000000e+00
18.38	0.0000000e+00
18.41	0.0000000e+00
18.45	0.0000000e+00
18.48	0.0000000e+00
18.52	0.0000000e+00
18.55	0.0000000e+00
18.59	0.0000000e+00
18.62	0.0000000e+00
18.65	0.0000000e+00
18.69	0.0000000e+00
18.72	0.0000000e+00
18.76	0.0000000e+00
18.79	0.0000000e+00
18.82	0.0000000e+00
18.86	0.0000000e+00
18.89	0.0000000e+00
18.93	0.0000000e+00
18.96	0.0000000e+00
18.99	0.0000000e+00
19.03	0.0000000e+00
19.06	0.0000000e+00
19.10	0.0000000e+00
19.13	0.0000000e+00
19.16	0.0000000e+00
19.20	0.0000000e+00
19.23	0.0000000e+00
19.27	0.0000000e+00
19.30	0.0000000e+00
19.33	0.0000000e+00
19.37	0.0000000e+00
19.40	0.0000000e+00
19.44	0.0000000e+00
19.47	0.0000000e+00
19.51	0.0000000e+00
19.54	0.0000000e+00
19.57	0.0000000e+00
19.61	0.0000000e+00
19.64	0.0000000e+00
19.68	0.0000000e+00
19.71	0.0000000e+00
19.74	0.0000000e+00
19.78	0.0000000e+00
19.81	0.0000000e+00
19.85	0.0000000e+00
19.88	0.0000000e+00
19.91	0.0000000e+00
19.95	0.0000000e+00
19.98	0.0000000e+00
20.02	0.0000000e+00
20.05	0.0000000e+00
20.08	0.0000000e+00
20.12	0.0000000e+00
20.15	0.0000000e+00
20.19	0.0000000e+00
20.22	0.0000000e+00
20.25	0.0000000e+00
20.29	0.0000000e+00
20.32	0.0000000e+00
20.36	0.0000000e+00
20.39	0.0000000e+00
20.42	0.0000000e+00
20.46	0.0000000e+00
20.49	0.0000000e+00
20.53	0.0000000e+00
20.56	0.0000000e+00
20.60	0.0000000e+00
20.63	0.0000000e+00
20.66	0.0000000e+00
20.70	0.0000000e+00
20.73	0.0000000e+00
20.77	0.0000000e+00
20.80	2.3603750e-272
20.83	1.4636274e-251
20.87	2.4495592e-232
20.90	1.4530756e-214
20.94	3.9303849e-198
20.97	6.1189177e-183
21.00	6.8001449e-169
21.04	6.5829156e-156
21.07	6.6726958e-144
21.11	8.3957572e-133
21.14	1.5346460e-122
21.17	4.7130660e-113
21.21	2.7818598e-104
21.24	3.5734304e-96
21.28	1.1206278e-88
21.31	9.5412380e-82
21.34	2.4331847e-75
21.38	2.0352334e-69
21.41	6.0728062e-64
21.45	6.9858422e-59
21.48	3.3287357e-54
21.52	7.0210104e-50
21.55	6.9700791e-46
21.58	3.4470337e-42
21.62	8.9499587e-39
21.65	1.2807035e-35
21.69	1.0564012e-32
21.72	5.2359902e-30
21.75	1.6204756e-27
21.79	3.2448408e-25
21.82	4.3443935e-23
21.86	4.0092106e-21
21.89	2.6230333e-19
21.92	1.2487395e-17
21.96	4.4312517e-16
21.99	1.1985325e-14
22.03	2.5223296e-13
22.06	4.2099201e-12
22.09	5.6720296e-11
22.13	6.2704033e-10
22.16	5.7744919e-09
22.20	4.4923159e-08
22.23	2.9907854e-07
22.26	1.7244660e-06
22.30	8.7072193e-06
22.33	3.8894886e-05
22.37	1.5516070e-04
22.40	5.5758527e-04
22.43	1.8194463e-03
22.47	5.4304004e-03
22.50	1.4923607e-02
22.54	3.7990360e-02
22.57	9.0065906e-02
22.61	1.9978978e-01
22.64	4.1632196e-01
22.67	8.1746225e-01
22.71	1.5154638e+00
22.74	2.6537310e+00
22.78	4.3815322e+00
22.81	6.7861488e+00
22.84	9.7616230e+00
22.88	1.2836972e+01
22.91	1.5146456e+01
22.95	1.6027390e+01
22.98	1.5974142e+01
23.01	1.5495590e+01
23.05	1.4809545e+01
23.08	1.4026868e+01
23.12	1.3209761e+01
23.15	1.2394599e+01
23.18	1.1602795e+01
23.22	1.0846639e+01
23.25	1.0132682e+01
23.29	9.4638121e+00
23.32	8.8405690e+00
23.35	8.2620082e+00
23.39	7.7262708e+00
23.42	7.2309676e+00
23.46	6.7734359e+00
23.49	6.3509128e+00
23.53	5.9606496e+00
23.56	5.5999853e+00
23.59	5.2663928e+00
23.63	4.9575050e+00
23.66	4.6711282e+00
23.70	4.4052451e+00
23.73	4.1580127e+00
23.76	3.9277554e+00
23.80	3.7129561e+00
23.83	3.5122452e+00
23.87	3.3243899e+00
23.90	3.1482819e+00
23.93	2.9829269e+00
23.97	2.8274337e+00
24.00	2.6810036e+00
24.04	2.5429211e+00
24.07	2.4125454e+00
24.10	2.2893018e+00
24.14	2.1726749e+00
24.17	2.0622016e+00
24.21	1.9574652e+00
24.24	1.8580902e+00
24.27	1.7637373e+00
24.31	1.6740994e+00
24.34	1.5888974e+00
24.38	1.5078774e+00
24.41	1.4308071e+00
24.44	1.3574739e+00
24.48	1.2876819e+00
24.51	1.2212505e+00
24.55	1.1580124e+00
24.58	1.0978117e+00
24.62	1.0405035e+00
24.65	9.8595172e-01
24.68	9.3402875e-01
24.72	8.8461434e-01
24.75	8.3759490e-01
24.79	7.9286283e-01
24.82	7.5031597e-01
24.85	7.0985710e-01
24.89	6.7139358e-01
24.92	6.3483689e-01
24.96	6.0010242e-01
24.99	5.6710914e-01
25.02	5.3577939e-01
25.06	5.0603868e-01
25.09	4.7781551e-01
25.13	4.5104120e-01
25.16	4.2564979e-01
25.19	4.0157790e-01
25.23	3.7876464e-01
25.26	3.5715146e-01
25.30	3.3668215e-01
25.33	3.1730267e-01
25.36	2.9896116e-01
25.40	2.8160779e-01
25.43	2.6519477e-01
25.47	2.4967622e-01
25.50	2.3500816e-01
25.54	2.2114844e-01
25.57	2.0805666e-01
25.60	1.9569414e-01
25.64	1.8402387e-01
25.67	1.7301044e-01
25.71	1.6262000e-01
25.74	1.5282021e-01
25.77	1.4358016e-01
25.81	1.3487038e-01
25.84	1.2666275e-01
25.88	1.1893043e-01
25.91	1.1164789e-01
25.94	1.0479077e-01
25.98	9.8335919e-02
26.01	9.2261283e-02
26.05	8.6545904e-02
26.08	8.1169859e-02
26.11	7.6114222e-02
26.15	7.1361020e-02
26.18	6.6893198e-02
26.22	6.2694577e-02
26.25	5.8749814e-02
26.28	5.5044369e-02
26.32	5.1564467e-02
26.35	4.8297064e-02
26.39	4.5229813e-02
26.42	4.2351032e-02
26.45	3.9649670e-02
26.49	3.7115283e-02
26.52	3.4737998e-02
26.56	3.2508488e-02
26.59	3.0417947e-02
26.63	2.8458059e-02
26.66	2.6620979e-02
26.69	2.4899303e-02
26.73	2.3286051e-02
26.76	2.1774642e-02
26.80	2.0358872e-02
26.83	1.9032898e-02
26.86	1.7791214e-02
26.90	1.6628637e-02
26.93	1.5540288e-02
26.97	1.4521574e-02
27.00	1.3568175e-02
