# NeutrinoAntineutrinoInteraction/NeutrinoAntineutrinoMuon interaction rates
# neutrino field: massive Cosmic Neutrino Background, T_CnuB = 1.94535456 K
# Produced with crpropa-data version: 60a1560e37035039ec25f414e0c42a2444bad49c
# log10(E/eV), 1/lambda [1/Mpc]
13.75	0.0000000e+00
13.78	0.0000000e+00
13.82	0.0000000e+00
13.85	0.0000000e+00
13.88	0.0000000e+00
13.92	0.0000000e+00
13.95	0.0000000e+00
13.99	0.0000000e+00
14.02	0.0000000e+00
14.05	0.0000000e+00
14.09	0.0000000e+00
14.12	0.0000000e+00
14.16	0.0000000e+00
14.19	0.0000000e+00
14.22	0.0000000e+00
14.26	0.0000000e+00
14.29	0.0000000e+00
14.33	0.0000000e+00
14.36	0.0000000e+00
14.39	0.0000000e+00
14.43	0.0000000e+00
14.46	0.0000000e+00
14.50	0.0000000e+00
14.53	0.0000000e+00
14.57	0.0000000e+00
14.60	0.0000000e+00
14.63	0.0000000e+00
14.67	0.0000000e+00
14.70	0.0000000e+00
14.74	0.0000000e+00
14.77	0.0000000e+00
14.80	0.0000000e+00
14.84	0.0000000e+00
14.87	0.0000000e+00
14.91	0.0000000e+00
14.94	0.0000000e+00
14.97	0.0000000e+00
15.01	0.0000000e+00
15.04	0.0000000e+00
15.08	0.0000000e+00
15.11	0.0000000e+00
15.14	0.0000000e+00
15.18	0.0000000e+00
15.21	0.0000000e+00
15.25	0.0000000e+00
15.28	0.0000000e+00
15.31	0.0000000e+00
15.35	0.0000000e+00
15.38	0.0000000e+00
15.42	0.0000000e+00
15.45	0.0000000e+00
15.48	0.0000000e+00
15.52	0.0000000e+00
15.55	0.0000000e+00
15.59	0.0000000e+00
15.62	0.0000000e+00
15.66	0.0000000e+00
15.69	0.0000000e+00
15.72	0.0000000e+00
15.76	0.0000000e+00
15.79	0.0000000e+00
15.83	0.0000000e+00
15.86	0.0000000e+00
15.89	0.0000000e+00
15.93	0.0000000e+00
15.96	0.0000000e+00
16.00	0.0000000e+00
16.03	0.0000000e+00
16.06	0.0000000e+00
16.10	0.0000000e+00
16.13	0.0000000e+00
16.17	0.0000000e+00
16.20	0.0000000e+00
16.23	0.0000000e+00
16.27	0.0000000e+00
16.30	0.0000000e+00
16.34	0.0000000e+00
16.37	0.0000000e+00
16.40	0.0000000e+00
16.44	0.0000000e+00
16.47	0.0000000e+00
16.51	0.0000000e+00
16.54	0.0000000e+00
16.58	0.0000000e+00
16.61	0.0000000e+00
16.64	0.0000000e+00
16.68	0.0000000e+00
16.71	0.0000000e+00
16.75	0.0000000e+00
16.78	0.0000000e+00
16.81	0.0000000e+00
16.85	0.0000000e+00
16.88	0.0000000e+00
16.92	0.0000000e+00
16.95	0.0000000e+00
16.98	0.0000000e+00
17.02	0.0000000e+00
17.05	0.0000000e+00
17.09	0.0000000e+00
17.12	0.0000000e+00
17.15	0.0000000e+00
17.19	0.0000000e+00
17.22	0.0000000e+00
17.26	0.0000000e+00
17.29	0.0000000e+00
17.32	0.0000000e+00
17.36	0.0000000e+00
17.39	0.0000000e+00
17.43	0.0000000e+00
17.46	0.0000000e+00
17.49	0.0000000e+00
17.53	0.0000000e+00
17.56	0.0000000e+00
17.60	0.0000000e+00
17.63	0.0000000e+00
17.67	0.0000000e+00
17.70	0.0000000e+00
17.73	0.0000000e+00
17.77	0.0000000e+00
17.80	0.0000000e+00
17.84	0.0000000e+00
17.87	0.0000000e+00
17.90	0.0000000e+00
17.94	0.0000000e+00
17.97	0.0000000e+00
18.01	0.0000000e+00
18.04	0.0000000e+00
18.07	0.0000000e+00
18.11	0.0000000e+00
18.14	0.0000000e+00
18.18	0.0000000e+00
18.21	0.0000000e+00
18.24	0.0000000e+00
18.28	0.0000000e+00
18.31	0.0000000e+00
18.35	0.0000000e+00
18.38	0.0000000e+00
18.41	0.0000000e+00
18.45	0.0000000e+00
18.48	0.0000000e+00
18.52	0.0000000e+00
18.55	0.0000000e+00
18.59	0.0000000e+00
18.62	0.0000000e+00
18.65	0.0000000e+00
18.69	0.0000000e+00
18.72	0.0000000e+00
18.76	0.0000000e+00
18.79	0.0000000e+00
18.82	0.0000000e+00
18.86	0.0000000e+00
18.89	0.0000000e+00
18.93	0.0000000e+00
18.96	0.0000000e+00
18.99	0.0000000e+00
19.03	0.0000000e+00
19.06	0.0000000e+00
19.10	0.0000000e+00
19.13	0.0000000e+00
19.16	0.0000000e+00
19.20	0.0000000e+00
19.23	0.0000000e+00
19.27	0.0000000e+00
19.30	0.0000000e+00
19.33	0.0000000e+00
19.37	0.0000000e+00
19.40	0.0000000e+00
19.44	0.0000000e+00
19.47	0.0000000e+00
19.51	0.0000000e+00
19.54	0.0000000e+00
19.57	0.0000000e+00
19.61	0.0000000e+00
19.64	0.0000000e+00
19.68	0.0000000e+00
19.71	0.0000000e+00
19.74	0.0000000e+00
19.78	0.0000000e+00
19.81	0.0000000e+00
19.85	0.0000000e+00
19.88	0.0000000e+00
19.91	0.0000000e+00
19.95	0.0000000e+00
19.98	0.0000000e+00
20.02	0.0000000e+00
20.05	0.0000000e+00
20.08	0.0000000e+00
20.12	0.0000000e+00
20.15	0.0000000e+00
20.19	0.0000000e+00
20.22	0.0000000e+00
20.25	0.0000000e+00
20.29	0.0000000e+00
20.32	0.0000000e+00
20.36	0.0000000e+00
20.39	0.0000000e+00
20.42	0.0000000e+00
20.46	0.0000000e+00
20.49	0.0000000e+00
20.53	0.0000000e+00
20.56	0.0000000e+00
20.60	0.0000000e+00
20.63	0.0000000e+00
20.66	0.0000000e+00
20.70	0.0000000e+00
20.73	0.0000000e+00
20.77	0.0000000e+00
20.80	0.0000000e+00
20.83	0.0000000e+00
20.87	0.0000000e+00
20.90	0.0000000e+00
20.94	0.0000000e+00
20.97	1.2668683e-272
21.00	6.8658702e-252
21.04	1.0141298e-232
21.07	5.3570617e-215
21.11	1.3010348e-198
21.14	1.8324784e-183
21.17	1.8553280e-169
21.21	1.6467910e-156
21.24	1.5395273e-144
21.28	1.7961584e-133
21.31	3.0593111e-123
21.34	8.7941533e-114
21.38	4.8783154e-105
21.41	5.9111086e-97
21.45	1.7544651e-89
21.48	1.4180569e-82
21.52	3.4422239e-76
21.55	2.7472233e-70
21.58	7.8379690e-65
21.62	8.6371430e-60
21.65	3.9487576e-55
21.69	8.0019876e-51
21.72	7.6408100e-47
21.75	3.6378096e-43
21.79	9.0992134e-40
21.82	1.2549453e-36
21.86	9.9796520e-34
21.89	4.7689943e-31
21.92	1.4228501e-28
21.96	2.7457679e-26
21.99	3.5410960e-24
22.03	3.1456507e-22
22.06	1.9793623e-20
22.09	9.0534274e-19
22.13	3.0829130e-17
22.16	7.9905720e-16
22.20	1.6089766e-14
22.23	2.5650572e-13
22.26	3.2947587e-12
22.30	3.4654776e-11
22.33	3.0298559e-10
22.37	2.2326422e-09
22.40	1.4045025e-08
22.43	7.6327822e-08
22.47	3.6229734e-07
22.50	1.5173204e-06
22.54	5.6597464e-06
22.57	1.8966895e-05
22.61	5.7565770e-05
22.64	1.5941477e-04
22.67	4.0557758e-04
22.71	9.5402725e-04
22.74	2.0870902e-03
22.78	4.2694727e-03
22.81	8.2080366e-03
22.84	1.4898713e-02
22.88	2.5642432e-02
22.91	4.2012789e-02
22.95	6.5764272e-02
22.98	9.8680394e-02
23.01	1.4237372e-01
23.05	1.9806121e-01
23.08	2.6634596e-01
23.12	3.4703804e-01
23.15	4.3904332e-01
23.18	5.4033972e-01
23.22	6.4804894e-01
23.25	7.5859848e-01
23.29	8.6795774e-01
23.32	9.7192316e-01
23.35	1.0664223e+00
23.39	1.1478060e+00
23.42	1.2131004e+00
23.46	1.2601971e+00
23.49	1.2879679e+00
23.53	1.2963006e+00
23.56	1.2860606e+00
23.59	1.2589925e+00
23.63	1.2175836e+00
23.66	1.1649243e+00
23.70	1.1046593e+00
23.73	1.0412558e+00
23.76	9.7830656e-01
23.80	9.1754039e-01
23.83	8.5978748e-01
23.87	8.0542207e-01
23.90	7.5456100e-01
23.93	7.0716999e-01
23.97	6.6312587e-01
24.00	6.2225506e-01
24.04	5.8435796e-01
24.07	5.4922460e-01
24.10	5.1664470e-01
24.14	4.8641404e-01
24.17	4.5833833e-01
24.21	4.3223540e-01
24.24	4.0793628e-01
24.27	3.8528553e-01
24.31	3.6414099e-01
24.34	3.4437335e-01
24.38	3.2586536e-01
24.41	3.0851104e-01
24.44	2.9221483e-01
24.48	2.7689064e-01
24.51	2.6246106e-01
24.55	2.4885648e-01
24.58	2.3601431e-01
24.62	2.2387829e-01
24.65	2.1239779e-01
24.68	2.0152722e-01
24.72	1.9122546e-01
24.75	1.8145533e-01
24.79	1.7218323e-01
24.82	1.6337863e-01
24.85	1.5501378e-01
24.89	1.4706336e-01
24.92	1.3950422e-01
24.96	1.3231511e-01
24.99	1.2547644e-01
25.02	1.1897017e-01
25.06	1.1277952e-01
25.09	1.0688892e-01
25.13	1.0128384e-01
25.16	9.5950665e-02
25.19	9.0876632e-02
25.23	8.6049711e-02
25.26	8.1458547e-02
25.30	7.7092393e-02
25.33	7.2941055e-02
25.36	6.8994839e-02
25.40	6.5244515e-02
25.43	6.1681277e-02
25.47	5.8296712e-02
25.50	5.5082776e-02
25.54	5.2031764e-02
25.57	4.9136295e-02
25.60	4.6389293e-02
25.64	4.3783967e-02
25.67	4.1313803e-02
25.71	3.8972545e-02
25.74	3.6754189e-02
25.77	3.4652971e-02
25.81	3.2663358e-02
25.84	3.0780038e-02
25.88	2.8997914e-02
25.91	2.7312096e-02
25.94	2.5717895e-02
25.98	2.4210814e-02
26.01	2.2786545e-02
26.05	2.1440960e-02
26.08	2.0170108e-02
26.11	1.8970206e-02
26.15	1.7837637e-02
26.18	1.6768941e-02
26.22	1.5760814e-02
26.25	1.4810099e-02
26.28	1.3913781e-02
26.32	1.3068987e-02
26.35	1.2272973e-02
26.39	1.1523128e-02
26.42	1.0816962e-02
26.45	1.0152104e-02
26.49	9.5262999e-03
26.52	8.9374037e-03
26.56	8.3833763e-03
26.59	7.8622797e-03
26.63	7.3722733e-03
26.66	6.9116101e-03
26.69	6.4786320e-03
26.73	6.0717667e-03
26.76	5.6895236e-03
26.80	5.3304900e-03
26.83	4.9933282e-03
26.86	4.6767713e-03
26.90	4.3796204e-03
26.93	4.1007415e-03
26.97	3.8390620e-03
27.00	3.5935680e-03
