# NeutrinoAntineutrinoInteraction/NeutrinoAntineutrinoMuon interaction rates
# neutrino field: massive Cosmic Neutrino Background, T_CnuB = 1.94535456 K
# Produced with crpropa-data version: 60a1560e37035039ec25f414e0c42a2444bad49c
# log10(E/eV), 1/lambda [1/Mpc]
13.75	0.0000000e+00
13.78	0.0000000e+00
13.82	0.0000000e+00
13.85	0.0000000e+00
13.88	0.0000000e+00
13.92	0.0000000e+00
13.95	0.0000000e+00
13.99	0.0000000e+00
14.02	0.0000000e+00
14.05	0.0000000e+00
14.09	0.0000000e+00
14.12	0.0000000e+00
14.16	0.0000000e+00
14.19	0.0000000e+00
14.22	0.0000000e+00
14.26	0.0000000e+00
14.29	0.0000000e+00
14.33	0.0000000e+00
14.36	0.0000000e+00
14.39	0.0000000e+00
14.43	0.0000000e+00
14.46	0.0000000e+00
14.50	0.0000000e+00
14.53	0.0000000e+00
14.57	0.0000000e+00
14.60	0.0000000e+00
14.63	0.0000000e+00
14.67	0.0000000e+00
14.70	0.0000000e+00
14.74	0.0000000e+00
14.77	0.0000000e+00
14.80	0.0000000e+00
14.84	0.0000000e+00
14.87	0.0000000e+00
14.91	0.0000000e+00
14.94	0.0000000e+00
14.97	0.0000000e+00
15.01	0.0000000e+00
15.04	0.0000000e+00
15.08	0.0000000e+00
15.11	0.0000000e+00
15.14	0.0000000e+00
15.18	0.0000000e+00
15.21	0.0000000e+00
15.25	0.0000000e+00
15.28	0.0000000e+00
15.31	0.0000000e+00
15.35	0.0000000e+00
15.38	0.0000000e+00
15.42	0.0000000e+00
15.45	0.0000000e+00
15.48	0.0000000e+00
15.52	0.0000000e+00
15.55	0.0000000e+00
15.59	0.0000000e+00
15.62	0.0000000e+00
15.66	0.0000000e+00
15.69	0.0000000e+00
15.72	0.0000000e+00
15.76	0.0000000e+00
15.79	0.0000000e+00
15.83	0.0000000e+00
15.86	0.0000000e+00
15.89	0.0000000e+00
15.93	0.0000000e+00
15.96	0.0000000e+00
16.00	0.0000000e+00
16.03	0.0000000e+00
16.06	0.0000000e+00
16.10	0.0000000e+00
16.13	0.0000000e+00
16.17	0.0000000e+00
16.20	0.0000000e+00
16.23	0.0000000e+00
16.27	0.0000000e+00
16.30	0.0000000e+00
16.34	0.0000000e+00
16.37	0.0000000e+00
16.40	0.0000000e+00
16.44	0.0000000e+00
16.47	0.0000000e+00
16.51	0.0000000e+00
16.54	0.0000000e+00
16.58	0.0000000e+00
16.61	0.0000000e+00
16.64	0.0000000e+00
16.68	0.0000000e+00
16.71	0.0000000e+00
16.75	0.0000000e+00
16.78	0.0000000e+00
16.81	0.0000000e+00
16.85	0.0000000e+00
16.88	0.0000000e+00
16.92	0.0000000e+00
16.95	0.0000000e+00
16.98	0.0000000e+00
17.02	0.0000000e+00
17.05	0.0000000e+00
17.09	0.0000000e+00
17.12	0.0000000e+00
17.15	0.0000000e+00
17.19	0.0000000e+00
17.22	0.0000000e+00
17.26	0.0000000e+00
17.29	0.0000000e+00
17.32	0.0000000e+00
17.36	0.0000000e+00
17.39	0.0000000e+00
17.43	0.0000000e+00
17.46	0.0000000e+00
17.49	0.0000000e+00
17.53	0.0000000e+00
17.56	0.0000000e+00
17.60	0.0000000e+00
17.63	0.0000000e+00
17.67	0.0000000e+00
17.70	0.0000000e+00
17.73	0.0000000e+00
17.77	0.0000000e+00
17.80	0.0000000e+00
17.84	0.0000000e+00
17.87	0.0000000e+00
17.90	0.0000000e+00
17.94	0.0000000e+00
17.97	0.0000000e+00
18.01	0.0000000e+00
18.04	0.0000000e+00
18.07	0.0000000e+00
18.11	0.0000000e+00
18.14	0.0000000e+00
18.18	0.0000000e+00
18.21	0.0000000e+00
18.24	0.0000000e+00
18.28	0.0000000e+00
18.31	0.0000000e+00
18.35	0.0000000e+00
18.38	0.0000000e+00
18.41	0.0000000e+00
18.45	0.0000000e+00
18.48	0.0000000e+00
18.52	0.0000000e+00
18.55	0.0000000e+00
18.59	0.0000000e+00
18.62	0.0000000e+00
18.65	0.0000000e+00
18.69	0.0000000e+00
18.72	0.0000000e+00
18.76	0.0000000e+00
18.79	0.0000000e+00
18.82	0.0000000e+00
18.86	0.0000000e+00
18.89	0.0000000e+00
18.93	0.0000000e+00
18.96	0.0000000e+00
18.99	0.0000000e+00
19.03	0.0000000e+00
19.06	0.0000000e+00
19.10	0.0000000e+00
19.13	0.0000000e+00
19.16	0.0000000e+00
19.20	0.0000000e+00
19.23	0.0000000e+00
19.27	0.0000000e+00
19.30	0.0000000e+00
19.33	0.0000000e+00
19.37	0.0000000e+00
19.40	0.0000000e+00
19.44	0.0000000e+00
19.47	0.0000000e+00
19.51	0.0000000e+00
19.54	0.0000000e+00
19.57	0.0000000e+00
19.61	0.0000000e+00
19.64	0.0000000e+00
19.68	0.0000000e+00
19.71	0.0000000e+00
19.74	0.0000000e+00
19.78	0.0000000e+00
19.81	0.0000000e+00
19.85	0.0000000e+00
19.88	0.0000000e+00
19.91	0.0000000e+00
19.95	0.0000000e+00
19.98	0.0000000e+00
20.02	0.0000000e+00
20.05	0.0000000e+00
20.08	0.0000000e+00
20.12	0.0000000e+00
20.15	0.0000000e+00
20.19	0.0000000e+00
20.22	0.0000000e+00
20.25	0.0000000e+00
20.29	0.0000000e+00
20.32	0.0000000e+00
20.36	0.0000000e+00
20.39	0.0000000e+00
20.42	0.0000000e+00
20.46	0.0000000e+00
20.49	0.0000000e+00
20.53	0.0000000e+00
20.56	0.0000000e+00
20.60	0.0000000e+00
20.63	0.0000000e+00
20.66	0.0000000e+00
20.70	0.0000000e+00
20.73	0.0000000e+00
20.77	0.0000000e+00
20.80	0.0000000e+00
20.83	0.0000000e+00
20.87	0.0000000e+00
20.90	0.0000000e+00
20.94	0.0000000e+00
20.97	1.3679051e-272
21.00	7.4596228e-252
21.04	1.1092462e-232
21.07	5.9021137e-215
21.11	1.4446681e-198
21.14	2.0520493e-183
21.17	2.0966797e-169
21.21	1.8794375e-156
21.24	1.7758033e-144
21.28	2.0957360e-133
21.31	3.6140547e-123
21.34	1.0528567e-113
21.38	5.9252520e-105
21.41	7.2922243e-97
21.45	2.2009982e-89
21.48	1.8114328e-82
21.52	4.4836710e-76
21.55	3.6543721e-70
21.58	1.0664816e-64
21.62	1.2042310e-59
21.65	5.6520261e-55
21.69	1.1781988e-50
21.72	1.1597722e-46
21.75	5.7054212e-43
21.79	1.4782168e-39
21.82	2.1173461e-36
21.86	1.7536372e-33
21.89	8.7541761e-31
21.92	2.7371900e-28
21.96	5.5545705e-26
21.99	7.5603702e-24
22.03	7.1155797e-22
22.06	4.7631747e-20
22.09	2.3277530e-18
22.13	8.5079636e-17
22.16	2.3783669e-15
22.20	5.1914949e-14
22.23	9.0197620e-13
22.26	1.2696879e-11
22.30	1.4720891e-10
22.33	1.4272783e-09
22.37	1.1736138e-08
22.40	8.2913048e-08
22.43	5.0933501e-07
22.47	2.7507744e-06
22.50	1.3193779e-05
22.54	5.6722298e-05
22.57	2.2041196e-04
22.61	7.7991801e-04
22.64	2.5293715e-03
22.67	7.5590431e-03
22.71	2.0900769e-02
22.74	5.3584626e-02
22.78	1.2728925e-01
22.81	2.7857280e-01
22.84	5.5323993e-01
22.88	9.6503561e-01
22.91	1.3970178e+00
22.95	1.6235962e+00
22.98	1.6804721e+00
23.01	1.6623865e+00
23.05	1.6072114e+00
23.08	1.5332693e+00
23.12	1.4505961e+00
23.15	1.3650286e+00
23.18	1.2800448e+00
23.22	1.1977115e+00
23.25	1.1192169e+00
23.29	1.0451895e+00
23.32	9.7589713e-01
23.35	9.1137589e-01
23.39	8.5151460e-01
23.42	7.9611159e-01
23.46	7.4491292e-01
23.49	6.9763810e-01
23.53	6.5399752e-01
23.56	6.1370381e-01
23.59	5.7647933e-01
23.63	5.4206074e-01
23.66	5.1020163e-01
23.70	4.8067376e-01
23.73	4.5326740e-01
23.76	4.2779099e-01
23.80	4.0407047e-01
23.83	3.8194827e-01
23.87	3.6128221e-01
23.90	3.4194432e-01
23.93	3.2381963e-01
23.97	3.0680499e-01
24.00	2.9080798e-01
24.04	2.7574581e-01
24.07	2.6154434e-01
24.10	2.4813717e-01
24.14	2.3546480e-01
24.17	2.2347388e-01
24.21	2.1211649e-01
24.24	2.0134954e-01
24.27	1.9113420e-01
24.31	1.8143544e-01
24.34	1.7222152e-01
24.38	1.6346364e-01
24.41	1.5513561e-01
24.44	1.4721348e-01
24.48	1.3967533e-01
24.51	1.3250101e-01
24.55	1.2567190e-01
24.58	1.1917079e-01
24.62	1.1298167e-01
24.65	1.0708961e-01
24.68	1.0148066e-01
24.72	9.6141683e-02
24.75	9.1060349e-02
24.79	8.6224990e-02
24.82	8.1624562e-02
24.85	7.7248582e-02
24.89	7.3087077e-02
24.92	6.9130540e-02
24.96	6.5369893e-02
24.99	6.1796457e-02
25.02	5.8401920e-02
25.06	5.5178317e-02
25.09	5.2118006e-02
25.13	4.9213653e-02
25.16	4.6458214e-02
25.19	4.3844922e-02
25.23	4.1367274e-02
25.26	3.9019021e-02
25.30	3.6794156e-02
25.33	3.4686910e-02
25.36	3.2691736e-02
25.40	3.0803309e-02
25.43	2.9016516e-02
25.47	2.7326447e-02
25.50	2.5728392e-02
25.54	2.4217834e-02
25.57	2.2790443e-02
25.60	2.1442069e-02
25.64	2.0168738e-02
25.67	1.8966647e-02
25.71	1.7832157e-02
25.74	1.6761788e-02
25.77	1.5752216e-02
25.81	1.4800265e-02
25.84	1.3902904e-02
25.88	1.3057241e-02
25.91	1.2260517e-02
25.94	1.1510105e-02
25.98	1.0803501e-02
26.01	1.0138322e-02
26.05	9.5122998e-03
26.08	8.9232784e-03
26.11	8.3692075e-03
26.15	7.8481396e-03
26.18	7.3582252e-03
26.22	6.8977090e-03
26.25	6.4649255e-03
26.28	6.0582956e-03
26.32	5.6763223e-03
26.35	5.3175877e-03
26.39	4.9807485e-03
26.42	4.6645336e-03
26.45	4.3677400e-03
26.49	4.0892298e-03
26.52	3.8279273e-03
26.56	3.5828156e-03
26.59	3.3529343e-03
26.63	3.1373761e-03
26.66	2.9352846e-03
26.69	2.7458513e-03
26.73	2.5683139e-03
26.76	2.4019530e-03
26.80	2.2460906e-03
26.83	2.1000876e-03
26.86	1.9633418e-03
26.90	1.8352859e-03
26.93	1.7153858e-03
26.97	1.6031387e-03
27.00	1.4980713e-03
