# NeutrinoAntineutrinoInteraction/NeutrinoAntineutrinoMuon interaction rates
# neutrino field: massive Cosmic Neutrino Background, T_CnuB = 1.94535456 K
# Produced with crpropa-data version: 60a1560e37035039ec25f414e0c42a2444bad49c
# log10(E/eV), 1/lambda [1/Mpc]
13.75	0.0000000e+00
13.78	0.0000000e+00
13.82	0.0000000e+00
13.85	0.0000000e+00
13.88	0.0000000e+00
13.92	0.0000000e+00
13.95	0.0000000e+00
13.99	0.0000000e+00
14.02	0.0000000e+00
14.05	0.0000000e+00
14.09	0.0000000e+00
14.12	0.0000000e+00
14.16	0.0000000e+00
14.19	0.0000000e+00
14.22	0.0000000e+00
14.26	0.0000000e+00
14.29	0.0000000e+00
14.33	0.0000000e+00
14.36	0.0000000e+00
14.39	0.0000000e+00
14.43	0.0000000e+00
14.46	0.0000000e+00
14.50	0.0000000e+00
14.53	0.0000000e+00
14.57	0.0000000e+00
14.60	0.0000000e+00
14.63	0.0000000e+00
14.67	0.0000000e+00
14.70	0.0000000e+00
14.74	0.0000000e+00
14.77	0.0000000e+00
14.80	0.0000000e+00
14.84	0.0000000e+00
14.87	0.0000000e+00
14.91	0.0000000e+00
14.94	0.0000000e+00
14.97	0.0000000e+00
15.01	0.0000000e+00
15.04	0.0000000e+00
15.08	0.0000000e+00
15.11	0.0000000e+00
15.14	0.0000000e+00
15.18	0.0000000e+00
15.21	0.0000000e+00
15.25	0.0000000e+00
15.28	0.0000000e+00
15.31	0.0000000e+00
15.35	0.0000000e+00
15.38	0.0000000e+00
15.42	0.0000000e+00
15.45	0.0000000e+00
15.48	0.0000000e+00
15.52	0.0000000e+00
15.55	0.0000000e+00
15.59	0.0000000e+00
15.62	0.0000000e+00
15.66	0.0000000e+00
15.69	0.0000000e+00
15.72	0.0000000e+00
15.76	0.0000000e+00
15.79	0.0000000e+00
15.83	0.0000000e+00
15.86	0.0000000e+00
15.89	0.0000000e+00
15.93	0.0000000e+00
15.96	0.0000000e+00
16.00	0.0000000e+00
16.03	0.0000000e+00
16.06	0.0000000e+00
16.10	0.0000000e+00
16.13	0.0000000e+00
16.17	0.0000000e+00
16.20	0.0000000e+00
16.23	0.0000000e+00
16.27	0.0000000e+00
16.30	0.0000000e+00
16.34	0.0000000e+00
16.37	0.0000000e+00
16.40	0.0000000e+00
16.44	0.0000000e+00
16.47	0.0000000e+00
16.51	0.0000000e+00
16.54	0.0000000e+00
16.58	0.0000000e+00
16.61	0.0000000e+00
16.64	0.0000000e+00
16.68	0.0000000e+00
16.71	0.0000000e+00
16.75	0.0000000e+00
16.78	0.0000000e+00
16.81	0.0000000e+00
16.85	0.0000000e+00
16.88	0.0000000e+00
16.92	0.0000000e+00
16.95	0.0000000e+00
16.98	0.0000000e+00
17.02	0.0000000e+00
17.05	0.0000000e+00
17.09	0.0000000e+00
17.12	0.0000000e+00
17.15	0.0000000e+00
17.19	0.0000000e+00
17.22	0.0000000e+00
17.26	0.0000000e+00
17.29	0.0000000e+00
17.32	0.0000000e+00
17.36	0.0000000e+00
17.39	0.0000000e+00
17.43	0.0000000e+00
17.46	0.0000000e+00
17.49	0.0000000e+00
17.53	0.0000000e+00
17.56	0.0000000e+00
17.60	0.0000000e+00
17.63	0.0000000e+00
17.67	0.0000000e+00
17.70	0.0000000e+00
17.73	0.0000000e+00
17.77	0.0000000e+00
17.80	0.0000000e+00
17.84	0.0000000e+00
17.87	0.0000000e+00
17.90	0.0000000e+00
17.94	0.0000000e+00
17.97	0.0000000e+00
18.01	0.0000000e+00
18.04	0.0000000e+00
18.07	0.0000000e+00
18.11	0.0000000e+00
18.14	0.0000000e+00
18.18	0.0000000e+00
18.21	0.0000000e+00
18.24	0.0000000e+00
18.28	0.0000000e+00
18.31	0.0000000e+00
18.35	0.0000000e+00
18.38	0.0000000e+00
18.41	0.0000000e+00
18.45	0.0000000e+00
18.48	0.0000000e+00
18.52	0.0000000e+00
18.55	0.0000000e+00
18.59	0.0000000e+00
18.62	0.0000000e+00
18.65	0.0000000e+00
18.69	0.0000000e+00
18.72	0.0000000e+00
18.76	0.0000000e+00
18.79	0.0000000e+00
18.82	0.0000000e+00
18.86	0.0000000e+00
18.89	0.0000000e+00
18.93	0.0000000e+00
18.96	0.0000000e+00
18.99	0.0000000e+00
19.03	0.0000000e+00
19.06	0.0000000e+00
19.10	0.0000000e+00
19.13	0.0000000e+00
19.16	0.0000000e+00
19.20	0.0000000e+00
19.23	0.0000000e+00
19.27	0.0000000e+00
19.30	0.0000000e+00
19.33	0.0000000e+00
19.37	0.0000000e+00
19.40	0.0000000e+00
19.44	0.0000000e+00
19.47	0.0000000e+00
19.51	0.0000000e+00
19.54	0.0000000e+00
19.57	0.0000000e+00
19.61	0.0000000e+00
19.64	0.0000000e+00
19.68	0.0000000e+00
19.71	0.0000000e+00
19.74	0.0000000e+00
19.78	0.0000000e+00
19.81	0.0000000e+00
19.85	0.0000000e+00
19.88	0.0000000e+00
19.91	0.0000000e+00
19.95	0.0000000e+00
19.98	0.0000000e+00
20.02	0.0000000e+00
20.05	0.0000000e+00
20.08	0.0000000e+00
20.12	0.0000000e+00
20.15	0.0000000e+00
20.19	0.0000000e+00
20.22	0.0000000e+00
20.25	0.0000000e+00
20.29	0.0000000e+00
20.32	0.0000000e+00
20.36	0.0000000e+00
20.39	0.0000000e+00
20.42	0.0000000e+00
20.46	0.0000000e+00
20.49	0.0000000e+00
20.53	0.0000000e+00
20.56	0.0000000e+00
20.60	0.0000000e+00
20.63	0.0000000e+00
20.66	0.0000000e+00
20.70	0.0000000e+00
20.73	0.0000000e+00
20.77	0.0000000e+00
20.80	0.0000000e+00
20.83	0.0000000e+00
20.87	0.0000000e+00
20.90	0.0000000e+00
20.94	0.0000000e+00
20.97	1.2639082e-272
21.00	6.8485313e-252
21.04	1.0113619e-232
21.07	5.3412607e-215
21.11	1.2968879e-198
21.14	1.8261671e-183
21.17	1.8484238e-169
21.21	1.6401702e-156
21.24	1.5328408e-144
21.28	1.7877316e-133
21.31	3.0438087e-123
21.34	8.7460266e-114
21.38	4.8494864e-105
21.41	5.8733909e-97
21.45	1.7423791e-89
21.48	1.4075122e-82
21.52	3.4145975e-76
21.55	2.7234300e-70
21.58	7.7647252e-65
21.62	8.5500731e-60
21.65	3.9058229e-55
21.69	7.9081643e-51
21.72	7.5442215e-47
21.75	3.5882416e-43
21.79	8.9656045e-40
21.82	1.2350928e-36
21.86	9.8096148e-34
21.89	4.6815028e-31
21.92	1.3947524e-28
21.96	2.6874230e-26
21.99	3.4601592e-24
22.03	3.0683436e-22
22.06	1.9270801e-20
22.09	8.7965243e-19
22.13	2.9889757e-17
22.16	7.7292634e-16
22.20	1.5525365e-14
22.23	2.4685980e-13
22.26	3.1620170e-12
22.30	3.3159938e-11
22.33	2.8900294e-10
22.37	2.1224904e-09
22.40	1.3304831e-08
22.43	7.2034666e-08
22.47	3.4056907e-07
22.50	1.4203875e-06
22.54	5.2750103e-06
22.57	1.7596514e-05
22.61	5.3150453e-05
22.64	1.4645145e-04
22.67	3.7065941e-04
22.71	8.6719399e-04
22.74	1.8865842e-03
22.78	3.8372722e-03
22.81	7.3340905e-03
22.84	1.3233473e-02
22.88	2.2640171e-02
22.91	3.6872001e-02
22.95	5.7375462e-02
22.98	8.5594781e-02
23.01	1.2280770e-01
23.05	1.6995017e-01
23.08	2.2745675e-01
23.12	2.9514249e-01
23.15	3.7214606e-01
23.18	4.5694438e-01
23.22	5.4743739e-01
23.25	6.4109182e-01
23.29	7.3512462e-01
23.32	8.2670287e-01
23.35	9.1313702e-01
23.39	9.9204732e-01
23.42	1.0614894e+00
23.46	1.1200315e+00
23.49	1.1667835e+00
23.53	1.2013814e+00
23.56	1.2239381e+00
23.59	1.2349695e+00
23.63	1.2353080e+00
23.66	1.2260123e+00
23.70	1.2082818e+00
23.73	1.1833803e+00
23.76	1.1525729e+00
23.80	1.1170765e+00
23.83	1.0780236e+00
23.87	1.0364390e+00
23.90	9.9322697e-01
23.93	9.4916635e-01
23.97	9.0491274e-01
24.00	8.6100492e-01
24.04	8.1787442e-01
24.07	7.7585678e-01
24.10	7.3520355e-01
24.14	6.9609427e-01
24.17	6.5864792e-01
24.21	6.2293354e-01
24.24	5.8897971e-01
24.27	5.5678302e-01
24.31	5.2631529e-01
24.34	4.9752975e-01
24.38	4.7036618e-01
24.41	4.4475520e-01
24.44	4.2062163e-01
24.48	3.9788729e-01
24.51	3.7647310e-01
24.55	3.5630071e-01
24.58	3.3729370e-01
24.62	3.1937849e-01
24.65	3.0248489e-01
24.68	2.8654649e-01
24.72	2.7150085e-01
24.75	2.5728957e-01
24.79	2.4385827e-01
24.82	2.3115645e-01
24.85	2.1913736e-01
24.89	2.0775776e-01
24.92	1.9697777e-01
24.96	1.8676058e-01
24.99	1.7707226e-01
25.02	1.6788150e-01
25.06	1.5915942e-01
25.09	1.5087935e-01
25.13	1.4301660e-01
25.16	1.3554836e-01
25.19	1.2845342e-01
25.23	1.2171211e-01
25.26	1.1530609e-01
25.30	1.0921828e-01
25.33	1.0343269e-01
25.36	9.7934337e-02
25.40	9.2709170e-02
25.43	8.7743959e-02
25.47	8.3026234e-02
25.50	7.8544215e-02
25.54	7.4286758e-02
25.57	7.0243296e-02
25.60	6.6403799e-02
25.64	6.2758730e-02
25.67	5.9299010e-02
25.71	5.6015988e-02
25.74	5.2901409e-02
25.77	4.9947392e-02
25.81	4.7146406e-02
25.84	4.4491251e-02
25.88	4.1975041e-02
25.91	3.9591185e-02
25.94	3.7333376e-02
25.98	3.5195575e-02
26.01	3.3172000e-02
26.05	3.1257118e-02
26.08	2.9445628e-02
26.11	2.7732459e-02
26.15	2.6112756e-02
26.18	2.4581873e-02
26.22	2.3135367e-02
26.25	2.1768988e-02
26.28	2.0478674e-02
26.32	1.9260542e-02
26.35	1.8110882e-02
26.39	1.7026154e-02
26.42	1.6002975e-02
26.45	1.5038121e-02
26.49	1.4128514e-02
26.52	1.3271222e-02
26.56	1.2463451e-02
26.59	1.1702539e-02
26.63	1.0985952e-02
26.66	1.0311280e-02
26.69	9.6762276e-03
26.73	9.0786163e-03
26.76	8.5163737e-03
26.80	7.9875319e-03
26.83	7.4902225e-03
26.86	7.0226724e-03
26.90	6.5831993e-03
26.93	6.1702082e-03
26.97	5.7821875e-03
27.00	5.4177047e-03
