# NeutrinoAntineutrinoInteraction/NeutrinoAntineutrinoMuon interaction rates
# neutrino field: massive Cosmic Neutrino Background, T_CnuB = 1.94535456 K
# Produced with crpropa-data version: 60a1560e37035039ec25f414e0c42a2444bad49c
# log10(E/eV), 1/lambda [1/Mpc]
13.65	0.0000000e+00
13.68	0.0000000e+00
13.71	0.0000000e+00
13.75	0.0000000e+00
13.78	0.0000000e+00
13.82	0.0000000e+00
13.85	0.0000000e+00
13.88	0.0000000e+00
13.92	0.0000000e+00
13.95	0.0000000e+00
13.99	0.0000000e+00
14.02	0.0000000e+00
14.05	0.0000000e+00
14.09	0.0000000e+00
14.12	0.0000000e+00
14.16	0.0000000e+00
14.19	0.0000000e+00
14.22	0.0000000e+00
14.26	0.0000000e+00
14.29	0.0000000e+00
14.33	0.0000000e+00
14.36	0.0000000e+00
14.39	0.0000000e+00
14.43	0.0000000e+00
14.46	0.0000000e+00
14.50	0.0000000e+00
14.53	0.0000000e+00
14.57	0.0000000e+00
14.60	0.0000000e+00
14.63	0.0000000e+00
14.67	0.0000000e+00
14.70	0.0000000e+00
14.74	0.0000000e+00
14.77	0.0000000e+00
14.80	0.0000000e+00
14.84	0.0000000e+00
14.87	0.0000000e+00
14.91	0.0000000e+00
14.94	0.0000000e+00
14.97	0.0000000e+00
15.01	0.0000000e+00
15.04	0.0000000e+00
15.08	0.0000000e+00
15.11	0.0000000e+00
15.14	0.0000000e+00
15.18	0.0000000e+00
15.21	0.0000000e+00
15.25	0.0000000e+00
15.28	0.0000000e+00
15.31	0.0000000e+00
15.35	0.0000000e+00
15.38	0.0000000e+00
15.42	0.0000000e+00
15.45	0.0000000e+00
15.48	0.0000000e+00
15.52	0.0000000e+00
15.55	0.0000000e+00
15.59	0.0000000e+00
15.62	0.0000000e+00
15.66	0.0000000e+00
15.69	0.0000000e+00
15.72	0.0000000e+00
15.76	0.0000000e+00
15.79	0.0000000e+00
15.83	0.0000000e+00
15.86	0.0000000e+00
15.89	0.0000000e+00
15.93	0.0000000e+00
15.96	0.0000000e+00
16.00	0.0000000e+00
16.03	0.0000000e+00
16.06	0.0000000e+00
16.10	0.0000000e+00
16.13	0.0000000e+00
16.17	0.0000000e+00
16.20	0.0000000e+00
16.23	0.0000000e+00
16.27	0.0000000e+00
16.30	0.0000000e+00
16.34	0.0000000e+00
16.37	0.0000000e+00
16.40	0.0000000e+00
16.44	0.0000000e+00
16.47	0.0000000e+00
16.51	0.0000000e+00
16.54	0.0000000e+00
16.58	0.0000000e+00
16.61	0.0000000e+00
16.64	0.0000000e+00
16.68	0.0000000e+00
16.71	0.0000000e+00
16.75	0.0000000e+00
16.78	0.0000000e+00
16.81	0.0000000e+00
16.85	0.0000000e+00
16.88	0.0000000e+00
16.92	0.0000000e+00
16.95	0.0000000e+00
16.98	0.0000000e+00
17.02	0.0000000e+00
17.05	0.0000000e+00
17.09	0.0000000e+00
17.12	0.0000000e+00
17.15	0.0000000e+00
17.19	0.0000000e+00
17.22	0.0000000e+00
17.26	0.0000000e+00
17.29	0.0000000e+00
17.32	0.0000000e+00
17.36	0.0000000e+00
17.39	0.0000000e+00
17.43	0.0000000e+00
17.46	0.0000000e+00
17.49	0.0000000e+00
17.53	0.0000000e+00
17.56	0.0000000e+00
17.60	0.0000000e+00
17.63	0.0000000e+00
17.67	0.0000000e+00
17.70	0.0000000e+00
17.73	0.0000000e+00
17.77	0.0000000e+00
17.80	0.0000000e+00
17.84	0.0000000e+00
17.87	0.0000000e+00
17.90	0.0000000e+00
17.94	0.0000000e+00
17.97	0.0000000e+00
18.01	0.0000000e+00
18.04	0.0000000e+00
18.07	0.0000000e+00
18.11	0.0000000e+00
18.14	0.0000000e+00
18.18	0.0000000e+00
18.21	0.0000000e+00
18.24	0.0000000e+00
18.28	0.0000000e+00
18.31	0.0000000e+00
18.35	0.0000000e+00
18.38	0.0000000e+00
18.41	0.0000000e+00
18.45	0.0000000e+00
18.48	0.0000000e+00
18.52	0.0000000e+00
18.55	0.0000000e+00
18.59	0.0000000e+00
18.62	0.0000000e+00
18.65	0.0000000e+00
18.69	0.0000000e+00
18.72	0.0000000e+00
18.76	0.0000000e+00
18.79	0.0000000e+00
18.82	0.0000000e+00
18.86	0.0000000e+00
18.89	0.0000000e+00
18.93	0.0000000e+00
18.96	0.0000000e+00
18.99	0.0000000e+00
19.03	0.0000000e+00
19.06	0.0000000e+00
19.10	0.0000000e+00
19.13	0.0000000e+00
19.16	0.0000000e+00
19.20	0.0000000e+00
19.23	0.0000000e+00
19.27	0.0000000e+00
19.30	0.0000000e+00
19.33	0.0000000e+00
19.37	0.0000000e+00
19.40	0.0000000e+00
19.44	0.0000000e+00
19.47	0.0000000e+00
19.51	0.0000000e+00
19.54	0.0000000e+00
19.57	0.0000000e+00
19.61	0.0000000e+00
19.64	0.0000000e+00
19.68	0.0000000e+00
19.71	0.0000000e+00
19.74	0.0000000e+00
19.78	0.0000000e+00
19.81	0.0000000e+00
19.85	0.0000000e+00
19.88	0.0000000e+00
19.91	0.0000000e+00
19.95	0.0000000e+00
19.98	0.0000000e+00
20.02	0.0000000e+00
20.05	0.0000000e+00
20.08	0.0000000e+00
20.12	0.0000000e+00
20.15	0.0000000e+00
20.19	0.0000000e+00
20.22	0.0000000e+00
20.25	0.0000000e+00
20.29	0.0000000e+00
20.32	0.0000000e+00
20.36	0.0000000e+00
20.39	0.0000000e+00
20.42	0.0000000e+00
20.46	0.0000000e+00
20.49	0.0000000e+00
20.53	0.0000000e+00
20.56	0.0000000e+00
20.60	0.0000000e+00
20.63	0.0000000e+00
20.66	0.0000000e+00
20.70	0.0000000e+00
20.73	0.0000000e+00
20.77	0.0000000e+00
20.80	0.0000000e+00
20.83	0.0000000e+00
20.87	4.0985552e-278
20.90	6.3489524e-257
20.94	2.4762430e-237
20.97	3.2099795e-219
21.00	1.7878199e-202
21.04	5.4242026e-187
21.07	1.1164387e-172
21.11	1.9095104e-159
21.14	3.2737569e-147
21.17	6.6912434e-136
21.21	1.9138844e-125
21.24	8.8844053e-116
21.28	7.6760875e-107
21.31	1.4010454e-98
21.34	6.0731385e-91
21.38	6.9667605e-84
21.41	2.3375644e-77
21.45	2.5164495e-71
21.48	9.4677900e-66
21.52	1.3473638e-60
21.55	7.8027118e-56
21.58	1.9673603e-51
21.62	2.2990002e-47
21.65	1.3191782e-43
21.69	3.9208329e-40
21.72	6.3418532e-37
21.75	5.8432368e-34
21.79	3.1991371e-31
21.82	1.0822212e-28
21.86	2.3452451e-26
21.89	3.3663154e-24
21.92	3.3008831e-22
21.96	2.2752035e-20
21.99	1.1318758e-18
22.03	4.1646399e-17
22.06	1.1592337e-15
22.09	2.4926273e-14
22.13	4.2211721e-13
22.16	5.7314533e-12
22.20	6.3436109e-11
22.23	5.8115748e-10
22.26	4.4697575e-09
22.30	2.9241097e-08
22.33	1.6469623e-07
22.37	8.0764566e-07
22.40	3.4842382e-06
22.43	1.3350893e-05
22.47	4.5844002e-05
22.50	1.4222979e-04
22.54	4.0172989e-04
22.57	1.0403190e-03
22.61	2.4860688e-03
22.64	5.5155446e-03
22.67	1.1423828e-02
22.71	2.2203498e-02
22.74	4.0690088e-02
22.78	7.0620182e-02
22.81	1.1655022e-01
22.84	1.8360236e-01
22.88	2.7703616e-01
22.91	4.0168346e-01
22.95	5.6131877e-01
22.98	7.5805882e-01
23.01	9.9188732e-01
23.05	1.2603837e+00
23.08	1.5587030e+00
23.12	1.8798136e+00
23.15	2.2149625e+00
23.18	2.5543038e+00
23.22	2.8876113e+00
23.25	3.2049892e+00
23.29	3.4975043e+00
23.32	3.7576824e+00
23.35	3.9798371e+00
23.39	4.1602201e+00
23.42	4.2970079e+00
23.46	4.3901545e+00
23.49	4.4411454e+00
23.53	4.4526950e+00
23.56	4.4284225e+00
23.59	4.3725365e+00
23.63	4.2895499e+00
23.66	4.1840382e+00
23.70	4.0604471e+00
23.73	3.9229505e+00
23.76	3.7753535e+00
23.80	3.6210363e+00
23.83	3.4629295e+00
23.87	3.3035161e+00
23.90	3.1448501e+00
23.93	2.9885892e+00
23.97	2.8360337e+00
24.00	2.6881689e+00
24.04	2.5457094e+00
24.07	2.4091403e+00
24.10	2.2787564e+00
24.14	2.1546980e+00
24.17	2.0369819e+00
24.21	1.9255289e+00
24.24	1.8201873e+00
24.27	1.7207518e+00
24.31	1.6269804e+00
24.34	1.5386069e+00
24.38	1.4553520e+00
24.41	1.3769310e+00
24.44	1.3030605e+00
24.48	1.2334630e+00
24.51	1.1678703e+00
24.55	1.1060262e+00
24.58	1.0476874e+00
24.62	9.9262511e-01
24.65	9.4062498e-01
24.68	8.9148712e-01
24.72	8.4502580e-01
24.75	8.0106895e-01
24.79	7.5945743e-01
24.82	7.2004430e-01
24.85	6.8269399e-01
24.89	6.4728149e-01
24.92	6.1369151e-01
24.96	5.8181766e-01
24.99	5.5156173e-01
25.02	5.2283294e-01
25.06	4.9554726e-01
25.09	4.6962678e-01
25.13	4.4499915e-01
25.16	4.2159706e-01
25.19	3.9935775e-01
25.23	3.7822257e-01
25.26	3.5813661e-01
25.30	3.3904835e-01
25.33	3.2090934e-01
25.36	3.0367393e-01
25.40	2.8729904e-01
25.43	2.7174389e-01
25.47	2.5696988e-01
25.50	2.4294036e-01
25.54	2.2962049e-01
25.57	2.1697714e-01
25.60	2.0497871e-01
25.64	1.9359510e-01
25.67	1.8279756e-01
25.71	1.7255861e-01
25.74	1.6285199e-01
25.77	1.5365261e-01
25.81	1.4493642e-01
25.84	1.3668044e-01
25.88	1.2886265e-01
25.91	1.2146196e-01
25.94	1.1445822e-01
25.98	1.0783208e-01
26.01	1.0156507e-01
26.05	9.5639485e-02
26.08	9.0038383e-02
26.11	8.4745561e-02
26.15	7.9745521e-02
26.18	7.5023447e-02
26.22	7.0565176e-02
26.25	6.6357178e-02
26.28	6.2386530e-02
26.32	5.8640896e-02
26.35	5.5108505e-02
26.39	5.1778129e-02
26.42	4.8639062e-02
26.45	4.5681104e-02
26.49	4.2894536e-02
26.52	4.0270108e-02
26.56	3.7799013e-02
26.59	3.5472875e-02
26.63	3.3283731e-02
26.66	3.1224011e-02
26.69	2.9286526e-02
26.73	2.7464447e-02
26.76	2.5751294e-02
26.80	2.4140919e-02
26.83	2.2627491e-02
26.86	2.1205483e-02
26.90	1.9869658e-02
26.93	1.8615055e-02
26.97	1.7436979e-02
27.00	1.6330985e-02
