# NeutrinoAntineutrinoInteraction/NeutrinoAntineutrinoMuon interaction rates
# neutrino field: massive Cosmic Neutrino Background, T_CnuB = 1.94535456 K
# Produced with crpropa-data version: 60a1560e37035039ec25f414e0c42a2444bad49c
# log10(E/eV), 1/lambda [1/Mpc]
14.29	0.0000000e+00
14.33	0.0000000e+00
14.36	0.0000000e+00
14.39	0.0000000e+00
14.43	0.0000000e+00
14.46	0.0000000e+00
14.50	0.0000000e+00
14.53	0.0000000e+00
14.57	0.0000000e+00
14.60	0.0000000e+00
14.63	0.0000000e+00
14.67	0.0000000e+00
14.70	0.0000000e+00
14.74	0.0000000e+00
14.77	0.0000000e+00
14.80	0.0000000e+00
14.84	0.0000000e+00
14.87	0.0000000e+00
14.91	0.0000000e+00
14.94	0.0000000e+00
14.97	0.0000000e+00
15.01	0.0000000e+00
15.04	0.0000000e+00
15.08	0.0000000e+00
15.11	0.0000000e+00
15.14	0.0000000e+00
15.18	0.0000000e+00
15.21	0.0000000e+00
15.25	0.0000000e+00
15.28	0.0000000e+00
15.31	0.0000000e+00
15.35	0.0000000e+00
15.38	0.0000000e+00
15.42	0.0000000e+00
15.45	0.0000000e+00
15.48	0.0000000e+00
15.52	0.0000000e+00
15.55	0.0000000e+00
15.59	0.0000000e+00
15.62	0.0000000e+00
15.66	0.0000000e+00
15.69	0.0000000e+00
15.72	0.0000000e+00
15.76	0.0000000e+00
15.79	0.0000000e+00
15.83	0.0000000e+00
15.86	0.0000000e+00
15.89	0.0000000e+00
15.93	0.0000000e+00
15.96	0.0000000e+00
16.00	0.0000000e+00
16.03	0.0000000e+00
16.06	0.0000000e+00
16.10	0.0000000e+00
16.13	0.0000000e+00
16.17	0.0000000e+00
16.20	0.0000000e+00
16.23	0.0000000e+00
16.27	0.0000000e+00
16.30	0.0000000e+00
16.34	0.0000000e+00
16.37	0.0000000e+00
16.40	0.0000000e+00
16.44	0.0000000e+00
16.47	0.0000000e+00
16.51	0.0000000e+00
16.54	0.0000000e+00
16.58	0.0000000e+00
16.61	0.0000000e+00
16.64	0.0000000e+00
16.68	0.0000000e+00
16.71	0.0000000e+00
16.75	0.0000000e+00
16.78	0.0000000e+00
16.81	0.0000000e+00
16.85	0.0000000e+00
16.88	0.0000000e+00
16.92	0.0000000e+00
16.95	0.0000000e+00
16.98	0.0000000e+00
17.02	0.0000000e+00
17.05	0.0000000e+00
17.09	0.0000000e+00
17.12	0.0000000e+00
17.15	0.0000000e+00
17.19	0.0000000e+00
17.22	0.0000000e+00
17.26	0.0000000e+00
17.29	0.0000000e+00
17.32	0.0000000e+00
17.36	0.0000000e+00
17.39	0.0000000e+00
17.43	0.0000000e+00
17.46	0.0000000e+00
17.49	0.0000000e+00
17.53	0.0000000e+00
17.56	0.0000000e+00
17.60	0.0000000e+00
17.63	0.0000000e+00
17.67	0.0000000e+00
17.70	0.0000000e+00
17.73	0.0000000e+00
17.77	0.0000000e+00
17.80	0.0000000e+00
17.84	0.0000000e+00
17.87	0.0000000e+00
17.90	0.0000000e+00
17.94	0.0000000e+00
17.97	0.0000000e+00
18.01	0.0000000e+00
18.04	0.0000000e+00
18.07	0.0000000e+00
18.11	0.0000000e+00
18.14	0.0000000e+00
18.18	0.0000000e+00
18.21	0.0000000e+00
18.24	0.0000000e+00
18.28	0.0000000e+00
18.31	0.0000000e+00
18.35	0.0000000e+00
18.38	0.0000000e+00
18.41	0.0000000e+00
18.45	0.0000000e+00
18.48	0.0000000e+00
18.52	0.0000000e+00
18.55	0.0000000e+00
18.59	0.0000000e+00
18.62	0.0000000e+00
18.65	0.0000000e+00
18.69	0.0000000e+00
18.72	0.0000000e+00
18.76	0.0000000e+00
18.79	0.0000000e+00
18.82	0.0000000e+00
18.86	0.0000000e+00
18.89	0.0000000e+00
18.93	0.0000000e+00
18.96	0.0000000e+00
18.99	0.0000000e+00
19.03	0.0000000e+00
19.06	0.0000000e+00
19.10	0.0000000e+00
19.13	0.0000000e+00
19.16	0.0000000e+00
19.20	0.0000000e+00
19.23	0.0000000e+00
19.27	0.0000000e+00
19.30	0.0000000e+00
19.33	0.0000000e+00
19.37	0.0000000e+00
19.40	0.0000000e+00
19.44	0.0000000e+00
19.47	0.0000000e+00
19.51	0.0000000e+00
19.54	0.0000000e+00
19.57	0.0000000e+00
19.61	0.0000000e+00
19.64	0.0000000e+00
19.68	0.0000000e+00
19.71	0.0000000e+00
19.74	0.0000000e+00
19.78	0.0000000e+00
19.81	0.0000000e+00
19.85	0.0000000e+00
19.88	0.0000000e+00
19.91	0.0000000e+00
19.95	0.0000000e+00
19.98	0.0000000e+00
20.02	0.0000000e+00
20.05	0.0000000e+00
20.08	0.0000000e+00
20.12	0.0000000e+00
20.15	0.0000000e+00
20.19	0.0000000e+00
20.22	0.0000000e+00
20.25	0.0000000e+00
20.29	0.0000000e+00
20.32	0.0000000e+00
20.36	0.0000000e+00
20.39	0.0000000e+00
20.42	0.0000000e+00
20.46	0.0000000e+00
20.49	0.0000000e+00
20.53	0.0000000e+00
20.56	0.0000000e+00
20.60	0.0000000e+00
20.63	0.0000000e+00
20.66	0.0000000e+00
20.70	0.0000000e+00
20.73	0.0000000e+00
20.77	0.0000000e+00
20.80	0.0000000e+00
20.83	0.0000000e+00
20.87	0.0000000e+00
20.90	0.0000000e+00
20.94	0.0000000e+00
20.97	0.0000000e+00
21.00	0.0000000e+00
21.04	0.0000000e+00
21.07	0.0000000e+00
21.11	0.0000000e+00
21.14	0.0000000e+00
21.17	0.0000000e+00
21.21	0.0000000e+00
21.24	0.0000000e+00
21.28	0.0000000e+00
21.31	0.0000000e+00
21.34	0.0000000e+00
21.38	0.0000000e+00
21.41	0.0000000e+00
21.45	0.0000000e+00
21.48	0.0000000e+00
21.52	8.0351813e-275
21.55	4.2096974e-254
21.58	6.1002465e-235
21.62	3.2079250e-217
21.65	7.8695597e-201
21.69	1.1360477e-185
21.72	1.1963423e-171
21.75	1.1210282e-158
21.79	1.1233033e-146
21.82	1.4267024e-135
21.86	2.6880407e-125
21.89	8.6897829e-116
21.92	5.5149390e-107
21.96	7.7832821e-99
21.99	2.7414692e-91
22.03	2.6816109e-84
22.06	8.0419884e-78
22.09	8.1037143e-72
22.13	2.9869913e-66
22.16	4.3570594e-61
22.20	2.7055563e-56
22.23	7.6528582e-52
22.26	1.0499781e-47
22.30	7.4073306e-44
22.33	2.8366472e-40
22.37	6.2014017e-37
22.40	8.1108022e-34
22.43	6.6292110e-31
22.47	3.5262231e-28
22.50	1.2677020e-25
22.54	3.1904780e-23
22.57	5.8079207e-21
22.61	7.8825771e-19
22.64	8.2019838e-17
22.67	6.7112641e-15
22.71	4.4168744e-13
22.74	2.3826392e-11
22.78	1.0678560e-09
22.81	3.9931953e-08
22.84	1.2270339e-06
22.88	2.8928912e-05
22.91	3.8242758e-04
22.95	1.0345958e-03
22.98	1.2832434e-03
23.01	1.3643644e-03
23.05	1.3693969e-03
23.08	1.3354478e-03
23.12	1.2809659e-03
23.15	1.2161551e-03
23.18	1.1469919e-03
23.22	1.0770736e-03
23.25	1.0085739e-03
23.29	9.4278047e-04
23.32	8.8041548e-04
23.35	8.2183533e-04
23.39	7.6715920e-04
23.42	7.1635346e-04
23.46	6.6928844e-04
23.49	6.2577644e-04
23.53	5.8559785e-04
23.56	5.4851843e-04
23.59	5.1430108e-04
23.63	4.8271362e-04
23.66	4.5353381e-04
23.70	4.2655218e-04
23.73	4.0157369e-04
23.76	3.7841831e-04
23.80	3.5692113e-04
23.83	3.3693186e-04
23.87	3.1831420e-04
23.90	3.0094489e-04
23.93	2.8471292e-04
23.97	2.6951844e-04
24.00	2.5527184e-04
24.04	2.4189278e-04
24.07	2.2930931e-04
24.10	2.1745700e-04
24.14	2.0627819e-04
24.17	1.9572123e-04
24.21	1.8573981e-04
24.24	1.7629242e-04
24.27	1.6734179e-04
24.31	1.5885442e-04
24.34	1.5080008e-04
24.38	1.4315149e-04
24.41	1.3588395e-04
24.44	1.2897502e-04
24.48	1.2240425e-04
24.51	1.1615298e-04
24.55	1.1020407e-04
24.58	1.0454178e-04
24.62	9.9151554e-05
24.65	9.4019919e-05
24.68	8.9134331e-05
24.72	8.4483096e-05
24.75	8.0055256e-05
24.79	7.5840498e-05
24.82	7.1829108e-05
24.85	6.8011920e-05
24.89	6.4380238e-05
24.92	6.0925812e-05
24.96	5.7640778e-05
24.99	5.4517645e-05
25.02	5.1549251e-05
25.06	4.8728750e-05
25.09	4.6049572e-05
25.13	4.3505430e-05
25.16	4.1090286e-05
25.19	3.8798346e-05
25.23	3.6624044e-05
25.26	3.4562031e-05
25.30	3.2607167e-05
25.33	3.0754515e-05
25.36	2.8999323e-05
25.40	2.7337021e-05
25.43	2.5763226e-05
25.47	2.4273728e-05
25.50	2.2864484e-05
25.54	2.1531610e-05
25.57	2.0271385e-05
25.60	1.9080237e-05
25.64	1.7954743e-05
25.67	1.6891621e-05
25.71	1.5887730e-05
25.74	1.4940063e-05
25.77	1.4045745e-05
25.81	1.3202026e-05
25.84	1.2406280e-05
25.88	1.1655996e-05
25.91	1.0948781e-05
25.94	1.0282350e-05
25.98	9.6545216e-06
26.01	9.0632204e-06
26.05	8.5064697e-06
26.08	7.9823870e-06
26.11	7.4891823e-06
26.15	7.0251526e-06
26.18	6.5886801e-06
26.22	6.1782272e-06
26.25	5.7923344e-06
26.28	5.4296154e-06
26.32	5.0887565e-06
26.35	4.7685112e-06
26.39	4.4676988e-06
26.42	4.1852005e-06
26.45	3.9199568e-06
26.49	3.6709651e-06
26.52	3.4372770e-06
26.56	3.2179942e-06
26.59	3.0122681e-06
26.63	2.8192971e-06
26.66	2.6383237e-06
26.69	2.4686329e-06
26.73	2.3095493e-06
26.76	2.1604359e-06
26.80	2.0206915e-06
26.83	1.8897495e-06
26.86	1.7670751e-06
26.90	1.6521648e-06
26.93	1.5445440e-06
26.97	1.4437657e-06
27.00	1.3494091e-06
