# NeutrinoAntineutrinoInteraction/NeutrinoAntineutrinoMuon interaction rates
# neutrino field: massive Cosmic Neutrino Background, T_CnuB = 1.94535456 K
# Produced with crpropa-data version: 60a1560e37035039ec25f414e0c42a2444bad49c
# log10(E/eV), 1/lambda [1/Mpc]
13.65	0.0000000e+00
13.68	0.0000000e+00
13.71	0.0000000e+00
13.75	0.0000000e+00
13.78	0.0000000e+00
13.82	0.0000000e+00
13.85	0.0000000e+00
13.88	0.0000000e+00
13.92	0.0000000e+00
13.95	0.0000000e+00
13.99	0.0000000e+00
14.02	0.0000000e+00
14.05	0.0000000e+00
14.09	0.0000000e+00
14.12	0.0000000e+00
14.16	0.0000000e+00
14.19	0.0000000e+00
14.22	0.0000000e+00
14.26	0.0000000e+00
14.29	0.0000000e+00
14.33	0.0000000e+00
14.36	0.0000000e+00
14.39	0.0000000e+00
14.43	0.0000000e+00
14.46	0.0000000e+00
14.50	0.0000000e+00
14.53	0.0000000e+00
14.57	0.0000000e+00
14.60	0.0000000e+00
14.63	0.0000000e+00
14.67	0.0000000e+00
14.70	0.0000000e+00
14.74	0.0000000e+00
14.77	0.0000000e+00
14.80	0.0000000e+00
14.84	0.0000000e+00
14.87	0.0000000e+00
14.91	0.0000000e+00
14.94	0.0000000e+00
14.97	0.0000000e+00
15.01	0.0000000e+00
15.04	0.0000000e+00
15.08	0.0000000e+00
15.11	0.0000000e+00
15.14	0.0000000e+00
15.18	0.0000000e+00
15.21	0.0000000e+00
15.25	0.0000000e+00
15.28	0.0000000e+00
15.31	0.0000000e+00
15.35	0.0000000e+00
15.38	0.0000000e+00
15.42	0.0000000e+00
15.45	0.0000000e+00
15.48	0.0000000e+00
15.52	0.0000000e+00
15.55	0.0000000e+00
15.59	0.0000000e+00
15.62	0.0000000e+00
15.66	0.0000000e+00
15.69	0.0000000e+00
15.72	0.0000000e+00
15.76	0.0000000e+00
15.79	0.0000000e+00
15.83	0.0000000e+00
15.86	0.0000000e+00
15.89	0.0000000e+00
15.93	0.0000000e+00
15.96	0.0000000e+00
16.00	0.0000000e+00
16.03	0.0000000e+00
16.06	0.0000000e+00
16.10	0.0000000e+00
16.13	0.0000000e+00
16.17	0.0000000e+00
16.20	0.0000000e+00
16.23	0.0000000e+00
16.27	0.0000000e+00
16.30	0.0000000e+00
16.34	0.0000000e+00
16.37	0.0000000e+00
16.40	0.0000000e+00
16.44	0.0000000e+00
16.47	0.0000000e+00
16.51	0.0000000e+00
16.54	0.0000000e+00
16.58	0.0000000e+00
16.61	0.0000000e+00
16.64	0.0000000e+00
16.68	0.0000000e+00
16.71	0.0000000e+00
16.75	0.0000000e+00
16.78	0.0000000e+00
16.81	0.0000000e+00
16.85	0.0000000e+00
16.88	0.0000000e+00
16.92	0.0000000e+00
16.95	0.0000000e+00
16.98	0.0000000e+00
17.02	0.0000000e+00
17.05	0.0000000e+00
17.09	0.0000000e+00
17.12	0.0000000e+00
17.15	0.0000000e+00
17.19	0.0000000e+00
17.22	0.0000000e+00
17.26	0.0000000e+00
17.29	0.0000000e+00
17.32	0.0000000e+00
17.36	0.0000000e+00
17.39	0.0000000e+00
17.43	0.0000000e+00
17.46	0.0000000e+00
17.49	0.0000000e+00
17.53	0.0000000e+00
17.56	0.0000000e+00
17.60	0.0000000e+00
17.63	0.0000000e+00
17.67	0.0000000e+00
17.70	0.0000000e+00
17.73	0.0000000e+00
17.77	0.0000000e+00
17.80	0.0000000e+00
17.84	0.0000000e+00
17.87	0.0000000e+00
17.90	0.0000000e+00
17.94	0.0000000e+00
17.97	0.0000000e+00
18.01	0.0000000e+00
18.04	0.0000000e+00
18.07	0.0000000e+00
18.11	0.0000000e+00
18.14	0.0000000e+00
18.18	0.0000000e+00
18.21	0.0000000e+00
18.24	0.0000000e+00
18.28	0.0000000e+00
18.31	0.0000000e+00
18.35	0.0000000e+00
18.38	0.0000000e+00
18.41	0.0000000e+00
18.45	0.0000000e+00
18.48	0.0000000e+00
18.52	0.0000000e+00
18.55	0.0000000e+00
18.59	0.0000000e+00
18.62	0.0000000e+00
18.65	0.0000000e+00
18.69	0.0000000e+00
18.72	0.0000000e+00
18.76	0.0000000e+00
18.79	0.0000000e+00
18.82	0.0000000e+00
18.86	0.0000000e+00
18.89	0.0000000e+00
18.93	0.0000000e+00
18.96	0.0000000e+00
18.99	0.0000000e+00
19.03	0.0000000e+00
19.06	0.0000000e+00
19.10	0.0000000e+00
19.13	0.0000000e+00
19.16	0.0000000e+00
19.20	0.0000000e+00
19.23	0.0000000e+00
19.27	0.0000000e+00
19.30	0.0000000e+00
19.33	0.0000000e+00
19.37	0.0000000e+00
19.40	0.0000000e+00
19.44	0.0000000e+00
19.47	0.0000000e+00
19.51	0.0000000e+00
19.54	0.0000000e+00
19.57	0.0000000e+00
19.61	0.0000000e+00
19.64	0.0000000e+00
19.68	0.0000000e+00
19.71	0.0000000e+00
19.74	0.0000000e+00
19.78	0.0000000e+00
19.81	0.0000000e+00
19.85	0.0000000e+00
19.88	0.0000000e+00
19.91	0.0000000e+00
19.95	0.0000000e+00
19.98	0.0000000e+00
20.02	0.0000000e+00
20.05	0.0000000e+00
20.08	0.0000000e+00
20.12	0.0000000e+00
20.15	0.0000000e+00
20.19	0.0000000e+00
20.22	0.0000000e+00
20.25	0.0000000e+00
20.29	0.0000000e+00
20.32	0.0000000e+00
20.36	0.0000000e+00
20.39	0.0000000e+00
20.42	0.0000000e+00
20.46	0.0000000e+00
20.49	0.0000000e+00
20.53	0.0000000e+00
20.56	0.0000000e+00
20.60	0.0000000e+00
20.63	0.0000000e+00
20.66	0.0000000e+00
20.70	0.0000000e+00
20.73	0.0000000e+00
20.77	0.0000000e+00
20.80	0.0000000e+00
20.83	0.0000000e+00
20.87	4.3107691e-278
20.90	6.7050273e-257
20.94	2.6266890e-237
20.97	3.4212765e-219
21.00	1.9153403e-202
21.04	5.8435003e-187
21.07	1.2099844e-172
21.11	2.0829669e-159
21.14	3.5962191e-147
21.17	7.4060595e-136
21.21	2.1356822e-125
21.24	1.0001607e-115
21.28	8.7237495e-107
21.31	1.6086504e-98
21.34	7.0504666e-91
21.38	8.1847632e-84
21.41	2.7817169e-77
21.45	3.0363049e-71
21.48	1.1595232e-65
21.52	1.6768320e-60
21.55	9.8800895e-56
21.58	2.5379641e-51
21.62	3.0258251e-47
21.65	1.7740766e-43
21.69	5.3965799e-40
21.72	8.9492007e-37
21.75	8.4694962e-34
21.79	4.7723882e-31
21.82	1.6650905e-28
21.86	3.7300020e-26
21.89	5.5477560e-24
21.92	5.6512211e-22
21.96	4.0574892e-20
21.99	2.1086565e-18
22.03	8.1296294e-17
22.06	2.3786996e-15
22.09	5.3946563e-14
22.13	9.6697122e-13
22.16	1.3948529e-11
22.20	1.6465069e-10
22.23	1.6152225e-09
22.26	1.3358118e-08
22.30	9.4372448e-08
22.33	5.7655358e-07
22.37	3.0805573e-06
22.40	1.4545656e-05
22.43	6.1278950e-05
22.47	2.3237058e-04
22.50	7.9952546e-04
22.54	2.5143957e-03
22.57	7.2750079e-03
22.61	1.9478199e-02
22.64	4.8499454e-02
22.67	1.1275551e-01
22.71	2.4545121e-01
22.74	5.0084192e-01
22.78	9.5655248e-01
22.81	1.7003116e+00
22.84	2.7776309e+00
22.88	4.0751458e+00
22.91	5.1977721e+00
22.95	5.7059835e+00
22.98	5.7770337e+00
23.01	5.6511806e+00
23.05	5.4280879e+00
23.08	5.1573902e+00
23.12	4.8666696e+00
23.15	4.5720412e+00
23.18	4.2830682e+00
23.22	4.0053500e+00
23.25	3.7420037e+00
23.29	3.4945607e+00
23.32	3.2635340e+00
23.35	3.0487855e+00
23.39	2.8497694e+00
23.42	2.6656958e+00
23.46	2.4956405e+00
23.49	2.3386185e+00
23.53	2.1936341e+00
23.56	2.0597127e+00
23.59	1.9359216e+00
23.63	1.8213821e+00
23.66	1.7152764e+00
23.70	1.6168498e+00
23.73	1.5254112e+00
23.76	1.4403307e+00
23.80	1.3610372e+00
23.83	1.2870145e+00
23.87	1.2177973e+00
23.90	1.1529672e+00
23.93	1.0921487e+00
23.97	1.0350047e+00
24.00	9.8123363e-01
24.04	9.3056506e-01
24.07	8.8275688e-01
24.10	8.3759217e-01
24.14	7.9487644e-01
24.17	7.5443510e-01
24.21	7.1611125e-01
24.24	6.7976364e-01
24.27	6.4526483e-01
24.31	6.1249960e-01
24.34	5.8136350e-01
24.38	5.5176155e-01
24.41	5.2360716e-01
24.44	4.9682107e-01
24.48	4.7133056e-01
24.51	4.4706861e-01
24.55	4.2397325e-01
24.58	4.0198699e-01
24.62	3.8105629e-01
24.65	3.6113115e-01
24.68	3.4216465e-01
24.72	3.2411270e-01
24.75	3.0693371e-01
24.79	2.9058830e-01
24.82	2.7503919e-01
24.85	2.6025089e-01
24.89	2.4618963e-01
24.92	2.3282319e-01
24.96	2.2012077e-01
24.99	2.0805289e-01
25.02	1.9659134e-01
25.06	1.8570904e-01
25.09	1.7538000e-01
25.13	1.6557930e-01
25.16	1.5628297e-01
25.19	1.4746800e-01
25.23	1.3911227e-01
25.26	1.3119452e-01
25.30	1.2369432e-01
25.33	1.1659206e-01
25.36	1.0986887e-01
25.40	1.0350667e-01
25.43	9.7488056e-02
25.47	9.1796364e-02
25.50	8.6415593e-02
25.54	8.1330403e-02
25.57	7.6526094e-02
25.60	7.1988585e-02
25.64	6.7704397e-02
25.67	6.3660629e-02
25.71	5.9844944e-02
25.74	5.6245553e-02
25.77	5.2851189e-02
25.81	4.9651098e-02
25.84	4.6635017e-02
25.88	4.3793157e-02
25.91	4.1116188e-02
25.94	3.8595219e-02
25.98	3.6221786e-02
26.01	3.3987833e-02
26.05	3.1885697e-02
26.08	2.9908092e-02
26.11	2.8048096e-02
26.15	2.6299133e-02
26.18	2.4654961e-02
26.22	2.3109657e-02
26.25	2.1657602e-02
26.28	2.0293470e-02
26.32	1.9012216e-02
26.35	1.7809058e-02
26.39	1.6679472e-02
26.42	1.5619173e-02
26.45	1.4624111e-02
26.49	1.3690453e-02
26.52	1.2814577e-02
26.56	1.1993061e-02
26.59	1.1222673e-02
26.63	1.0500360e-02
26.66	9.8232411e-03
26.69	9.1885976e-03
26.73	8.5938655e-03
26.76	8.0366268e-03
26.80	7.5146024e-03
26.83	7.0256443e-03
26.86	6.5677292e-03
26.90	6.1389513e-03
26.93	5.7375166e-03
26.97	5.3617361e-03
27.00	5.0100207e-03
