# NeutrinoAntineutrinoInteraction/NeutrinoAntineutrinoMuon interaction rates
# neutrino field: massive Cosmic Neutrino Background, T_CnuB = 1.94535456 K
# Produced with crpropa-data version: 60a1560e37035039ec25f414e0c42a2444bad49c
# log10(E/eV), 1/lambda [1/Mpc]
15.08	0.0000000e+00
15.11	0.0000000e+00
15.14	0.0000000e+00
15.18	0.0000000e+00
15.21	0.0000000e+00
15.25	0.0000000e+00
15.28	0.0000000e+00
15.31	0.0000000e+00
15.35	0.0000000e+00
15.38	0.0000000e+00
15.42	0.0000000e+00
15.45	0.0000000e+00
15.48	0.0000000e+00
15.52	0.0000000e+00
15.55	0.0000000e+00
15.59	0.0000000e+00
15.62	0.0000000e+00
15.66	0.0000000e+00
15.69	0.0000000e+00
15.72	0.0000000e+00
15.76	0.0000000e+00
15.79	0.0000000e+00
15.83	0.0000000e+00
15.86	0.0000000e+00
15.89	0.0000000e+00
15.93	0.0000000e+00
15.96	0.0000000e+00
16.00	0.0000000e+00
16.03	0.0000000e+00
16.06	0.0000000e+00
16.10	0.0000000e+00
16.13	0.0000000e+00
16.17	0.0000000e+00
16.20	0.0000000e+00
16.23	0.0000000e+00
16.27	0.0000000e+00
16.30	0.0000000e+00
16.34	0.0000000e+00
16.37	0.0000000e+00
16.40	0.0000000e+00
16.44	0.0000000e+00
16.47	0.0000000e+00
16.51	0.0000000e+00
16.54	0.0000000e+00
16.58	0.0000000e+00
16.61	0.0000000e+00
16.64	0.0000000e+00
16.68	0.0000000e+00
16.71	0.0000000e+00
16.75	0.0000000e+00
16.78	0.0000000e+00
16.81	0.0000000e+00
16.85	0.0000000e+00
16.88	0.0000000e+00
16.92	0.0000000e+00
16.95	0.0000000e+00
16.98	0.0000000e+00
17.02	0.0000000e+00
17.05	0.0000000e+00
17.09	0.0000000e+00
17.12	0.0000000e+00
17.15	0.0000000e+00
17.19	0.0000000e+00
17.22	0.0000000e+00
17.26	0.0000000e+00
17.29	0.0000000e+00
17.32	0.0000000e+00
17.36	0.0000000e+00
17.39	0.0000000e+00
17.43	0.0000000e+00
17.46	0.0000000e+00
17.49	0.0000000e+00
17.53	0.0000000e+00
17.56	0.0000000e+00
17.60	0.0000000e+00
17.63	0.0000000e+00
17.67	0.0000000e+00
17.70	0.0000000e+00
17.73	0.0000000e+00
17.77	0.0000000e+00
17.80	0.0000000e+00
17.84	0.0000000e+00
17.87	0.0000000e+00
17.90	0.0000000e+00
17.94	0.0000000e+00
17.97	0.0000000e+00
18.01	0.0000000e+00
18.04	0.0000000e+00
18.07	0.0000000e+00
18.11	0.0000000e+00
18.14	0.0000000e+00
18.18	0.0000000e+00
18.21	0.0000000e+00
18.24	0.0000000e+00
18.28	0.0000000e+00
18.31	0.0000000e+00
18.35	0.0000000e+00
18.38	0.0000000e+00
18.41	0.0000000e+00
18.45	0.0000000e+00
18.48	0.0000000e+00
18.52	0.0000000e+00
18.55	0.0000000e+00
18.59	0.0000000e+00
18.62	0.0000000e+00
18.65	0.0000000e+00
18.69	0.0000000e+00
18.72	0.0000000e+00
18.76	0.0000000e+00
18.79	0.0000000e+00
18.82	0.0000000e+00
18.86	0.0000000e+00
18.89	0.0000000e+00
18.93	0.0000000e+00
18.96	0.0000000e+00
18.99	0.0000000e+00
19.03	0.0000000e+00
19.06	0.0000000e+00
19.10	0.0000000e+00
19.13	0.0000000e+00
19.16	0.0000000e+00
19.20	0.0000000e+00
19.23	0.0000000e+00
19.27	0.0000000e+00
19.30	0.0000000e+00
19.33	0.0000000e+00
19.37	0.0000000e+00
19.40	0.0000000e+00
19.44	0.0000000e+00
19.47	0.0000000e+00
19.51	0.0000000e+00
19.54	0.0000000e+00
19.57	0.0000000e+00
19.61	0.0000000e+00
19.64	0.0000000e+00
19.68	0.0000000e+00
19.71	0.0000000e+00
19.74	0.0000000e+00
19.78	0.0000000e+00
19.81	0.0000000e+00
19.85	0.0000000e+00
19.88	0.0000000e+00
19.91	0.0000000e+00
19.95	0.0000000e+00
19.98	0.0000000e+00
20.02	0.0000000e+00
20.05	0.0000000e+00
20.08	0.0000000e+00
20.12	0.0000000e+00
20.15	0.0000000e+00
20.19	0.0000000e+00
20.22	0.0000000e+00
20.25	0.0000000e+00
20.29	0.0000000e+00
20.32	0.0000000e+00
20.36	0.0000000e+00
20.39	0.0000000e+00
20.42	0.0000000e+00
20.46	0.0000000e+00
20.49	0.0000000e+00
20.53	0.0000000e+00
20.56	0.0000000e+00
20.60	0.0000000e+00
20.63	0.0000000e+00
20.66	0.0000000e+00
20.70	0.0000000e+00
20.73	0.0000000e+00
20.77	0.0000000e+00
20.80	0.0000000e+00
20.83	0.0000000e+00
20.87	0.0000000e+00
20.90	0.0000000e+00
20.94	0.0000000e+00
20.97	0.0000000e+00
21.00	0.0000000e+00
21.04	0.0000000e+00
21.07	0.0000000e+00
21.11	0.0000000e+00
21.14	0.0000000e+00
21.17	0.0000000e+00
21.21	0.0000000e+00
21.24	0.0000000e+00
21.28	0.0000000e+00
21.31	0.0000000e+00
21.34	0.0000000e+00
21.38	0.0000000e+00
21.41	0.0000000e+00
21.45	0.0000000e+00
21.48	0.0000000e+00
21.52	0.0000000e+00
21.55	0.0000000e+00
21.58	0.0000000e+00
21.62	0.0000000e+00
21.65	0.0000000e+00
21.69	0.0000000e+00
21.72	0.0000000e+00
21.75	0.0000000e+00
21.79	0.0000000e+00
21.82	0.0000000e+00
21.86	0.0000000e+00
21.89	0.0000000e+00
21.92	0.0000000e+00
21.96	0.0000000e+00
21.99	0.0000000e+00
22.03	0.0000000e+00
22.06	0.0000000e+00
22.09	0.0000000e+00
22.13	0.0000000e+00
22.16	0.0000000e+00
22.20	0.0000000e+00
22.23	0.0000000e+00
22.26	0.0000000e+00
22.30	1.6302089e-276
22.33	4.3750446e-256
22.37	3.3741434e-237
22.40	9.7734970e-220
22.43	1.3618494e-203
22.47	1.1475556e-188
22.50	7.2252751e-175
22.54	4.1333766e-162
22.57	2.5742231e-150
22.61	2.0628577e-139
22.64	2.4824675e-129
22.67	5.1752369e-120
22.71	2.1328723e-111
22.74	1.9634120e-103
22.78	4.5194908e-96
22.81	2.8874658e-89
22.84	5.6388339e-83
22.88	3.6799297e-77
22.91	8.7151786e-72
22.95	8.0836168e-67
22.98	3.1509083e-62
23.01	5.5089058e-58
23.05	4.5883769e-54
23.08	1.9249031e-50
23.12	4.2823602e-47
23.15	5.2986482e-44
23.18	3.8104801e-41
23.22	1.6588690e-38
23.25	4.5395859e-36
23.29	8.0856609e-34
23.32	9.6804561e-32
23.35	8.0258566e-30
23.39	4.7365739e-28
23.42	2.0411637e-26
23.46	6.5760364e-25
23.49	1.6187782e-23
23.53	3.1067101e-22
23.56	4.7358839e-21
23.59	5.8341492e-20
23.63	5.9014375e-19
23.66	4.9745085e-18
23.70	3.5422780e-17
23.73	2.1579388e-16
23.76	1.1378705e-15
23.80	5.2497334e-15
23.83	2.1404965e-14
23.87	7.7847039e-14
23.90	2.5470473e-13
23.93	7.5568109e-13
23.97	2.0479960e-12
24.00	5.1045025e-12
24.04	1.1774338e-11
24.07	2.5281331e-11
24.10	5.0801553e-11
24.14	9.6012215e-11
24.17	1.7145314e-10
24.21	2.9052311e-10
24.24	4.6896397e-10
24.27	7.2376797e-10
24.31	1.0715621e-09
24.34	1.5266467e-09
24.38	2.0989618e-09
24.41	2.7922954e-09
24.44	3.6030271e-09
24.48	4.5196174e-09
24.51	5.5229370e-09
24.55	6.5873998e-09
24.58	7.6827448e-09
24.62	8.7762329e-09
24.65	9.8349833e-09
24.68	1.0828183e-08
24.72	1.1728950e-08
24.75	1.2515690e-08
24.79	1.3172894e-08
24.82	1.3691371e-08
24.85	1.4067981e-08
24.89	1.4305002e-08
24.92	1.4409225e-08
24.96	1.4390935e-08
24.99	1.4262860e-08
25.02	1.4039189e-08
25.06	1.3734714e-08
25.09	1.3364119e-08
25.13	1.2941431e-08
25.16	1.2479636e-08
25.19	1.1990426e-08
25.23	1.1484069e-08
25.26	1.0969371e-08
25.30	1.0453711e-08
25.33	9.9431258e-09
25.36	9.4424248e-09
25.40	8.9553242e-09
25.43	8.4845879e-09
25.47	8.0321657e-09
25.50	7.5993260e-09
25.54	7.1867762e-09
25.57	6.7947722e-09
25.60	6.4232134e-09
25.64	6.0717251e-09
25.67	5.7397282e-09
25.71	5.4264970e-09
25.74	5.1312066e-09
25.77	4.8529720e-09
25.81	4.5908778e-09
25.84	4.3440022e-09
25.88	4.1114351e-09
25.91	3.8922909e-09
25.94	3.6857189e-09
25.98	3.4909086e-09
26.01	3.3070944e-09
26.05	3.1335571e-09
26.08	2.9696249e-09
26.11	2.8146722e-09
26.15	2.6681187e-09
26.18	2.5294271e-09
26.22	2.3981011e-09
26.25	2.2736824e-09
26.28	2.1557486e-09
26.32	2.0439099e-09
26.35	1.9378068e-09
26.39	1.8371077e-09
26.42	1.7415061e-09
26.45	1.6507186e-09
26.49	1.5644826e-09
26.52	1.4825546e-09
26.56	1.4047082e-09
26.59	1.3307325e-09
26.63	1.2604308e-09
26.66	1.1936189e-09
26.69	1.1301244e-09
26.73	1.0697853e-09
26.76	1.0124491e-09
26.80	9.5797185e-10
26.83	9.0621777e-10
26.86	8.5705821e-10
26.90	8.1037119e-10
26.93	7.6604088e-10
26.97	7.2395713e-10
27.00	6.8401504e-10
