# NeutrinoAntineutrinoInteraction/NeutrinoAntineutrinoMuon interaction rates
# neutrino field: massive Cosmic Neutrino Background, T_CnuB = 1.94535456 K
# Produced with crpropa-data version: 60a1560e37035039ec25f414e0c42a2444bad49c
# log10(E/eV), 1/lambda [1/Mpc]
13.85	0.0000000e+00
13.88	0.0000000e+00
13.92	0.0000000e+00
13.95	0.0000000e+00
13.99	0.0000000e+00
14.02	0.0000000e+00
14.05	0.0000000e+00
14.09	0.0000000e+00
14.12	0.0000000e+00
14.16	0.0000000e+00
14.19	0.0000000e+00
14.22	0.0000000e+00
14.26	0.0000000e+00
14.29	0.0000000e+00
14.33	0.0000000e+00
14.36	0.0000000e+00
14.39	0.0000000e+00
14.43	0.0000000e+00
14.46	0.0000000e+00
14.50	0.0000000e+00
14.53	0.0000000e+00
14.57	0.0000000e+00
14.60	0.0000000e+00
14.63	0.0000000e+00
14.67	0.0000000e+00
14.70	0.0000000e+00
14.74	0.0000000e+00
14.77	0.0000000e+00
14.80	0.0000000e+00
14.84	0.0000000e+00
14.87	0.0000000e+00
14.91	0.0000000e+00
14.94	0.0000000e+00
14.97	0.0000000e+00
15.01	0.0000000e+00
15.04	0.0000000e+00
15.08	0.0000000e+00
15.11	0.0000000e+00
15.14	0.0000000e+00
15.18	0.0000000e+00
15.21	0.0000000e+00
15.25	0.0000000e+00
15.28	0.0000000e+00
15.31	0.0000000e+00
15.35	0.0000000e+00
15.38	0.0000000e+00
15.42	0.0000000e+00
15.45	0.0000000e+00
15.48	0.0000000e+00
15.52	0.0000000e+00
15.55	0.0000000e+00
15.59	0.0000000e+00
15.62	0.0000000e+00
15.66	0.0000000e+00
15.69	0.0000000e+00
15.72	0.0000000e+00
15.76	0.0000000e+00
15.79	0.0000000e+00
15.83	0.0000000e+00
15.86	0.0000000e+00
15.89	0.0000000e+00
15.93	0.0000000e+00
15.96	0.0000000e+00
16.00	0.0000000e+00
16.03	0.0000000e+00
16.06	0.0000000e+00
16.10	0.0000000e+00
16.13	0.0000000e+00
16.17	0.0000000e+00
16.20	0.0000000e+00
16.23	0.0000000e+00
16.27	0.0000000e+00
16.30	0.0000000e+00
16.34	0.0000000e+00
16.37	0.0000000e+00
16.40	0.0000000e+00
16.44	0.0000000e+00
16.47	0.0000000e+00
16.51	0.0000000e+00
16.54	0.0000000e+00
16.58	0.0000000e+00
16.61	0.0000000e+00
16.64	0.0000000e+00
16.68	0.0000000e+00
16.71	0.0000000e+00
16.75	0.0000000e+00
16.78	0.0000000e+00
16.81	0.0000000e+00
16.85	0.0000000e+00
16.88	0.0000000e+00
16.92	0.0000000e+00
16.95	0.0000000e+00
16.98	0.0000000e+00
17.02	0.0000000e+00
17.05	0.0000000e+00
17.09	0.0000000e+00
17.12	0.0000000e+00
17.15	0.0000000e+00
17.19	0.0000000e+00
17.22	0.0000000e+00
17.26	0.0000000e+00
17.29	0.0000000e+00
17.32	0.0000000e+00
17.36	0.0000000e+00
17.39	0.0000000e+00
17.43	0.0000000e+00
17.46	0.0000000e+00
17.49	0.0000000e+00
17.53	0.0000000e+00
17.56	0.0000000e+00
17.60	0.0000000e+00
17.63	0.0000000e+00
17.67	0.0000000e+00
17.70	0.0000000e+00
17.73	0.0000000e+00
17.77	0.0000000e+00
17.80	0.0000000e+00
17.84	0.0000000e+00
17.87	0.0000000e+00
17.90	0.0000000e+00
17.94	0.0000000e+00
17.97	0.0000000e+00
18.01	0.0000000e+00
18.04	0.0000000e+00
18.07	0.0000000e+00
18.11	0.0000000e+00
18.14	0.0000000e+00
18.18	0.0000000e+00
18.21	0.0000000e+00
18.24	0.0000000e+00
18.28	0.0000000e+00
18.31	0.0000000e+00
18.35	0.0000000e+00
18.38	0.0000000e+00
18.41	0.0000000e+00
18.45	0.0000000e+00
18.48	0.0000000e+00
18.52	0.0000000e+00
18.55	0.0000000e+00
18.59	0.0000000e+00
18.62	0.0000000e+00
18.65	0.0000000e+00
18.69	0.0000000e+00
18.72	0.0000000e+00
18.76	0.0000000e+00
18.79	0.0000000e+00
18.82	0.0000000e+00
18.86	0.0000000e+00
18.89	0.0000000e+00
18.93	0.0000000e+00
18.96	0.0000000e+00
18.99	0.0000000e+00
19.03	0.0000000e+00
19.06	0.0000000e+00
19.10	0.0000000e+00
19.13	0.0000000e+00
19.16	0.0000000e+00
19.20	0.0000000e+00
19.23	0.0000000e+00
19.27	0.0000000e+00
19.30	0.0000000e+00
19.33	0.0000000e+00
19.37	0.0000000e+00
19.40	0.0000000e+00
19.44	0.0000000e+00
19.47	0.0000000e+00
19.51	0.0000000e+00
19.54	0.0000000e+00
19.57	0.0000000e+00
19.61	0.0000000e+00
19.64	0.0000000e+00
19.68	0.0000000e+00
19.71	0.0000000e+00
19.74	0.0000000e+00
19.78	0.0000000e+00
19.81	0.0000000e+00
19.85	0.0000000e+00
19.88	0.0000000e+00
19.91	0.0000000e+00
19.95	0.0000000e+00
19.98	0.0000000e+00
20.02	0.0000000e+00
20.05	0.0000000e+00
20.08	0.0000000e+00
20.12	0.0000000e+00
20.15	0.0000000e+00
20.19	0.0000000e+00
20.22	0.0000000e+00
20.25	0.0000000e+00
20.29	0.0000000e+00
20.32	0.0000000e+00
20.36	0.0000000e+00
20.39	0.0000000e+00
20.42	0.0000000e+00
20.46	0.0000000e+00
20.49	0.0000000e+00
20.53	0.0000000e+00
20.56	0.0000000e+00
20.60	0.0000000e+00
20.63	0.0000000e+00
20.66	0.0000000e+00
20.70	0.0000000e+00
20.73	0.0000000e+00
20.77	0.0000000e+00
20.80	0.0000000e+00
20.83	0.0000000e+00
20.87	0.0000000e+00
20.90	0.0000000e+00
20.94	0.0000000e+00
20.97	0.0000000e+00
21.00	0.0000000e+00
21.04	0.0000000e+00
21.07	1.6059329e-283
21.11	5.2149391e-262
21.14	4.0389153e-242
21.17	9.8901934e-224
21.21	9.9371832e-207
21.24	5.2130778e-191
21.28	1.7842505e-176
21.31	4.8956093e-163
21.34	1.3027374e-150
21.38	4.0093770e-139
21.41	1.6794596e-128
21.45	1.1130263e-118
21.48	1.3412999e-109
21.52	3.3428417e-101
21.55	1.9406550e-93
21.58	2.9295687e-86
21.62	1.2731041e-79
21.65	1.7497892e-73
21.69	8.2975989e-68
21.72	1.4713206e-62
21.75	1.0509187e-57
21.79	3.2391524e-53
21.82	4.5914173e-49
21.86	3.1746610e-45
21.89	1.1307123e-41
21.92	2.1817870e-38
21.96	2.3897153e-35
21.99	1.5513600e-32
22.03	6.2126431e-30
22.06	1.5926262e-27
22.09	2.7046465e-25
22.13	3.1408807e-23
22.16	2.5686460e-21
22.20	1.5201825e-19
22.23	6.6770116e-18
22.26	2.2279939e-16
22.30	5.7715856e-15
22.33	1.1842317e-13
22.37	1.9606760e-12
22.40	2.6648306e-11
22.43	3.0208797e-10
22.47	2.8985035e-09
22.50	2.3859700e-08
22.54	1.7060714e-07
22.57	1.0717295e-06
22.61	5.9753318e-06
22.64	2.9836723e-05
22.67	1.3446320e-04
22.71	5.5026753e-04
22.74	2.0529677e-03
22.78	6.9876167e-03
22.81	2.1588684e-02
22.84	5.9533758e-02
22.88	1.4021954e-01
22.91	2.5525439e-01
22.95	3.2707224e-01
22.98	3.4977663e-01
23.01	3.5140191e-01
23.05	3.4270054e-01
23.08	3.2867445e-01
23.12	3.1200669e-01
23.15	2.9424323e-01
23.18	2.7630525e-01
23.22	2.5874546e-01
23.25	2.4188928e-01
23.29	2.2591792e-01
23.32	2.1091977e-01
23.35	1.9692320e-01
23.39	1.8391811e-01
23.42	1.7187025e-01
23.46	1.6073093e-01
23.49	1.5044349e-01
23.53	1.4094776e-01
23.56	1.3218301e-01
23.59	1.2408984e-01
23.63	1.1661144e-01
23.66	1.0969433e-01
23.70	1.0328872e-01
23.73	9.7348698e-02
23.76	9.1832220e-02
23.80	8.6700979e-02
23.83	8.1920240e-02
23.87	7.7458615e-02
23.90	7.3287817e-02
23.93	6.9382415e-02
23.97	6.5719582e-02
24.00	6.2278852e-02
24.04	5.9041893e-02
24.07	5.5992288e-02
24.10	5.3115341e-02
24.14	5.0397887e-02
24.17	4.7828126e-02
24.21	4.5395472e-02
24.24	4.3090414e-02
24.27	4.0904397e-02
24.31	3.8829703e-02
24.34	3.6859359e-02
24.38	3.4987047e-02
24.41	3.3207027e-02
24.44	3.1514066e-02
24.48	2.9903382e-02
24.51	2.8370584e-02
24.55	2.6911632e-02
24.58	2.5522791e-02
24.62	2.4200598e-02
24.65	2.2941831e-02
24.68	2.1743480e-02
24.72	2.0602725e-02
24.75	1.9516915e-02
24.79	1.8483549e-02
24.82	1.7500264e-02
24.85	1.6564820e-02
24.89	1.5675086e-02
24.92	1.4829035e-02
24.96	1.4024734e-02
24.99	1.3260334e-02
25.02	1.2534067e-02
25.06	1.1844239e-02
25.09	1.1189226e-02
25.13	1.0567469e-02
25.16	9.9774730e-03
25.19	9.4177992e-03
25.23	8.8870668e-03
25.26	8.3839485e-03
25.30	7.9071686e-03
25.33	7.4555014e-03
25.36	7.0277686e-03
25.40	6.6228385e-03
25.43	6.2396241e-03
25.47	5.8770818e-03
25.50	5.5342101e-03
25.54	5.2100480e-03
25.57	4.9036741e-03
25.60	4.6142052e-03
25.64	4.3407953e-03
25.67	4.0826343e-03
25.71	3.8389468e-03
25.74	3.6089913e-03
25.77	3.3920591e-03
25.81	3.1874727e-03
25.84	2.9945855e-03
25.88	2.8127803e-03
25.91	2.6414683e-03
25.94	2.4800883e-03
25.98	2.3281055e-03
26.01	2.1850105e-03
26.05	2.0503186e-03
26.08	1.9235687e-03
26.11	1.8043223e-03
26.15	1.6921626e-03
26.18	1.5866941e-03
26.22	1.4875407e-03
26.25	1.3943459e-03
26.28	1.3067714e-03
26.32	1.2244965e-03
26.35	1.1472173e-03
26.39	1.0746459e-03
26.42	1.0065097e-03
26.45	9.4255072e-04
26.49	8.8252483e-04
26.52	8.2620123e-04
26.56	7.7336169e-04
26.59	7.2379999e-04
26.63	6.7732134e-04
26.66	6.3374182e-04
26.69	5.9288779e-04
26.73	5.5459541e-04
26.76	5.1871014e-04
26.80	4.8508625e-04
26.83	4.5358633e-04
26.86	4.2408092e-04
26.90	3.9644803e-04
26.93	3.7057276e-04
26.97	3.4634696e-04
27.00	3.2366880e-04
