# NeutrinoAntineutrinoInteraction/NeutrinoAntineutrinoMuon interaction rates
# neutrino field: massive Cosmic Neutrino Background, T_CnuB = 1.94535456 K
# Produced with crpropa-data version: 60a1560e37035039ec25f414e0c42a2444bad49c
# log10(E/eV), 1/lambda [1/Mpc]
13.85	0.0000000e+00
13.88	0.0000000e+00
13.92	0.0000000e+00
13.95	0.0000000e+00
13.99	0.0000000e+00
14.02	0.0000000e+00
14.05	0.0000000e+00
14.09	0.0000000e+00
14.12	0.0000000e+00
14.16	0.0000000e+00
14.19	0.0000000e+00
14.22	0.0000000e+00
14.26	0.0000000e+00
14.29	0.0000000e+00
14.33	0.0000000e+00
14.36	0.0000000e+00
14.39	0.0000000e+00
14.43	0.0000000e+00
14.46	0.0000000e+00
14.50	0.0000000e+00
14.53	0.0000000e+00
14.57	0.0000000e+00
14.60	0.0000000e+00
14.63	0.0000000e+00
14.67	0.0000000e+00
14.70	0.0000000e+00
14.74	0.0000000e+00
14.77	0.0000000e+00
14.80	0.0000000e+00
14.84	0.0000000e+00
14.87	0.0000000e+00
14.91	0.0000000e+00
14.94	0.0000000e+00
14.97	0.0000000e+00
15.01	0.0000000e+00
15.04	0.0000000e+00
15.08	0.0000000e+00
15.11	0.0000000e+00
15.14	0.0000000e+00
15.18	0.0000000e+00
15.21	0.0000000e+00
15.25	0.0000000e+00
15.28	0.0000000e+00
15.31	0.0000000e+00
15.35	0.0000000e+00
15.38	0.0000000e+00
15.42	0.0000000e+00
15.45	0.0000000e+00
15.48	0.0000000e+00
15.52	0.0000000e+00
15.55	0.0000000e+00
15.59	0.0000000e+00
15.62	0.0000000e+00
15.66	0.0000000e+00
15.69	0.0000000e+00
15.72	0.0000000e+00
15.76	0.0000000e+00
15.79	0.0000000e+00
15.83	0.0000000e+00
15.86	0.0000000e+00
15.89	0.0000000e+00
15.93	0.0000000e+00
15.96	0.0000000e+00
16.00	0.0000000e+00
16.03	0.0000000e+00
16.06	0.0000000e+00
16.10	0.0000000e+00
16.13	0.0000000e+00
16.17	0.0000000e+00
16.20	0.0000000e+00
16.23	0.0000000e+00
16.27	0.0000000e+00
16.30	0.0000000e+00
16.34	0.0000000e+00
16.37	0.0000000e+00
16.40	0.0000000e+00
16.44	0.0000000e+00
16.47	0.0000000e+00
16.51	0.0000000e+00
16.54	0.0000000e+00
16.58	0.0000000e+00
16.61	0.0000000e+00
16.64	0.0000000e+00
16.68	0.0000000e+00
16.71	0.0000000e+00
16.75	0.0000000e+00
16.78	0.0000000e+00
16.81	0.0000000e+00
16.85	0.0000000e+00
16.88	0.0000000e+00
16.92	0.0000000e+00
16.95	0.0000000e+00
16.98	0.0000000e+00
17.02	0.0000000e+00
17.05	0.0000000e+00
17.09	0.0000000e+00
17.12	0.0000000e+00
17.15	0.0000000e+00
17.19	0.0000000e+00
17.22	0.0000000e+00
17.26	0.0000000e+00
17.29	0.0000000e+00
17.32	0.0000000e+00
17.36	0.0000000e+00
17.39	0.0000000e+00
17.43	0.0000000e+00
17.46	0.0000000e+00
17.49	0.0000000e+00
17.53	0.0000000e+00
17.56	0.0000000e+00
17.60	0.0000000e+00
17.63	0.0000000e+00
17.67	0.0000000e+00
17.70	0.0000000e+00
17.73	0.0000000e+00
17.77	0.0000000e+00
17.80	0.0000000e+00
17.84	0.0000000e+00
17.87	0.0000000e+00
17.90	0.0000000e+00
17.94	0.0000000e+00
17.97	0.0000000e+00
18.01	0.0000000e+00
18.04	0.0000000e+00
18.07	0.0000000e+00
18.11	0.0000000e+00
18.14	0.0000000e+00
18.18	0.0000000e+00
18.21	0.0000000e+00
18.24	0.0000000e+00
18.28	0.0000000e+00
18.31	0.0000000e+00
18.35	0.0000000e+00
18.38	0.0000000e+00
18.41	0.0000000e+00
18.45	0.0000000e+00
18.48	0.0000000e+00
18.52	0.0000000e+00
18.55	0.0000000e+00
18.59	0.0000000e+00
18.62	0.0000000e+00
18.65	0.0000000e+00
18.69	0.0000000e+00
18.72	0.0000000e+00
18.76	0.0000000e+00
18.79	0.0000000e+00
18.82	0.0000000e+00
18.86	0.0000000e+00
18.89	0.0000000e+00
18.93	0.0000000e+00
18.96	0.0000000e+00
18.99	0.0000000e+00
19.03	0.0000000e+00
19.06	0.0000000e+00
19.10	0.0000000e+00
19.13	0.0000000e+00
19.16	0.0000000e+00
19.20	0.0000000e+00
19.23	0.0000000e+00
19.27	0.0000000e+00
19.30	0.0000000e+00
19.33	0.0000000e+00
19.37	0.0000000e+00
19.40	0.0000000e+00
19.44	0.0000000e+00
19.47	0.0000000e+00
19.51	0.0000000e+00
19.54	0.0000000e+00
19.57	0.0000000e+00
19.61	0.0000000e+00
19.64	0.0000000e+00
19.68	0.0000000e+00
19.71	0.0000000e+00
19.74	0.0000000e+00
19.78	0.0000000e+00
19.81	0.0000000e+00
19.85	0.0000000e+00
19.88	0.0000000e+00
19.91	0.0000000e+00
19.95	0.0000000e+00
19.98	0.0000000e+00
20.02	0.0000000e+00
20.05	0.0000000e+00
20.08	0.0000000e+00
20.12	0.0000000e+00
20.15	0.0000000e+00
20.19	0.0000000e+00
20.22	0.0000000e+00
20.25	0.0000000e+00
20.29	0.0000000e+00
20.32	0.0000000e+00
20.36	0.0000000e+00
20.39	0.0000000e+00
20.42	0.0000000e+00
20.46	0.0000000e+00
20.49	0.0000000e+00
20.53	0.0000000e+00
20.56	0.0000000e+00
20.60	0.0000000e+00
20.63	0.0000000e+00
20.66	0.0000000e+00
20.70	0.0000000e+00
20.73	0.0000000e+00
20.77	0.0000000e+00
20.80	0.0000000e+00
20.83	0.0000000e+00
20.87	0.0000000e+00
20.90	0.0000000e+00
20.94	0.0000000e+00
20.97	0.0000000e+00
21.00	0.0000000e+00
21.04	0.0000000e+00
21.07	1.4137365e-283
21.11	4.5436941e-262
21.14	3.4800355e-242
21.17	8.4196635e-224
21.21	8.3503682e-207
21.24	4.3195391e-191
21.28	1.4561732e-176
21.31	3.9305479e-163
21.34	1.0276060e-150
21.38	3.1028475e-139
21.41	1.2732396e-128
21.45	8.2526940e-119
21.48	9.7096668e-110
21.52	2.3581023e-101
21.55	1.3313171e-93
21.58	1.9501788e-86
21.62	8.2045000e-80
21.65	1.0889174e-73
21.69	4.9728436e-68
21.72	8.4671653e-63
21.75	5.7892299e-58
21.79	1.7023468e-53
21.82	2.2938641e-49
21.86	1.5019330e-45
21.89	5.0448449e-42
21.92	9.1397879e-39
21.96	9.3551762e-36
21.99	5.6469750e-33
22.03	2.0914473e-30
22.06	4.9302493e-28
22.09	7.6525828e-26
22.13	8.0701890e-24
22.16	5.9523967e-22
22.20	3.1541503e-20
22.23	1.2309217e-18
22.26	3.6199488e-17
22.30	8.1943976e-16
22.33	1.4561344e-14
22.37	2.0684426e-13
22.40	2.3885791e-12
22.43	2.2774011e-11
22.47	1.8188088e-10
22.50	1.2329861e-09
22.54	7.1828384e-09
22.57	3.6370026e-08
22.61	1.6176068e-07
22.64	6.3813640e-07
22.67	2.2530830e-06
22.71	7.1792989e-06
22.74	2.0805295e-05
22.78	5.5226352e-05
22.81	1.3516344e-04
22.84	3.0687063e-04
22.88	6.4994379e-04
22.91	1.2908455e-03
22.95	2.4156242e-03
22.98	4.2781503e-03
23.01	7.1997190e-03
23.05	1.1556447e-02
23.08	1.7752592e-02
23.12	2.6180439e-02
23.15	3.7170185e-02
23.18	5.0935610e-02
23.22	6.7522779e-02
23.25	8.6769294e-02
23.29	1.0828072e-01
23.32	1.3142897e-01
23.35	1.5537524e-01
23.39	1.7911706e-01
23.42	2.0155699e-01
23.46	2.2158758e-01
23.49	2.3818531e-01
23.53	2.5050498e-01
23.56	2.5796494e-01
23.59	2.6031483e-01
23.63	2.5768009e-01
23.66	2.5058547e-01
23.70	2.3999142e-01
23.73	2.2744509e-01
23.76	2.1431628e-01
23.80	2.0127689e-01
23.83	1.8866829e-01
23.87	1.7666803e-01
23.90	1.6536165e-01
23.93	1.5477997e-01
23.97	1.4492065e-01
24.00	1.3576125e-01
24.04	1.2726764e-01
24.07	1.1939933e-01
24.10	1.1211305e-01
24.14	1.0536499e-01
24.17	9.9112291e-02
24.21	9.3313974e-02
24.24	8.7931469e-02
24.27	8.2928893e-02
24.31	7.8273162e-02
24.34	7.3933976e-02
24.38	6.9883733e-02
24.41	6.6097391e-02
24.44	6.2552306e-02
24.48	5.9228052e-02
24.51	5.6106239e-02
24.55	5.3170331e-02
24.58	5.0405472e-02
24.62	4.7798320e-02
24.65	4.5336896e-02
24.68	4.3010436e-02
24.72	4.0809262e-02
24.75	3.8724666e-02
24.79	3.6748795e-02
24.82	3.4874563e-02
24.85	3.3095554e-02
24.89	3.1405951e-02
24.92	2.9800464e-02
24.96	2.8274269e-02
24.99	2.6822954e-02
25.02	2.5442468e-02
25.06	2.4129085e-02
25.09	2.2879360e-02
25.13	2.1690101e-02
25.16	2.0558337e-02
25.19	1.9481298e-02
25.23	1.8456390e-02
25.26	1.7481176e-02
25.30	1.6553360e-02
25.33	1.5670776e-02
25.36	1.4831370e-02
25.40	1.4033194e-02
25.43	1.3274397e-02
25.47	1.2553213e-02
25.50	1.1867957e-02
25.54	1.1217020e-02
25.57	1.0598862e-02
25.60	1.0012007e-02
25.64	9.4550412e-03
25.67	8.9266083e-03
25.71	8.4254068e-03
25.74	7.9501871e-03
25.77	7.4997496e-03
25.81	7.0729424e-03
25.84	6.6686590e-03
25.88	6.2858373e-03
25.91	5.9234575e-03
25.94	5.5805407e-03
25.98	5.2561477e-03
26.01	4.9493775e-03
26.05	4.6593663e-03
26.08	4.3852859e-03
26.11	4.1263432e-03
26.15	3.8817785e-03
26.18	3.6508646e-03
26.22	3.4329060e-03
26.25	3.2272375e-03
26.28	3.0332235e-03
26.32	2.8502570e-03
26.35	2.6777582e-03
26.39	2.5151742e-03
26.42	2.3619775e-03
26.45	2.2176655e-03
26.49	2.0817593e-03
26.52	1.9538028e-03
26.56	1.8333621e-03
26.59	1.7200244e-03
26.63	1.6133974e-03
26.66	1.5131081e-03
26.69	1.4188024e-03
26.73	1.3301440e-03
26.76	1.2468139e-03
26.80	1.1685094e-03
26.83	1.0949438e-03
26.86	1.0258451e-03
26.90	9.6095596e-04
26.93	9.0003247e-04
26.97	8.4284393e-04
27.00	7.8917206e-04
