# NeutrinoAntineutrinoInteraction/NeutrinoAntineutrinoResonanceNu interaction rates
# neutrino field: massive Cosmic Neutrino Background, T_CnuB = 1.94535456 K
# Produced with crpropa-data version: 60a1560e37035039ec25f414e0c42a2444bad49c
# log10(E/eV), 1/lambda [1/Mpc]
10.00	6.1355190e-12
10.03	6.6361996e-12
10.07	7.1777376e-12
10.10	7.7634670e-12
10.14	8.3969941e-12
10.17	9.0822193e-12
10.20	9.8233614e-12
10.24	1.0624983e-11
10.27	1.1492021e-11
10.31	1.2429811e-11
10.34	1.3444129e-11
10.37	1.4541219e-11
10.41	1.5727835e-11
10.44	1.7011283e-11
10.48	1.8399466e-11
10.51	1.9900929e-11
10.55	2.1524917e-11
10.58	2.3281428e-11
10.61	2.5181277e-11
10.65	2.7236161e-11
10.68	2.9458731e-11
10.72	3.1862670e-11
10.75	3.4462779e-11
10.78	3.7275067e-11
10.82	4.0316848e-11
10.85	4.3606849e-11
10.89	4.7165327e-11
10.92	5.1014188e-11
10.95	5.5177131e-11
10.99	5.9679786e-11
11.02	6.4549873e-11
11.06	6.9817377e-11
11.09	7.5514728e-11
11.12	8.1677004e-11
11.16	8.8342144e-11
11.19	9.5551184e-11
11.23	1.0334851e-10
11.26	1.1178212e-10
11.29	1.2090395e-10
11.33	1.3077015e-10
11.36	1.4144147e-10
11.40	1.5298360e-10
11.43	1.6546762e-10
11.46	1.7897038e-10
11.50	1.9357501e-10
11.53	2.0937144e-10
11.57	2.2645691e-10
11.60	2.4493661e-10
11.64	2.6492433e-10
11.67	2.8654312e-10
11.70	3.0992608e-10
11.74	3.3521717e-10
11.77	3.6257211e-10
11.81	3.9215931e-10
11.84	4.2416093e-10
11.87	4.5877400e-10
11.91	4.9621162e-10
11.94	5.3670429e-10
11.98	5.8050131e-10
12.01	6.2787233e-10
12.04	6.7910899e-10
12.08	7.3452675e-10
12.11	7.9446680e-10
12.15	8.5929817e-10
12.18	9.2942002e-10
12.21	1.0052641e-09
12.25	1.0872973e-09
12.28	1.1760247e-09
12.32	1.2719926e-09
12.35	1.3757918e-09
12.38	1.4880614e-09
12.42	1.6094926e-09
12.45	1.7408330e-09
12.49	1.8828913e-09
12.52	2.0365421e-09
12.56	2.2027313e-09
12.59	2.3824822e-09
12.62	2.5769014e-09
12.66	2.7871859e-09
12.69	3.0146304e-09
12.73	3.2606351e-09
12.76	3.5267148e-09
12.79	3.8145075e-09
12.83	4.1257852e-09
12.86	4.4624642e-09
12.90	4.8266175e-09
12.93	5.2204870e-09
12.96	5.6464977e-09
13.00	6.1072725e-09
13.03	6.6056481e-09
13.07	7.1446929e-09
13.10	7.7277258e-09
13.13	8.3583363e-09
13.17	9.0404069e-09
13.20	9.7781369e-09
13.24	1.0576068e-08
13.27	1.1439114e-08
13.30	1.2372587e-08
13.34	1.3382235e-08
13.37	1.4474274e-08
13.41	1.5655427e-08
13.44	1.6932967e-08
13.47	1.8314759e-08
13.51	1.9809310e-08
13.54	2.1425821e-08
13.58	2.3174246e-08
13.61	2.5065349e-08
13.65	2.7110772e-08
13.68	2.9323109e-08
13.71	3.1715982e-08
13.75	3.4304121e-08
13.78	3.7103462e-08
13.82	4.0131239e-08
13.85	4.3406094e-08
13.88	4.6948188e-08
13.92	5.0779331e-08
13.95	5.4923109e-08
13.99	5.9405034e-08
14.02	6.4252700e-08
14.05	6.9495954e-08
14.09	7.5167076e-08
14.12	8.1300982e-08
14.16	8.7935438e-08
14.19	9.5111289e-08
14.22	1.0287272e-07
14.26	1.1126750e-07
14.29	1.2034733e-07
14.33	1.3016811e-07
14.36	1.4079030e-07
14.39	1.5227930e-07
14.43	1.6470585e-07
14.46	1.7814644e-07
14.50	1.9268384e-07
14.53	2.0840754e-07
14.57	2.2541435e-07
14.60	2.4380898e-07
14.63	2.6370468e-07
14.67	2.8522394e-07
14.70	3.0849925e-07
14.74	3.3367391e-07
14.77	3.6090291e-07
14.80	3.9035390e-07
14.84	4.2220820e-07
14.87	4.5666192e-07
14.91	4.9392719e-07
14.94	5.3423344e-07
14.97	5.7782883e-07
15.01	6.2498176e-07
15.04	6.7598255e-07
15.08	7.3114518e-07
15.11	7.9080928e-07
15.14	8.5534219e-07
15.18	9.2514122e-07
15.21	1.0006361e-06
15.25	1.0822917e-06
15.28	1.1706106e-06
15.31	1.2661367e-06
15.35	1.3694580e-06
15.38	1.4812108e-06
15.42	1.6020830e-06
15.45	1.7328187e-06
15.48	1.8742231e-06
15.52	2.0271665e-06
15.55	2.1925906e-06
15.59	2.3715140e-06
15.62	2.5650382e-06
15.66	2.7743546e-06
15.69	3.0007521e-06
15.72	3.2456244e-06
15.76	3.5104791e-06
15.79	3.7969470e-06
15.83	4.1067917e-06
15.86	4.4419209e-06
15.89	4.8043978e-06
15.93	5.1964542e-06
15.96	5.6205039e-06
16.00	6.0791575e-06
16.03	6.5752390e-06
16.06	7.1118025e-06
16.10	7.6921516e-06
16.13	8.3198593e-06
16.17	8.9987903e-06
16.20	9.7331245e-06
16.23	1.0527383e-05
16.27	1.1386456e-05
16.30	1.2315633e-05
16.34	1.3320634e-05
16.37	1.4407646e-05
16.40	1.5583364e-05
16.44	1.6855023e-05
16.47	1.8230456e-05
16.51	1.9718128e-05
16.54	2.1327200e-05
16.58	2.3067579e-05
16.61	2.4949979e-05
16.64	2.6985990e-05
16.68	2.9188148e-05
16.71	3.1570010e-05
16.75	3.4146241e-05
16.78	3.6932702e-05
16.81	3.9946550e-05
16.85	4.3206339e-05
16.88	4.6732140e-05
16.92	5.0545660e-05
16.95	5.4670379e-05
16.98	5.9131691e-05
17.02	6.3957064e-05
17.05	6.9176208e-05
17.09	7.4821255e-05
17.12	8.0926961e-05
17.15	8.7530919e-05
17.19	9.4673788e-05
17.22	1.0239955e-04
17.26	1.1075576e-04
17.29	1.1979387e-04
17.32	1.2956954e-04
17.36	1.4014295e-04
17.39	1.5157919e-04
17.43	1.6394869e-04
17.46	1.7732760e-04
17.49	1.9179829e-04
17.53	2.0744986e-04
17.56	2.2437867e-04
17.60	2.4268897e-04
17.63	2.6249349e-04
17.67	2.8391416e-04
17.70	3.0708288e-04
17.73	3.3214230e-04
17.77	3.5924672e-04
17.80	3.8856303e-04
17.84	4.2027173e-04
17.87	4.5456808e-04
17.90	4.9166323e-04
17.94	5.3178562e-04
17.97	5.7518229e-04
18.01	6.2212045e-04
18.04	6.7288915e-04
18.07	7.2780100e-04
18.11	7.8719413e-04
18.14	8.5143429e-04
18.18	9.2091706e-04
18.21	9.9607033e-04
18.24	1.0773569e-03
18.28	1.1652774e-03
18.31	1.2603732e-03
18.35	1.3632300e-03
18.38	1.4744813e-03
18.41	1.5948122e-03
18.45	1.7249640e-03
18.48	1.8657381e-03
18.52	2.0180018e-03
18.55	2.1826929e-03
18.59	2.3608259e-03
18.62	2.5534982e-03
18.65	2.7618967e-03
18.69	2.9873053e-03
18.72	3.2311128e-03
18.76	3.4948214e-03
18.79	3.7800560e-03
18.82	4.0885743e-03
18.86	4.4222777e-03
18.89	4.7832229e-03
18.93	5.1736347e-03
18.96	5.5959196e-03
18.99	6.0526810e-03
19.03	6.5467353e-03
19.06	7.0811288e-03
19.10	7.6591573e-03
19.13	8.2843861e-03
19.16	8.9606722e-03
19.20	9.6921882e-03
19.23	1.0483448e-02
19.27	1.1339336e-02
19.30	1.2265136e-02
19.33	1.3266563e-02
19.37	1.4349805e-02
19.40	1.5521551e-02
19.44	1.6789044e-02
19.47	1.8160118e-02
19.51	1.9643251e-02
19.54	2.1247618e-02
19.57	2.2983146e-02
19.61	2.4860579e-02
19.64	2.6891545e-02
19.68	2.9088627e-02
19.71	3.1465448e-02
19.74	3.4036751e-02
19.78	3.6818495e-02
19.81	3.9827958e-02
19.85	4.3083845e-02
19.88	4.6606408e-02
19.91	5.0417576e-02
19.95	5.4541096e-02
19.98	5.9002689e-02
20.02	6.3830210e-02
20.05	6.9053835e-02
20.08	7.4706257e-02
20.12	8.0822899e-02
20.15	8.7442148e-02
20.19	9.4605612e-02
20.22	1.0235839e-01
20.25	1.1074940e-01
20.29	1.1983166e-01
20.32	1.2966269e-01
20.36	1.4030492e-01
20.39	1.5182607e-01
20.42	1.6429965e-01
20.46	1.7780550e-01
20.49	1.9243032e-01
20.53	2.0826833e-01
20.56	2.2542192e-01
20.60	2.4400243e-01
20.63	2.6413099e-01
20.66	2.8593941e-01
20.70	3.0957124e-01
20.73	3.3518286e-01
20.77	3.6294472e-01
20.80	3.9304276e-01
20.83	4.2567995e-01
20.87	4.6107798e-01
20.90	4.9947919e-01
20.94	5.4114875e-01
20.97	5.8637704e-01
21.00	6.3548238e-01
21.04	6.8881409e-01
21.07	7.4675593e-01
21.11	8.0973007e-01
21.14	8.7820151e-01
21.17	9.5268320e-01
21.21	1.0337419e+00
21.24	1.1220046e+00
21.28	1.2181668e+00
21.31	1.3230009e+00
21.34	1.4373667e+00
21.38	1.5622237e+00
21.41	1.6986450e+00
21.45	1.8478342e+00
21.48	2.0111451e+00
21.52	2.1901050e+00
21.55	2.3864433e+00
21.58	2.6021251e+00
21.62	2.8393924e+00
21.65	3.1008144e+00
21.69	3.3893498e+00
21.72	3.7084235e+00
21.75	4.0620234e+00
21.79	4.4548238e+00
21.82	4.8923435e+00
21.86	5.3811526e+00
21.89	5.9291480e+00
21.92	6.5459296e+00
21.96	7.2433336e+00
21.99	8.0362354e+00
22.03	8.9438817e+00
22.06	9.9923746e+00
22.09	1.1219780e+01
22.13	1.2687051e+01
22.16	1.4500858e+01
22.20	1.6858326e+01
22.23	2.0127068e+01
22.26	2.4973921e+01
22.30	3.2548392e+01
22.33	4.4709490e+01
22.37	6.4258697e+01
22.40	9.5114429e+01
22.43	1.4234610e+02
22.47	2.1199038e+02
22.50	3.1060428e+02
22.54	4.4456482e+02
22.57	6.1918982e+02
22.61	8.3780962e+02
22.64	1.1009482e+03
22.67	1.4057661e+03
22.71	1.7458782e+03
22.74	2.1115937e+03
22.78	2.4905570e+03
22.81	2.8687029e+03
22.84	3.2313930e+03
22.88	3.5645855e+03
22.91	3.8558930e+03
22.95	4.0954158e+03
22.98	4.2762790e+03
23.01	4.3948492e+03
23.05	4.4506514e+03
23.08	4.4460393e+03
23.12	4.3856925e+03
23.15	4.2760195e+03
23.18	4.1245405e+03
23.22	3.9393074e+03
23.25	3.7284037e+03
23.29	3.4995463e+03
23.32	3.2597961e+03
23.35	3.0153722e+03
23.39	2.7715566e+03
23.42	2.5326732e+03
23.46	2.3021206e+03
23.49	2.0824442e+03
23.53	1.8754311e+03
23.56	1.6822157e+03
23.59	1.5033878e+03
23.63	1.3390966e+03
23.66	1.1891451e+03
23.70	1.0530753e+03
23.73	9.3024029e+02
23.76	8.1986492e+02
23.80	7.2109587e+02
23.83	6.3304105e+02
23.87	5.5480043e+02
23.90	4.8548919e+02
23.93	4.2425462e+02
23.97	3.7028770e+02
24.00	3.2283067e+02
24.04	2.8118117e+02
24.07	2.4469398e+02
24.10	2.1278081e+02
24.14	1.8490879e+02
24.17	1.6059790e+02
24.21	1.3941789e+02
24.24	1.2098479e+02
24.27	1.0495719e+02
24.31	9.1032588e+01
24.34	7.8943744e+01
24.38	6.8455202e+01
24.41	5.9360004e+01
24.44	5.1476636e+01
24.48	4.4646204e+01
24.51	3.8729854e+01
24.55	3.3606435e+01
24.58	2.9170387e+01
24.62	2.5329852e+01
24.65	2.2004985e+01
24.68	1.9126452e+01
24.72	1.6634102e+01
24.75	1.4475789e+01
24.79	1.2606346e+01
24.82	1.0986667e+01
24.85	9.5829181e+00
24.89	8.3658401e+00
24.92	7.3101383e+00
24.96	6.3939545e+00
24.99	5.5984049e+00
25.02	4.9071794e+00
25.06	4.3061928e+00
25.09	3.7832834e+00
25.13	3.3279504e+00
25.16	2.9311276e+00
25.19	2.5849869e+00
25.23	2.2827689e+00
25.26	2.0186362e+00
25.30	1.7875464e+00
25.33	1.5851435e+00
25.36	1.4076629e+00
25.40	1.2518502e+00
25.43	1.1148910e+00
25.47	9.9435082e-01
25.50	8.8812211e-01
25.54	7.9437999e-01
25.57	7.1154321e-01
25.60	6.3824085e-01
25.64	5.7328352e-01
25.67	5.1563866e-01
25.71	4.6440909e-01
25.74	4.1881471e-01
25.77	3.7817657e-01
25.81	3.4190327e-01
25.84	3.0947915e-01
25.88	2.8045413e-01
25.91	2.5443496e-01
25.94	2.3107767e-01
25.98	2.1008105e-01
26.01	1.9118101e-01
26.05	1.7414573e-01
26.08	1.5877142e-01
26.11	1.4487876e-01
26.15	1.3230971e-01
26.18	1.2092478e-01
26.22	1.1060070e-01
26.25	1.0122841e-01
26.28	9.2711206e-02
26.32	8.4963289e-02
26.35	7.7908382e-02
26.39	7.1478590e-02
26.42	6.5613384e-02
26.45	6.0258725e-02
26.49	5.5366299e-02
26.52	5.0892845e-02
26.56	4.6799575e-02
26.59	4.3051658e-02
26.63	3.9617778e-02
26.66	3.6469737e-02
26.69	3.3582116e-02
26.73	3.0931966e-02
26.76	2.8498547e-02
26.80	2.6263087e-02
26.83	2.4208583e-02
26.86	2.2319609e-02
26.90	2.0582161e-02
26.93	1.8983509e-02
26.97	1.7512069e-02
27.00	1.6157294e-02
