# NeutrinoAntineutrinoInteraction/NeutrinoAntineutrinoResonanceNu interaction rates
# neutrino field: massive Cosmic Neutrino Background, T_CnuB = 1.94535456 K
# Produced with crpropa-data version: 60a1560e37035039ec25f414e0c42a2444bad49c
# log10(E/eV), 1/lambda [1/Mpc]
10.00	1.9168517e-12
10.03	2.0732737e-12
10.07	2.2424604e-12
10.10	2.4254533e-12
10.14	2.6233791e-12
10.17	2.8374564e-12
10.20	3.0690031e-12
10.24	3.3194449e-12
10.27	3.5903236e-12
10.31	3.8833071e-12
10.34	4.2001990e-12
10.37	4.5429505e-12
10.41	4.9136718e-12
10.44	5.3146452e-12
10.48	5.7483396e-12
10.51	6.2174250e-12
10.55	6.7247894e-12
10.58	7.2735567e-12
10.61	7.8671053e-12
10.65	8.5090896e-12
10.68	9.2034622e-12
10.72	9.9544982e-12
10.75	1.0766821e-11
10.78	1.1645433e-11
10.82	1.2595743e-11
10.85	1.3623601e-11
10.89	1.4735336e-11
10.92	1.5937793e-11
10.95	1.7238375e-11
10.99	1.8645089e-11
11.02	2.0166596e-11
11.06	2.1812263e-11
11.09	2.3592223e-11
11.12	2.5517434e-11
11.16	2.7599750e-11
11.19	2.9851989e-11
11.23	3.2288020e-11
11.26	3.4922840e-11
11.29	3.7772670e-11
11.33	4.0855057e-11
11.36	4.4188978e-11
11.40	4.7794959e-11
11.43	5.1695202e-11
11.46	5.5913718e-11
11.50	6.0476480e-11
11.53	6.5411580e-11
11.57	7.0749403e-11
11.60	7.6522811e-11
11.64	8.2767350e-11
11.67	8.9521466e-11
11.70	9.6826743e-11
11.74	1.0472816e-10
11.77	1.1327435e-10
11.81	1.2251795e-10
11.84	1.3251586e-10
11.87	1.4332964e-10
11.91	1.5502586e-10
11.94	1.6767653e-10
11.98	1.8135954e-10
12.01	1.9615914e-10
12.04	2.1216644e-10
12.08	2.2947999e-10
12.11	2.4820639e-10
12.15	2.6846093e-10
12.18	2.9036832e-10
12.21	3.1406343e-10
12.25	3.3969214e-10
12.28	3.6741226e-10
12.32	3.9739443e-10
12.35	4.2982326e-10
12.38	4.6489840e-10
12.42	5.0283579e-10
12.45	5.4386902e-10
12.49	5.8825071e-10
12.52	6.3625410e-10
12.56	6.8817474e-10
12.59	7.4433230e-10
12.62	8.0507252e-10
12.66	8.7076936e-10
12.69	9.4182730e-10
12.73	1.0186838e-09
12.76	1.1018121e-09
12.79	1.1917240e-09
12.83	1.2889730e-09
12.86	1.3941579e-09
12.90	1.5079262e-09
12.93	1.6309785e-09
12.96	1.7640722e-09
13.00	1.9080269e-09
13.03	2.0637289e-09
13.07	2.2321366e-09
13.10	2.4142871e-09
13.13	2.6113017e-09
13.17	2.8243934e-09
13.20	3.0548741e-09
13.24	3.3041629e-09
13.27	3.5737946e-09
13.30	3.8654292e-09
13.34	4.1808623e-09
13.37	4.5220358e-09
13.41	4.8910504e-09
13.44	5.2901778e-09
13.47	5.7218756e-09
13.51	6.1888014e-09
13.54	6.6938301e-09
13.58	7.2400709e-09
13.61	7.8308870e-09
13.65	8.4699158e-09
13.68	9.1610916e-09
13.71	9.9086700e-09
13.75	1.0717253e-08
13.78	1.1591820e-08
13.82	1.2537755e-08
13.85	1.3560881e-08
13.88	1.4667498e-08
13.92	1.5864419e-08
13.95	1.7159014e-08
13.99	1.8559251e-08
14.02	2.0073754e-08
14.05	2.1711845e-08
14.09	2.3483610e-08
14.12	2.5399958e-08
14.16	2.7472687e-08
14.19	2.9714558e-08
14.22	3.2139374e-08
14.26	3.4762063e-08
14.29	3.7598774e-08
14.33	4.0666970e-08
14.36	4.3985543e-08
14.39	4.7574923e-08
14.43	5.1457209e-08
14.46	5.5656304e-08
14.50	6.0198061e-08
14.53	6.5110441e-08
14.57	7.0423689e-08
14.60	7.6170518e-08
14.63	8.2386309e-08
14.67	8.9109331e-08
14.70	9.6380976e-08
14.74	1.0424601e-07
14.77	1.1275287e-07
14.80	1.2195391e-07
14.84	1.3190579e-07
14.87	1.4266978e-07
14.91	1.5431216e-07
14.94	1.6690459e-07
14.97	1.8052461e-07
15.01	1.9525607e-07
15.04	2.1118968e-07
15.08	2.2842352e-07
15.11	2.4706371e-07
15.14	2.6722501e-07
15.18	2.8903154e-07
15.21	3.1261757e-07
15.25	3.3812830e-07
15.28	3.6572080e-07
15.31	3.9556494e-07
15.35	4.2784448e-07
15.38	4.6275814e-07
15.42	5.0052089e-07
15.45	5.4136522e-07
15.48	5.8554259e-07
15.52	6.3332499e-07
15.55	6.8500662e-07
15.59	7.4090565e-07
15.62	8.0136625e-07
15.66	8.6676065e-07
15.69	9.3749148e-07
15.72	1.0139942e-06
15.76	1.0967398e-06
15.79	1.1862378e-06
15.83	1.2830391e-06
15.86	1.3877398e-06
15.89	1.5009844e-06
15.93	1.6234702e-06
15.96	1.7559513e-06
16.00	1.8992434e-06
16.03	2.0542286e-06
16.06	2.2218611e-06
16.10	2.4031731e-06
16.13	2.5992809e-06
16.17	2.8113917e-06
16.20	3.0408116e-06
16.23	3.2889530e-06
16.27	3.5573436e-06
16.30	3.8476360e-06
16.34	4.1616172e-06
16.37	4.5012205e-06
16.40	4.8685367e-06
16.44	5.2658273e-06
16.47	5.6955383e-06
16.51	6.1603154e-06
16.54	6.6630200e-06
16.58	7.2067472e-06
16.61	7.7948447e-06
16.64	8.4309331e-06
16.68	9.1189288e-06
16.71	9.8630676e-06
16.75	1.0667931e-05
16.78	1.1538475e-05
16.81	1.2480058e-05
16.85	1.3498478e-05
16.88	1.4600005e-05
16.92	1.5791421e-05
16.95	1.7080062e-05
16.98	1.8473861e-05
17.02	1.9981400e-05
17.05	2.1611960e-05
17.09	2.3375581e-05
17.12	2.5283120e-05
17.15	2.7346323e-05
17.19	2.9577893e-05
17.22	3.1991568e-05
17.26	3.4602210e-05
17.29	3.7425892e-05
17.32	4.0480000e-05
17.36	4.3783337e-05
17.39	4.7356242e-05
17.43	5.1220714e-05
17.46	5.5400545e-05
17.49	5.9921472e-05
17.53	6.4811331e-05
17.56	7.0100227e-05
17.60	7.5820727e-05
17.63	8.2008051e-05
17.67	8.8700297e-05
17.70	9.5938670e-05
17.73	1.0376774e-04
17.77	1.1223571e-04
17.80	1.2139472e-04
17.84	1.3130117e-04
17.87	1.4201605e-04
17.90	1.5360535e-04
17.94	1.6614043e-04
17.97	1.7969846e-04
18.01	1.9436294e-04
18.04	2.1022418e-04
18.07	2.2737983e-04
18.11	2.4593555e-04
18.14	2.6600560e-04
18.18	2.8771358e-04
18.21	3.1119317e-04
18.24	3.3658897e-04
18.28	3.6405739e-04
18.31	3.9376759e-04
18.35	4.2590255e-04
18.38	4.6066020e-04
18.41	4.9825461e-04
18.45	5.3891735e-04
18.48	5.8289889e-04
18.52	6.3047015e-04
18.55	6.8192418e-04
18.59	7.3757796e-04
18.62	7.9777436e-04
18.65	8.6288425e-04
18.69	9.3330881e-04
18.72	1.0094820e-03
18.76	1.0918732e-03
18.79	1.1809901e-03
18.82	1.2773820e-03
18.86	1.3816431e-03
18.89	1.4944160e-03
18.93	1.6163960e-03
18.96	1.7483351e-03
18.99	1.8910469e-03
19.03	2.0454116e-03
19.06	2.2123812e-03
19.10	2.3929857e-03
19.13	2.5883395e-03
19.16	2.7996480e-03
19.20	3.0282154e-03
19.23	3.2754528e-03
19.27	3.5428868e-03
19.30	3.8321689e-03
19.33	4.1450864e-03
19.37	4.4835729e-03
19.40	4.8497206e-03
19.44	5.2457934e-03
19.47	5.6742413e-03
19.51	6.1377154e-03
19.54	6.6390847e-03
19.57	7.1814541e-03
19.61	7.7681842e-03
19.64	8.4029122e-03
19.68	9.0895750e-03
19.71	9.8324344e-03
19.74	1.0636104e-02
19.78	1.1505578e-02
19.81	1.2446265e-02
19.85	1.3464019e-02
19.88	1.4565183e-02
19.91	1.5756623e-02
19.95	1.7045776e-02
19.98	1.8440701e-02
20.02	1.9950126e-02
20.05	2.1583508e-02
20.08	2.3351096e-02
20.12	2.5263999e-02
20.15	2.7334259e-02
20.19	2.9574929e-02
20.22	3.2000169e-02
20.25	3.4625333e-02
20.29	3.7467082e-02
20.32	4.0543494e-02
20.36	4.3874191e-02
20.39	4.7480480e-02
20.42	5.1385500e-02
20.46	5.5614393e-02
20.49	6.0194482e-02
20.53	6.5155475e-02
20.56	7.0529687e-02
20.60	7.6352282e-02
20.63	8.2661546e-02
20.66	8.9499182e-02
20.70	9.6910645e-02
20.73	1.0494551e-01
20.77	1.1365787e-01
20.80	1.2310680e-01
20.83	1.3335688e-01
20.87	1.4447873e-01
20.90	1.5654966e-01
20.94	1.6965440e-01
20.97	1.8388588e-01
21.00	1.9934614e-01
21.04	2.1614739e-01
21.07	2.3441313e-01
21.11	2.5427950e-01
21.14	2.7589677e-01
21.17	2.9943111e-01
21.21	3.2506651e-01
21.24	3.5300713e-01
21.28	3.8347992e-01
21.31	4.1673765e-01
21.34	4.5306254e-01
21.38	4.9277038e-01
21.41	5.3621548e-01
21.45	5.8379637e-01
21.48	6.3596275e-01
21.52	6.9322354e-01
21.55	7.5615671e-01
21.58	8.2542095e-01
21.62	9.0176994e-01
21.65	9.8606963e-01
21.69	1.0793195e+00
21.72	1.1826786e+00
21.75	1.2974986e+00
21.79	1.4253643e+00
21.82	1.5681459e+00
21.86	1.7280655e+00
21.89	1.9077834e+00
21.92	2.1105110e+00
21.96	2.3401625e+00
21.99	2.6015591e+00
22.03	2.9007149e+00
22.06	3.2452472e+00
22.09	3.6450008e+00
22.13	4.1130806e+00
22.16	4.6677548e+00
22.20	5.3363251e+00
22.23	6.1634141e+00
22.26	7.2286213e+00
22.30	8.6823952e+00
22.33	1.0813767e+01
22.37	1.4167439e+01
22.40	1.9727174e+01
22.43	2.9172940e+01
22.47	4.5196975e+01
22.50	7.1827472e+01
22.54	1.1466050e+02
22.57	1.8084717e+02
22.61	2.7863136e+02
22.64	4.1619085e+02
22.67	5.9951494e+02
22.71	8.2909124e+02
22.74	1.0953923e+03
22.78	1.3738300e+03
22.81	1.6214701e+03
22.84	1.7806718e+03
22.88	1.7975533e+03
22.91	1.6618686e+03
22.95	1.4555422e+03
22.98	1.2596879e+03
23.01	1.0863561e+03
23.05	9.3527912e+02
23.08	8.0442173e+02
23.12	6.9144804e+02
23.15	5.9410338e+02
23.18	5.1033046e+02
23.22	4.3829824e+02
23.25	3.7639815e+02
23.29	3.2322770e+02
23.32	2.7756985e+02
23.35	2.3837183e+02
23.39	2.0472493e+02
23.42	1.7584605e+02
23.46	1.5106106e+02
23.49	1.2979019e+02
23.53	1.1153515e+02
23.56	9.5867867e+01
23.59	8.2420792e+01
23.63	7.0878410e+01
23.66	6.0969960e+01
23.70	5.2463129e+01
23.73	4.5158630e+01
23.76	3.8885525e+01
23.80	3.3497211e+01
23.83	2.8867961e+01
23.87	2.4889959e+01
23.90	2.1470752e+01
23.93	1.8531059e+01
23.97	1.6002898e+01
24.00	1.3827973e+01
24.04	1.1956290e+01
24.07	1.0344978e+01
24.10	8.9572665e+00
24.14	7.7616191e+00
24.17	6.7309837e+00
24.21	5.8421536e+00
24.24	5.0752184e+00
24.27	4.4130936e+00
24.31	3.8411174e+00
24.34	3.3467052e+00
24.38	2.9190533e+00
24.41	2.5488854e+00
24.44	2.2282348e+00
24.48	1.9502579e+00
24.51	1.7090746e+00
24.55	1.4996313e+00
24.58	1.3175834e+00
24.62	1.1591948e+00
24.65	1.0212513e+00
24.68	9.0098709e-01
24.72	7.9602119e-01
24.75	7.0430291e-01
24.79	6.2406536e-01
24.82	5.5378547e-01
24.85	4.9214965e-01
24.89	4.3802442e-01
24.92	3.9043109e-01
24.96	3.4852419e-01
24.99	3.1157279e-01
25.02	2.7894463e-01
25.06	2.5009233e-01
25.09	2.2454170e-01
25.13	2.0188157e-01
25.16	1.8175516e-01
25.19	1.6385258e-01
25.23	1.4790441e-01
25.26	1.3367622e-01
25.30	1.2096379e-01
25.33	1.0958902e-01
25.36	9.9396462e-02
25.40	9.0250218e-02
25.43	8.2031391e-02
25.47	7.4635808e-02
25.50	6.7972081e-02
25.54	6.1959938e-02
25.57	5.6528771e-02
25.60	5.1616393e-02
25.64	4.7167951e-02
25.67	4.3134995e-02
25.71	3.9474668e-02
25.74	3.6149006e-02
25.77	3.3124328e-02
25.81	3.0370708e-02
25.84	2.7861521e-02
25.88	2.5573038e-02
25.91	2.3484083e-02
25.94	2.1575730e-02
25.98	1.9831039e-02
26.01	1.8234824e-02
26.05	1.6773456e-02
26.08	1.5434684e-02
26.11	1.4207478e-02
26.15	1.3081901e-02
26.18	1.2048980e-02
26.22	1.1100611e-02
26.25	1.0229460e-02
26.28	9.4288851e-03
26.32	8.6928614e-03
26.35	8.0159208e-03
26.39	7.3930937e-03
26.42	6.8198590e-03
26.45	6.2921002e-03
26.49	5.8060651e-03
26.52	5.3583312e-03
26.56	4.9457735e-03
26.59	4.5655368e-03
26.63	4.2150104e-03
26.66	3.8918054e-03
26.69	3.5937342e-03
26.73	3.3187926e-03
26.76	3.0651431e-03
26.80	2.8311002e-03
26.83	2.6151170e-03
26.86	2.4157730e-03
26.90	2.2317632e-03
26.93	2.0618882e-03
26.97	1.9050454e-03
27.00	1.7602205e-03
