# NeutrinoAntineutrinoInteraction/NeutrinoAntineutrinoResonanceNu interaction rates
# neutrino field: massive Cosmic Neutrino Background, T_CnuB = 1.94535456 K
# Produced with crpropa-data version: 60a1560e37035039ec25f414e0c42a2444bad49c
# log10(E/eV), 1/lambda [1/Mpc]
10.00	1.2838376e-14
10.03	1.3886034e-14
10.07	1.5019185e-14
10.10	1.6244805e-14
10.14	1.7570440e-14
10.17	1.9004252e-14
10.20	2.0555067e-14
10.24	2.2232436e-14
10.27	2.4046683e-14
10.31	2.6008980e-14
10.34	2.8131407e-14
10.37	3.0427032e-14
10.41	3.2909988e-14
10.44	3.5595563e-14
10.48	3.8500290e-14
10.51	4.1642053e-14
10.55	4.5040196e-14
10.58	4.8715639e-14
10.61	5.2691012e-14
10.65	5.6990790e-14
10.68	6.1641446e-14
10.72	6.6671611e-14
10.75	7.2112257e-14
10.78	7.7996879e-14
10.82	8.4361707e-14
10.85	9.1245929e-14
10.89	9.8691928e-14
10.92	1.0674555e-13
10.95	1.1545637e-13
10.99	1.2487803e-13
11.02	1.3506853e-13
11.06	1.4609061e-13
11.09	1.5801214e-13
11.12	1.7090650e-13
11.16	1.8485309e-13
11.19	1.9993778e-13
11.23	2.1625343e-13
11.26	2.3390049e-13
11.29	2.5298762e-13
11.33	2.7363233e-13
11.36	2.9596172e-13
11.40	3.2011327e-13
11.43	3.4623567e-13
11.46	3.7448976e-13
11.50	4.0504949e-13
11.53	4.3810299e-13
11.57	4.7385379e-13
11.60	5.1252198e-13
11.64	5.5434563e-13
11.67	5.9958225e-13
11.70	6.4851034e-13
11.74	7.0143113e-13
11.77	7.5867046e-13
11.81	8.2058073e-13
11.84	8.8754309e-13
11.87	9.5996983e-13
11.91	1.0383069e-12
11.94	1.1230365e-12
11.98	1.2146803e-12
12.01	1.3138026e-12
12.04	1.4210137e-12
12.08	1.5369736e-12
12.11	1.6623962e-12
12.15	1.7980538e-12
12.18	1.9447815e-12
12.21	2.1034827e-12
12.25	2.2751345e-12
12.28	2.4607938e-12
12.32	2.6616035e-12
12.35	2.8788000e-12
12.38	3.1137205e-12
12.42	3.3678114e-12
12.45	3.6426371e-12
12.49	3.9398895e-12
12.52	4.2613987e-12
12.56	4.6091443e-12
12.59	4.9852673e-12
12.62	5.3920832e-12
12.66	5.8320967e-12
12.69	6.3080170e-12
12.73	6.8227741e-12
12.76	7.3795372e-12
12.79	7.9817342e-12
12.83	8.6330727e-12
12.86	9.3375628e-12
12.90	1.0099542e-11
12.93	1.0923701e-11
12.96	1.1815115e-11
13.00	1.2779271e-11
13.03	1.3822106e-11
13.07	1.4950040e-11
13.10	1.6170018e-11
13.13	1.7489550e-11
13.17	1.8916760e-11
13.20	2.0460437e-11
13.24	2.2130083e-11
13.27	2.3935978e-11
13.30	2.5889240e-11
13.34	2.8001896e-11
13.37	3.0286953e-11
13.41	3.2758478e-11
13.44	3.5431689e-11
13.47	3.8323043e-11
13.51	4.1450343e-11
13.54	4.4832841e-11
13.58	4.8491364e-11
13.61	5.2448435e-11
13.65	5.6728418e-11
13.68	6.1357663e-11
13.71	6.6364671e-11
13.75	7.1780269e-11
13.78	7.7637799e-11
13.82	8.3973325e-11
13.85	9.0825854e-11
13.88	9.8237573e-11
13.92	1.0625412e-10
13.95	1.1492484e-10
13.99	1.2430312e-10
14.02	1.3444671e-10
14.05	1.4541805e-10
14.09	1.5728469e-10
14.12	1.7011969e-10
14.16	1.8400207e-10
14.19	1.9901731e-10
14.22	2.1525784e-10
14.26	2.3282367e-10
14.29	2.5182292e-10
14.33	2.7237259e-10
14.36	2.9459918e-10
14.39	3.1863954e-10
14.43	3.4464169e-10
14.46	3.7276570e-10
14.50	4.0318473e-10
14.53	4.3608607e-10
14.57	4.7167228e-10
14.60	5.1016245e-10
14.63	5.5179356e-10
14.67	5.9682191e-10
14.70	6.4552475e-10
14.74	6.9820191e-10
14.77	7.5517772e-10
14.80	8.1680297e-10
14.84	8.8345705e-10
14.87	9.5555036e-10
14.91	1.0335267e-09
14.94	1.1178663e-09
14.97	1.2090882e-09
15.01	1.3077542e-09
15.04	1.4144717e-09
15.08	1.5298977e-09
15.11	1.6547429e-09
15.14	1.7897760e-09
15.18	1.9358282e-09
15.21	2.0937988e-09
15.25	2.2646604e-09
15.28	2.4494649e-09
15.31	2.6493501e-09
15.35	2.8655467e-09
15.38	3.0993857e-09
15.42	3.3523069e-09
15.45	3.6258673e-09
15.48	3.9217513e-09
15.52	4.2417804e-09
15.55	4.5879251e-09
15.59	4.9623165e-09
15.62	5.3672595e-09
15.66	5.8052474e-09
15.69	6.2789767e-09
15.72	6.7913640e-09
15.76	7.3455640e-09
15.79	7.9449887e-09
15.83	8.5933287e-09
15.86	9.2945756e-09
15.89	1.0053047e-08
15.93	1.0873412e-08
15.96	1.1760722e-08
16.00	1.2720440e-08
16.03	1.3758474e-08
16.06	1.4881215e-08
16.10	1.6095577e-08
16.13	1.7409034e-08
16.17	1.8829675e-08
16.20	2.0366245e-08
16.23	2.2028205e-08
16.27	2.3825787e-08
16.30	2.5770058e-08
16.34	2.7872989e-08
16.37	3.0147527e-08
16.40	3.2607675e-08
16.44	3.5268580e-08
16.47	3.8146625e-08
16.51	4.1259530e-08
16.54	4.4626458e-08
16.58	4.8268141e-08
16.61	5.2206998e-08
16.64	5.6467281e-08
16.68	6.1075219e-08
16.71	6.6059181e-08
16.75	7.1449853e-08
16.78	7.7280425e-08
16.81	8.3586793e-08
16.85	9.0407784e-08
16.88	9.7785393e-08
16.92	1.0576504e-07
16.95	1.1439586e-07
16.98	1.2373099e-07
17.02	1.3382790e-07
17.05	1.4474876e-07
17.09	1.5656080e-07
17.12	1.6933675e-07
17.15	1.8315526e-07
17.19	1.9810142e-07
17.22	2.1426725e-07
17.26	2.3175227e-07
17.29	2.5066414e-07
17.32	2.7111929e-07
17.36	2.9324366e-07
17.39	3.1717348e-07
17.43	3.4305606e-07
17.46	3.7105077e-07
17.49	4.0132997e-07
17.53	4.3408007e-07
17.56	4.6950273e-07
17.60	5.0781603e-07
17.63	5.4925586e-07
17.67	5.9407736e-07
17.70	6.4255650e-07
17.73	6.9499176e-07
17.77	7.5170599e-07
17.80	8.1304836e-07
17.84	8.7939656e-07
17.87	9.5115911e-07
17.90	1.0287778e-06
17.94	1.1127307e-06
17.97	1.2035345e-06
18.01	1.3017484e-06
18.04	1.4079771e-06
18.07	1.5228746e-06
18.11	1.6471485e-06
18.14	1.7815639e-06
18.18	1.9269485e-06
18.21	2.0841973e-06
18.24	2.2542787e-06
18.28	2.4382400e-06
18.31	2.6372138e-06
18.35	2.8524253e-06
18.38	3.0851999e-06
18.41	3.3369707e-06
18.45	3.6092882e-06
18.48	3.9038293e-06
18.52	4.2224076e-06
18.55	4.5669852e-06
18.59	4.9396838e-06
18.62	5.3427987e-06
18.65	5.7788125e-06
18.69	6.2504103e-06
18.72	6.7604966e-06
18.76	7.3122128e-06
18.79	7.9089571e-06
18.82	8.5544049e-06
18.86	9.2525318e-06
18.89	1.0007638e-05
18.93	1.0824375e-05
18.96	1.1707773e-05
18.99	1.2663275e-05
19.03	1.3696768e-05
19.06	1.4814619e-05
19.10	1.6023714e-05
19.13	1.7331506e-05
19.16	1.8746051e-05
19.20	2.0276067e-05
19.23	2.1930984e-05
19.27	2.3721003e-05
19.30	2.5657156e-05
19.33	2.7751380e-05
19.37	3.0016587e-05
19.40	3.2466743e-05
19.44	3.5116959e-05
19.47	3.7983581e-05
19.51	4.1084290e-05
19.54	4.4438217e-05
19.57	4.8066058e-05
19.61	5.1990202e-05
19.64	5.6234873e-05
19.68	6.0826279e-05
19.71	6.5792774e-05
19.74	7.1165037e-05
19.78	7.6976263e-05
19.81	8.3262370e-05
19.85	9.0062221e-05
19.88	9.7417872e-05
19.91	1.0537483e-04
19.95	1.1398236e-04
19.98	1.2329374e-04
20.02	1.3336666e-04
20.05	1.4426356e-04
20.08	1.5605202e-04
20.12	1.6880519e-04
20.15	1.8260225e-04
20.19	1.9752894e-04
20.22	2.1367807e-04
20.25	2.3115014e-04
20.29	2.5005399e-04
20.32	2.7050746e-04
20.36	2.9263820e-04
20.39	3.1658450e-04
20.42	3.4249613e-04
20.46	3.7053540e-04
20.49	4.0087817e-04
20.53	4.3371505e-04
20.56	4.6925264e-04
20.60	5.0771494e-04
20.63	5.4934484e-04
20.66	5.9440578e-04
20.70	6.4318353e-04
20.73	6.9598822e-04
20.77	7.5315641e-04
20.80	8.1505352e-04
20.83	8.8207639e-04
20.87	9.5465616e-04
20.90	1.0332613e-03
20.94	1.1184013e-03
20.97	1.2106300e-03
21.00	1.3105503e-03
21.04	1.4188184e-03
21.07	1.5361490e-03
21.11	1.6633211e-03
21.14	1.8011841e-03
21.17	1.9506649e-03
21.21	2.1127755e-03
21.24	2.2886219e-03
21.28	2.4794136e-03
21.31	2.6864748e-03
21.34	2.9112560e-03
21.38	3.1553485e-03
21.41	3.4204992e-03
21.45	3.7086288e-03
21.48	4.0218513e-03
21.52	4.3624968e-03
21.55	4.7331377e-03
21.58	5.1366180e-03
21.62	5.5760876e-03
21.65	6.0550418e-03
21.69	6.5773667e-03
21.72	7.1473925e-03
21.75	7.7699553e-03
21.79	8.4504698e-03
21.82	9.1950147e-03
21.86	1.0010435e-02
21.89	1.0904461e-02
21.92	1.1885854e-02
21.96	1.2964584e-02
21.99	1.4152033e-02
22.03	1.5461261e-02
22.06	1.6907323e-02
22.09	1.8507660e-02
22.13	2.0282600e-02
22.16	2.2255984e-02
22.20	2.4455975e-02
22.23	2.6916109e-02
22.26	2.9676682e-02
22.30	3.2786646e-02
22.33	3.6306231e-02
22.37	4.0310829e-02
22.40	4.4897161e-02
22.43	5.0194303e-02
22.47	5.6385618e-02
22.50	6.3755252e-02
22.54	7.2786656e-02
22.57	8.4361076e-02
22.61	1.0012643e-01
22.64	1.2311805e-01
22.67	1.5869181e-01
22.71	2.1575735e-01
22.74	3.0816974e-01
22.78	4.5597745e-01
22.81	6.8608647e-01
22.84	1.0318552e+00
22.88	1.5312319e+00
22.91	2.2232957e+00
22.95	3.1434109e+00
22.98	4.3175637e+00
23.01	5.7567206e+00
23.05	7.4521477e+00
23.08	9.3725448e+00
23.12	1.1463590e+01
23.15	1.3650128e+01
23.18	1.5840858e+01
23.22	1.7935008e+01
23.25	1.9830251e+01
23.29	2.1430961e+01
23.32	2.2655918e+01
23.35	2.3444657e+01
23.39	2.3761869e+01
23.42	2.3599517e+01
23.46	2.2976625e+01
23.49	2.1936950e+01
23.53	2.0544993e+01
23.56	1.8880971e+01
23.59	1.7035477e+01
23.63	1.5104795e+01
23.66	1.3188479e+01
23.70	1.1393515e+01
23.73	9.8072220e+00
23.76	8.4329045e+00
23.80	7.2474867e+00
23.83	6.2269627e+00
23.87	5.3493367e+00
23.90	4.5951040e+00
23.93	3.9472014e+00
23.97	3.3908038e+00
24.00	2.9130828e+00
24.04	2.5029656e+00
24.07	2.1509111e+00
24.10	1.8487082e+00
24.14	1.5892963e+00
24.17	1.3666079e+00
24.21	1.1754320e+00
24.24	1.0112945e+00
24.27	8.7035525e-01
24.31	7.4931899e-01
24.34	6.4535857e-01
24.38	5.5604875e-01
24.41	4.7930930e-01
24.44	4.1335603e-01
24.48	3.5665878e-01
24.51	3.0790523e-01
24.55	2.6596995e-01
24.58	2.2988773e-01
24.62	1.9883080e-01
24.65	1.7208919e-01
24.68	1.4905393e-01
24.72	1.2920269e-01
24.75	1.1208735e-01
24.79	9.7323469e-02
24.82	8.4581184e-02
24.85	7.3577413e-02
24.89	6.4069197e-02
24.92	5.5847976e-02
24.96	4.8734688e-02
24.99	4.2575566e-02
25.02	3.7238536e-02
25.06	3.2610131e-02
25.09	2.8592846e-02
25.13	2.5102869e-02
25.16	2.2068135e-02
25.19	1.9426665e-02
25.23	1.7125131e-02
25.26	1.5117632e-02
25.30	1.3364648e-02
25.33	1.1832137e-02
25.36	1.0490758e-02
25.40	9.3152172e-03
25.43	8.2836929e-03
25.47	7.3773505e-03
25.50	6.5799242e-03
25.54	5.8773576e-03
25.57	5.2574959e-03
25.60	4.7098210e-03
25.64	4.2252247e-03
25.67	3.7958133e-03
25.71	3.4147401e-03
25.74	3.0760618e-03
25.77	2.7746139e-03
25.81	2.5059050e-03
25.84	2.2660249e-03
25.88	2.0515657e-03
25.91	1.8595545e-03
25.94	1.6873946e-03
25.98	1.5328151e-03
26.01	1.3938281e-03
26.05	1.2686910e-03
26.08	1.1558740e-03
26.11	1.0540328e-03
26.15	9.6198422e-04
26.18	8.7868552e-04
26.22	8.0321641e-04
26.25	7.3476353e-04
26.28	6.7260697e-04
26.32	6.1610859e-04
26.35	5.6470189e-04
26.39	5.1788325e-04
26.42	4.7520424e-04
26.45	4.3626501e-04
26.49	4.0070851e-04
26.52	3.6821539e-04
26.56	3.3849965e-04
26.59	3.1130478e-04
26.63	2.8640040e-04
26.66	2.6357928e-04
26.69	2.4265480e-04
26.73	2.2345866e-04
26.76	2.0583890e-04
26.80	1.8965812e-04
26.83	1.7479195e-04
26.86	1.6112769e-04
26.90	1.4856307e-04
26.93	1.3700524e-04
26.97	1.2636975e-04
27.00	1.1657976e-04
