# NeutrinoAntineutrinoInteraction/NeutrinoAntineutrinoResonanceNu interaction rates
# neutrino field: massive Cosmic Neutrino Background, T_CnuB = 1.94535456 K
# Produced with crpropa-data version: 60a1560e37035039ec25f414e0c42a2444bad49c
# log10(E/eV), 1/lambda [1/Mpc]
10.00	7.4586177e-23
10.03	8.0672686e-23
10.07	8.7255876e-23
10.10	9.4376270e-23
10.14	1.0207771e-22
10.17	1.1040762e-22
10.20	1.1941728e-22
10.24	1.2916216e-22
10.27	1.3970227e-22
10.31	1.5110247e-22
10.34	1.6343297e-22
10.37	1.7676968e-22
10.41	1.9119471e-22
10.44	2.0679687e-22
10.48	2.2367224e-22
10.51	2.4192472e-22
10.55	2.6166673e-22
10.58	2.8301974e-22
10.61	3.0611522e-22
10.65	3.3109536e-22
10.68	3.5811395e-22
10.72	3.8733734e-22
10.75	4.1894545e-22
10.78	4.5313289e-22
10.82	4.9011015e-22
10.85	5.3010491e-22
10.89	5.7336335e-22
10.92	6.2015182e-22
10.95	6.7075836e-22
10.99	7.2549459e-22
11.02	7.8469747e-22
11.06	8.4873157e-22
11.09	9.1799111e-22
11.12	9.9290272e-22
11.16	1.0739274e-21
11.19	1.1615640e-21
11.23	1.2563519e-21
11.26	1.3588748e-21
11.29	1.4697639e-21
11.33	1.5897019e-21
11.36	1.7194273e-21
11.40	1.8597387e-21
11.43	2.0115002e-21
11.46	2.1756459e-21
11.50	2.3531864e-21
11.53	2.5452148e-21
11.57	2.7529133e-21
11.60	2.9775607e-21
11.64	3.2205402e-21
11.67	3.4833479e-21
11.70	3.7676022e-21
11.74	4.0750533e-21
11.77	4.4075933e-21
11.81	4.7672694e-21
11.84	5.1562963e-21
11.87	5.5770688e-21
11.91	6.0321778e-21
11.94	6.5244250e-21
11.98	7.0568413e-21
12.01	7.6327048e-21
12.04	8.2555611e-21
12.08	8.9292439e-21
12.11	9.6579018e-21
12.15	1.0446020e-20
12.18	1.1298452e-20
12.21	1.2220445e-20
12.25	1.3217677e-20
12.28	1.4296287e-20
12.32	1.5462919e-20
12.35	1.6724753e-20
12.38	1.8089556e-20
12.42	1.9565730e-20
12.45	2.1162366e-20
12.49	2.2889291e-20
12.52	2.4757140e-20
12.56	2.6777410e-20
12.59	2.8962544e-20
12.62	3.1325993e-20
12.66	3.3882308e-20
12.69	3.6647225e-20
12.73	3.9637769e-20
12.76	4.2872350e-20
12.79	4.6370885e-20
12.83	5.0154914e-20
12.86	5.4247737e-20
12.90	5.8674559e-20
12.93	6.3462632e-20
12.96	6.8641425e-20
13.00	7.4242823e-20
13.03	8.0301312e-20
13.07	8.6854190e-20
13.10	9.3941805e-20
13.13	1.0160779e-19
13.17	1.0989935e-19
13.20	1.1886753e-19
13.24	1.2856755e-19
13.27	1.3905911e-19
13.30	1.5040682e-19
13.34	1.6268054e-19
13.37	1.7595584e-19
13.41	1.9031445e-19
13.44	2.0584479e-19
13.47	2.2264248e-19
13.51	2.4081098e-19
13.54	2.6046207e-19
13.58	2.8171676e-19
13.61	3.0470588e-19
13.65	3.2957100e-19
13.68	3.5646518e-19
13.71	3.8555402e-19
13.75	4.1701660e-19
13.78	4.5104667e-19
13.82	4.8785372e-19
13.85	5.2766435e-19
13.88	5.7072363e-19
13.92	6.1729671e-19
13.95	6.6767029e-19
13.99	7.2215455e-19
14.02	7.8108493e-19
14.05	8.4482430e-19
14.09	9.1376523e-19
14.12	9.8833202e-19
14.16	1.0689837e-18
14.19	1.1562167e-18
14.22	1.2505683e-18
14.26	1.3526192e-18
14.29	1.4629978e-18
14.33	1.5823836e-18
14.36	1.7115117e-18
14.39	1.8511772e-18
14.43	2.0022399e-18
14.46	2.1656298e-18
14.50	2.3423528e-18
14.53	2.5334969e-18
14.57	2.7402391e-18
14.60	2.9638521e-18
14.63	3.2057131e-18
14.67	3.4673111e-18
14.70	3.7502573e-18
14.74	4.0562925e-18
14.77	4.3873013e-18
14.80	4.7453212e-18
14.84	5.1325568e-18
14.87	5.5513918e-18
14.91	6.0044053e-18
14.94	6.4943862e-18
14.97	7.0243518e-18
15.01	7.5975644e-18
15.04	8.2175531e-18
15.08	8.8881346e-18
15.11	9.6134379e-18
15.14	1.0397928e-17
15.18	1.1246436e-17
15.21	1.2164185e-17
15.25	1.3156827e-17
15.28	1.4230476e-17
15.31	1.5391738e-17
15.35	1.6647762e-17
15.38	1.8006281e-17
15.42	1.9475660e-17
15.45	2.1064944e-17
15.48	2.2783919e-17
15.52	2.4643168e-17
15.55	2.6654139e-17
15.59	2.8829212e-17
15.62	3.1181779e-17
15.66	3.3726322e-17
15.69	3.6478508e-17
15.72	3.9455281e-17
15.76	4.2674970e-17
15.79	4.6157397e-17
15.83	4.9924007e-17
15.86	5.3997993e-17
15.89	5.8404440e-17
15.93	6.3170463e-17
15.96	6.8325410e-17
16.00	7.3901014e-17
16.03	7.9931607e-17
16.06	8.6454312e-17
16.10	9.3509295e-17
16.13	1.0113999e-16
16.17	1.0939338e-16
16.20	1.1832028e-16
16.23	1.2797564e-16
16.27	1.3841891e-16
16.30	1.4971438e-16
16.34	1.6193160e-16
16.37	1.7514579e-16
16.40	1.8943832e-16
16.44	2.0489719e-16
16.47	2.2161760e-16
16.51	2.3970245e-16
16.54	2.5926308e-16
16.58	2.8041992e-16
16.61	3.0330321e-16
16.64	3.2805385e-16
16.68	3.5482422e-16
16.71	3.8377914e-16
16.75	4.1509691e-16
16.78	4.4897031e-16
16.81	4.8560790e-16
16.85	5.2523521e-16
16.88	5.6809626e-16
16.92	6.1445489e-16
16.95	6.6459658e-16
16.98	7.1883001e-16
17.02	7.7748916e-16
17.05	8.4093525e-16
17.09	9.0955886e-16
17.12	9.8378232e-16
17.15	1.0640627e-15
17.19	1.1508941e-15
17.22	1.2448113e-15
17.26	1.3463924e-15
17.29	1.4562630e-15
17.32	1.5750993e-15
17.36	1.7036333e-15
17.39	1.8426561e-15
17.43	1.9930235e-15
17.46	2.1556615e-15
17.49	2.3315713e-15
17.53	2.5218359e-15
17.56	2.7276269e-15
17.60	2.9502113e-15
17.63	3.1909599e-15
17.67	3.4513552e-15
17.70	3.7329995e-15
17.73	4.0376269e-15
17.77	4.3671128e-15
17.80	4.7234859e-15
17.84	5.1089402e-15
17.87	5.5258490e-15
17.90	5.9767791e-15
17.94	6.4645072e-15
17.97	6.9920357e-15
18.01	7.5626126e-15
18.04	8.1797504e-15
18.07	8.8472494e-15
18.11	9.5692186e-15
18.14	1.0350104e-14
18.18	1.1194713e-14
18.21	1.2108247e-14
18.24	1.3096332e-14
18.28	1.4165050e-14
18.31	1.5320979e-14
18.35	1.6571238e-14
18.38	1.7923522e-14
18.41	1.9386159e-14
18.45	2.0968153e-14
18.48	2.2679247e-14
18.52	2.4529975e-14
18.55	2.6531734e-14
18.59	2.8696846e-14
18.62	3.1038644e-14
18.65	3.3571544e-14
18.69	3.6311145e-14
18.72	3.9274313e-14
18.76	4.2479297e-14
18.79	4.5945831e-14
18.82	4.9695267e-14
18.86	5.3750691e-14
18.89	5.8137065e-14
18.93	6.2881399e-14
18.96	6.8012907e-14
18.99	7.3563188e-14
19.03	7.9566417e-14
19.06	8.6059567e-14
19.10	9.3082620e-14
19.13	1.0067884e-13
19.16	1.0889498e-13
19.20	1.1778166e-13
19.23	1.2739359e-13
19.27	1.3778998e-13
19.30	1.4903486e-13
19.33	1.6119749e-13
19.37	1.7435278e-13
19.40	1.8858179e-13
19.44	2.0397218e-13
19.47	2.2061871e-13
19.51	2.3862391e-13
19.54	2.5809872e-13
19.57	2.7916310e-13
19.61	3.0194684e-13
19.64	3.2659032e-13
19.68	3.5324540e-13
19.71	3.8207634e-13
19.74	4.1326084e-13
19.78	4.4699104e-13
19.81	4.8347486e-13
19.85	5.2293719e-13
19.88	5.6562133e-13
19.91	6.1179044e-13
19.95	6.6172924e-13
19.98	7.1574574e-13
20.02	7.7417323e-13
20.05	8.3737204e-13
20.08	9.0573200e-13
20.12	9.7967497e-13
20.15	1.0596573e-12
20.19	1.1461728e-12
20.22	1.2397555e-12
20.25	1.3409837e-12
20.29	1.4504825e-12
20.32	1.5689287e-12
20.36	1.6970544e-12
20.39	1.8356519e-12
20.42	1.9855782e-12
20.46	2.1477613e-12
20.49	2.3232051e-12
20.53	2.5129962e-12
20.56	2.7183106e-12
20.60	2.9404216e-12
20.63	3.1807068e-12
20.66	3.4406572e-12
20.70	3.7218869e-12
20.73	4.0261441e-12
20.77	4.3553208e-12
20.80	4.7114666e-12
20.83	5.0968001e-12
20.87	5.5137248e-12
20.90	5.9648437e-12
20.94	6.4529766e-12
20.97	6.9811774e-12
21.00	7.5527562e-12
21.04	8.1712994e-12
21.07	8.8406949e-12
21.11	9.5651565e-12
21.14	1.0349254e-11
21.17	1.1197942e-11
21.21	1.2116596e-11
21.24	1.3111046e-11
21.28	1.4187616e-11
21.31	1.5353176e-11
21.34	1.6615180e-11
21.38	1.7981728e-11
21.41	1.9461619e-11
21.45	2.1064416e-11
21.48	2.2800517e-11
21.52	2.4681233e-11
21.55	2.6718869e-11
21.58	2.8926826e-11
21.62	3.1319698e-11
21.65	3.3913397e-11
21.69	3.6725270e-11
21.72	3.9774255e-11
21.75	4.3081028e-11
21.79	4.6668195e-11
21.82	5.0560468e-11
21.86	5.4784900e-11
21.89	5.9371135e-11
21.92	6.4351697e-11
21.96	6.9762289e-11
21.99	7.5642171e-11
22.03	8.2034543e-11
22.06	8.8987033e-11
22.09	9.6552197e-11
22.13	1.0478814e-10
22.16	1.1375916e-10
22.20	1.2353664e-10
22.23	1.3419984e-10
22.26	1.4583706e-10
22.30	1.5854680e-10
22.33	1.7243924e-10
22.37	1.8763793e-10
22.40	2.0428172e-10
22.43	2.2252708e-10
22.47	2.4255093e-10
22.50	2.6455394e-10
22.54	2.8876445e-10
22.57	3.1544327e-10
22.61	3.4488938e-10
22.64	3.7744699e-10
22.67	4.1351410e-10
22.71	4.5355309e-10
22.74	4.9810377e-10
22.78	5.4779991e-10
22.81	6.0338980e-10
22.84	6.6576260e-10
22.88	7.3598187e-10
22.91	8.1532928e-10
22.95	9.0536138e-10
22.98	1.0079853e-09
23.01	1.1255592e-09
23.05	1.2610298e-09
23.08	1.4181212e-09
23.12	1.6016007e-09
23.15	1.8176568e-09
23.18	2.0744521e-09
23.22	2.3829486e-09
23.25	2.7581739e-09
23.29	3.2212249e-09
23.32	3.8025561e-09
23.35	4.5476102e-09
23.39	5.5269689e-09
23.42	6.8558393e-09
23.46	8.7345817e-09
23.49	1.1542389e-08
23.53	1.6089212e-08
23.56	2.4482884e-08
23.59	4.4622365e-08
23.63	1.2364381e-07
23.66	4.9344096e-07
23.70	8.4350292e-07
23.73	7.8694891e-07
23.76	6.9327474e-07
23.80	6.0270794e-07
23.83	5.2119113e-07
23.87	4.4948031e-07
23.90	3.8702745e-07
23.93	3.3292317e-07
23.97	2.8619602e-07
24.00	2.4591891e-07
24.04	2.1124687e-07
24.07	1.8142703e-07
24.10	1.5579706e-07
24.14	1.3377871e-07
24.17	1.1486972e-07
24.21	9.8635127e-08
24.24	8.4699295e-08
24.27	7.2738301e-08
24.31	6.2473200e-08
24.34	5.3663979e-08
24.38	4.6104301e-08
24.41	3.9616863e-08
24.44	3.4049399e-08
24.48	2.9271176e-08
24.51	2.5169989e-08
24.55	2.1649559e-08
24.58	1.8627288e-08
24.62	1.6032325e-08
24.65	1.3803902e-08
24.68	1.1889903e-08
24.72	1.0245638e-08
24.75	8.8327856e-09
24.79	7.6184834e-09
24.82	6.5745524e-09
24.85	5.6768315e-09
24.89	4.9046034e-09
24.92	4.2401018e-09
24.96	3.6680918e-09
24.99	3.1755073e-09
25.02	2.7511421e-09
25.06	2.3853840e-09
25.09	2.0699876e-09
25.13	1.7978784e-09
25.16	1.5629868e-09
25.19	1.3601040e-09
25.23	1.1847593e-09
25.26	1.0331150e-09
25.30	9.0187593e-10
25.33	7.8821243e-10
25.36	6.8969397e-10
25.40	6.0423194e-10
25.43	5.3003171e-10
25.47	4.6555048e-10
25.50	4.0946169e-10
25.54	3.6062419e-10
25.57	3.1805612e-10
25.60	2.8091219e-10
25.64	2.4846459e-10
25.67	2.2008619e-10
25.71	1.9523650e-10
25.74	1.7344941e-10
25.77	1.5432277e-10
25.81	1.3750942e-10
25.84	1.2270947e-10
25.88	1.0966372e-10
25.91	9.8147968e-11
25.94	8.7968175e-11
25.98	7.8956236e-11
26.01	7.0966428e-11
26.05	6.3872331e-11
26.08	5.7564168e-11
26.11	5.1946520e-11
26.15	4.6936376e-11
26.18	4.2461434e-11
26.22	3.8458669e-11
26.25	3.4873066e-11
26.28	3.1656559e-11
26.32	2.8767092e-11
26.35	2.6167838e-11
26.39	2.3826494e-11
26.42	2.1714697e-11
26.45	1.9807504e-11
26.49	1.8082956e-11
26.52	1.6521688e-11
26.56	1.5106604e-11
26.59	1.3822578e-11
26.63	1.2656222e-11
26.66	1.1595661e-11
26.69	1.0630348e-11
26.73	9.7509023e-12
26.76	8.9489664e-12
26.80	8.2170841e-12
26.83	7.5485948e-12
26.86	6.9375366e-12
26.90	6.3785683e-12
26.93	5.8668966e-12
26.97	5.3982148e-12
27.00	4.9686474e-12
