# NeutrinoAntineutrinoInteraction/NeutrinoAntineutrinoResonanceNu interaction rates
# neutrino field: massive Cosmic Neutrino Background, T_CnuB = 1.94535456 K
# Produced with crpropa-data version: 60a1560e37035039ec25f414e0c42a2444bad49c
# log10(E/eV), 1/lambda [1/Mpc]
10.00	1.0670229e-15
10.03	1.1540959e-15
10.07	1.2482743e-15
10.10	1.3501380e-15
10.14	1.4603141e-15
10.17	1.5794811e-15
10.20	1.7083724e-15
10.24	1.8477818e-15
10.27	1.9985675e-15
10.31	2.1616578e-15
10.34	2.3380569e-15
10.37	2.5288508e-15
10.41	2.7352142e-15
10.44	2.9584175e-15
10.48	3.1998351e-15
10.51	3.4609534e-15
10.55	3.7433798e-15
10.58	4.0488533e-15
10.61	4.3792545e-15
10.65	4.7366176e-15
10.68	5.1231428e-15
10.72	5.5412098e-15
10.75	5.9933926e-15
10.78	6.4824751e-15
10.82	7.0114687e-15
10.85	7.5836299e-15
10.89	8.2024816e-15
10.92	8.8718338e-15
10.95	9.5958075e-15
10.99	1.0378860e-14
11.02	1.1225813e-14
11.06	1.2141880e-14
11.09	1.3132701e-14
11.12	1.4204378e-14
11.16	1.5363507e-14
11.19	1.6617225e-14
11.23	1.7973252e-14
11.26	1.9439934e-14
11.29	2.1026303e-14
11.33	2.2742126e-14
11.36	2.4597966e-14
11.40	2.6605249e-14
11.43	2.8776333e-14
11.46	3.1124586e-14
11.50	3.3664465e-14
11.53	3.6411607e-14
11.57	3.9382926e-14
11.60	4.2596715e-14
11.64	4.6072760e-14
11.67	4.9832465e-14
11.70	5.3898977e-14
11.74	5.8297331e-14
11.77	6.3054605e-14
11.81	6.8200091e-14
11.84	7.3765466e-14
11.87	7.9784996e-14
11.91	8.6295741e-14
11.94	9.3337786e-14
11.98	1.0095449e-13
12.01	1.0919274e-13
12.04	1.1810326e-13
12.08	1.2774092e-13
12.11	1.3816504e-13
12.15	1.4943981e-13
12.18	1.6163464e-13
12.21	1.7482461e-13
12.25	1.8909093e-13
12.28	2.0452144e-13
12.32	2.2121114e-13
12.35	2.3926278e-13
12.38	2.5878749e-13
12.42	2.7990549e-13
12.45	3.0274680e-13
12.49	3.2745203e-13
12.52	3.5417331e-13
12.56	3.8307513e-13
12.59	4.1433545e-13
12.62	4.4814672e-13
12.66	4.8471712e-13
12.69	5.2427179e-13
12.73	5.6705426e-13
12.76	6.1332793e-13
12.79	6.6337771e-13
12.83	7.1751173e-13
12.86	7.7606329e-13
12.90	8.3939290e-13
12.93	9.0789044e-13
12.96	9.8197760e-13
13.00	1.0621106e-12
13.03	1.1487826e-12
13.07	1.2425275e-12
13.10	1.3439222e-12
13.13	1.4535911e-12
13.17	1.5722094e-12
13.20	1.7005074e-12
13.24	1.8392750e-12
13.27	1.9893665e-12
13.30	2.1517060e-12
13.34	2.3272930e-12
13.37	2.5172085e-12
13.41	2.7226219e-12
13.44	2.9447977e-12
13.47	3.1851040e-12
13.51	3.4450201e-12
13.54	3.7261464e-12
13.58	4.0302135e-12
13.61	4.3590936e-12
13.65	4.7148114e-12
13.68	5.0995571e-12
13.71	5.5156995e-12
13.75	5.9658005e-12
13.78	6.4526315e-12
13.82	6.9791896e-12
13.85	7.5487167e-12
13.88	8.1647192e-12
13.92	8.8309898e-12
13.95	9.5516304e-12
13.99	1.0331078e-11
14.02	1.1174131e-11
14.05	1.2085981e-11
14.09	1.3072242e-11
14.12	1.4138984e-11
14.16	1.5292777e-11
14.19	1.6540723e-11
14.22	1.7890506e-11
14.26	1.9350437e-11
14.29	2.0929502e-11
14.33	2.2637426e-11
14.36	2.4484722e-11
14.39	2.6482764e-11
14.43	2.8643853e-11
14.46	3.0981296e-11
14.50	3.3509481e-11
14.53	3.6243976e-11
14.57	3.9201616e-11
14.60	4.2400610e-11
14.63	4.5860654e-11
14.67	4.9603051e-11
14.70	5.3650842e-11
14.74	5.8028947e-11
14.77	6.2764320e-11
14.80	6.7886117e-11
14.84	7.3425870e-11
14.87	7.9417688e-11
14.91	8.5898459e-11
14.94	9.2908084e-11
14.97	1.0048972e-10
15.01	1.0869005e-10
15.04	1.1755955e-10
15.08	1.2715283e-10
15.11	1.3752896e-10
15.14	1.4875182e-10
15.18	1.6089051e-10
15.21	1.7401976e-10
15.25	1.8822040e-10
15.28	2.0357988e-10
15.31	2.2019274e-10
15.35	2.3816127e-10
15.38	2.5759610e-10
15.42	2.7861688e-10
15.45	3.0135303e-10
15.48	3.2594453e-10
15.52	3.5254278e-10
15.55	3.8131156e-10
15.59	4.1242797e-10
15.62	4.4608359e-10
15.66	4.8248563e-10
15.69	5.2185820e-10
15.72	5.6444373e-10
15.76	6.1050438e-10
15.79	6.6032376e-10
15.83	7.1420859e-10
15.86	7.7249064e-10
15.89	8.3552871e-10
15.93	9.0371091e-10
15.96	9.7745703e-10
16.00	1.0572211e-09
16.03	1.1434942e-09
16.06	1.2368075e-09
16.10	1.3377355e-09
16.13	1.4468996e-09
16.17	1.5649719e-09
16.20	1.6926793e-09
16.23	1.8308081e-09
16.27	1.9802087e-09
16.30	2.1418009e-09
16.34	2.3165797e-09
16.37	2.5056210e-09
16.40	2.7100889e-09
16.44	2.9312422e-09
16.47	3.1704424e-09
16.51	3.4291623e-09
16.54	3.7089946e-09
16.58	4.0116623e-09
16.61	4.3390288e-09
16.64	4.6931096e-09
16.68	5.0760847e-09
16.71	5.4903120e-09
16.75	5.9383419e-09
16.78	6.4229328e-09
16.81	6.9470681e-09
16.85	7.5139748e-09
16.88	8.1271432e-09
16.92	8.7903486e-09
16.95	9.5076742e-09
16.98	1.0283536e-08
17.02	1.1122712e-08
17.05	1.2030368e-08
17.09	1.3012093e-08
17.12	1.4073930e-08
17.15	1.5222417e-08
17.19	1.6464626e-08
17.22	1.7808204e-08
17.26	1.9261423e-08
17.29	2.0833231e-08
17.32	2.2533305e-08
17.36	2.4372113e-08
17.39	2.6360976e-08
17.43	2.8512139e-08
17.46	3.0838846e-08
17.49	3.3355423e-08
17.53	3.6077365e-08
17.56	3.9021430e-08
17.60	4.2205746e-08
17.63	4.5649920e-08
17.67	4.9375155e-08
17.70	5.3404389e-08
17.73	5.7762430e-08
17.77	6.2476111e-08
17.80	6.7574454e-08
17.84	7.3088851e-08
17.87	7.9053256e-08
17.90	8.5504394e-08
17.94	9.2481986e-08
17.97	1.0002900e-07
18.01	1.0819189e-07
18.04	1.1702094e-07
18.07	1.2657050e-07
18.11	1.3689938e-07
18.14	1.4807119e-07
18.18	1.6015470e-07
18.21	1.7322434e-07
18.24	1.8736059e-07
18.28	2.0265049e-07
18.31	2.1918820e-07
18.35	2.3707557e-07
18.38	2.5642274e-07
18.41	2.7734888e-07
18.45	2.9998285e-07
18.48	3.2446405e-07
18.52	3.5094327e-07
18.55	3.7958359e-07
18.59	4.1056141e-07
18.62	4.4406754e-07
18.65	4.8030838e-07
18.69	5.1950717e-07
18.72	5.6190538e-07
18.76	6.0776422e-07
18.79	6.5736621e-07
18.82	7.1101699e-07
18.86	7.6904710e-07
18.89	8.3181412e-07
18.93	8.9970484e-07
18.96	9.7313767e-07
18.99	1.0525652e-06
19.03	1.1384770e-06
19.06	1.2314027e-06
19.10	1.3319152e-06
19.13	1.4406342e-06
19.16	1.5582302e-06
19.20	1.6854283e-06
19.23	1.8230133e-06
19.27	1.9718338e-06
19.30	2.1328081e-06
19.33	2.3069296e-06
19.37	2.4952732e-06
19.40	2.6990015e-06
19.44	2.9193727e-06
19.47	3.1577479e-06
19.51	3.4155997e-06
19.54	3.6945217e-06
19.57	3.9962381e-06
19.61	4.3226148e-06
19.64	4.6756707e-06
19.68	5.0575908e-06
19.71	5.4707397e-06
19.74	5.9176762e-06
19.78	6.4011702e-06
19.81	6.9242193e-06
19.85	7.4900685e-06
19.88	8.1022305e-06
19.91	8.7645079e-06
19.95	9.4810178e-06
19.98	1.0256218e-05
20.02	1.1094935e-05
20.05	1.2002396e-05
20.08	1.2984262e-05
20.12	1.4046665e-05
20.15	1.5196247e-05
20.19	1.6440206e-05
20.22	1.7786338e-05
20.25	1.9243095e-05
20.29	2.0819636e-05
20.32	2.2525892e-05
20.36	2.4372629e-05
20.39	2.6371523e-05
20.42	2.8535240e-05
20.46	3.0877521e-05
20.49	3.3413281e-05
20.53	3.6158709e-05
20.56	3.9131383e-05
20.60	4.2350399e-05
20.63	4.5836505e-05
20.66	4.9612250e-05
20.70	5.3702158e-05
20.73	5.8132907e-05
20.77	6.2933531e-05
20.80	6.8135647e-05
20.83	7.3773699e-05
20.87	7.9885237e-05
20.90	8.6511219e-05
20.94	9.3696351e-05
20.97	1.0148946e-04
21.00	1.0994394e-04
21.04	1.1911817e-04
21.07	1.2907611e-04
21.11	1.3988786e-04
21.14	1.5163031e-04
21.17	1.6438794e-04
21.21	1.7825365e-04
21.24	1.9332971e-04
21.28	2.0972891e-04
21.31	2.2757577e-04
21.34	2.4700803e-04
21.38	2.6817825e-04
21.41	2.9125574e-04
21.45	3.1642877e-04
21.48	3.4390711e-04
21.52	3.7392496e-04
21.55	4.0674447e-04
21.58	4.4265975e-04
21.62	4.8200170e-04
21.65	5.2514365e-04
21.69	5.7250806e-04
21.72	6.2457455e-04
21.75	6.8188954e-04
21.79	7.4507785e-04
21.82	8.1485671e-04
21.86	8.9205301e-04
21.89	9.7762429e-04
21.92	1.0726848e-03
21.96	1.1785380e-03
21.99	1.2967169e-03
22.03	1.4290356e-03
22.06	1.5776547e-03
22.09	1.7451652e-03
22.13	1.9346984e-03
22.16	2.1500695e-03
22.20	2.3959691e-03
22.23	2.6782213e-03
22.26	3.0041366e-03
22.30	3.3830031e-03
22.33	3.8267809e-03
22.37	4.3511062e-03
22.40	4.9767757e-03
22.43	5.7319998e-03
22.47	6.6559322e-03
22.50	7.8044051e-03
22.54	9.2596857e-03
22.57	1.1148108e-02
22.61	1.3674847e-02
22.64	1.7202111e-02
22.67	2.2458353e-02
22.71	3.1200038e-02
22.74	4.8506089e-02
22.78	9.0615829e-02
22.81	2.0816062e-01
22.84	5.3058386e-01
22.88	1.2145951e+00
22.91	1.8377391e+00
22.95	1.7686488e+00
22.98	1.5608153e+00
23.01	1.3571146e+00
23.05	1.1735166e+00
23.08	1.0119929e+00
23.12	8.7133847e-01
23.15	7.4950198e-01
23.18	6.4428892e-01
23.22	5.5360652e-01
23.25	4.7554863e-01
23.29	4.0841779e-01
23.32	3.5072130e-01
23.35	3.0115639e-01
23.39	2.5859160e-01
23.42	2.2204749e-01
23.46	1.9067818e-01
23.49	1.6375433e-01
23.53	1.4064791e-01
23.56	1.2081858e-01
23.59	1.0380184e-01
23.63	8.9198569e-02
23.66	7.6666013e-02
23.70	6.5909908e-02
23.73	5.6677702e-02
23.76	4.8752688e-02
23.80	4.1948955e-02
23.83	3.6107031e-02
23.87	3.1090143e-02
23.90	2.6780993e-02
23.93	2.3078992e-02
23.97	1.9897888e-02
24.00	1.7163718e-02
24.04	1.4813064e-02
24.07	1.2791544e-02
24.10	1.1052526e-02
24.14	9.5560241e-03
24.17	8.2677446e-03
24.21	7.1582780e-03
24.24	6.2024004e-03
24.27	5.3784759e-03
24.31	4.6679439e-03
24.34	4.0548809e-03
24.38	3.5256235e-03
24.41	3.0684462e-03
24.44	2.6732848e-03
24.48	2.3314996e-03
24.51	2.0356725e-03
24.55	1.7794327e-03
24.58	1.5573079e-03
24.62	1.3645961e-03
24.65	1.1972564e-03
24.68	1.0518149e-03
24.72	9.2528429e-04
24.75	8.1509481e-04
24.79	7.1903509e-04
24.82	6.3520145e-04
24.85	5.6195447e-04
24.89	4.9788164e-04
24.92	4.4176541e-04
24.96	3.9255571e-04
24.99	3.4934649e-04
25.02	3.1135550e-04
25.06	2.7790695e-04
25.09	2.4841667e-04
25.13	2.2237935e-04
25.16	1.9935756e-04
25.19	1.7897237e-04
25.23	1.6089522e-04
25.26	1.4484105e-04
25.30	1.3056227e-04
25.33	1.1784364e-04
25.36	1.0649789e-04
25.40	9.6361883e-05
25.43	8.7293376e-05
25.47	7.9168205e-05
25.50	7.1877858e-05
25.54	6.5327387e-05
25.57	5.9433617e-05
25.60	5.4123586e-05
25.64	4.9333213e-05
25.67	4.5006137e-05
25.71	4.1092724e-05
25.74	3.7549197e-05
25.77	3.4336894e-05
25.81	3.1421621e-05
25.84	2.8773088e-05
25.88	2.6364428e-05
25.91	2.4171771e-05
25.94	2.2173881e-05
25.98	2.0351833e-05
26.01	1.8688744e-05
26.05	1.7169522e-05
26.08	1.5780662e-05
26.11	1.4510060e-05
26.15	1.3346853e-05
26.18	1.2281275e-05
26.22	1.1304538e-05
26.25	1.0408722e-05
26.28	9.5866804e-06
26.32	8.8319543e-06
26.35	8.1387021e-06
26.39	7.5016324e-06
26.42	6.9159475e-06
26.45	6.3772919e-06
26.49	5.8817081e-06
26.52	5.4255958e-06
26.56	5.0056770e-06
26.59	4.6189641e-06
26.63	4.2627321e-06
26.66	3.9344933e-06
26.69	3.6319747e-06
26.73	3.3530980e-06
26.76	3.0959617e-06
26.80	2.8588246e-06
26.83	2.6400915e-06
26.86	2.4382999e-06
26.90	2.2521084e-06
26.93	2.0802859e-06
26.97	1.9217019e-06
27.00	1.7753180e-06
