# NeutrinoAntineutrinoInteraction/NeutrinoAntineutrinoResonanceNu interaction rates
# neutrino field: massive Cosmic Neutrino Background, T_CnuB = 1.94535456 K
# Produced with crpropa-data version: 60a1560e37035039ec25f414e0c42a2444bad49c
# log10(E/eV), 1/lambda [1/Mpc]
10.00	6.1593630e-12
10.03	6.6619893e-12
10.07	7.2056318e-12
10.10	7.7936376e-12
10.14	8.4296267e-12
10.17	9.1175148e-12
10.20	9.8615371e-12
10.24	1.0666274e-11
10.27	1.1536681e-11
10.31	1.2478116e-11
10.34	1.3496376e-11
10.37	1.4597729e-11
10.41	1.5788957e-11
10.44	1.7077393e-11
10.48	1.8470970e-11
10.51	1.9978268e-11
10.55	2.1608568e-11
10.58	2.3371905e-11
10.61	2.5279137e-11
10.65	2.7342007e-11
10.68	2.9573214e-11
10.72	3.1986495e-11
10.75	3.4596709e-11
10.78	3.7419927e-11
10.82	4.0473528e-11
10.85	4.3776315e-11
10.89	4.7348622e-11
10.92	5.1212441e-11
10.95	5.5391562e-11
10.99	5.9911715e-11
11.02	6.4800728e-11
11.06	7.0088703e-11
11.09	7.5808195e-11
11.12	8.1994419e-11
11.16	8.8685461e-11
11.19	9.5922517e-11
11.23	1.0375014e-10
11.26	1.1221653e-10
11.29	1.2137381e-10
11.33	1.3127835e-10
11.36	1.4199114e-10
11.40	1.5357813e-10
11.43	1.6611067e-10
11.46	1.7966590e-10
11.50	1.9432729e-10
11.53	2.1018510e-10
11.57	2.2733697e-10
11.60	2.4588849e-10
11.64	2.6595388e-10
11.67	2.8765669e-10
11.70	3.1113052e-10
11.74	3.3651990e-10
11.77	3.6398114e-10
11.81	3.9368332e-10
11.84	4.2580931e-10
11.87	4.6055690e-10
11.91	4.9814001e-10
11.94	5.3879005e-10
11.98	5.8275727e-10
12.01	6.3031238e-10
12.04	6.8174816e-10
12.08	7.3738128e-10
12.11	7.9755427e-10
12.15	8.6263760e-10
12.18	9.3303196e-10
12.21	1.0091708e-09
12.25	1.0915227e-09
12.28	1.1805950e-09
12.32	1.2769358e-09
12.35	1.3811384e-09
12.38	1.4938443e-09
12.42	1.6157474e-09
12.45	1.7475983e-09
12.49	1.8902086e-09
12.52	2.0444565e-09
12.56	2.2112916e-09
12.59	2.3917410e-09
12.62	2.5869158e-09
12.66	2.7980175e-09
12.69	3.0263459e-09
12.73	3.2733067e-09
12.76	3.5404204e-09
12.79	3.8293316e-09
12.83	4.1418189e-09
12.86	4.4798064e-09
12.90	4.8453748e-09
12.93	5.2407750e-09
12.96	5.6684413e-09
13.00	6.1310067e-09
13.03	6.6313191e-09
13.07	7.1724588e-09
13.10	7.7577575e-09
13.13	8.3908186e-09
13.17	9.0755399e-09
13.20	9.8161369e-09
13.24	1.0617169e-08
13.27	1.1483569e-08
13.30	1.2420670e-08
13.34	1.3434242e-08
13.37	1.4530524e-08
13.41	1.5716268e-08
13.44	1.6998772e-08
13.47	1.8385934e-08
13.51	1.9886293e-08
13.54	2.1509087e-08
13.58	2.3264306e-08
13.61	2.5162758e-08
13.65	2.7216130e-08
13.68	2.9437066e-08
13.71	3.1839237e-08
13.75	3.4437434e-08
13.78	3.7247654e-08
13.82	4.0287198e-08
13.85	4.3574779e-08
13.88	4.7130640e-08
13.92	5.0976671e-08
13.95	5.5136552e-08
13.99	5.9635895e-08
14.02	6.4502401e-08
14.05	6.9766031e-08
14.09	7.5459192e-08
14.12	8.1616936e-08
14.16	8.8277174e-08
14.19	9.5480912e-08
14.22	1.0327250e-07
14.26	1.1169991e-07
14.29	1.2081503e-07
14.33	1.3067398e-07
14.36	1.4133745e-07
14.39	1.5287110e-07
14.43	1.6534593e-07
14.46	1.7883876e-07
14.50	1.9343265e-07
14.53	2.0921746e-07
14.57	2.2629036e-07
14.60	2.4475648e-07
14.63	2.6472950e-07
14.67	2.8633239e-07
14.70	3.0969815e-07
14.74	3.3497064e-07
14.77	3.6230546e-07
14.80	3.9187090e-07
14.84	4.2384899e-07
14.87	4.5843661e-07
14.91	4.9584670e-07
14.94	5.3630959e-07
14.97	5.8007440e-07
15.01	6.2741058e-07
15.04	6.7860957e-07
15.08	7.3398657e-07
15.11	7.9388254e-07
15.14	8.5866624e-07
15.18	9.2873653e-07
15.21	1.0045248e-06
15.25	1.0864977e-06
15.28	1.1751598e-06
15.31	1.2710572e-06
15.35	1.3747800e-06
15.38	1.4869671e-06
15.42	1.6083090e-06
15.45	1.7395529e-06
15.48	1.8815067e-06
15.52	2.0350445e-06
15.55	2.2011115e-06
15.59	2.3807302e-06
15.62	2.5750065e-06
15.66	2.7851364e-06
15.69	3.0124137e-06
15.72	3.2582376e-06
15.76	3.5241216e-06
15.79	3.8117028e-06
15.83	4.1227516e-06
15.86	4.4591832e-06
15.89	4.8230688e-06
15.93	5.2166488e-06
15.96	5.6423464e-06
16.00	6.1027825e-06
16.03	6.6007918e-06
16.06	7.1394406e-06
16.10	7.7220450e-06
16.13	8.3521922e-06
16.17	9.0337616e-06
16.20	9.7709497e-06
16.23	1.0568295e-05
16.27	1.1430707e-05
16.30	1.2363494e-05
16.34	1.3372401e-05
16.37	1.4463638e-05
16.40	1.5643924e-05
16.44	1.6920526e-05
16.47	1.8301303e-05
16.51	1.9794757e-05
16.54	2.1410083e-05
16.58	2.3157225e-05
16.61	2.5046941e-05
16.64	2.7090864e-05
16.68	2.9301580e-05
16.71	3.1692698e-05
16.75	3.4278941e-05
16.78	3.7076232e-05
16.81	4.0101792e-05
16.85	4.3374250e-05
16.88	4.6913753e-05
16.92	5.0742093e-05
16.95	5.4882842e-05
16.98	5.9361492e-05
17.02	6.4205618e-05
17.05	6.9445045e-05
17.09	7.5112031e-05
17.12	8.1241466e-05
17.15	8.7871089e-05
17.19	9.5041717e-05
17.22	1.0279750e-04
17.26	1.1118619e-04
17.29	1.2025943e-04
17.32	1.3007309e-04
17.36	1.4068759e-04
17.39	1.5216828e-04
17.43	1.6458585e-04
17.46	1.7801675e-04
17.49	1.9254368e-04
17.53	2.0825608e-04
17.56	2.2525069e-04
17.60	2.4363215e-04
17.63	2.6351364e-04
17.67	2.8501757e-04
17.70	3.0827634e-04
17.73	3.3343315e-04
17.77	3.6064292e-04
17.80	3.9007317e-04
17.84	4.2190512e-04
17.87	4.5633476e-04
17.90	4.9357411e-04
17.94	5.3385244e-04
17.97	5.7741779e-04
18.01	6.2453841e-04
18.04	6.7550445e-04
18.07	7.3062975e-04
18.11	7.9025376e-04
18.14	8.5474363e-04
18.18	9.2449651e-04
18.21	9.9994194e-04
18.24	1.0815445e-03
18.28	1.1698068e-03
18.31	1.2652723e-03
18.35	1.3685290e-03
18.38	1.4802129e-03
18.41	1.6010117e-03
18.45	1.7316695e-03
18.48	1.8729911e-03
18.52	2.0258469e-03
18.55	2.1911785e-03
18.59	2.3700043e-03
18.62	2.5634260e-03
18.65	2.7726351e-03
18.69	2.9989205e-03
18.72	3.2436765e-03
18.76	3.5084111e-03
18.79	3.7947556e-03
18.82	4.1044745e-03
18.86	4.4394766e-03
18.89	4.8018267e-03
18.93	5.1937582e-03
18.96	5.6176873e-03
18.99	6.0762273e-03
19.03	6.5722057e-03
19.06	7.1086808e-03
19.10	7.6889613e-03
19.13	8.3166265e-03
19.16	8.9955485e-03
19.20	9.7299163e-03
19.23	1.0524262e-02
19.27	1.1383488e-02
19.30	1.2312900e-02
19.33	1.3318237e-02
19.37	1.4405707e-02
19.40	1.5582030e-02
19.44	1.6854476e-02
19.47	1.8230910e-02
19.51	1.9719844e-02
19.54	2.1330489e-02
19.57	2.3072813e-02
19.61	2.4957601e-02
19.64	2.6996529e-02
19.68	2.9202231e-02
19.71	3.1588384e-02
19.74	3.4169791e-02
19.78	3.6962476e-02
19.81	3.9983787e-02
19.85	4.3252505e-02
19.88	4.6788965e-02
19.91	5.0615188e-02
19.95	5.4755020e-02
19.98	5.9234285e-02
20.02	6.4080958e-02
20.05	6.9325341e-02
20.08	7.5000265e-02
20.12	8.1141304e-02
20.15	8.7787012e-02
20.19	9.4979173e-02
20.22	1.0276309e-01
20.25	1.1118788e-01
20.29	1.2030681e-01
20.32	1.3017767e-01
20.36	1.4086314e-01
20.39	1.5243127e-01
20.42	1.6495592e-01
20.46	1.7851729e-01
20.49	1.9320250e-01
20.53	2.0910622e-01
20.56	2.2633134e-01
20.60	2.4498977e-01
20.63	2.6520324e-01
20.66	2.8710425e-01
20.70	3.1083711e-01
20.73	3.3655902e-01
20.77	3.6444138e-01
20.80	3.9467119e-01
20.83	4.2745257e-01
20.87	4.6300852e-01
20.90	5.0158284e-01
20.94	5.4344236e-01
20.97	5.8887931e-01
21.00	6.3821411e-01
21.04	6.9179842e-01
21.07	7.5001873e-01
21.11	8.1330023e-01
21.14	8.8211141e-01
21.17	9.5696917e-01
21.21	1.0384448e+00
21.24	1.1271705e+00
21.28	1.2238478e+00
21.31	1.3292560e+00
21.34	1.4442628e+00
21.38	1.5698371e+00
21.41	1.7070626e+00
21.45	1.8571557e+00
21.48	2.0214847e+00
21.52	2.2015944e+00
21.55	2.3992345e+00
21.58	2.6163943e+00
21.62	2.8553445e+00
21.65	3.1186886e+00
21.69	3.4094262e+00
21.72	3.7310316e+00
21.75	4.0875529e+00
21.79	4.4837373e+00
21.82	4.9251929e+00
21.86	5.4186005e+00
21.89	5.9719946e+00
21.92	6.5951486e+00
21.96	7.3001190e+00
21.99	8.1020661e+00
22.03	9.0206130e+00
22.06	1.0082376e+01
22.09	1.1326166e+01
22.13	1.2814095e+01
22.16	1.4654819e+01
22.20	1.7049099e+01
22.23	2.0371454e+01
22.26	2.5301744e+01
22.30	3.3013183e+01
22.33	4.5405690e+01
22.37	6.5347016e+01
22.40	9.6855792e+01
22.43	1.4514237e+02
22.47	2.1642701e+02
22.50	3.1748678e+02
22.54	4.5493844e+02
22.57	6.3433088e+02
22.61	8.5917849e+02
22.64	1.1300982e+03
22.67	1.4442084e+03
22.71	1.7949110e+03
22.74	2.1721101e+03
22.78	2.5628543e+03
22.81	2.9523151e+03
22.84	3.3249729e+03
22.88	3.6658540e+03
22.91	3.9616692e+03
22.95	4.2017289e+03
22.98	4.3785543e+03
23.01	4.4881515e+03
23.05	4.5299611e+03
23.08	4.5065350e+03
23.12	4.4230147e+03
23.15	4.2864943e+03
23.18	4.1053481e+03
23.22	3.8885895e+03
23.25	3.6453079e+03
23.29	3.3842134e+03
23.32	3.1133000e+03
23.35	2.8396225e+03
23.39	2.5691770e+03
23.42	2.3068655e+03
23.46	2.0565254e+03
23.49	1.8210056e+03
23.53	1.6022721e+03
23.56	1.4015303e+03
23.59	1.2193560e+03
23.63	1.0558303e+03
23.66	9.1068985e+02
23.70	7.8354071e+02
23.73	6.7360062e+02
23.76	5.7898098e+02
23.80	4.9764189e+02
23.83	4.2775646e+02
23.87	3.6772905e+02
23.90	3.1617712e+02
23.93	2.7190720e+02
23.97	2.3389116e+02
24.00	2.0124447e+02
24.04	1.7320683e+02
24.07	1.4912506e+02
24.10	1.2843832e+02
24.14	1.1066516e+02
24.17	9.5392397e+01
24.21	8.2265521e+01
24.24	7.0980368e+01
24.27	6.1276012e+01
24.31	5.2928627e+01
24.34	4.5746215e+01
24.38	3.9564087e+01
24.41	3.4240971e+01
24.44	2.9655681e+01
24.48	2.5704255e+01
24.51	2.2297499e+01
24.55	1.9358886e+01
24.58	1.6822748e+01
24.62	1.4632729e+01
24.65	1.2740458e+01
24.68	1.1104409e+01
24.72	9.6889317e+00
24.75	8.4634085e+00
24.79	7.4015423e+00
24.82	6.4807402e+00
24.85	5.6815875e+00
24.89	4.9873960e+00
24.92	4.3838170e+00
24.96	3.8585092e+00
24.99	3.4008549e+00
25.02	3.0017154e+00
25.06	2.6532223e+00
25.09	2.3485977e+00
25.13	2.0820009e+00
25.16	1.8483963e+00
25.19	1.6434399e+00
25.23	1.4633827e+00
25.26	1.3049870e+00
25.30	1.1654551e+00
25.33	1.0423682e+00
25.36	9.3363288e-01
25.40	8.3743686e-01
25.43	7.5220950e-01
25.47	6.7658863e-01
25.50	6.0939189e-01
25.54	5.4959199e-01
25.57	4.9629561e-01
25.60	4.4872511e-01
25.64	4.0620286e-01
25.67	3.6813773e-01
25.71	3.3401350e-01
25.74	3.0337881e-01
25.77	2.7583854e-01
25.81	2.5104639e-01
25.84	2.2869843e-01
25.88	2.0852758e-01
25.91	1.9029884e-01
25.94	1.7380511e-01
25.98	1.5886366e-01
26.01	1.4531300e-01
26.05	1.3301023e-01
26.08	1.2182870e-01
26.11	1.1165599e-01
26.15	1.0239219e-01
26.18	9.3948340e-02
26.22	8.6245134e-02
26.25	7.9211766e-02
26.28	7.2784921e-02
26.32	6.6907903e-02
26.35	6.1529870e-02
26.39	5.6605165e-02
26.42	5.2092727e-02
26.45	4.7955586e-02
26.49	4.4160403e-02
26.52	4.0677081e-02
26.56	3.7478410e-02
26.59	3.4539767e-02
26.63	3.1838837e-02
26.66	2.9355381e-02
26.69	2.7071015e-02
26.73	2.4969029e-02
26.76	2.3034218e-02
26.80	2.1252730e-02
26.83	1.9611940e-02
26.86	1.8100324e-02
26.90	1.6707362e-02
26.93	1.5423437e-02
26.97	1.4239755e-02
27.00	1.3148266e-02
