# NeutrinoAntineutrinoInteraction/NeutrinoAntineutrinoResonanceNu interaction rates
# neutrino field: massive Cosmic Neutrino Background, T_CnuB = 1.94535456 K
# Produced with crpropa-data version: 60a1560e37035039ec25f414e0c42a2444bad49c
# log10(E/eV), 1/lambda [1/Mpc]
10.00	7.9150919e-12
10.03	8.5609922e-12
10.07	9.2596002e-12
10.10	1.0015217e-11
10.14	1.0832495e-11
10.17	1.1716466e-11
10.20	1.2672572e-11
10.24	1.3706700e-11
10.27	1.4825217e-11
10.31	1.6035008e-11
10.34	1.7343523e-11
10.37	1.8758818e-11
10.41	2.0289605e-11
10.44	2.1945311e-11
10.48	2.3736128e-11
10.51	2.5673082e-11
10.55	2.7768099e-11
10.58	3.0034076e-11
10.61	3.2484966e-11
10.65	3.5135857e-11
10.68	3.8003071e-11
10.72	4.1104259e-11
10.75	4.4458516e-11
10.78	4.8086492e-11
10.82	5.2010525e-11
10.85	5.6254772e-11
10.89	6.0845366e-11
10.92	6.5810569e-11
10.95	7.1180950e-11
10.99	7.6989574e-11
11.02	8.3272202e-11
11.06	9.0067516e-11
11.09	9.7417353e-11
11.12	1.0536696e-10
11.16	1.1396529e-10
11.19	1.2326527e-10
11.23	1.3332416e-10
11.26	1.4420390e-10
11.29	1.5597146e-10
11.33	1.6869930e-10
11.36	1.8246577e-10
11.40	1.9735564e-10
11.43	2.1346058e-10
11.46	2.3087974e-10
11.50	2.4972036e-10
11.53	2.7009845e-10
11.57	2.9213947e-10
11.60	3.1597911e-10
11.64	3.4176415e-10
11.67	3.6965334e-10
11.70	3.9981840e-10
11.74	4.3244503e-10
11.77	4.6773412e-10
11.81	5.0590292e-10
11.84	5.4718643e-10
11.87	5.9183883e-10
11.91	6.4013503e-10
11.94	6.9237237e-10
11.98	7.4887247e-10
12.01	8.0998319e-10
12.04	8.7608075e-10
12.08	9.4757212e-10
12.11	1.0248974e-09
12.15	1.1085328e-09
12.18	1.1989931e-09
12.21	1.2968353e-09
12.25	1.4026618e-09
12.28	1.5171241e-09
12.32	1.6409269e-09
12.35	1.7748325e-09
12.38	1.9196652e-09
12.42	2.0763169e-09
12.45	2.2457519e-09
12.49	2.4290134e-09
12.52	2.6272297e-09
12.56	2.8416212e-09
12.59	3.0735078e-09
12.62	3.3243172e-09
12.66	3.5955936e-09
12.69	3.8890070e-09
12.73	4.2063641e-09
12.76	4.5496187e-09
12.79	4.9208841e-09
12.83	5.3224461e-09
12.86	5.7567770e-09
12.90	6.2265510e-09
12.93	6.7346601e-09
12.96	7.2842328e-09
13.00	7.8786527e-09
13.03	8.5215793e-09
13.07	9.2169712e-09
13.10	9.9691095e-09
13.13	1.0782625e-08
13.17	1.1662526e-08
13.20	1.2614231e-08
13.24	1.3643598e-08
13.27	1.4756965e-08
13.30	1.5961187e-08
13.34	1.7263678e-08
13.37	1.8672456e-08
13.41	2.0196197e-08
13.44	2.1844280e-08
13.47	2.3626852e-08
13.51	2.5554889e-08
13.54	2.7640261e-08
13.58	2.9895806e-08
13.61	3.2335413e-08
13.65	3.4974100e-08
13.68	3.7828113e-08
13.71	4.0915025e-08
13.75	4.4253839e-08
13.78	4.7865113e-08
13.82	5.1771080e-08
13.85	5.5995788e-08
13.88	6.0565248e-08
13.92	6.5507592e-08
13.95	7.0853249e-08
13.99	7.6635132e-08
14.02	8.2888837e-08
14.05	8.9652867e-08
14.09	9.6968866e-08
14.12	1.0488188e-07
14.16	1.1344062e-07
14.19	1.2269779e-07
14.22	1.3271037e-07
14.26	1.4354002e-07
14.29	1.5525341e-07
14.33	1.6792265e-07
14.36	1.8162575e-07
14.39	1.9644707e-07
14.43	2.1247786e-07
14.46	2.2981682e-07
14.50	2.4857071e-07
14.53	2.6885498e-07
14.57	2.9079453e-07
14.60	3.1452442e-07
14.63	3.4019075e-07
14.67	3.6795155e-07
14.70	3.9797774e-07
14.74	4.3045416e-07
14.77	4.6558079e-07
14.80	5.0357387e-07
14.84	5.4466733e-07
14.87	5.8911416e-07
14.91	6.3718801e-07
14.94	6.8918487e-07
14.97	7.4542486e-07
15.01	8.0625424e-07
15.04	8.7204751e-07
15.08	9.4320976e-07
15.11	1.0201791e-06
15.14	1.1034294e-06
15.18	1.1934733e-06
15.21	1.2908650e-06
15.25	1.3962043e-06
15.28	1.5101397e-06
15.31	1.6333725e-06
15.35	1.7666617e-06
15.38	1.9108277e-06
15.42	2.0667582e-06
15.45	2.2354132e-06
15.48	2.4178310e-06
15.52	2.6151348e-06
15.55	2.8285394e-06
15.59	3.0593585e-06
15.62	3.3090133e-06
15.66	3.5790408e-06
15.69	3.8711036e-06
15.72	4.1869997e-06
15.76	4.5286742e-06
15.79	4.8982305e-06
15.83	5.2979440e-06
15.86	5.7302756e-06
15.89	6.1978870e-06
15.93	6.7036572e-06
15.96	7.2507001e-06
16.00	7.8423838e-06
16.03	8.4823510e-06
16.06	9.1745419e-06
16.10	9.9232181e-06
16.13	1.0732989e-05
16.17	1.1608840e-05
16.20	1.2556164e-05
16.23	1.3580794e-05
16.27	1.4689036e-05
16.30	1.5887716e-05
16.34	1.7184212e-05
16.37	1.8586507e-05
16.40	2.0103235e-05
16.44	2.1743733e-05
16.47	2.3518103e-05
16.51	2.5437267e-05
16.54	2.7513043e-05
16.58	2.9758210e-05
16.61	3.2186591e-05
16.64	3.4813138e-05
16.68	3.7654021e-05
16.71	4.0726731e-05
16.75	4.4050186e-05
16.78	4.7644849e-05
16.81	5.1532850e-05
16.85	5.5738127e-05
16.88	6.0286572e-05
16.92	6.5206189e-05
16.95	7.0527266e-05
16.98	7.6282566e-05
17.02	8.2507522e-05
17.05	8.9240460e-05
17.09	9.6522835e-05
17.12	1.0439948e-04
17.15	1.1291890e-04
17.19	1.2213354e-04
17.22	1.3210014e-04
17.26	1.4288005e-04
17.29	1.5453966e-04
17.32	1.6715074e-04
17.36	1.8079095e-04
17.39	1.9554427e-04
17.43	2.1150154e-04
17.46	2.2876100e-04
17.49	2.4742892e-04
17.53	2.6762025e-04
17.56	2.8945929e-04
17.60	3.1308053e-04
17.63	3.3862941e-04
17.67	3.6626322e-04
17.70	3.9615213e-04
17.73	4.2848016e-04
17.77	4.6344638e-04
17.80	5.0126608e-04
17.84	5.4217215e-04
17.87	5.8641645e-04
17.90	6.3427144e-04
17.94	6.8603179e-04
17.97	7.4201622e-04
18.01	8.0256948e-04
18.04	8.6806445e-04
18.07	9.3890445e-04
18.11	1.0155257e-03
18.14	1.0984001e-03
18.18	1.1880381e-03
18.21	1.2849915e-03
18.24	1.3898576e-03
18.28	1.5032822e-03
18.31	1.6259639e-03
18.35	1.7586582e-03
18.38	1.9021826e-03
18.41	2.0574211e-03
18.45	2.2253298e-03
18.48	2.4069431e-03
18.52	2.6033799e-03
18.55	2.8158503e-03
18.59	3.0456634e-03
18.62	3.2942350e-03
18.65	3.5630968e-03
18.69	3.8539055e-03
18.72	4.1684533e-03
18.76	4.5086786e-03
18.79	4.8766786e-03
18.82	5.2747215e-03
18.86	5.7052612e-03
18.89	6.1709519e-03
18.93	6.6746653e-03
18.96	7.2195075e-03
18.99	7.8088389e-03
19.03	8.4462947e-03
19.06	9.1358077e-03
19.10	9.8816324e-03
19.13	1.0688372e-02
19.16	1.1561005e-02
19.20	1.2504921e-02
19.23	1.3525948e-02
19.27	1.4630393e-02
19.30	1.5825081e-02
19.33	1.7117394e-02
19.37	1.8515322e-02
19.40	2.0027511e-02
19.44	2.1663317e-02
19.47	2.3432863e-02
19.51	2.5347107e-02
19.54	2.7417906e-02
19.57	2.9658095e-02
19.61	3.2081565e-02
19.64	3.4703355e-02
19.68	3.7539742e-02
19.71	4.0608348e-02
19.74	4.3928252e-02
19.78	4.7520114e-02
19.81	5.1406302e-02
19.85	5.5611044e-02
19.88	6.0160575e-02
19.91	6.5083318e-02
19.95	7.0410060e-02
19.98	7.6174159e-02
20.02	8.2411762e-02
20.05	8.9162042e-02
20.08	9.6467462e-02
20.12	1.0437406e-01
20.15	1.1293174e-01
20.19	1.2219466e-01
20.22	1.3222153e-01
20.25	1.4307608e-01
20.29	1.5482747e-01
20.32	1.6755078e-01
20.36	1.8132755e-01
20.39	1.9624634e-01
20.42	2.1240342e-01
20.46	2.2990341e-01
20.49	2.4886011e-01
20.53	2.6939732e-01
20.56	2.9164981e-01
20.60	3.1576435e-01
20.63	3.4190088e-01
20.66	3.7023377e-01
20.70	4.0095329e-01
20.73	4.3426712e-01
20.77	4.7040223e-01
20.80	5.0960674e-01
20.83	5.5215224e-01
20.87	5.9833618e-01
20.90	6.4848476e-01
20.94	7.0295599e-01
20.97	7.6214333e-01
21.00	8.2647966e-01
21.04	8.9644194e-01
21.07	9.7255638e-01
21.11	1.0554044e+00
21.14	1.1456297e+00
21.17	1.2439458e+00
21.21	1.3511454e+00
21.24	1.4681109e+00
21.28	1.5958267e+00
21.31	1.7353935e+00
21.34	1.8880453e+00
21.38	2.0551691e+00
21.41	2.2383285e+00
21.45	2.4392916e+00
21.48	2.6600645e+00
21.52	2.9029316e+00
21.55	3.1705045e+00
21.58	3.4657809e+00
21.62	3.7922180e+00
21.65	4.1538218e+00
21.69	4.5552598e+00
21.72	5.0020018e+00
21.75	5.5004985e+00
21.79	6.0584121e+00
21.82	6.6849143e+00
21.86	7.3910812e+00
21.89	8.1904230e+00
21.92	9.0996112e+00
21.96	1.0139512e+01
21.99	1.1336729e+01
22.03	1.2726109e+01
22.06	1.4355269e+01
22.09	1.6293674e+01
22.13	1.8651923e+01
22.16	2.1622617e+01
22.20	2.5563022e+01
22.23	3.1150088e+01
22.26	3.9645752e+01
22.30	5.3306537e+01
22.33	7.5947041e+01
22.37	1.1361613e+02
22.40	1.7527074e+02
22.43	2.7324994e+02
22.47	4.2328430e+02
22.50	6.4374762e+02
22.54	9.5388407e+02
22.57	1.3708273e+03
22.61	1.9053630e+03
22.64	2.5565745e+03
22.67	3.3057946e+03
22.71	4.1107583e+03
22.74	4.9016754e+03
22.78	5.5822279e+03
22.81	6.0399768e+03
22.84	6.1711459e+03
22.88	5.9222622e+03
22.91	5.3469683e+03
22.95	4.6571843e+03
22.98	4.0230186e+03
23.01	3.4661158e+03
23.05	2.9823810e+03
23.08	2.5641790e+03
23.12	2.2035513e+03
23.15	1.8930526e+03
23.18	1.6259851e+03
23.22	1.3964331e+03
23.25	1.1992233e+03
23.29	1.0298580e+03
23.32	8.8444237e+02
23.35	7.5961180e+02
23.39	6.5246512e+02
23.42	5.6050400e+02
23.46	4.8157912e+02
23.49	4.1384279e+02
23.53	3.5570752e+02
23.56	3.0580997e+02
23.59	2.6297978e+02
23.63	2.2621245e+02
23.66	1.9464610e+02
23.70	1.6754132e+02
23.73	1.4426387e+02
23.76	1.2426974e+02
23.80	1.0709242e+02
23.83	9.2331813e+01
23.87	7.9644844e+01
23.90	6.8737312e+01
23.93	5.9356932e+01
23.97	5.1287366e+01
24.00	4.4343091e+01
24.04	3.8365002e+01
24.07	3.3216647e+01
24.10	2.8780989e+01
24.14	2.4957635e+01
24.17	2.1660466e+01
24.21	1.8815592e+01
24.24	1.6359612e+01
24.27	1.4238116e+01
24.31	1.2404403e+01
24.34	1.0818383e+01
24.38	9.4456311e+00
24.41	8.2565846e+00
24.44	7.2258488e+00
24.48	6.3316046e+00
24.51	5.5550999e+00
24.55	4.8802138e+00
24.58	4.2930834e+00
24.62	3.7817837e+00
24.65	3.3360525e+00
24.68	2.9470560e+00
24.72	2.6071861e+00
24.75	2.3098879e+00
24.79	2.0495112e+00
24.82	1.8211832e+00
24.85	1.6206993e+00
24.89	1.4444293e+00
24.92	1.2892373e+00
24.96	1.1524124e+00
24.99	1.0316097e+00
25.02	9.2479931e-01
25.06	8.3022286e-01
25.09	7.4635575e-01
25.13	6.7187511e-01
25.16	6.0563203e-01
25.19	5.4662780e-01
25.23	4.9399337e-01
25.26	4.4697179e-01
25.30	4.0490303e-01
25.33	3.6721095e-01
25.36	3.3339204e-01
25.40	3.0300574e-01
25.43	2.7566611e-01
25.47	2.5103462e-01
25.50	2.2881395e-01
25.54	2.0874259e-01
25.57	1.9059024e-01
25.60	1.7415381e-01
25.64	1.5925391e-01
25.67	1.4573190e-01
25.71	1.3344725e-01
25.74	1.2227531e-01
25.77	1.1210534e-01
25.81	1.0283882e-01
25.84	9.4387967e-02
25.88	8.6674441e-02
25.91	7.9628240e-02
25.94	7.3186714e-02
25.98	6.7293711e-02
26.01	6.1898835e-02
26.05	5.6956790e-02
26.08	5.2426810e-02
26.11	4.8272154e-02
26.15	4.4459671e-02
26.18	4.0959404e-02
26.22	3.7744256e-02
26.25	3.4789684e-02
26.28	3.2073432e-02
26.32	2.9575300e-02
26.35	2.7276931e-02
26.39	2.5161625e-02
26.42	2.3214179e-02
26.45	2.1420738e-02
26.49	1.9768661e-02
26.52	1.8246410e-02
26.56	1.6843444e-02
26.59	1.5550124e-02
26.63	1.4357629e-02
26.66	1.3257884e-02
26.69	1.2243492e-02
26.73	1.1307669e-02
26.76	1.0444194e-02
26.80	9.6473565e-03
26.83	8.9119150e-03
26.86	8.2330529e-03
26.90	7.6063439e-03
26.93	7.0277185e-03
26.97	6.4934334e-03
27.00	6.0000447e-03
