# NeutrinoAntineutrinoInteraction/NeutrinoAntineutrinoResonanceNu interaction rates
# neutrino field: massive Cosmic Neutrino Background, T_CnuB = 1.94535456 K
# Produced with crpropa-data version: 60a1560e37035039ec25f414e0c42a2444bad49c
# log10(E/eV), 1/lambda [1/Mpc]
10.00	1.9138982e-18
10.03	2.0700792e-18
10.07	2.2390052e-18
10.10	2.4217161e-18
10.14	2.6193369e-18
10.17	2.8330843e-18
10.20	3.0642743e-18
10.24	3.3143302e-18
10.27	3.5847916e-18
10.31	3.8773236e-18
10.34	4.1937273e-18
10.37	4.5359507e-18
10.41	4.9061007e-18
10.44	5.3064563e-18
10.48	5.7394824e-18
10.51	6.2078450e-18
10.55	6.7144277e-18
10.58	7.2623494e-18
10.61	7.8549835e-18
10.65	8.4959786e-18
10.68	9.1892813e-18
10.72	9.9391601e-18
10.75	1.0750232e-17
10.78	1.1627490e-17
10.82	1.2576335e-17
10.85	1.3602609e-17
10.89	1.4712632e-17
10.92	1.5913236e-17
10.95	1.7211814e-17
10.99	1.8616360e-17
11.02	2.0135523e-17
11.06	2.1778655e-17
11.09	2.3555872e-17
11.12	2.5478117e-17
11.16	2.7557223e-17
11.19	2.9805993e-17
11.23	3.2238270e-17
11.26	3.4869030e-17
11.29	3.7714469e-17
11.33	4.0792107e-17
11.36	4.4120891e-17
11.40	4.7721316e-17
11.43	5.1615548e-17
11.46	5.5827565e-17
11.50	6.0383296e-17
11.53	6.5310793e-17
11.57	7.0640390e-17
11.60	7.6404903e-17
11.64	8.2639820e-17
11.67	8.9383530e-17
11.70	9.6677550e-17
11.74	1.0456679e-16
11.77	1.1309982e-16
11.81	1.2232917e-16
11.84	1.3231168e-16
11.87	1.4310879e-16
11.91	1.5478699e-16
11.94	1.6741817e-16
11.98	1.8108010e-16
12.01	1.9585689e-16
12.04	2.1183953e-16
12.08	2.2912640e-16
12.11	2.4782395e-16
12.15	2.6804728e-16
12.18	2.8992091e-16
12.21	3.1357951e-16
12.25	3.3916874e-16
12.28	3.6684614e-16
12.32	3.9678212e-16
12.35	4.2916098e-16
12.38	4.6418207e-16
12.42	5.0206101e-16
12.45	5.4303101e-16
12.49	5.8734432e-16
12.52	6.3527374e-16
12.56	6.8711439e-16
12.59	7.4318542e-16
12.62	8.0383205e-16
12.66	8.6942766e-16
12.69	9.4037611e-16
12.73	1.0171142e-15
12.76	1.1001144e-15
12.79	1.1898878e-15
12.83	1.2869869e-15
12.86	1.3920097e-15
12.90	1.5056028e-15
12.93	1.6284654e-15
12.96	1.7613541e-15
13.00	1.9050870e-15
13.03	2.0605490e-15
13.07	2.2286973e-15
13.10	2.4105671e-15
13.13	2.6072781e-15
13.17	2.8200415e-15
13.20	3.0501671e-15
13.24	3.2990718e-15
13.27	3.5682880e-15
13.30	3.8594733e-15
13.34	4.1744203e-15
13.37	4.5150682e-15
13.41	4.8835141e-15
13.44	5.2820266e-15
13.47	5.7130592e-15
13.51	6.1792655e-15
13.54	6.6835160e-15
13.58	7.2289152e-15
13.61	7.8188209e-15
13.65	8.4568651e-15
13.68	9.1469760e-15
13.71	9.8934025e-15
13.75	1.0700740e-14
13.78	1.1573959e-14
13.82	1.2518436e-14
13.85	1.3539986e-14
13.88	1.4644898e-14
13.92	1.5839975e-14
13.95	1.7132575e-14
13.99	1.8530655e-14
14.02	2.0042824e-14
14.05	2.1678391e-14
14.09	2.3447426e-14
14.12	2.5360821e-14
14.16	2.7430356e-14
14.19	2.9668773e-14
14.22	3.2089852e-14
14.26	3.4708501e-14
14.29	3.7540841e-14
14.33	4.0604310e-14
14.36	4.3917769e-14
14.39	4.7501618e-14
14.43	5.1377922e-14
14.46	5.5570547e-14
14.50	6.0105306e-14
14.53	6.5010117e-14
14.57	7.0315179e-14
14.60	7.6053152e-14
14.63	8.2259366e-14
14.67	8.8972029e-14
14.70	9.6232469e-14
14.74	1.0408539e-13
14.77	1.1257913e-13
14.80	1.2176600e-13
14.84	1.3170255e-13
14.87	1.4244995e-13
14.91	1.5407439e-13
14.94	1.6664742e-13
14.97	1.8024645e-13
15.01	1.9495521e-13
15.04	2.1086427e-13
15.08	2.2807156e-13
15.11	2.4668302e-13
15.14	2.6681326e-13
15.18	2.8858619e-13
15.21	3.1213587e-13
15.25	3.3760729e-13
15.28	3.6515727e-13
15.31	3.9495543e-13
15.35	4.2718522e-13
15.38	4.6204509e-13
15.42	4.9974964e-13
15.45	5.4053103e-13
15.48	5.8464032e-13
15.52	6.3234910e-13
15.55	6.8395108e-13
15.59	7.3976397e-13
15.62	8.0013140e-13
15.66	8.6542503e-13
15.69	9.3604685e-13
15.72	1.0124317e-12
15.76	1.0950498e-12
15.79	1.1844098e-12
15.83	1.2810620e-12
15.86	1.3856013e-12
15.89	1.4986714e-12
15.93	1.6209684e-12
15.96	1.7532453e-12
16.00	1.8963165e-12
16.03	2.0510628e-12
16.06	2.2184370e-12
16.10	2.3994695e-12
16.13	2.5952749e-12
16.17	2.8070588e-12
16.20	3.0361250e-12
16.23	3.2838838e-12
16.27	3.5518607e-12
16.30	3.8417054e-12
16.34	4.1552025e-12
16.37	4.4942822e-12
16.40	4.8610319e-12
16.44	5.2577098e-12
16.47	5.6867581e-12
16.51	6.1508182e-12
16.54	6.6527474e-12
16.58	7.1956358e-12
16.61	7.7828258e-12
16.64	8.4179328e-12
16.68	9.1048667e-12
16.71	9.8478570e-12
16.75	1.0651478e-11
16.78	1.1520677e-11
16.81	1.2460807e-11
16.85	1.3477654e-11
16.88	1.4577480e-11
16.92	1.5767055e-11
16.95	1.7053705e-11
16.98	1.8445349e-11
17.02	1.9950557e-11
17.05	2.1578596e-11
17.09	2.3339488e-11
17.12	2.5244076e-11
17.15	2.7304085e-11
17.19	2.9532198e-11
17.22	3.1942134e-11
17.26	3.4548730e-11
17.29	3.7368033e-11
17.32	4.0417402e-11
17.36	4.3715611e-11
17.39	4.7282966e-11
17.43	5.1141431e-11
17.46	5.5314761e-11
17.49	5.9828651e-11
17.53	6.4710891e-11
17.56	6.9991540e-11
17.60	7.5703110e-11
17.63	8.1880767e-11
17.67	8.8562544e-11
17.70	9.5789580e-11
17.73	1.0360637e-10
17.77	1.1206104e-10
17.80	1.2120565e-10
17.84	1.3109649e-10
17.87	1.4179446e-10
17.90	1.5336543e-10
17.94	1.6588064e-10
17.97	1.7941714e-10
18.01	1.9405827e-10
18.04	2.0989418e-10
18.07	2.2702237e-10
18.11	2.4554829e-10
18.14	2.6558601e-10
18.18	2.8725889e-10
18.21	3.1070037e-10
18.24	3.3605478e-10
18.28	3.6347822e-10
18.31	3.9313955e-10
18.35	4.2522137e-10
18.38	4.5992123e-10
18.41	4.9745276e-10
18.45	5.3804705e-10
18.48	5.8195404e-10
18.52	6.2944407e-10
18.55	6.8080954e-10
18.59	7.3636670e-10
18.62	7.9645764e-10
18.65	8.6145235e-10
18.69	9.3175101e-10
18.72	1.0077865e-09
18.76	1.0900269e-09
18.79	1.1789787e-09
18.82	1.2751895e-09
18.86	1.3792519e-09
18.89	1.4918064e-09
18.93	1.6135463e-09
18.96	1.7452211e-09
18.99	1.8876417e-09
19.03	2.0416850e-09
19.06	2.2082997e-09
19.10	2.3885116e-09
19.13	2.5834307e-09
19.16	2.7942572e-09
19.20	3.0222894e-09
19.23	3.2689318e-09
19.27	3.5357032e-09
19.30	3.8242466e-09
19.33	4.1363391e-09
19.37	4.4739029e-09
19.40	4.8390171e-09
19.44	5.2339306e-09
19.47	5.6610760e-09
19.51	6.1230844e-09
19.54	6.6228018e-09
19.57	7.1633068e-09
19.61	7.7479291e-09
19.64	8.3802708e-09
19.68	9.0642278e-09
19.71	9.8040146e-09
19.74	1.0604190e-08
19.78	1.1469685e-08
19.81	1.2405834e-08
19.85	1.3418406e-08
19.88	1.4513644e-08
19.91	1.5698300e-08
19.95	1.6979677e-08
19.98	1.8365676e-08
20.02	1.9864846e-08
20.05	2.1486431e-08
20.08	2.3240437e-08
20.12	2.5137683e-08
20.15	2.7189878e-08
20.19	2.9409686e-08
20.22	3.1810812e-08
20.25	3.4408081e-08
20.29	3.7217532e-08
20.32	4.0256521e-08
20.36	4.3543827e-08
20.39	4.7099767e-08
20.42	5.0946328e-08
20.46	5.5107300e-08
20.49	5.9608430e-08
20.53	6.4477577e-08
20.56	6.9744896e-08
20.60	7.5443018e-08
20.63	8.1607264e-08
20.66	8.8275866e-08
20.70	9.5490207e-08
20.73	1.0329509e-07
20.77	1.1173901e-07
20.80	1.2087448e-07
20.83	1.3075835e-07
20.87	1.4145221e-07
20.90	1.5302272e-07
20.94	1.6554212e-07
20.97	1.7908862e-07
21.00	1.9374699e-07
21.04	2.0960904e-07
21.07	2.2677429e-07
21.11	2.4535059e-07
21.14	2.6545483e-07
21.17	2.8721377e-07
21.21	3.1076485e-07
21.24	3.3625715e-07
21.28	3.6385239e-07
21.31	3.9372606e-07
21.34	4.2606866e-07
21.38	4.6108698e-07
21.41	4.9900565e-07
21.45	5.4006868e-07
21.48	5.8454129e-07
21.52	6.3271181e-07
21.55	6.8489386e-07
21.58	7.4142874e-07
21.62	8.0268801e-07
21.65	8.6907639e-07
21.69	9.4103501e-07
21.72	1.0190450e-06
21.75	1.1036312e-06
21.79	1.1953672e-06
21.82	1.2948795e-06
21.86	1.4028535e-06
21.89	1.5200398e-06
21.92	1.6472607e-06
21.96	1.7854184e-06
21.99	1.9355038e-06
22.03	2.0986065e-06
22.06	2.2759262e-06
22.09	2.4687858e-06
22.13	2.6786461e-06
22.16	2.9071230e-06
22.20	3.1560070e-06
22.23	3.4272862e-06
22.26	3.7231723e-06
22.30	4.0461313e-06
22.33	4.3989198e-06
22.37	4.7846268e-06
22.40	5.2067240e-06
22.43	5.6691248e-06
22.47	6.1762556e-06
22.50	6.7331409e-06
22.54	7.3455066e-06
22.57	8.0199058e-06
22.61	8.7638742e-06
22.64	9.5861217e-06
22.67	1.0496773e-05
22.71	1.1507672e-05
22.74	1.2632774e-05
22.78	1.3888649e-05
22.81	1.5295160e-05
22.84	1.6876371e-05
22.88	1.8661820e-05
22.91	2.0688406e-05
22.95	2.3003416e-05
22.98	2.5669986e-05
23.01	2.8778087e-05
23.05	3.2467914e-05
23.08	3.6979336e-05
23.12	4.2750895e-05
23.15	5.0601833e-05
23.18	6.2034210e-05
23.22	7.9679055e-05
23.25	1.0787218e-04
23.29	1.5328172e-04
23.32	2.2543515e-04
23.35	3.3693682e-04
23.39	5.0316036e-04
23.42	7.4126441e-04
23.46	1.0685120e-03
23.49	1.5000436e-03
23.53	2.0464112e-03
23.56	2.7112820e-03
23.59	3.4897310e-03
23.63	4.3674560e-03
23.66	5.3210975e-03
23.70	6.3196565e-03
23.73	7.3268228e-03
23.76	8.3038938e-03
23.80	9.2128904e-03
23.83	1.0019481e-02
23.87	1.0695381e-02
23.90	1.1220014e-02
23.93	1.1581318e-02
23.97	1.1775743e-02
24.00	1.1807540e-02
24.04	1.1687534e-02
24.07	1.1431597e-02
24.10	1.1059000e-02
24.14	1.0590840e-02
24.17	1.0048648e-02
24.21	9.4532466e-03
24.24	8.8239082e-03
24.27	8.1777852e-03
24.31	7.5295948e-03
24.34	6.8915121e-03
24.38	6.2732228e-03
24.41	5.6820887e-03
24.44	5.1233858e-03
24.48	4.6005794e-03
24.51	4.1156110e-03
24.55	3.6691778e-03
24.58	3.2609921e-03
24.62	2.8900131e-03
24.65	2.5546486e-03
24.68	2.2529245e-03
24.72	1.9826249e-03
24.75	1.7414040e-03
24.79	1.5268744e-03
24.82	1.3366735e-03
24.85	1.1685128e-03
24.89	1.0202121e-03
24.92	8.8972257e-04
24.96	7.7513995e-04
24.99	6.7471072e-04
25.02	5.8683289e-04
25.06	5.1005280e-04
25.09	4.4305910e-04
25.13	3.8467480e-04
25.16	3.3384827e-04
25.19	2.8964353e-04
25.23	2.5123049e-04
25.26	2.1787525e-04
25.30	1.8893068e-04
25.33	1.6382767e-04
25.36	1.4206674e-04
25.40	1.2321044e-04
25.43	1.0687632e-04
25.47	9.2730549e-05
25.50	8.0482141e-05
25.54	6.9877799e-05
25.57	6.0697282e-05
25.60	5.2749292e-05
25.64	4.5867825e-05
25.67	3.9908945e-05
25.71	3.4747942e-05
25.74	3.0276838e-05
25.77	2.6402191e-05
25.81	2.3043181e-05
25.84	2.0129936e-05
25.88	1.7602067e-05
25.91	1.5407402e-05
25.94	1.3500874e-05
25.98	1.1843566e-05
26.01	1.0401871e-05
26.05	9.1467724e-06
26.08	8.0532180e-06
26.11	7.0995774e-06
26.15	6.2671730e-06
26.18	5.5398757e-06
26.22	4.9037547e-06
26.25	4.3467748e-06
26.28	3.8585368e-06
26.32	3.4300513e-06
26.35	3.0535455e-06
26.39	2.7222958e-06
26.42	2.4304833e-06
26.45	2.1730696e-06
26.49	1.9456901e-06
26.52	1.7445611e-06
26.56	1.5664008e-06
26.59	1.4083605e-06
26.63	1.2679656e-06
26.66	1.1430651e-06
26.69	1.0317872e-06
26.73	9.3250183e-07
26.76	8.4378824e-07
26.80	7.6440663e-07
26.83	6.9327411e-07
26.86	6.2944378e-07
26.90	5.7208671e-07
26.93	5.2047636e-07
26.97	4.7397522e-07
27.00	4.3202309e-07
