# NeutrinoAntineutrinoInteraction/NeutrinoAntineutrinoResonanceBottom interaction rates
# neutrino field: massive Cosmic Neutrino Background, T_CnuB = 1.94535456 K
# Produced with crpropa-data version: 60a1560e37035039ec25f414e0c42a2444bad49c
# log10(E/eV), 1/lambda [1/Mpc]
17.05	0.0000000e+00
17.09	0.0000000e+00
17.12	0.0000000e+00
17.15	0.0000000e+00
17.19	0.0000000e+00
17.22	0.0000000e+00
17.26	0.0000000e+00
17.29	0.0000000e+00
17.32	0.0000000e+00
17.36	0.0000000e+00
17.39	0.0000000e+00
17.43	0.0000000e+00
17.46	0.0000000e+00
17.49	0.0000000e+00
17.53	0.0000000e+00
17.56	0.0000000e+00
17.60	0.0000000e+00
17.63	0.0000000e+00
17.67	0.0000000e+00
17.70	0.0000000e+00
17.73	0.0000000e+00
17.77	0.0000000e+00
17.80	0.0000000e+00
17.84	0.0000000e+00
17.87	0.0000000e+00
17.90	0.0000000e+00
17.94	0.0000000e+00
17.97	0.0000000e+00
18.01	0.0000000e+00
18.04	0.0000000e+00
18.07	0.0000000e+00
18.11	0.0000000e+00
18.14	0.0000000e+00
18.18	0.0000000e+00
18.21	0.0000000e+00
18.24	0.0000000e+00
18.28	0.0000000e+00
18.31	0.0000000e+00
18.35	0.0000000e+00
18.38	0.0000000e+00
18.41	0.0000000e+00
18.45	0.0000000e+00
18.48	0.0000000e+00
18.52	0.0000000e+00
18.55	0.0000000e+00
18.59	0.0000000e+00
18.62	0.0000000e+00
18.65	0.0000000e+00
18.69	0.0000000e+00
18.72	0.0000000e+00
18.76	0.0000000e+00
18.79	0.0000000e+00
18.82	0.0000000e+00
18.86	0.0000000e+00
18.89	0.0000000e+00
18.93	0.0000000e+00
18.96	0.0000000e+00
18.99	0.0000000e+00
19.03	3.3260672e-267
19.06	3.1510116e-247
19.10	9.2315552e-229
19.13	1.0872029e-211
19.16	6.5594673e-196
19.20	2.5369689e-181
19.23	7.7387517e-168
19.27	2.2550964e-155
19.30	7.4945901e-144
19.33	3.3462946e-133
19.37	2.3355632e-123
19.40	2.9312014e-114
19.44	7.5292861e-106
19.47	4.4617161e-98
19.51	6.8132493e-91
19.54	2.9699518e-84
19.57	4.0623158e-78
19.61	1.9028930e-72
19.64	3.3097366e-67
19.68	2.3034762e-62
19.71	6.8739908e-58
19.74	9.3762350e-54
19.78	6.2016649e-50
19.81	2.1007718e-46
19.85	3.8333761e-43
19.88	3.9482334e-40
19.91	2.3966273e-37
19.95	8.9231457e-35
19.98	2.1144216e-32
20.02	3.2995070e-30
20.05	3.4994591e-28
20.08	2.5973157e-26
20.12	1.3859361e-24
20.15	5.4512509e-23
20.19	1.6173624e-21
20.22	3.6978211e-20
20.25	6.6448246e-19
20.29	9.5575588e-18
20.32	1.1190948e-16
20.36	1.0834844e-15
20.39	8.8000294e-15
20.42	6.0764512e-14
20.46	3.6114651e-13
20.49	1.8687219e-12
20.53	8.5078858e-12
20.56	3.4415798e-11
20.60	1.2481829e-10
20.63	4.0927303e-10
20.66	1.2227014e-09
20.70	3.3520130e-09
20.73	8.4887033e-09
20.77	1.9979453e-08
20.80	4.3953000e-08
20.83	9.0850352e-08
20.87	1.7729486e-07
20.90	3.2812198e-07
20.94	5.7827368e-07
20.97	9.7418395e-07
21.00	1.5742697e-06
21.04	2.4482087e-06
21.07	3.6748295e-06
21.11	5.3386255e-06
21.14	7.5251133e-06
21.17	1.0315437e-05
21.21	1.3780758e-05
21.24	1.7977032e-05
21.28	2.2940810e-05
21.31	2.8686584e-05
21.34	3.5206147e-05
21.38	4.2470209e-05
21.41	5.0432346e-05
21.45	5.9035099e-05
21.48	6.8217852e-05
21.52	7.7925911e-05
21.55	8.8120176e-05
21.58	9.8787006e-05
21.62	1.0994941e-04
21.65	1.2168496e-04
21.69	1.3410713e-04
21.72	1.4733463e-04
21.75	1.6149108e-04
21.79	1.7670688e-04
21.82	1.9312131e-04
21.86	2.1088466e-04
21.89	2.3016069e-04
21.92	2.5112931e-04
21.96	2.7398965e-04
21.99	2.9896366e-04
22.03	3.2630027e-04
22.06	3.5628030e-04
22.09	3.8922244e-04
22.13	4.2549034e-04
22.16	4.6550141e-04
22.20	5.0973756e-04
22.23	5.5875866e-04
22.26	6.1321945e-04
22.30	6.7389116e-04
22.33	7.4168943e-04
22.37	8.1771100e-04
22.40	9.0328283e-04
22.43	1.0000296e-03
22.47	1.1099704e-03
22.50	1.2356654e-03
22.54	1.3804634e-03
22.57	1.5489674e-03
22.61	1.7479979e-03
22.64	1.9886463e-03
22.67	2.2905443e-03
22.71	2.6901680e-03
22.74	3.2556112e-03
22.78	4.1102616e-03
22.81	5.4665349e-03
22.84	7.6677913e-03
22.88	1.1231971e-02
22.91	1.6885498e-02
22.95	2.5572524e-02
22.98	3.8424634e-02
23.01	5.6680853e-02
23.05	8.1556723e-02
23.08	1.1407250e-01
23.12	1.5486111e-01
23.15	2.0398373e-01
23.18	2.6078292e-01
23.22	3.2379997e-01
23.25	3.9077541e-01
23.29	4.5874130e-01
23.32	5.2420289e-01
23.35	5.8339713e-01
23.39	6.3260627e-01
23.42	6.6849842e-01
23.46	6.8846224e-01
23.49	6.9090117e-01
23.53	6.7545473e-01
23.56	6.4312178e-01
23.59	5.9627546e-01
23.63	5.3858855e-01
23.66	4.7495697e-01
23.70	4.1170897e-01
23.73	3.5479537e-01
23.76	3.0525629e-01
23.80	2.6243131e-01
23.83	2.2551513e-01
23.87	1.9374141e-01
23.90	1.6641967e-01
23.93	1.4294075e-01
23.97	1.2277273e-01
24.00	1.0545383e-01
24.04	9.0584550e-02
24.07	7.7820136e-02
24.10	6.6863522e-02
24.14	5.7459040e-02
24.17	4.9386845e-02
24.21	4.2458012e-02
24.24	3.6510273e-02
24.27	3.1404306e-02
24.31	2.7020531e-02
24.34	2.3256331e-02
24.38	2.0023667e-02
24.41	1.7247016e-02
24.44	1.4861600e-02
24.48	1.2811861e-02
24.51	1.1050151e-02
24.55	9.5356081e-03
24.58	8.2331898e-03
24.62	7.1128453e-03
24.65	6.1488027e-03
24.68	5.3189601e-03
24.72	4.6043611e-03
24.75	3.9887468e-03
24.79	3.4581705e-03
24.82	3.0006678e-03
24.85	2.6059741e-03
24.89	2.2652815e-03
24.92	1.9710316e-03
24.96	1.7167369e-03
24.99	1.4968283e-03
25.02	1.3065241e-03
25.06	1.1417181e-03
25.09	9.9888307e-04
25.13	8.7498866e-04
25.16	7.6743059e-04
25.19	6.7397020e-04
25.23	5.9268250e-04
25.26	5.2191172e-04
25.30	4.6023311e-04
25.33	4.0642031e-04
25.36	3.5941726e-04
25.40	3.1831420e-04
25.43	2.8232698e-04
25.47	2.5077946e-04
25.50	2.2308829e-04
25.54	1.9874988e-04
25.57	1.7732927e-04
25.60	1.5845053e-04
25.64	1.4178852e-04
25.67	1.2706185e-04
25.71	1.1402680e-04
25.74	1.0247210e-04
25.77	9.2214482e-05
25.81	8.3094802e-05
25.84	7.4974759e-05
25.88	6.7734042e-05
25.91	6.1267882e-05
25.94	5.5484952e-05
25.98	5.0305552e-05
26.01	4.5660052e-05
26.05	4.1487547e-05
26.08	3.7734698e-05
26.11	3.4354735e-05
26.15	3.1306591e-05
26.18	2.8554164e-05
26.22	2.6065669e-05
26.25	2.3813083e-05
26.28	2.1771669e-05
26.32	1.9919553e-05
26.35	1.8237369e-05
26.39	1.6707944e-05
26.42	1.5316030e-05
26.45	1.4048063e-05
26.49	1.2891963e-05
26.52	1.1836955e-05
26.56	1.0873414e-05
26.59	9.9927278e-06
26.63	9.1871809e-06
26.66	8.4498515e-06
26.69	7.7745202e-06
26.73	7.1555914e-06
26.76	6.5880241e-06
26.80	6.0672708e-06
26.83	5.5892241e-06
26.86	5.1501692e-06
26.90	4.7467429e-06
26.93	4.3758962e-06
26.97	4.0348623e-06
27.00	3.7211276e-06
