# NeutrinoAntineutrinoInteraction/NeutrinoAntineutrinoResonanceBottom interaction rates
# neutrino field: massive Cosmic Neutrino Background, T_CnuB = 1.94535456 K
# Produced with crpropa-data version: 60a1560e37035039ec25f414e0c42a2444bad49c
# log10(E/eV), 1/lambda [1/Mpc]
17.05	0.0000000e+00
17.09	0.0000000e+00
17.12	0.0000000e+00
17.15	0.0000000e+00
17.19	0.0000000e+00
17.22	0.0000000e+00
17.26	0.0000000e+00
17.29	0.0000000e+00
17.32	0.0000000e+00
17.36	0.0000000e+00
17.39	0.0000000e+00
17.43	0.0000000e+00
17.46	0.0000000e+00
17.49	0.0000000e+00
17.53	0.0000000e+00
17.56	0.0000000e+00
17.60	0.0000000e+00
17.63	0.0000000e+00
17.67	0.0000000e+00
17.70	0.0000000e+00
17.73	0.0000000e+00
17.77	0.0000000e+00
17.80	0.0000000e+00
17.84	0.0000000e+00
17.87	0.0000000e+00
17.90	0.0000000e+00
17.94	0.0000000e+00
17.97	0.0000000e+00
18.01	0.0000000e+00
18.04	0.0000000e+00
18.07	0.0000000e+00
18.11	0.0000000e+00
18.14	0.0000000e+00
18.18	0.0000000e+00
18.21	0.0000000e+00
18.24	0.0000000e+00
18.28	0.0000000e+00
18.31	0.0000000e+00
18.35	0.0000000e+00
18.38	0.0000000e+00
18.41	0.0000000e+00
18.45	0.0000000e+00
18.48	0.0000000e+00
18.52	0.0000000e+00
18.55	0.0000000e+00
18.59	0.0000000e+00
18.62	0.0000000e+00
18.65	0.0000000e+00
18.69	0.0000000e+00
18.72	0.0000000e+00
18.76	0.0000000e+00
18.79	0.0000000e+00
18.82	0.0000000e+00
18.86	0.0000000e+00
18.89	0.0000000e+00
18.93	0.0000000e+00
18.96	0.0000000e+00
18.99	0.0000000e+00
19.03	3.3121898e-267
19.06	3.1368017e-247
19.10	9.1865613e-229
19.13	1.0814762e-211
19.16	6.5221300e-196
19.20	2.5213647e-181
19.23	7.6873219e-168
19.27	2.2389047e-155
19.30	7.4364579e-144
19.33	3.3182575e-133
19.37	2.3144276e-123
19.40	2.9025547e-114
19.44	7.4498290e-106
19.47	4.4108796e-98
19.51	6.7294464e-91
19.54	2.9305225e-84
19.57	4.0041141e-78
19.61	1.8734766e-72
19.64	3.2545416e-67
19.68	2.2620447e-62
19.71	6.7406702e-58
19.74	9.1801910e-54
19.78	6.0619132e-50
19.81	2.0497649e-46
19.85	3.7331221e-43
19.88	3.8370468e-40
19.91	2.3239787e-37
19.95	8.6321018e-35
19.98	2.0402444e-32
20.02	3.1750618e-30
20.05	3.3576259e-28
20.08	2.4842495e-26
20.12	1.3211697e-24
20.15	5.1779430e-23
20.19	1.5304171e-21
20.22	3.4848200e-20
20.25	6.2349870e-19
20.29	8.9268320e-18
20.32	1.0401399e-16
20.36	1.0018295e-15
20.39	8.0922553e-15
20.42	5.5553878e-14
20.46	3.2816231e-13
20.49	1.6871398e-12
20.53	7.6293686e-12
20.56	3.0643982e-11
20.60	1.1031833e-10
20.63	3.5894660e-10
20.66	1.0637875e-09
20.70	2.8922507e-09
20.73	7.2619824e-09
20.77	1.6942655e-08
20.80	3.6939107e-08
20.83	7.5658800e-08
20.87	1.4629234e-07
20.90	2.6824884e-07
20.94	4.6841318e-07
20.97	7.8195650e-07
21.00	1.2524545e-06
21.04	1.9311522e-06
21.07	2.8753446e-06
21.11	4.1459913e-06
21.14	5.8048188e-06
21.17	7.9112513e-06
21.21	1.0519549e-05
21.24	1.3676493e-05
21.28	1.7419886e-05
21.31	2.1778003e-05
21.34	2.6770027e-05
21.38	3.2407362e-05
21.41	3.8695643e-05
21.45	4.5637214e-05
21.48	5.3233820e-05
21.52	6.1489299e-05
21.55	7.0412087e-05
21.58	8.0017424e-05
21.62	9.0329206e-05
21.65	1.0138148e-04
21.69	1.1321962e-04
21.72	1.2590128e-04
21.75	1.3949714e-04
21.79	1.5409167e-04
21.82	1.6978392e-04
21.86	1.8668836e-04
21.89	2.0493606e-04
21.92	2.2467609e-04
21.96	2.4607736e-04
21.99	2.6933093e-04
22.03	2.9465287e-04
22.06	3.2228794e-04
22.09	3.5251401e-04
22.13	3.8564767e-04
22.16	4.2205112e-04
22.20	4.6214079e-04
22.23	5.0639814e-04
22.26	5.5538328e-04
22.30	6.0975241e-04
22.33	6.7028030e-04
22.37	7.3788988e-04
22.40	8.1369172e-04
22.43	8.9903840e-04
22.47	9.9560233e-04
22.50	1.1054951e-03
22.54	1.2314701e-03
22.57	1.3773099e-03
22.61	1.5486336e-03
22.64	1.7546230e-03
22.67	2.0115918e-03
22.71	2.3498561e-03
22.74	2.8257661e-03
22.78	3.5405903e-03
22.81	4.6666816e-03
22.84	6.4787359e-03
22.88	9.3843144e-03
22.91	1.3944262e-02
22.95	2.0871838e-02
22.98	3.1000752e-02
23.01	4.5217344e-02
23.05	6.4360075e-02
23.08	8.9098121e-02
23.12	1.1980772e-01
23.15	1.5646785e-01
23.18	1.9859497e-01
23.22	2.4523034e-01
23.25	2.9498439e-01
23.29	3.4613324e-01
23.32	3.9675400e-01
23.35	4.4488048e-01
23.39	4.8865890e-01
23.42	5.2648500e-01
23.46	5.5710828e-01
23.49	5.7969518e-01
23.53	5.9384927e-01
23.56	5.9959226e-01
23.59	5.9731381e-01
23.63	5.8770027e-01
23.66	5.7165295e-01
23.70	5.5020552e-01
23.73	5.2444789e-01
23.76	4.9546160e-01
23.80	4.6426934e-01
23.83	4.3179905e-01
23.87	3.9886170e-01
23.90	3.6614078e-01
23.93	3.3419119e-01
23.97	3.0344504e-01
24.00	2.7422209e-01
24.04	2.4674296e-01
24.07	2.2114354e-01
24.10	1.9748948e-01
24.14	1.7578991e-01
24.17	1.5600997e-01
24.21	1.3808181e-01
24.24	1.2191406e-01
24.27	1.0739963e-01
24.31	9.4422169e-02
24.34	8.2861046e-02
24.38	7.2595325e-02
24.41	6.3506668e-02
24.44	5.5481436e-02
24.48	4.8412137e-02
24.51	4.2198326e-02
24.55	3.6747092e-02
24.58	3.1973228e-02
24.62	2.7799159e-02
24.65	2.4154704e-02
24.68	2.0976716e-02
24.72	1.8208648e-02
24.75	1.5800077e-02
24.79	1.3706205e-02
24.82	1.1887366e-02
24.85	1.0308537e-02
24.89	8.9388763e-03
24.92	7.7512906e-03
24.96	6.7220260e-03
24.99	5.8302969e-03
25.02	5.0579456e-03
25.06	4.3891342e-03
25.09	3.8100671e-03
25.13	3.3087422e-03
25.16	2.8747293e-03
25.19	2.4989731e-03
25.23	2.1736191e-03
25.26	1.8918594e-03
25.30	1.6477974e-03
25.33	1.4363292e-03
25.36	1.2530389e-03
25.40	1.0941083e-03
25.43	9.5623675e-04
25.47	8.3657211e-04
25.50	7.3265061e-04
25.54	6.4234430e-04
25.57	5.6381560e-04
25.60	4.9547786e-04
25.64	4.3596116e-04
25.67	3.8408270e-04
25.71	3.3882122e-04
25.74	2.9929486e-04
25.77	2.6474199e-04
25.81	2.3450473e-04
25.84	2.0801469e-04
25.88	1.8478061e-04
25.91	1.6437780e-04
25.94	1.4643896e-04
25.98	1.3064631e-04
26.01	1.1672475e-04
26.05	1.0443604e-04
26.08	9.3573712e-05
26.11	8.3958742e-05
26.15	7.5435793e-05
26.18	6.7869980e-05
26.22	6.1144094e-05
26.25	5.5156193e-05
26.28	4.9817544e-05
26.32	4.5050837e-05
26.35	4.0788648e-05
26.39	3.6972117e-05
26.42	3.3549804e-05
26.45	3.0476703e-05
26.49	2.7713393e-05
26.52	2.5225304e-05
26.56	2.2982078e-05
26.59	2.0957027e-05
26.63	1.9126655e-05
26.66	1.7470249e-05
26.69	1.5969525e-05
26.73	1.4608318e-05
26.76	1.3372321e-05
26.80	1.2248847e-05
26.83	1.1226634e-05
26.86	1.0295667e-05
26.90	9.4470288e-06
26.93	8.6727676e-06
26.97	7.9657819e-06
27.00	7.3197201e-06
