# NeutrinoAntineutrinoInteraction/NeutrinoAntineutrinoResonanceBottom interaction rates
# neutrino field: massive Cosmic Neutrino Background, T_CnuB = 1.94535456 K
# Produced with crpropa-data version: 60a1560e37035039ec25f414e0c42a2444bad49c
# log10(E/eV), 1/lambda [1/Mpc]
16.78	0.0000000e+00
16.81	0.0000000e+00
16.85	0.0000000e+00
16.88	0.0000000e+00
16.92	0.0000000e+00
16.95	0.0000000e+00
16.98	0.0000000e+00
17.02	0.0000000e+00
17.05	0.0000000e+00
17.09	0.0000000e+00
17.12	0.0000000e+00
17.15	0.0000000e+00
17.19	0.0000000e+00
17.22	0.0000000e+00
17.26	0.0000000e+00
17.29	0.0000000e+00
17.32	0.0000000e+00
17.36	0.0000000e+00
17.39	0.0000000e+00
17.43	0.0000000e+00
17.46	0.0000000e+00
17.49	0.0000000e+00
17.53	0.0000000e+00
17.56	0.0000000e+00
17.60	0.0000000e+00
17.63	0.0000000e+00
17.67	0.0000000e+00
17.70	0.0000000e+00
17.73	0.0000000e+00
17.77	0.0000000e+00
17.80	0.0000000e+00
17.84	0.0000000e+00
17.87	0.0000000e+00
17.90	0.0000000e+00
17.94	0.0000000e+00
17.97	0.0000000e+00
18.01	0.0000000e+00
18.04	0.0000000e+00
18.07	0.0000000e+00
18.11	0.0000000e+00
18.14	0.0000000e+00
18.18	0.0000000e+00
18.21	0.0000000e+00
18.24	0.0000000e+00
18.28	0.0000000e+00
18.31	0.0000000e+00
18.35	0.0000000e+00
18.38	0.0000000e+00
18.41	0.0000000e+00
18.45	0.0000000e+00
18.48	0.0000000e+00
18.52	0.0000000e+00
18.55	0.0000000e+00
18.59	0.0000000e+00
18.62	0.0000000e+00
18.65	0.0000000e+00
18.69	0.0000000e+00
18.72	1.4617363e-277
18.76	1.1323793e-256
18.79	2.3149625e-237
18.82	1.6429512e-219
18.86	5.2161260e-203
18.89	9.3652756e-188
18.93	1.1810484e-173
18.96	1.2782437e-160
18.99	1.4289506e-148
19.03	1.9582441e-137
19.06	3.8542408e-127
19.10	1.2613071e-117
19.13	7.8578389e-109
19.16	1.0561867e-100
19.20	3.4386501e-93
19.23	3.0179221e-86
19.27	7.8824054e-80
19.30	6.7136300e-74
19.33	2.0292005e-68
19.37	2.3534899e-63
19.40	1.1259248e-58
19.44	2.3754075e-54
19.47	2.3508851e-50
19.51	1.1555752e-46
19.54	2.9742417e-43
19.57	4.2089459e-40
19.61	3.4260826e-37
19.64	1.6725511e-34
19.68	5.0895655e-32
19.71	1.0004618e-29
19.74	1.3130134e-27
19.78	1.1861422e-25
19.81	7.5867332e-24
19.85	3.5265627e-22
19.88	1.2203994e-20
19.91	3.2150799e-19
19.95	6.5822973e-18
19.98	1.0674350e-16
20.02	1.3955413e-15
20.05	1.4950796e-14
20.08	1.3324680e-13
20.12	1.0017944e-12
20.15	6.4362548e-12
20.19	3.5760526e-11
20.22	1.7373419e-10
20.25	7.4561244e-10
20.29	2.8535894e-09
20.32	9.8246680e-09
20.36	3.0676567e-08
20.39	8.7520741e-08
20.42	2.2974277e-07
20.46	5.5845397e-07
20.49	1.2645310e-06
20.53	2.6820037e-06
20.56	5.3554043e-06
20.60	1.0115337e-05
20.63	1.8152027e-05
20.66	3.1073381e-05
20.70	5.0933473e-05
20.73	8.0219999e-05
20.77	1.2179496e-04
20.80	1.7879028e-04
20.83	2.5446797e-04
20.87	3.5206050e-04
20.90	4.7461079e-04
20.94	6.2483125e-04
20.97	8.0499855e-04
21.00	1.0168955e-03
21.04	1.2618045e-03
21.07	1.5405521e-03
21.11	1.8535950e-03
21.14	2.2011391e-03
21.17	2.5832770e-03
21.21	3.0001319e-03
21.24	3.4519961e-03
21.28	3.9394579e-03
21.31	4.4635103e-03
21.34	5.0256403e-03
21.38	5.6279007e-03
21.41	6.2729662e-03
21.45	6.9641792e-03
21.48	7.7055891e-03
21.52	8.5019914e-03
21.55	9.3589709e-03
21.58	1.0282954e-02
21.62	1.1281274e-02
21.65	1.2362258e-02
21.69	1.3535327e-02
21.72	1.4811141e-02
21.75	1.6201756e-02
21.79	1.7720845e-02
21.82	1.9383950e-02
21.86	2.1208810e-02
21.89	2.3215761e-02
21.92	2.5428237e-02
21.96	2.7873403e-02
21.99	3.0582954e-02
22.03	3.3594145e-02
22.06	3.6951123e-02
22.09	4.0706696e-02
22.13	4.4924726e-02
22.16	4.9683458e-02
22.20	5.5080425e-02
22.23	6.1240266e-02
22.26	6.8328706e-02
22.30	7.6580484e-02
22.33	8.6358669e-02
22.37	9.8280436e-02
22.40	1.1347012e-01
22.43	1.3402791e-01
22.47	1.6381398e-01
22.50	2.0961735e-01
22.54	2.8268097e-01
22.57	4.0038825e-01
22.61	5.8771658e-01
22.64	8.7790450e-01
22.67	1.3117484e+00
22.71	1.9351023e+00
22.74	2.7944962e+00
22.78	3.9312414e+00
22.81	5.3748205e+00
22.84	7.1366477e+00
22.88	9.2053288e+00
22.91	1.1544346e+01
22.95	1.4092690e+01
22.98	1.6768458e+01
23.01	1.9474951e+01
23.05	2.2108426e+01
23.08	2.4566467e+01
23.12	2.6755900e+01
23.15	2.8599379e+01
23.18	3.0039994e+01
23.22	3.1043621e+01
23.25	3.1599064e+01
23.29	3.1716272e+01
23.32	3.1423135e+01
23.35	3.0761410e+01
23.39	2.9782319e+01
23.42	2.8542288e+01
23.46	2.7099160e+01
23.49	2.5509087e+01
23.53	2.3824194e+01
23.56	2.2091006e+01
23.59	2.0349547e+01
23.63	1.8633025e+01
23.66	1.6967934e+01
23.70	1.5374492e+01
23.73	1.3867260e+01
23.76	1.2455881e+01
23.80	1.1145847e+01
23.83	9.9392560e+00
23.87	8.8355099e+00
23.90	7.8319455e+00
23.93	6.9243806e+00
23.97	6.1075770e+00
24.00	5.3756208e+00
24.04	4.7222303e+00
24.07	4.1409955e+00
24.10	3.6255618e+00
24.14	3.1697650e+00
24.17	2.7677265e+00
24.21	2.4139164e+00
24.24	2.1031910e+00
24.27	1.8308110e+00
24.31	1.5924443e+00
24.34	1.3841577e+00
24.38	1.2024020e+00
24.41	1.0439903e+00
24.44	9.0607425e-01
24.48	7.8611809e-01
24.51	6.8187236e-01
24.55	5.9134776e-01
24.58	5.1278998e-01
24.62	4.4465581e-01
24.65	3.8559072e-01
24.68	3.3440821e-01
24.72	2.9007082e-01
24.75	2.5167286e-01
24.79	2.1842483e-01
24.82	1.8963940e-01
24.85	1.6471890e-01
24.89	1.4314417e-01
24.92	1.2446465e-01
24.96	1.0828966e-01
24.99	9.4280692e-02
25.02	8.2144634e-02
25.06	7.1627827e-02
25.09	6.2510867e-02
25.13	5.4604060e-02
25.16	4.7743464e-02
25.19	4.1787431e-02
25.23	3.6613609e-02
25.26	3.2116333e-02
25.30	2.8204361e-02
25.33	2.4798912e-02
25.36	2.1831969e-02
25.40	1.9244803e-02
25.43	1.6986704e-02
25.47	1.5013883e-02
25.50	1.3288518e-02
25.54	1.1777934e-02
25.57	1.0453899e-02
25.60	9.2920089e-03
25.64	8.2711630e-03
25.67	7.3731087e-03
25.71	6.5820507e-03
25.74	5.8843130e-03
25.77	5.2680482e-03
25.81	4.7229871e-03
25.84	4.2402225e-03
25.88	3.8120234e-03
25.91	3.4316747e-03
25.94	3.0933388e-03
25.98	2.7919372e-03
26.01	2.5230473e-03
26.05	2.2828142e-03
26.08	2.0678749e-03
26.11	1.8752917e-03
26.15	1.7024964e-03
26.18	1.5472409e-03
26.22	1.4075547e-03
26.25	1.2817092e-03
26.28	1.1681856e-03
26.32	1.0656477e-03
26.35	9.7291862e-04
26.39	8.8896023e-04
26.42	8.1285556e-04
26.45	7.4379350e-04
26.49	6.8105554e-04
26.52	6.2400431e-04
26.56	5.7207356e-04
26.59	5.2475949e-04
26.63	4.8161321e-04
26.66	4.4223418e-04
26.69	4.0626446e-04
26.73	3.7338371e-04
26.76	3.4330485e-04
26.80	3.1577025e-04
26.83	2.9054836e-04
26.86	2.6743080e-04
26.90	2.4622978e-04
26.93	2.2677590e-04
26.97	2.0891605e-04
27.00	1.9251180e-04
