# NeutrinoAntineutrinoInteraction/NeutrinoAntineutrinoResonanceBottom interaction rates
# neutrino field: massive Cosmic Neutrino Background, T_CnuB = 1.94535456 K
# Produced with crpropa-data version: 60a1560e37035039ec25f414e0c42a2444bad49c
# log10(E/eV), 1/lambda [1/Mpc]
17.05	0.0000000e+00
17.09	0.0000000e+00
17.12	0.0000000e+00
17.15	0.0000000e+00
17.19	0.0000000e+00
17.22	0.0000000e+00
17.26	0.0000000e+00
17.29	0.0000000e+00
17.32	0.0000000e+00
17.36	0.0000000e+00
17.39	0.0000000e+00
17.43	0.0000000e+00
17.46	0.0000000e+00
17.49	0.0000000e+00
17.53	0.0000000e+00
17.56	0.0000000e+00
17.60	0.0000000e+00
17.63	0.0000000e+00
17.67	0.0000000e+00
17.70	0.0000000e+00
17.73	0.0000000e+00
17.77	0.0000000e+00
17.80	0.0000000e+00
17.84	0.0000000e+00
17.87	0.0000000e+00
17.90	0.0000000e+00
17.94	0.0000000e+00
17.97	0.0000000e+00
18.01	0.0000000e+00
18.04	0.0000000e+00
18.07	0.0000000e+00
18.11	0.0000000e+00
18.14	0.0000000e+00
18.18	0.0000000e+00
18.21	0.0000000e+00
18.24	0.0000000e+00
18.28	0.0000000e+00
18.31	0.0000000e+00
18.35	0.0000000e+00
18.38	0.0000000e+00
18.41	0.0000000e+00
18.45	0.0000000e+00
18.48	0.0000000e+00
18.52	0.0000000e+00
18.55	0.0000000e+00
18.59	0.0000000e+00
18.62	0.0000000e+00
18.65	0.0000000e+00
18.69	0.0000000e+00
18.72	0.0000000e+00
18.76	0.0000000e+00
18.79	0.0000000e+00
18.82	0.0000000e+00
18.86	0.0000000e+00
18.89	0.0000000e+00
18.93	0.0000000e+00
18.96	0.0000000e+00
18.99	0.0000000e+00
19.03	3.8149884e-267
19.06	3.6545876e-247
19.10	1.0836212e-228
19.13	1.2928441e-211
19.16	7.9102252e-196
19.20	3.1060427e-181
19.23	9.6307639e-168
19.27	2.8564001e-155
19.30	9.6755720e-144
19.33	4.4098706e-133
19.37	3.1469884e-123
19.40	4.0453345e-114
19.44	1.0663252e-105
19.47	6.4975442e-98
19.51	1.0225022e-90
19.54	4.6040999e-84
19.57	6.5215884e-78
19.61	3.1721871e-72
19.64	5.7460519e-67
19.68	4.1778290e-62
19.71	1.3068438e-57
19.74	1.8752180e-53
19.78	1.3098169e-49
19.81	4.7048597e-46
19.85	9.1437291e-43
19.88	1.0077573e-39
19.91	6.5786468e-37
19.95	2.6481921e-34
19.98	6.8230339e-32
20.02	1.1646637e-29
20.05	1.3598345e-27
20.08	1.1185951e-25
20.12	6.6626713e-24
20.15	2.9472648e-22
20.19	9.9123421e-21
20.22	2.5903292e-19
20.25	5.3664719e-18
20.29	8.9796526e-17
20.32	1.2346411e-15
20.36	1.4172210e-14
20.39	1.3782263e-13
20.42	1.1509409e-12
20.46	8.3562612e-12
20.49	5.3345679e-11
20.53	3.0250998e-10
20.56	1.5376630e-09
20.60	7.0606386e-09
20.63	2.9472719e-08
20.66	1.1232554e-07
20.70	3.9144960e-07
20.73	1.2433724e-06
20.77	3.5547760e-06
20.80	8.8557372e-06
20.83	1.7965278e-05
20.87	2.8223731e-05
20.90	3.8082660e-05
20.94	4.7676273e-05
20.97	5.7142986e-05
21.00	6.6610094e-05
21.04	7.6196267e-05
21.07	8.6013781e-05
21.11	9.6170535e-05
21.14	1.0677191e-04
21.17	1.1792248e-04
21.21	1.2972769e-04
21.24	1.4229539e-04
21.28	1.5573749e-04
21.31	1.7017149e-04
21.34	1.8572219e-04
21.38	2.0252341e-04
21.41	2.2071992e-04
21.45	2.4046946e-04
21.48	2.6194512e-04
21.52	2.8533790e-04
21.55	3.1085970e-04
21.58	3.3874680e-04
21.62	3.6926383e-04
21.65	4.0270849e-04
21.69	4.3941711e-04
21.72	4.7977128e-04
21.75	5.2420581e-04
21.79	5.7321830e-04
21.82	6.2738077e-04
21.86	6.8735394e-04
21.89	7.5390477e-04
21.92	8.2792824e-04
21.96	9.1047453e-04
21.99	1.0027834e-03
22.03	1.1063276e-03
22.06	1.2228692e-03
22.09	1.3545319e-03
22.13	1.5038963e-03
22.16	1.6741259e-03
22.20	1.8691371e-03
22.23	2.0938307e-03
22.26	2.3544128e-03
22.30	2.6588482e-03
22.33	3.0175148e-03
22.37	3.4441694e-03
22.40	3.9574171e-03
22.43	4.5830257e-03
22.47	5.3577483e-03
22.50	6.3360902e-03
22.54	7.6035694e-03
22.57	9.3063508e-03
22.61	1.1726459e-02
22.64	1.5488391e-02
22.67	2.2134989e-02
22.71	3.5665590e-02
22.74	6.6272092e-02
22.78	1.3796228e-01
22.81	2.9871222e-01
22.84	6.1251584e-01
22.88	1.0570979e+00
22.91	1.3151076e+00
22.95	1.2218527e+00
22.98	1.0720292e+00
23.01	9.3010841e-01
23.05	8.0341311e-01
23.08	6.9240125e-01
23.12	5.9593468e-01
23.15	5.1247623e-01
23.18	4.4046056e-01
23.22	3.7842284e-01
23.25	3.2504104e-01
23.29	2.7914381e-01
23.32	2.3970423e-01
23.35	2.0582783e-01
23.39	1.7673878e-01
23.42	1.5176611e-01
23.46	1.3033076e-01
23.49	1.1193368e-01
23.53	9.6145317e-02
23.56	8.2596207e-02
23.59	7.0968809e-02
23.63	6.0990337e-02
23.66	5.2426555e-02
23.70	4.5076392e-02
23.73	3.8767295e-02
23.76	3.3351213e-02
23.80	2.8701140e-02
23.83	2.4708141e-02
23.87	2.1278785e-02
23.90	1.8332951e-02
23.93	1.5801932e-02
23.97	1.3626810e-02
24.00	1.1757068e-02
24.04	1.0149385e-02
24.07	8.7666163e-03
24.10	7.5769090e-03
24.14	6.5529481e-03
24.17	5.6713086e-03
24.21	4.9118996e-03
24.24	4.2574894e-03
24.27	3.6932964e-03
24.31	3.2066400e-03
24.34	2.7866400e-03
24.38	2.4239603e-03
24.41	2.1105883e-03
24.44	1.8396461e-03
24.48	1.6052288e-03
24.51	1.4022660e-03
24.55	1.2264027e-03
24.58	1.0738977e-03
24.62	9.4153615e-04
24.65	8.2655469e-04
24.68	7.2657750e-04
24.72	6.3956120e-04
24.75	5.6374777e-04
24.79	4.9762411e-04
24.82	4.3988744e-04
24.85	3.8941559e-04
24.89	3.4524152e-04
24.92	3.0653145e-04
24.96	2.7256619e-04
24.99	2.4272497e-04
25.02	2.1647172e-04
25.06	1.9334322e-04
25.09	1.7293891e-04
25.13	1.5491219e-04
25.16	1.3896292e-04
25.19	1.2483103e-04
25.23	1.1229092e-04
25.26	1.0114678e-04
25.30	9.1228475e-05
25.33	8.2388042e-05
25.36	7.4496673e-05
25.40	6.7442119e-05
25.43	6.1126456e-05
25.47	5.5464162e-05
25.50	5.0380455e-05
25.54	4.5809869e-05
25.57	4.1695020e-05
25.60	3.7985543e-05
25.64	3.4637175e-05
25.67	3.1610965e-05
25.71	2.8872586e-05
25.74	2.6391746e-05
25.77	2.4141674e-05
25.81	2.2098677e-05
25.84	2.0241754e-05
25.88	1.8552263e-05
25.91	1.7013633e-05
25.94	1.5611112e-05
25.98	1.4331543e-05
26.01	1.3163180e-05
26.05	1.2095520e-05
26.08	1.1119155e-05
26.11	1.0225650e-05
26.15	9.4074263e-06
26.18	8.6576711e-06
26.22	7.9702476e-06
26.25	7.3396220e-06
26.28	6.7607979e-06
26.32	6.2292584e-06
26.35	5.7409151e-06
26.39	5.2920631e-06
26.42	4.8793413e-06
26.45	4.4996973e-06
26.49	4.1503560e-06
26.52	3.8287918e-06
26.56	3.5327042e-06
26.59	3.2599960e-06
26.63	3.0087531e-06
26.66	2.7772278e-06
26.69	2.5638226e-06
26.73	2.3670764e-06
26.76	2.1856517e-06
26.80	2.0183239e-06
26.83	1.8639704e-06
26.86	1.7215618e-06
26.90	1.5901538e-06
26.93	1.4688795e-06
26.97	1.3569427e-06
27.00	1.2536118e-06
