# NeutrinoAntineutrinoInteraction/NeutrinoAntineutrinoResonanceBottom interaction rates
# neutrino field: massive Cosmic Neutrino Background, T_CnuB = 1.94535456 K
# Produced with crpropa-data version: 60a1560e37035039ec25f414e0c42a2444bad49c
# log10(E/eV), 1/lambda [1/Mpc]
17.19	0.0000000e+00
17.22	0.0000000e+00
17.26	0.0000000e+00
17.29	0.0000000e+00
17.32	0.0000000e+00
17.36	0.0000000e+00
17.39	0.0000000e+00
17.43	0.0000000e+00
17.46	0.0000000e+00
17.49	0.0000000e+00
17.53	0.0000000e+00
17.56	0.0000000e+00
17.60	0.0000000e+00
17.63	0.0000000e+00
17.67	0.0000000e+00
17.70	0.0000000e+00
17.73	0.0000000e+00
17.77	0.0000000e+00
17.80	0.0000000e+00
17.84	0.0000000e+00
17.87	0.0000000e+00
17.90	0.0000000e+00
17.94	0.0000000e+00
17.97	0.0000000e+00
18.01	0.0000000e+00
18.04	0.0000000e+00
18.07	0.0000000e+00
18.11	0.0000000e+00
18.14	0.0000000e+00
18.18	0.0000000e+00
18.21	0.0000000e+00
18.24	0.0000000e+00
18.28	0.0000000e+00
18.31	0.0000000e+00
18.35	0.0000000e+00
18.38	0.0000000e+00
18.41	0.0000000e+00
18.45	0.0000000e+00
18.48	0.0000000e+00
18.52	0.0000000e+00
18.55	0.0000000e+00
18.59	0.0000000e+00
18.62	0.0000000e+00
18.65	0.0000000e+00
18.69	0.0000000e+00
18.72	0.0000000e+00
18.76	0.0000000e+00
18.79	0.0000000e+00
18.82	0.0000000e+00
18.86	0.0000000e+00
18.89	0.0000000e+00
18.93	0.0000000e+00
18.96	0.0000000e+00
18.99	0.0000000e+00
19.03	0.0000000e+00
19.06	0.0000000e+00
19.10	0.0000000e+00
19.13	3.4875357e-282
19.16	3.9312362e-261
19.20	1.1368875e-241
19.23	1.1120164e-223
19.27	4.7498712e-207
19.30	1.1220934e-191
19.33	1.8239458e-177
19.37	2.4965101e-164
19.40	3.4680041e-152
19.44	5.8105860e-141
19.47	1.3774247e-130
19.51	5.3543662e-121
19.54	3.9119279e-112
19.57	6.0939225e-104
19.61	2.2744414e-96
19.64	2.2654385e-89
19.68	6.6531186e-83
19.71	6.3171884e-77
19.74	2.1118297e-71
19.78	2.6893668e-66
19.81	1.4032535e-61
19.85	3.2090033e-57
19.88	3.4229398e-53
19.91	1.8039778e-49
19.95	4.9543689e-46
19.98	7.4481771e-43
20.02	6.4148121e-40
20.05	3.3011716e-37
20.08	1.0553658e-34
20.12	2.1727809e-32
20.15	2.9782195e-30
20.19	2.8027667e-28
20.22	1.8632110e-26
20.25	8.9827047e-25
20.29	3.2180097e-23
20.32	8.7613856e-22
20.36	1.8509659e-20
20.39	3.0932822e-19
20.42	4.1625851e-18
20.46	4.5853776e-17
20.49	4.1982101e-16
20.53	3.2399789e-15
20.56	2.1353130e-14
20.60	1.2163250e-13
20.63	6.0553713e-13
20.66	2.6619845e-12
20.70	1.0432247e-11
20.73	3.6768862e-11
20.77	1.1750233e-10
20.80	3.4303898e-10
20.83	9.2127726e-10
20.87	2.2907445e-09
20.90	5.3049200e-09
20.94	1.1504702e-08
20.97	2.3483368e-08
21.00	4.5326915e-08
21.04	8.3085293e-08
21.07	1.4520282e-07
21.11	2.4281617e-07
21.14	3.8982216e-07
21.17	6.0262863e-07
21.21	8.9952912e-07
21.24	1.2996831e-06
21.28	1.8217327e-06
21.31	2.4821425e-06
21.34	3.2934046e-06
21.38	4.2623141e-06
21.41	5.3885818e-06
21.45	6.6641044e-06
21.48	8.0732417e-06
21.52	9.5944204e-06
21.55	1.1203265e-05
21.58	1.2877299e-05
21.62	1.4602526e-05
21.65	1.6383765e-05
21.69	1.8239220e-05
21.72	2.0187838e-05
21.75	2.2248704e-05
21.79	2.4441345e-05
21.82	2.6786030e-05
21.86	2.9304079e-05
21.89	3.2018187e-05
21.92	3.4952769e-05
21.96	3.8134337e-05
21.99	4.1591920e-05
22.03	4.5357539e-05
22.06	4.9466747e-05
22.09	5.3959263e-05
22.13	5.8879714e-05
22.16	6.4278509e-05
22.20	7.0212896e-05
22.23	7.6748231e-05
22.26	8.3959534e-05
22.30	9.1933391e-05
22.33	1.0077033e-04
22.37	1.1058781e-04
22.40	1.2152397e-04
22.43	1.3374252e-04
22.47	1.4743904e-04
22.50	1.6284938e-04
22.54	1.8026096e-04
22.57	2.0002856e-04
22.61	2.2259718e-04
22.64	2.4853789e-04
22.67	2.7860976e-04
22.71	3.1388021e-04
22.74	3.5597689e-04
22.78	4.0762412e-04
22.81	4.7374306e-04
22.84	5.6355349e-04
22.88	6.9423739e-04
22.91	8.9669056e-04
22.95	1.2235500e-03
22.98	1.7589547e-03
23.01	2.6284361e-03
23.05	4.0062127e-03
23.08	6.1163895e-03
23.12	9.2245629e-03
23.15	1.3617324e-02
23.18	1.9569068e-02
23.22	2.7297944e-02
23.25	3.6915212e-02
23.29	4.8374174e-02
23.32	6.1425998e-02
23.35	7.5590173e-02
23.39	9.0147194e-02
23.42	1.0416077e-01
23.46	1.1653609e-01
23.49	1.2611916e-01
23.53	1.3183829e-01
23.56	1.3288179e-01
23.59	1.2889487e-01
23.63	1.2017021e-01
23.66	1.0781883e-01
23.70	9.3994455e-02
23.73	8.1146255e-02
23.76	6.9879811e-02
23.80	6.0108179e-02
23.83	5.1669021e-02
23.87	4.4396852e-02
23.90	3.8138675e-02
23.93	3.2757781e-02
23.97	2.8133929e-02
24.00	2.4162255e-02
24.04	2.0751769e-02
24.07	1.7823778e-02
24.10	1.5310373e-02
24.14	1.3153042e-02
24.17	1.1301425e-02
24.21	9.7122193e-03
24.24	8.3482106e-03
24.27	7.1774348e-03
24.31	6.1724474e-03
24.34	5.3096922e-03
24.38	4.5689547e-03
24.41	3.9328920e-03
24.44	3.3866267e-03
24.48	2.9173981e-03
24.51	2.5142620e-03
24.55	2.1678325e-03
24.58	1.8700609e-03
24.62	1.6140447e-03
24.65	1.3938650e-03
24.68	1.2044459e-03
24.72	1.0414345e-03
24.75	9.0109770e-04
24.79	7.8023363e-04
24.82	6.7609613e-04
24.85	5.8632948e-04
24.89	5.0891281e-04
24.92	4.4211222e-04
24.96	3.8443992e-04
24.99	3.3461904e-04
25.02	2.9155362e-04
25.06	2.5430280e-04
25.09	2.2205868e-04
25.13	1.9412743e-04
25.16	1.6991304e-04
25.19	1.4890340e-04
25.23	1.3065836e-04
25.26	1.1479952e-04
25.30	1.0100149e-04
25.33	8.8984332e-05
25.36	7.8507147e-05
25.40	6.9362550e-05
25.43	6.1371929e-05
25.47	5.4381388e-05
25.50	4.8258267e-05
25.54	4.2888150e-05
25.57	3.8172305e-05
25.60	3.4025486e-05
25.64	3.0374048e-05
25.67	2.7154324e-05
25.71	2.4311237e-05
25.74	2.1797107e-05
25.77	1.9570627e-05
25.81	1.7595981e-05
25.84	1.5842087e-05
25.88	1.4281951e-05
25.91	1.2892102e-05
25.94	1.1652118e-05
25.98	1.0544207e-05
26.01	9.5528548e-06
26.05	8.6645160e-06
26.08	7.8673527e-06
26.11	7.1510057e-06
26.15	6.5063988e-06
26.18	5.9255697e-06
26.22	5.4015242e-06
26.25	4.9281104e-06
26.28	4.4999095e-06
26.32	4.1121421e-06
26.35	3.7605863e-06
26.39	3.4415076e-06
26.42	3.1515979e-06
26.45	2.8879221e-06
26.49	2.6478724e-06
26.52	2.4291283e-06
26.56	2.2296220e-06
26.59	2.0475081e-06
26.63	1.8811369e-06
26.66	1.7290321e-06
26.69	1.5898704e-06
26.73	1.4624636e-06
26.76	1.3457440e-06
26.80	1.2387504e-06
26.83	1.1406163e-06
26.86	1.0505599e-06
26.90	9.6787463e-07
26.93	8.9192124e-07
26.97	8.2212069e-07
27.00	7.5794788e-07
