# NeutrinoAntineutrinoInteraction/NeutrinoAntineutrinoResonanceBottom interaction rates
# neutrino field: massive Cosmic Neutrino Background, T_CnuB = 1.94535456 K
# Produced with crpropa-data version: 60a1560e37035039ec25f414e0c42a2444bad49c
# log10(E/eV), 1/lambda [1/Mpc]
16.54	0.0000000e+00
16.58	0.0000000e+00
16.61	0.0000000e+00
16.64	0.0000000e+00
16.68	0.0000000e+00
16.71	0.0000000e+00
16.75	0.0000000e+00
16.78	0.0000000e+00
16.81	0.0000000e+00
16.85	0.0000000e+00
16.88	0.0000000e+00
16.92	0.0000000e+00
16.95	0.0000000e+00
16.98	0.0000000e+00
17.02	0.0000000e+00
17.05	0.0000000e+00
17.09	0.0000000e+00
17.12	0.0000000e+00
17.15	0.0000000e+00
17.19	0.0000000e+00
17.22	0.0000000e+00
17.26	0.0000000e+00
17.29	0.0000000e+00
17.32	0.0000000e+00
17.36	0.0000000e+00
17.39	0.0000000e+00
17.43	0.0000000e+00
17.46	0.0000000e+00
17.49	0.0000000e+00
17.53	0.0000000e+00
17.56	0.0000000e+00
17.60	0.0000000e+00
17.63	0.0000000e+00
17.67	0.0000000e+00
17.70	0.0000000e+00
17.73	0.0000000e+00
17.77	0.0000000e+00
17.80	0.0000000e+00
17.84	0.0000000e+00
17.87	0.0000000e+00
17.90	0.0000000e+00
17.94	0.0000000e+00
17.97	0.0000000e+00
18.01	0.0000000e+00
18.04	0.0000000e+00
18.07	0.0000000e+00
18.11	0.0000000e+00
18.14	0.0000000e+00
18.18	0.0000000e+00
18.21	0.0000000e+00
18.24	0.0000000e+00
18.28	0.0000000e+00
18.31	0.0000000e+00
18.35	0.0000000e+00
18.38	0.0000000e+00
18.41	0.0000000e+00
18.45	0.0000000e+00
18.48	0.0000000e+00
18.52	7.6503810e-269
18.55	1.6292519e-248
18.59	1.0093340e-229
18.62	2.3753652e-212
18.65	2.7179234e-196
18.69	1.8994725e-181
18.72	1.0011991e-167
18.76	4.8371684e-155
18.79	2.5653549e-143
18.82	1.7643465e-132
18.86	1.8358338e-122
18.89	3.3325693e-113
18.93	1.2040262e-104
18.96	9.7791656e-97
18.99	1.9984082e-89
19.03	1.1402524e-82
19.06	2.0001322e-76
19.10	1.1789900e-70
19.13	2.5356665e-65
19.16	2.1470678e-60
19.20	7.6792643e-56
19.23	1.2381065e-51
19.27	9.5559691e-48
19.30	3.7326217e-44
19.33	7.7678151e-41
19.37	9.0316890e-38
19.40	6.1306610e-35
19.44	2.5302176e-32
19.47	6.5922599e-30
19.51	1.1225877e-27
19.54	1.2902157e-25
19.57	1.0309931e-23
19.61	5.8874077e-22
19.64	2.4642936e-20
19.68	7.7402551e-19
19.71	1.8644010e-17
19.74	3.5136746e-16
19.78	5.2781635e-15
19.81	6.4292100e-14
19.85	6.4517821e-13
19.88	5.4128349e-12
19.91	3.8484838e-11
19.95	2.3481645e-10
19.98	1.2439030e-09
20.02	5.7827013e-09
20.05	2.3827537e-08
20.08	8.7826746e-08
20.12	2.9205903e-07
20.15	8.8314536e-07
20.19	2.4461239e-06
20.22	6.2480048e-06
20.25	1.4809340e-05
20.29	3.2762395e-05
20.32	6.8012680e-05
20.36	1.3314832e-04
20.39	2.4695157e-04
20.42	4.3578277e-04
20.46	7.3455883e-04
20.49	1.1870572e-03
20.53	1.8453521e-03
20.56	2.7683163e-03
20.60	4.0192804e-03
20.63	5.6630836e-03
20.66	7.7628611e-03
20.70	1.0376961e-02
20.73	1.3556361e-02
20.77	1.7342888e-02
20.80	2.1768415e-02
20.83	2.6855091e-02
20.87	3.2616532e-02
20.90	3.9059779e-02
20.94	4.6187819e-02
20.97	5.4002375e-02
21.00	6.2506747e-02
21.04	7.1708498e-02
21.07	8.1621845e-02
21.11	9.2269687e-02
21.14	1.0368525e-01
21.17	1.1591338e-01
21.21	1.2901162e-01
21.24	1.4305099e-01
21.28	1.5811682e-01
21.31	1.7430949e-01
21.34	1.9174540e-01
21.38	2.1055802e-01
21.41	2.3089935e-01
21.45	2.5294174e-01
21.48	2.7688016e-01
21.52	3.0293512e-01
21.55	3.3135625e-01
21.58	3.6242683e-01
21.62	3.9646929e-01
21.65	4.3385218e-01
21.69	4.7499873e-01
21.72	5.2039761e-01
21.75	5.7061654e-01
21.79	6.2631952e-01
21.82	6.8828914e-01
21.86	7.5745568e-01
21.89	8.3493593e-01
21.92	9.2208609e-01
21.96	1.0205768e+00
21.99	1.1325062e+00
22.03	1.2605866e+00
22.06	1.4084935e+00
22.09	1.5815812e+00
22.13	1.7884136e+00
22.16	2.0439664e+00
22.20	2.3759034e+00
22.23	2.8358192e+00
22.26	3.5173402e+00
22.30	4.5819507e+00
22.33	6.2909756e+00
22.37	9.0384983e+00
22.40	1.3376122e+01
22.43	2.0018021e+01
22.47	2.9815340e+01
22.50	4.3693458e+01
22.54	6.2553434e+01
22.57	8.7148047e+01
22.61	1.1795071e+02
22.64	1.5503962e+02
22.67	1.9801869e+02
22.71	2.4599121e+02
22.74	2.9759321e+02
22.78	3.5108347e+02
22.81	4.0447791e+02
22.84	4.5571002e+02
22.88	5.0279592e+02
22.91	5.4398401e+02
22.95	5.7787295e+02
22.98	6.0348792e+02
23.01	6.2031161e+02
23.05	6.2827287e+02
23.08	6.2770049e+02
23.12	6.1925233e+02
23.15	6.0383120e+02
23.18	5.8249762e+02
23.22	5.5638794e+02
23.25	5.2664357e+02
23.29	4.9435464e+02
23.32	4.6051897e+02
23.35	4.2601573e+02
23.39	3.9159191e+02
23.42	3.5785917e+02
23.46	3.2529852e+02
23.49	2.9427039e+02
23.53	2.6502801e+02
23.56	2.3773233e+02
23.59	2.1246729e+02
23.63	1.8925446e+02
23.66	1.6806647e+02
23.70	1.4883894e+02
23.73	1.3148075e+02
23.76	1.1588262e+02
23.80	1.0192417e+02
23.83	8.9479469e+01
23.87	7.8421468e+01
23.90	6.8625218e+01
23.93	5.9970288e+01
23.97	5.2342405e+01
24.00	4.5634518e+01
24.04	3.9747399e+01
24.07	3.4589884e+01
24.10	3.0078849e+01
24.14	2.6138990e+01
24.17	2.2702477e+01
24.21	1.9708504e+01
24.24	1.7102805e+01
24.27	1.4837128e+01
24.31	1.2868719e+01
24.34	1.1159805e+01
24.38	9.6771058e+00
24.41	8.3913691e+00
24.44	7.2769376e+00
24.48	6.3113511e+00
24.51	5.4749820e+00
24.55	4.7507048e+00
24.58	4.1235977e+00
24.62	3.5806758e+00
24.65	3.1106518e+00
24.68	2.7037248e+00
24.72	2.3513912e+00
24.75	2.0462798e+00
24.79	1.7820051e+00
24.82	1.5530392e+00
24.85	1.3545989e+00
24.89	1.1825480e+00
24.92	1.0333105e+00
24.96	9.0379638e-01
24.99	7.9133606e-01
25.02	6.9362377e-01
25.06	6.0866832e-01
25.09	5.3475039e-01
25.13	4.7038548e-01
25.16	4.1429192e-01
25.19	3.6536304e-01
25.23	3.2264328e-01
25.26	2.8530739e-01
25.30	2.5264255e-01
25.33	2.2403295e-01
25.36	1.9894637e-01
25.40	1.7692278e-01
25.43	1.5756431e-01
25.47	1.4052677e-01
25.50	1.2551226e-01
25.54	1.1226280e-01
25.57	1.0055484e-01
25.60	9.0194593e-02
25.64	8.1013926e-02
25.67	7.2866867e-02
25.71	6.5626596e-02
25.74	5.9182833e-02
25.77	5.3439607e-02
25.81	4.8313318e-02
25.84	4.3731072e-02
25.88	3.9629250e-02
25.91	3.5952265e-02
25.94	3.2651497e-02
25.98	2.9684369e-02
26.01	2.7013552e-02
26.05	2.4606278e-02
26.08	2.2433745e-02
26.11	2.0470607e-02
26.15	1.8694523e-02
26.18	1.7085782e-02
26.22	1.5626960e-02
26.25	1.4302640e-02
26.28	1.3099158e-02
26.32	1.2004387e-02
26.35	1.1007546e-02
26.39	1.0099039e-02
26.42	9.2703141e-03
26.45	8.5137326e-03
26.49	7.8224668e-03
26.52	7.1904033e-03
26.56	6.6120605e-03
26.59	6.0825164e-03
26.63	5.5973455e-03
26.66	5.1525632e-03
26.69	4.7445773e-03
26.73	4.3701451e-03
26.76	4.0263356e-03
26.80	3.7104966e-03
26.83	3.4202252e-03
26.86	3.1533419e-03
26.90	2.9078677e-03
26.93	2.6820040e-03
26.97	2.4741140e-03
27.00	2.2827072e-03
