# NeutrinoNeutrinoInteraction/NeutrinoiNeutrinojElastic interaction rates
# neutrino field: massive Cosmic Neutrino Background, T_CnuB = 1.94535456 K
# Produced with crpropa-data version: 34240bf825c959521ec71bc1e6d82591f4f17700
# log10(E/eV), 1/lambda [1/Mpc]
10.00	1.4367592e-25
10.03	1.5540041e-25
10.07	1.6808165e-25
10.10	1.8179772e-25
10.14	1.9663308e-25
10.17	2.1267903e-25
10.20	2.3003441e-25
10.24	2.4880605e-25
10.27	2.6910953e-25
10.31	2.9106983e-25
10.34	3.1482217e-25
10.37	3.4051277e-25
10.41	3.6829981e-25
10.44	3.9835438e-25
10.48	4.3086153e-25
10.51	4.6602143e-25
10.55	5.0405060e-25
10.58	5.4518307e-25
10.61	5.8967207e-25
10.65	6.3779150e-25
10.68	6.8983761e-25
10.72	7.4613086e-25
10.75	8.0701779e-25
10.78	8.7287333e-25
10.82	9.4410290e-25
10.85	1.0211451e-24
10.89	1.1044742e-24
10.92	1.1946032e-24
10.95	1.2920869e-24
10.99	1.3975257e-24
11.02	1.5115687e-24
11.06	1.6349181e-24
11.09	1.7683332e-24
11.12	1.9126360e-24
11.16	2.0687145e-24
11.19	2.2375295e-24
11.23	2.4201201e-24
11.26	2.6176109e-24
11.29	2.8312173e-24
11.33	3.0622549e-24
11.36	3.3121458e-24
11.40	3.5824288e-24
11.43	3.8747681e-24
11.46	4.1909633e-24
11.50	4.5329608e-24
11.53	4.9028665e-24
11.57	5.3029577e-24
11.60	5.7356978e-24
11.64	6.2037510e-24
11.67	6.7099995e-24
11.70	7.2575607e-24
11.74	7.8498060e-24
11.77	8.4903803e-24
11.81	9.1832273e-24
11.84	9.9326127e-24
11.87	1.0743150e-23
11.91	1.1619830e-23
11.94	1.2568049e-23
11.98	1.3593647e-23
12.01	1.4702937e-23
12.04	1.5902750e-23
12.08	1.7200470e-23
12.11	1.8604089e-23
12.15	2.0122248e-23
12.18	2.1764293e-23
12.21	2.3540335e-23
12.25	2.5461311e-23
12.28	2.7539045e-23
12.32	2.9786339e-23
12.35	3.2217018e-23
12.38	3.4846049e-23
12.42	3.7689615e-23
12.45	4.0765226e-23
12.49	4.4091815e-23
12.52	4.7689866e-23
12.56	5.1581529e-23
12.59	5.5790768e-23
12.62	6.0343498e-23
12.66	6.5267747e-23
12.69	7.0593827e-23
12.73	7.6354534e-23
12.76	8.2585333e-23
12.79	8.9324588e-23
12.83	9.6613791e-23
12.86	1.0449783e-22
12.90	1.1302525e-22
12.93	1.2224855e-22
12.96	1.3222450e-22
13.00	1.4301451e-22
13.03	1.5468503e-22
13.07	1.6730788e-22
13.10	1.8096081e-22
13.13	1.9572786e-22
13.17	2.1169995e-22
13.20	2.2897542e-22
13.24	2.4766064e-22
13.27	2.6787062e-22
13.30	2.8972981e-22
13.34	3.1337276e-22
13.37	3.3894508e-22
13.41	3.6660418e-22
13.44	3.9652039e-22
13.47	4.2887789e-22
13.51	4.6387601e-22
13.54	5.0173006e-22
13.58	5.4267313e-22
13.61	5.8695725e-22
13.65	6.3485512e-22
13.68	6.8666157e-22
13.71	7.4269563e-22
13.75	8.0330223e-22
13.78	8.6885462e-22
13.82	9.3975632e-22
13.85	1.0164438e-21
13.88	1.0993893e-21
13.92	1.1891033e-21
13.95	1.2861383e-21
13.99	1.3910918e-21
14.02	1.5046098e-21
14.05	1.6273915e-21
14.09	1.7601929e-21
14.12	1.9038315e-21
14.16	2.0591914e-21
14.19	2.2272291e-21
14.22	2.4089792e-21
14.26	2.6055606e-21
14.29	2.8181837e-21
14.33	3.0481575e-21
14.36	3.2968980e-21
14.39	3.5659368e-21
14.43	3.8569300e-21
14.46	4.1716690e-21
14.50	4.5120919e-21
14.53	4.8802942e-21
14.57	5.2785433e-21
14.60	5.7092908e-21
14.63	6.1751895e-21
14.67	6.6791077e-21
14.70	7.2241491e-21
14.74	7.8136670e-21
14.77	8.4512917e-21
14.80	9.1409481e-21
14.84	9.8868830e-21
14.87	1.0693688e-20
14.91	1.1566331e-20
14.94	1.2510185e-20
14.97	1.3531062e-20
15.01	1.4635246e-20
15.04	1.5829535e-20
15.08	1.7121281e-20
15.11	1.8518438e-20
15.14	2.0029608e-20
15.18	2.1664095e-20
15.21	2.3431962e-20
15.25	2.5344096e-20
15.28	2.7412273e-20
15.31	2.9649221e-20
15.35	3.2068710e-20
15.38	3.4685636e-20
15.42	3.7516111e-20
15.45	4.0577561e-20
15.48	4.3888836e-20
15.52	4.7470320e-20
15.55	5.1344069e-20
15.59	5.5533929e-20
15.62	6.0065696e-20
15.66	6.4967267e-20
15.69	7.0268825e-20
15.72	7.6003004e-20
15.76	8.2205116e-20
15.79	8.8913340e-20
15.83	9.6168989e-20
15.86	1.0401674e-19
15.89	1.1250491e-19
15.93	1.2168574e-19
15.96	1.3161575e-19
16.00	1.4235608e-19
16.03	1.5397285e-19
16.06	1.6653759e-19
16.10	1.8012765e-19
16.13	1.9482671e-19
16.17	2.1072529e-19
16.20	2.2792123e-19
16.23	2.4652042e-19
16.27	2.6663736e-19
16.30	2.8839591e-19
16.34	3.1193004e-19
16.37	3.3738463e-19
16.40	3.6491642e-19
16.44	3.9469495e-19
16.47	4.2690360e-19
16.51	4.6174058e-19
16.54	4.9942036e-19
16.58	5.4017491e-19
16.61	5.8425516e-19
16.64	6.3193248e-19
16.68	6.8350043e-19
16.71	7.3927649e-19
16.75	7.9960410e-19
16.78	8.6485465e-19
16.81	9.3542987e-19
16.85	1.0117642e-18
16.88	1.0943277e-18
16.92	1.1836286e-18
16.95	1.2802169e-18
16.98	1.3846870e-18
17.02	1.4976825e-18
17.05	1.6198990e-18
17.09	1.7520891e-18
17.12	1.8950661e-18
17.15	2.0497106e-18
17.19	2.2169744e-18
17.22	2.3978875e-18
17.26	2.5935637e-18
17.29	2.8052077e-18
17.32	3.0341226e-18
17.36	3.2817181e-18
17.39	3.5495180e-18
17.43	3.8391713e-18
17.46	4.1524611e-18
17.49	4.4913165e-18
17.53	4.8578235e-18
17.56	5.2542389e-18
17.60	5.6830034e-18
17.63	6.1467574e-18
17.67	6.6483565e-18
17.70	7.1908875e-18
17.73	7.7776905e-18
17.77	8.4123782e-18
17.80	9.0988583e-18
17.84	9.8413570e-18
17.87	1.0644446e-17
17.90	1.1513069e-17
17.94	1.2452576e-17
17.97	1.3468749e-17
18.01	1.4567845e-17
18.04	1.5756630e-17
18.07	1.7042424e-17
18.11	1.8433142e-17
18.14	1.9937348e-17
18.18	2.1564301e-17
18.21	2.3324022e-17
18.24	2.5227346e-17
18.28	2.7285989e-17
18.31	2.9512621e-17
18.35	3.1920952e-17
18.38	3.4525808e-17
18.41	3.7343227e-17
18.45	4.0390554e-17
18.48	4.3686552e-17
18.52	4.7251511e-17
18.55	5.1107386e-17
18.59	5.5277906e-17
18.62	5.9788751e-17
18.65	6.4667688e-17
18.69	6.9944758e-17
18.72	7.5652448e-17
18.76	8.1825899e-17
18.79	8.8503120e-17
18.82	9.5725231e-17
18.86	1.0353669e-16
18.89	1.1198557e-16
18.93	1.2112389e-16
18.96	1.3100790e-16
18.99	1.4169845e-16
19.03	1.5326135e-16
19.06	1.6576779e-16
19.10	1.7929475e-16
19.13	1.9392552e-16
19.16	2.0975016e-16
19.20	2.2686608e-16
19.23	2.4537862e-16
19.27	2.6540177e-16
19.30	2.8705876e-16
19.33	3.1048294e-16
19.37	3.3581847e-16
19.40	3.6322135e-16
19.44	3.9286029e-16
19.47	4.2491765e-16
19.51	4.5959070e-16
19.54	4.9709289e-16
19.57	5.3765498e-16
19.61	5.8152667e-16
19.64	6.2897791e-16
19.68	6.8030078e-16
19.71	7.3581111e-16
19.74	7.9585054e-16
19.78	8.6078843e-16
19.81	9.3102438e-16
19.85	1.0069905e-15
19.88	1.0891543e-15
19.91	1.1780212e-15
19.95	1.2741379e-15
19.98	1.3780958e-15
20.02	1.4905346e-15
20.05	1.6121457e-15
20.08	1.7436767e-15
20.12	1.8859366e-15
20.15	2.0398002e-15
20.19	2.2062134e-15
20.22	2.3861992e-15
20.25	2.5808643e-15
20.29	2.7914048e-15
20.32	3.0191151e-15
20.36	3.2653938e-15
20.39	3.5317541e-15
20.42	3.8198319e-15
20.46	4.1313965e-15
20.49	4.4683609e-15
20.53	4.8327937e-15
20.56	5.2269315e-15
20.60	5.6531933e-15
20.63	6.1141939e-15
20.66	6.6127590e-15
20.70	7.1519443e-15
20.73	7.7350543e-15
20.77	8.3656601e-15
20.80	9.0476234e-15
20.83	9.7851171e-15
20.87	1.0582653e-14
20.90	1.1445108e-14
20.94	1.2377752e-14
20.97	1.3386278e-14
21.00	1.4476841e-14
21.04	1.5656091e-14
21.07	1.6931215e-14
21.11	1.8309975e-14
21.14	1.9800759e-14
21.17	2.1412625e-14
21.21	2.3155361e-14
21.24	2.5039530e-14
21.28	2.7076538e-14
21.31	2.9278704e-14
21.34	3.1659323e-14
21.38	3.4232749e-14
21.41	3.7014467e-14
21.45	4.0021189e-14
21.48	4.3270940e-14
21.52	4.6783163e-14
21.55	5.0578810e-14
21.58	5.4680480e-14
21.62	5.9112516e-14
21.65	6.3901153e-14
21.69	6.9074636e-14
21.72	7.4663384e-14
21.75	8.0700125e-14
21.79	8.7220081e-14
21.82	9.4261103e-14
21.86	1.0186387e-13
21.89	1.1007207e-13
21.92	1.1893263e-13
21.96	1.2849589e-13
21.99	1.3881581e-13
22.03	1.4995022e-13
22.06	1.6196102e-13
22.09	1.7491444e-13
22.13	1.8888122e-13
22.16	2.0393689e-13
22.20	2.2016201e-13
22.23	2.3764238e-13
22.26	2.5646929e-13
22.30	2.7673969e-13
22.33	2.9855644e-13
22.37	3.2202847e-13
22.40	3.4727094e-13
22.43	3.7440521e-13
22.47	4.0355910e-13
22.50	4.3486687e-13
22.54	4.6846914e-13
22.57	5.0451283e-13
22.61	5.4315088e-13
22.64	5.8454209e-13
22.67	6.2885059e-13
22.71	6.7624543e-13
22.74	7.2689972e-13
22.78	7.8099013e-13
22.81	8.3869563e-13
22.84	9.0019662e-13
22.88	9.6567330e-13
22.91	1.0353045e-12
22.95	1.1092655e-12
22.98	1.1877267e-12
23.01	1.2708508e-12
23.05	1.3587910e-12
23.08	1.4516880e-12
23.12	1.5496683e-12
23.15	1.6528407e-12
23.18	1.7612937e-12
23.22	1.8750925e-12
23.25	1.9942768e-12
23.29	2.1188571e-12
23.32	2.2488130e-12
23.35	2.3840899e-12
23.39	2.5245985e-12
23.42	2.6702116e-12
23.46	2.8207640e-12
23.49	2.9760516e-12
23.53	3.1358310e-12
23.56	3.2998207e-12
23.59	3.4677022e-12
23.63	3.6391203e-12
23.66	3.8136880e-12
23.70	3.9909890e-12
23.73	4.1705811e-12
23.76	4.3520007e-12
23.80	4.5347676e-12
23.83	4.7183899e-12
23.87	4.9023692e-12
23.90	5.0862060e-12
23.93	5.2694043e-12
23.97	5.4514782e-12
24.00	5.6319553e-12
24.04	5.8103825e-12
24.07	5.9863288e-12
24.10	6.1593904e-12
24.14	6.3291920e-12
24.17	6.4953920e-12
24.21	6.6576789e-12
24.24	6.8157781e-12
24.27	6.9694502e-12
24.31	7.1184926e-12
24.34	7.2627369e-12
24.38	7.4020510e-12
24.41	7.5363346e-12
24.44	7.6655212e-12
24.48	7.7895731e-12
24.51	7.9084809e-12
24.55	8.0222608e-12
24.58	8.1309540e-12
24.62	8.2346222e-12
24.65	8.3333469e-12
24.68	8.4272261e-12
24.72	8.5163725e-12
24.75	8.6009120e-12
24.79	8.6809792e-12
24.82	8.7567161e-12
24.85	8.8282724e-12
24.89	8.8958033e-12
24.92	8.9594667e-12
24.96	9.0194233e-12
24.99	9.0758337e-12
25.02	9.1288590e-12
25.06	9.1786583e-12
25.09	9.2253888e-12
25.13	9.2692037e-12
25.16	9.3102543e-12
25.19	9.3486868e-12
25.23	9.3846442e-12
25.26	9.4182635e-12
25.30	9.4496783e-12
25.33	9.4790158e-12
25.36	9.5064002e-12
25.40	9.5319451e-12
25.43	9.5557625e-12
25.47	9.5779580e-12
25.50	9.5986335e-12
25.54	9.6178842e-12
25.57	9.6358019e-12
25.60	9.6524718e-12
25.64	9.6679765e-12
25.67	9.6823919e-12
25.71	9.6957901e-12
25.74	9.7082384e-12
25.77	9.7198014e-12
25.81	9.7305388e-12
25.84	9.7405074e-12
25.88	9.7497601e-12
25.91	9.7583469e-12
25.94	9.7663151e-12
25.98	9.7737070e-12
26.01	9.7805616e-12
26.05	9.7869167e-12
26.08	9.7928079e-12
26.11	9.7982678e-12
26.15	9.8033276e-12
26.18	9.8080157e-12
26.22	9.8123594e-12
26.25	9.8163834e-12
26.28	9.8201108e-12
26.32	9.8235622e-12
26.35	9.8267584e-12
26.39	9.8297175e-12
26.42	9.8324574e-12
26.45	9.8349938e-12
26.49	9.8373426e-12
26.52	9.8395175e-12
26.56	9.8415331e-12
26.59	9.8433977e-12
26.63	9.8451232e-12
26.66	9.8467191e-12
26.69	9.8481959e-12
26.73	9.8495615e-12
26.76	9.8508253e-12
26.80	9.8519940e-12
26.83	9.8530761e-12
26.86	9.8540770e-12
26.90	9.8550029e-12
26.93	9.8558587e-12
26.97	9.8566502e-12
27.00	9.8573821e-12
