# NeutrinoNeutrinoInteraction/NeutrinoiNeutrinojElastic interaction rates
# neutrino field: massive Cosmic Neutrino Background, T_CnuB = 1.94535456 K
# Produced with crpropa-data version: 34240bf825c959521ec71bc1e6d82591f4f17700
# log10(E/eV), 1/lambda [1/Mpc]
10.00	2.3720332e-17
10.03	2.5655997e-17
10.07	2.7749620e-17
10.10	3.0014090e-17
10.14	3.2463348e-17
10.17	3.5112475e-17
10.20	3.7977781e-17
10.24	4.1076906e-17
10.27	4.4428930e-17
10.31	4.8054492e-17
10.34	5.1975913e-17
10.37	5.6217337e-17
10.41	6.0804875e-17
10.44	6.5766774e-17
10.48	7.1133581e-17
10.51	7.6938340e-17
10.55	8.3216788e-17
10.58	9.0007580e-17
10.61	9.7352525e-17
10.65	1.0529684e-16
10.68	1.1388945e-16
10.72	1.2318324e-16
10.75	1.3323544e-16
10.78	1.4410794e-16
10.82	1.5586767e-16
10.85	1.6858704e-16
10.89	1.8234435e-16
10.92	1.9722431e-16
10.95	2.1331853e-16
10.99	2.3072610e-16
11.02	2.4955418e-16
11.06	2.6991871e-16
11.09	2.9194506e-16
11.12	3.1576883e-16
11.16	3.4153672e-16
11.19	3.6940735e-16
11.23	3.9955233e-16
11.26	4.3215726e-16
11.29	4.6742286e-16
11.33	5.0556626e-16
11.36	5.4682230e-16
11.40	5.9144499e-16
11.43	6.3970904e-16
11.46	6.9191162e-16
11.50	7.4837412e-16
11.53	8.0944417e-16
11.57	8.7549775e-16
11.60	9.4694155e-16
11.64	1.0242154e-15
11.67	1.1077951e-15
11.70	1.1981952e-15
11.74	1.2959723e-15
11.77	1.4017283e-15
11.81	1.5161145e-15
11.84	1.6398349e-15
11.87	1.7736514e-15
11.91	1.9183878e-15
11.94	2.0749352e-15
11.98	2.2442574e-15
12.01	2.4273970e-15
12.04	2.6254814e-15
12.08	2.8397302e-15
12.11	3.0714625e-15
12.15	3.3221050e-15
12.18	3.5932008e-15
12.21	3.8864190e-15
12.25	4.2035649e-15
12.28	4.5465911e-15
12.32	4.9176094e-15
12.35	5.3189042e-15
12.38	5.7529461e-15
12.42	6.2224074e-15
12.45	6.7301784e-15
12.49	7.2793854e-15
12.52	7.8734097e-15
12.56	8.5159085e-15
12.59	9.2108376e-15
12.62	9.9624753e-15
12.66	1.0775450e-14
12.69	1.1654765e-14
12.73	1.2605836e-14
12.76	1.3634518e-14
12.79	1.4747145e-14
12.83	1.5950565e-14
12.86	1.7252189e-14
12.90	1.8660031e-14
12.93	2.0182757e-14
12.96	2.1829743e-14
13.00	2.3611129e-14
13.03	2.5537883e-14
13.07	2.7621867e-14
13.10	2.9875912e-14
13.13	3.2313895e-14
13.17	3.4950826e-14
13.20	3.7802940e-14
13.24	4.0887797e-14
13.27	4.4224390e-14
13.30	4.7833260e-14
13.34	5.1736628e-14
13.37	5.5958525e-14
13.41	6.0524944e-14
13.44	6.5463999e-14
13.47	7.0806099e-14
13.51	7.6584133e-14
13.54	8.2833677e-14
13.58	8.9593205e-14
13.61	9.6904336e-14
13.65	1.0481208e-13
13.68	1.1336513e-13
13.71	1.2261613e-13
13.75	1.3262206e-13
13.78	1.4344450e-13
13.82	1.5515009e-13
13.85	1.6781090e-13
13.88	1.8150488e-13
13.92	1.9631634e-13
13.95	2.1233646e-13
13.99	2.2966389e-13
14.02	2.4840529e-13
14.05	2.6867607e-13
14.09	2.9060101e-13
14.12	3.1431511e-13
14.16	3.3996436e-13
14.19	3.6770669e-13
14.22	3.9771289e-13
14.26	4.3016770e-13
14.29	4.6527095e-13
14.33	5.0323875e-13
14.36	5.4430486e-13
14.39	5.8872211e-13
14.43	6.3676397e-13
14.46	6.8872622e-13
14.50	7.4492878e-13
14.53	8.0571767e-13
14.57	8.7146716e-13
14.60	9.4258204e-13
14.63	1.0195002e-12
14.67	1.1026951e-12
14.70	1.1926790e-12
14.74	1.2900059e-12
14.77	1.3952751e-12
14.80	1.5091346e-12
14.84	1.6322855e-12
14.87	1.7654859e-12
14.91	1.9095560e-12
14.94	2.0653826e-12
14.97	2.2339254e-12
15.01	2.4162218e-12
15.04	2.6133943e-12
15.08	2.8266567e-12
15.11	3.0573222e-12
15.14	3.3068107e-12
15.18	3.5766585e-12
15.21	3.8685268e-12
15.25	4.1842127e-12
15.28	4.5256596e-12
15.31	4.8949698e-12
15.35	5.2944171e-12
15.38	5.7264608e-12
15.42	6.1937608e-12
15.45	6.6991941e-12
15.48	7.2458727e-12
15.52	7.8371622e-12
15.55	8.4767031e-12
15.59	9.1684328e-12
15.62	9.9166102e-12
15.66	1.0725842e-11
15.69	1.1601109e-11
15.72	1.2547802e-11
15.76	1.3571748e-11
15.79	1.4679252e-11
15.83	1.5877132e-11
15.86	1.7172764e-11
15.89	1.8574123e-11
15.93	2.0089839e-11
15.96	2.1729243e-11
16.00	2.3502428e-11
16.03	2.5420311e-11
16.06	2.7494701e-11
16.10	2.9738368e-11
16.13	3.2165127e-11
16.17	3.4789917e-11
16.20	3.7628901e-11
16.23	4.0699555e-11
16.27	4.4020787e-11
16.30	4.7613042e-11
16.34	5.1498439e-11
16.37	5.5700898e-11
16.40	6.0246293e-11
16.44	6.5162608e-11
16.47	7.0480113e-11
16.51	7.6231545e-11
16.54	8.2452315e-11
16.58	8.9180722e-11
16.61	9.6458191e-11
16.64	1.0432953e-10
16.68	1.1284319e-10
16.71	1.2205161e-10
16.75	1.3201146e-10
16.78	1.4278407e-10
16.81	1.5443576e-10
16.85	1.6703828e-10
16.88	1.8066920e-10
16.92	1.9541246e-10
16.95	2.1135881e-10
16.98	2.2860645e-10
17.02	2.4726156e-10
17.05	2.6743899e-10
17.09	2.8926297e-10
17.12	3.1286786e-10
17.15	3.3839899e-10
17.19	3.6601356e-10
17.22	3.9588156e-10
17.26	4.2818691e-10
17.29	4.6312848e-10
17.32	5.0092140e-10
17.36	5.4179836e-10
17.39	5.8601101e-10
17.43	6.3383157e-10
17.46	6.8555445e-10
17.49	7.4149809e-10
17.53	8.0200692e-10
17.56	8.6745347e-10
17.60	9.3824068e-10
17.63	1.0148044e-09
17.67	1.0976159e-09
17.70	1.1871851e-09
17.73	1.2840634e-09
17.77	1.3888473e-09
17.80	1.5021819e-09
17.84	1.6247650e-09
17.87	1.7573512e-09
17.90	1.9007569e-09
17.94	2.0558648e-09
17.97	2.2236300e-09
18.01	2.4050854e-09
18.04	2.6013479e-09
18.07	2.8136261e-09
18.11	3.0432266e-09
18.14	3.2915632e-09
18.18	3.5601646e-09
18.21	3.8506845e-09
18.24	4.1649114e-09
18.28	4.5047799e-09
18.31	4.8723824e-09
18.35	5.2699819e-09
18.38	5.7000261e-09
18.41	6.1651627e-09
18.45	6.6682549e-09
18.48	7.2124001e-09
18.52	7.8009481e-09
18.55	8.4375219e-09
18.59	9.1260405e-09
18.62	9.8707424e-09
18.65	1.0676212e-08
18.69	1.1547407e-08
18.72	1.2489692e-08
18.76	1.3508866e-08
18.79	1.4611203e-08
18.82	1.5803489e-08
18.86	1.7093062e-08
18.89	1.8487862e-08
18.93	1.9996472e-08
18.96	2.1628179e-08
18.99	2.3393026e-08
19.03	2.5301876e-08
19.06	2.7366477e-08
19.10	2.9599535e-08
19.13	3.2014795e-08
19.16	3.4627119e-08
19.20	3.7452585e-08
19.23	4.0508580e-08
19.27	4.3813909e-08
19.30	4.7388910e-08
19.33	5.1255581e-08
19.37	5.5437713e-08
19.40	5.9961036e-08
19.44	6.4853376e-08
19.47	7.0144831e-08
19.51	7.5867949e-08
19.54	8.2057932e-08
19.57	8.8752851e-08
19.61	9.5993878e-08
19.64	1.0382554e-07
19.68	1.1229599e-07
19.71	1.2145730e-07
19.74	1.3136580e-07
19.78	1.4208237e-07
19.81	1.5367290e-07
19.85	1.6620858e-07
19.88	1.7976644e-07
19.91	1.9442977e-07
19.95	2.1028861e-07
19.98	2.2744035e-07
20.02	2.4599027e-07
20.05	2.6605223e-07
20.08	2.8774933e-07
20.12	3.1121466e-07
20.15	3.3659212e-07
20.19	3.6403729e-07
20.22	3.9371835e-07
20.25	4.2581714e-07
20.29	4.6053020e-07
20.32	4.9807002e-07
20.36	5.3866624e-07
20.39	5.8256710e-07
20.42	6.3004090e-07
20.46	6.8137757e-07
20.49	7.3689046e-07
20.53	7.9691816e-07
20.56	8.6182649e-07
20.60	9.3201074e-07
20.63	1.0078979e-06
20.66	1.0899492e-06
20.70	1.1786629e-06
20.73	1.2745770e-06
20.77	1.3782725e-06
20.80	1.4903768e-06
20.83	1.6115669e-06
20.87	1.7425740e-06
20.90	1.8841868e-06
20.94	2.0372565e-06
20.97	2.2027013e-06
21.00	2.3815115e-06
21.04	2.5747552e-06
21.07	2.7835835e-06
21.11	3.0092372e-06
21.14	3.2530532e-06
21.17	3.5164714e-06
21.21	3.8010423e-06
21.24	4.1084347e-06
21.28	4.4404441e-06
21.31	4.7990015e-06
21.34	5.1861829e-06
21.38	5.6042183e-06
21.41	6.0555029e-06
21.45	6.5426071e-06
21.48	7.0682879e-06
21.52	7.6355001e-06
21.55	8.2474086e-06
21.58	8.9074005e-06
21.62	9.6190975e-06
21.65	1.0386369e-05
21.69	1.1213343e-05
21.72	1.2104422e-05
21.75	1.3064295e-05
21.79	1.4097945e-05
21.82	1.5210667e-05
21.86	1.6408075e-05
21.89	1.7696115e-05
21.92	1.9081070e-05
21.96	2.0569569e-05
21.99	2.2168593e-05
22.03	2.3885475e-05
22.06	2.5727901e-05
22.09	2.7703908e-05
22.13	2.9821873e-05
22.16	3.2090506e-05
22.20	3.4518828e-05
22.23	3.7116152e-05
22.26	3.9892057e-05
22.30	4.2856347e-05
22.33	4.6019015e-05
22.37	4.9390191e-05
22.40	5.2980084e-05
22.43	5.6798919e-05
22.47	6.0856860e-05
22.50	6.5163929e-05
22.54	6.9729915e-05
22.57	7.4564274e-05
22.61	7.9676023e-05
22.64	8.5073629e-05
22.67	9.0764887e-05
22.71	9.6756796e-05
22.74	1.0305544e-04
22.78	1.0966584e-04
22.81	1.1659187e-04
22.84	1.2383609e-04
22.88	1.3139964e-04
22.91	1.3928215e-04
22.95	1.4748162e-04
22.98	1.5599434e-04
23.01	1.6481484e-04
23.05	1.7393579e-04
23.08	1.8334802e-04
23.12	1.9304048e-04
23.15	2.0300026e-04
23.18	2.1321264e-04
23.22	2.2366111e-04
23.25	2.3432751e-04
23.29	2.4519210e-04
23.32	2.5623368e-04
23.35	2.6742981e-04
23.39	2.7875690e-04
23.42	2.9019043e-04
23.46	3.0170516e-04
23.49	3.1327531e-04
23.53	3.2487480e-04
23.56	3.3647746e-04
23.59	3.4805723e-04
23.63	3.5958838e-04
23.66	3.7104572e-04
23.70	3.8240481e-04
23.73	3.9364208e-04
23.76	4.0473506e-04
23.80	4.1566248e-04
23.83	4.2640442e-04
23.87	4.3694242e-04
23.90	4.4725955e-04
23.93	4.5734048e-04
23.97	4.6717152e-04
24.00	4.7674067e-04
24.04	4.8603759e-04
24.07	4.9505360e-04
24.10	5.0378169e-04
24.14	5.1221639e-04
24.17	5.2035381e-04
24.21	5.2819151e-04
24.24	5.3572843e-04
24.27	5.4296482e-04
24.31	5.4990216e-04
24.34	5.5654304e-04
24.38	5.6289105e-04
24.41	5.6895073e-04
24.44	5.7472744e-04
24.48	5.8022725e-04
24.51	5.8545687e-04
24.55	5.9042355e-04
24.58	5.9513499e-04
24.62	5.9959926e-04
24.65	6.0382471e-04
24.68	6.0781992e-04
24.72	6.1159361e-04
24.75	6.1515458e-04
24.79	6.1851167e-04
24.82	6.2167370e-04
24.85	6.2464942e-04
24.89	6.2744746e-04
24.92	6.3007634e-04
24.96	6.3254438e-04
24.99	6.3485971e-04
25.02	6.3703025e-04
25.06	6.3906367e-04
25.09	6.4096740e-04
25.13	6.4274861e-04
25.16	6.4441418e-04
25.19	6.4597075e-04
25.23	6.4742465e-04
25.26	6.4878195e-04
25.30	6.5004845e-04
25.33	6.5122965e-04
25.36	6.5233080e-04
25.40	6.5335689e-04
25.43	6.5431264e-04
25.47	6.5520252e-04
25.50	6.5603077e-04
25.54	6.5680137e-04
25.57	6.5751810e-04
25.60	6.5818452e-04
25.64	6.5880395e-04
25.67	6.5937955e-04
25.71	6.5991427e-04
25.74	6.6041089e-04
25.77	6.6087200e-04
25.81	6.6130004e-04
25.84	6.6169729e-04
25.88	6.6206590e-04
25.91	6.6240785e-04
25.94	6.6272501e-04
25.98	6.6301913e-04
26.01	6.6329183e-04
26.05	6.6354464e-04
26.08	6.6377896e-04
26.11	6.6399612e-04
26.15	6.6419735e-04
26.18	6.6438379e-04
26.22	6.6455650e-04
26.25	6.6471649e-04
26.28	6.6486466e-04
26.32	6.6500188e-04
26.35	6.6512895e-04
26.39	6.6524660e-04
26.42	6.6535553e-04
26.45	6.6545636e-04
26.49	6.6554971e-04
26.52	6.6563611e-04
26.56	6.6571608e-04
26.59	6.6579009e-04
26.63	6.6585858e-04
26.66	6.6592195e-04
26.69	6.6598060e-04
26.73	6.6603487e-04
26.76	6.6608507e-04
26.80	6.6613152e-04
26.83	6.6617450e-04
26.86	6.6621426e-04
26.90	6.6625103e-04
26.93	6.6628505e-04
26.97	6.6631652e-04
27.00	6.6634563e-04
