# NeutrinoNeutrinoInteraction/NeutrinoiNeutrinojElastic interaction rates
# neutrino field: massive Cosmic Neutrino Background, T_CnuB = 1.94535456 K
# Produced with crpropa-data version: 34240bf825c959521ec71bc1e6d82591f4f17700
# log10(E/eV), 1/lambda [1/Mpc]
10.00	7.8524902e-22
10.03	8.4932852e-22
10.07	9.1863698e-22
10.10	9.9360092e-22
10.14	1.0746821e-21
10.17	1.1623795e-21
10.20	1.2572337e-21
10.24	1.3598282e-21
10.27	1.4707947e-21
10.31	1.5908157e-21
10.34	1.7206310e-21
10.37	1.8610391e-21
10.41	2.0129054e-21
10.44	2.1771643e-21
10.48	2.3548288e-21
10.51	2.5469938e-21
10.55	2.7548414e-21
10.58	2.9796485e-21
10.61	3.2228005e-21
10.65	3.4857930e-21
10.68	3.7702467e-21
10.72	4.0779112e-21
10.75	4.4106827e-21
10.78	4.7706090e-21
10.82	5.1599093e-21
10.85	5.5809759e-21
10.89	6.0364026e-21
10.92	6.5289918e-21
10.95	7.0617778e-21
10.99	7.6380401e-21
11.02	8.2613284e-21
11.06	8.9354814e-21
11.09	9.6646556e-21
11.12	1.0453342e-20
11.16	1.1306385e-20
11.19	1.2229036e-20
11.23	1.3226974e-20
11.26	1.4306345e-20
11.29	1.5473791e-20
11.33	1.6736505e-20
11.36	1.8102256e-20
11.40	1.9579464e-20
11.43	2.1177212e-20
11.46	2.2905341e-20
11.50	2.4774482e-20
11.53	2.6796153e-20
11.57	2.8982790e-20
11.60	3.1347873e-20
11.64	3.3905952e-20
11.67	3.6672806e-20
11.70	3.9665485e-20
11.74	4.2902386e-20
11.77	4.6403405e-20
11.81	5.0190119e-20
11.84	5.4285816e-20
11.87	5.8715738e-20
11.91	6.3507133e-20
11.94	6.8689533e-20
11.98	7.4294830e-20
12.01	8.0357579e-20
12.04	8.6915034e-20
12.08	9.4007594e-20
12.11	1.0167890e-19
12.15	1.0997622e-19
12.18	1.1895061e-19
12.21	1.2865736e-19
12.25	1.3915626e-19
12.28	1.5051205e-19
12.32	1.6279462e-19
12.35	1.7607942e-19
12.38	1.9044827e-19
12.42	2.0598959e-19
12.45	2.2279911e-19
12.49	2.4098027e-19
12.52	2.6064506e-19
12.56	2.8191452e-19
12.59	3.0491975e-19
12.62	3.2980218e-19
12.66	3.5671510e-19
12.69	3.8582405e-19
12.73	4.1730842e-19
12.76	4.5136191e-19
12.79	4.8819440e-19
12.83	5.2803255e-19
12.86	5.7112210e-19
12.90	6.1772850e-19
12.93	6.6813817e-19
12.96	7.2266107e-19
13.00	7.8163323e-19
13.03	8.4541732e-19
13.07	9.1440645e-19
13.10	9.8902496e-19
13.13	1.0697328e-18
13.17	1.1570267e-18
13.20	1.2514446e-18
13.24	1.3535667e-18
13.27	1.4640222e-18
13.30	1.5834909e-18
13.34	1.7127087e-18
13.37	1.8524709e-18
13.41	2.0036386e-18
13.44	2.1671428e-18
13.47	2.3439923e-18
13.51	2.5352740e-18
13.54	2.7421640e-18
13.58	2.9659364e-18
13.61	3.2079683e-18
13.65	3.4697502e-18
13.68	3.7528934e-18
13.71	4.0591419e-18
13.75	4.3903807e-18
13.78	4.7486516e-18
13.82	5.1361567e-18
13.85	5.5552833e-18
13.88	6.0086099e-18
13.92	6.4989300e-18
13.95	7.0292601e-18
13.99	7.6028692e-18
14.02	8.2232871e-18
14.05	8.8943422e-18
14.09	9.6201647e-18
14.12	1.0405216e-17
14.16	1.1254325e-17
14.19	1.2172725e-17
14.22	1.3166062e-17
14.26	1.4240460e-17
14.29	1.5402528e-17
14.33	1.6659427e-17
14.36	1.8018896e-17
14.39	1.9489306e-17
14.43	2.1079699e-17
14.46	2.2799872e-17
14.50	2.4660411e-17
14.53	2.6672776e-17
14.57	2.8849356e-17
14.60	3.1203559e-17
14.63	3.3749888e-17
14.67	3.6504052e-17
14.70	3.9482965e-17
14.74	4.2704954e-17
14.77	4.6189858e-17
14.80	4.9959126e-17
14.84	5.4035972e-17
14.87	5.8445485e-17
14.91	6.3214830e-17
14.94	6.8373361e-17
14.97	7.3952873e-17
15.01	7.9987660e-17
15.04	8.6514904e-17
15.08	9.3574758e-17
15.11	1.0121073e-16
15.14	1.0946980e-16
15.18	1.1840287e-16
15.21	1.2806493e-16
15.25	1.3851561e-16
15.28	1.4981916e-16
15.31	1.6204511e-16
15.35	1.7526866e-16
15.38	1.8957129e-16
15.42	2.0504098e-16
15.45	2.2177305e-16
15.48	2.3987044e-16
15.52	2.5944470e-16
15.55	2.8061633e-16
15.59	3.0351567e-16
15.62	3.2828356e-16
15.66	3.5507257e-16
15.69	3.8404756e-16
15.72	4.1538702e-16
15.76	4.4928388e-16
15.79	4.8594696e-16
15.83	5.2560217e-16
15.86	5.6849405e-16
15.89	6.1488596e-16
15.93	6.6506340e-16
15.96	7.1933533e-16
16.00	7.7803578e-16
16.03	8.4152628e-16
16.06	9.1019756e-16
16.10	9.8447267e-16
16.13	1.0648088e-15
16.17	1.1517010e-15
16.20	1.2456834e-15
16.23	1.3473350e-15
16.27	1.4572812e-15
16.30	1.5761995e-15
16.34	1.7048217e-15
16.37	1.8439404e-15
16.40	1.9944121e-15
16.44	2.1571657e-15
16.47	2.3332007e-15
16.51	2.5236007e-15
16.54	2.7295367e-15
16.58	2.9522777e-15
16.61	3.1931937e-15
16.64	3.4537695e-15
16.68	3.7356080e-15
16.71	4.0404466e-15
16.75	4.3701618e-15
16.78	4.7267829e-15
16.81	5.1125036e-15
16.85	5.5297002e-15
16.88	5.9809401e-15
16.92	6.4690028e-15
16.95	6.9968932e-15
16.98	7.5678633e-15
17.02	8.1854323e-15
17.05	8.8534059e-15
17.09	9.5758859e-15
17.12	1.0357319e-14
17.15	1.1202518e-14
17.19	1.2116683e-14
17.22	1.3105446e-14
17.26	1.4174891e-14
17.29	1.5331607e-14
17.32	1.6582714e-14
17.36	1.7935919e-14
17.39	1.9399541e-14
17.43	2.0982599e-14
17.46	2.2694832e-14
17.49	2.4546791e-14
17.53	2.6549870e-14
17.56	2.8716417e-14
17.60	3.1059767e-14
17.63	3.3594391e-14
17.67	3.6335840e-14
17.70	3.9300998e-14
17.73	4.2508100e-14
17.77	4.5976909e-14
17.80	4.9728761e-14
17.84	5.3786777e-14
17.87	5.8175919e-14
17.90	6.2923246e-14
17.94	6.8057975e-14
17.97	7.3611705e-14
18.01	7.9618602e-14
18.04	8.6115669e-14
18.07	9.3142889e-14
18.11	1.0074355e-13
18.14	1.0896443e-13
18.18	1.1785619e-13
18.21	1.2747365e-13
18.24	1.3787599e-13
18.28	1.4912713e-13
18.31	1.6129631e-13
18.35	1.7445847e-13
18.38	1.8869460e-13
18.41	2.0409237e-13
18.45	2.2074652e-13
18.48	2.3875966e-13
18.52	2.5824266e-13
18.55	2.7931545e-13
18.59	3.0210762e-13
18.62	3.2675957e-13
18.65	3.5342292e-13
18.69	3.8226196e-13
18.72	4.1345407e-13
18.76	4.4719149e-13
18.79	4.8368185e-13
18.82	5.2315037e-13
18.86	5.6583902e-13
18.89	6.1201071e-13
18.93	6.6194927e-13
18.96	7.1596234e-13
18.99	7.7438195e-13
19.03	8.3756798e-13
19.06	9.0590888e-13
19.10	9.7982580e-13
19.13	1.0597732e-12
19.16	1.1462428e-12
19.20	1.2397662e-12
19.23	1.3409190e-12
19.27	1.4503233e-12
19.30	1.5686522e-12
19.33	1.6966336e-12
19.37	1.8350551e-12
19.40	1.9847693e-12
19.44	2.1466955e-12
19.47	2.3218279e-12
19.51	2.5112427e-12
19.54	2.7161044e-12
19.57	2.9376714e-12
19.61	3.1773056e-12
19.64	3.4364786e-12
19.68	3.7167835e-12
19.71	4.0199417e-12
19.74	4.3478142e-12
19.78	4.7024117e-12
19.81	5.0859122e-12
19.85	5.5006667e-12
19.88	5.9492218e-12
19.91	6.4343260e-12
19.95	6.9589571e-12
19.98	7.5263301e-12
20.02	8.1399279e-12
20.05	8.8034926e-12
20.08	9.5210893e-12
20.12	1.0297102e-11
20.15	1.1136280e-11
20.19	1.2043746e-11
20.22	1.3025046e-11
20.25	1.4086163e-11
20.29	1.5233579e-11
20.32	1.6474277e-11
20.36	1.7815808e-11
20.39	1.9266327e-11
20.42	2.0834653e-11
20.46	2.2530301e-11
20.49	2.4363555e-11
20.53	2.6345517e-11
20.56	2.8488180e-11
20.60	3.0804506e-11
20.63	3.3308424e-11
20.66	3.6014990e-11
20.70	3.8940455e-11
20.73	4.2102359e-11
20.77	4.5519603e-11
20.80	4.9212585e-11
20.83	5.3203274e-11
20.87	5.7515373e-11
20.90	6.2174393e-11
20.94	6.7207802e-11
20.97	7.2645153e-11
21.00	7.8518309e-11
21.04	8.4861479e-11
21.07	9.1711521e-11
21.11	9.9107973e-11
21.14	1.0709340e-10
21.17	1.1571345e-10
21.21	1.2501711e-10
21.24	1.3505668e-10
21.28	1.4588843e-10
21.31	1.5757246e-10
21.34	1.7017321e-10
21.38	1.8375937e-10
21.41	1.9840446e-10
21.45	2.1418667e-10
21.48	2.3118957e-10
21.52	2.4950165e-10
21.55	2.6921714e-10
21.58	2.9043586e-10
21.62	3.1326364e-10
21.65	3.3781221e-10
21.69	3.6419956e-10
21.72	3.9254978e-10
21.75	4.2299333e-10
21.79	4.5566699e-10
21.82	4.9071266e-10
21.86	5.2827859e-10
21.89	5.6851861e-10
21.92	6.1159183e-10
21.96	6.5766184e-10
21.99	7.0689648e-10
22.03	7.5946650e-10
22.06	8.1554541e-10
22.09	8.7530729e-10
22.13	9.3892620e-10
22.16	1.0065742e-09
22.20	1.0784208e-09
22.23	1.1546295e-09
22.26	1.2353573e-09
22.30	1.3207510e-09
22.33	1.4109465e-09
22.37	1.5060648e-09
22.40	1.6062092e-09
22.43	1.7114613e-09
22.47	1.8218828e-09
22.50	1.9375082e-09
22.54	2.0583461e-09
22.57	2.1843726e-09
22.61	2.3155333e-09
22.64	2.4517373e-09
22.67	2.5928604e-09
22.71	2.7387368e-09
22.74	2.8891661e-09
22.78	3.0439087e-09
22.81	3.2026896e-09
22.84	3.3651966e-09
22.88	3.5310851e-09
22.91	3.6999785e-09
22.95	3.8714736e-09
22.98	4.0451429e-09
23.01	4.2205309e-09
23.05	4.3971720e-09
23.08	4.5745897e-09
23.12	4.7523025e-09
23.15	4.9298269e-09
23.18	5.1066862e-09
23.22	5.2824107e-09
23.25	5.4565488e-09
23.29	5.6286618e-09
23.32	5.7983365e-09
23.35	5.9651829e-09
23.39	6.1288443e-09
23.42	6.2889902e-09
23.46	6.4453283e-09
23.49	6.5975950e-09
23.53	6.7455680e-09
23.56	6.8890567e-09
23.59	7.0278983e-09
23.63	7.1619612e-09
23.66	7.2911563e-09
23.70	7.4154180e-09
23.73	7.5347172e-09
23.76	7.6490445e-09
23.80	7.7584229e-09
23.83	7.8628919e-09
23.87	7.9625189e-09
23.90	8.0573765e-09
23.93	8.1475634e-09
23.97	8.2331878e-09
24.00	8.3143739e-09
24.04	8.3912524e-09
24.07	8.4639648e-09
24.10	8.5326575e-09
24.14	8.5974861e-09
24.17	8.6586024e-09
24.21	8.7161511e-09
24.24	8.7702885e-09
24.27	8.8211689e-09
24.31	8.8689476e-09
24.34	8.9137747e-09
24.38	8.9558015e-09
24.41	8.9951716e-09
24.44	9.0320315e-09
24.48	9.0665126e-09
24.51	9.0987490e-09
24.55	9.1288651e-09
24.58	9.1569880e-09
24.62	9.1832319e-09
24.65	9.2077142e-09
24.68	9.2305393e-09
24.72	9.2518167e-09
24.75	9.2716455e-09
24.79	9.2901091e-09
24.82	9.3072882e-09
24.85	9.3232707e-09
24.89	9.3381301e-09
24.92	9.3519452e-09
24.96	9.3647813e-09
24.99	9.3767091e-09
25.02	9.3877877e-09
25.06	9.3980799e-09
25.09	9.4076308e-09
25.13	9.4164947e-09
25.16	9.4247170e-09
25.19	9.4323449e-09
25.23	9.4394191e-09
25.26	9.4459809e-09
25.30	9.4520678e-09
25.33	9.4577210e-09
25.36	9.4629653e-09
25.40	9.4678223e-09
25.43	9.4723205e-09
25.47	9.4764847e-09
25.50	9.4803407e-09
25.54	9.4839091e-09
25.57	9.4872136e-09
25.60	9.4902720e-09
25.64	9.4931075e-09
25.67	9.4957296e-09
25.71	9.4981566e-09
25.74	9.5003995e-09
25.77	9.5024762e-09
25.81	9.5043956e-09
25.84	9.5061746e-09
25.88	9.5078208e-09
25.91	9.5093526e-09
25.94	9.5107790e-09
25.98	9.5120987e-09
26.01	9.5133146e-09
26.05	9.5144395e-09
26.08	9.5154754e-09
26.11	9.5164342e-09
26.15	9.5173174e-09
26.18	9.5181361e-09
26.22	9.5188938e-09
26.25	9.5195977e-09
26.28	9.5202448e-09
26.32	9.5208426e-09
26.35	9.5213929e-09
26.39	9.5219017e-09
26.42	9.5223715e-09
26.45	9.5228077e-09
26.49	9.5232147e-09
26.52	9.5236026e-09
26.56	9.5239632e-09
26.59	9.5242934e-09
26.63	9.5245964e-09
26.66	9.5248733e-09
26.69	9.5251278e-09
26.73	9.5253600e-09
26.76	9.5255745e-09
26.80	9.5257712e-09
26.83	9.5259568e-09
26.86	9.5261246e-09
26.90	9.5262792e-09
26.93	9.5264184e-09
26.97	9.5265479e-09
27.00	9.5266649e-09
