# NeutrinoNeutrinoInteraction/NeutrinoNeutrinoElastic interaction rates
# neutrino field: massive Cosmic Neutrino Background, T_CnuB = 1.94535456 K
# Produced with crpropa-data version: 34240bf825c959521ec71bc1e6d82591f4f17700
# log10(E/eV), 1/lambda [1/Mpc]
10.00	2.5050087e-16
10.03	2.7094280e-16
10.07	2.9305289e-16
10.10	3.1696727e-16
10.14	3.4283317e-16
10.17	3.7080985e-16
10.20	4.0106952e-16
10.24	4.3379847e-16
10.27	4.6919816e-16
10.31	5.0748656e-16
10.34	5.4889940e-16
10.37	5.9369165e-16
10.41	6.4213910e-16
10.44	6.9454003e-16
10.48	7.5121704e-16
10.51	8.1251902e-16
10.55	8.7882339e-16
10.58	9.5053838e-16
10.61	1.0281055e-15
10.65	1.1120025e-15
10.68	1.2027458e-15
10.72	1.3008940e-15
10.75	1.4070516e-15
10.78	1.5218721e-15
10.82	1.6460623e-15
10.85	1.7803868e-15
10.89	1.9256726e-15
10.92	2.0828142e-15
10.95	2.2527791e-15
10.99	2.4366138e-15
11.02	2.6354503e-15
11.06	2.8505125e-15
11.09	3.0831246e-15
11.12	3.3347187e-15
11.16	3.6068437e-15
11.19	3.9011753e-15
11.23	4.2195255e-15
11.26	4.5638543e-15
11.29	4.9362818e-15
11.33	5.3391010e-15
11.36	5.7747919e-15
11.40	6.2460370e-15
11.43	6.7557376e-15
11.46	7.3070317e-15
11.50	7.9033134e-15
11.53	8.5482537e-15
11.57	9.2458232e-15
11.60	1.0000316e-14
11.64	1.0816378e-14
11.67	1.1699033e-14
11.70	1.2653714e-14
11.74	1.3686302e-14
11.77	1.4803152e-14
11.81	1.6011141e-14
11.84	1.7317707e-14
11.87	1.8730894e-14
11.91	2.0259403e-14
11.94	2.1912643e-14
11.98	2.3700794e-14
12.01	2.5634865e-14
12.04	2.7726763e-14
12.08	2.9989368e-14
12.11	3.2436610e-14
12.15	3.5083556e-14
12.18	3.7946502e-14
12.21	4.1043075e-14
12.25	4.4392339e-14
12.28	4.8014914e-14
12.32	5.1933105e-14
12.35	5.6171034e-14
12.38	6.0754793e-14
12.42	6.5712604e-14
12.45	7.1074991e-14
12.49	7.6874968e-14
12.52	8.3148245e-14
12.56	8.9933444e-14
12.59	9.7272339e-14
12.62	1.0521012e-13
12.66	1.1379564e-13
12.69	1.2308178e-13
12.73	1.3312570e-13
12.76	1.4398924e-13
12.79	1.5573929e-13
12.83	1.6844818e-13
12.86	1.8219416e-13
12.90	1.9706187e-13
12.93	2.1314283e-13
12.96	2.3053606e-13
13.00	2.4934864e-13
13.03	2.6969640e-13
13.07	2.9170460e-13
13.10	3.1550876e-13
13.13	3.4125542e-13
13.17	3.6910310e-13
13.20	3.9922325e-13
13.24	4.3180131e-13
13.27	4.6703787e-13
13.30	5.0514985e-13
13.34	5.4637191e-13
13.37	5.9095784e-13
13.41	6.3918215e-13
13.44	6.9134173e-13
13.47	7.4775772e-13
13.51	8.0877747e-13
13.54	8.7477665e-13
13.58	9.4616160e-13
13.61	1.0233718e-12
13.65	1.1068827e-12
13.68	1.1972083e-12
13.71	1.2949049e-12
13.75	1.4005738e-12
13.78	1.5148657e-12
13.82	1.6384843e-12
13.85	1.7721905e-12
13.88	1.9168077e-12
13.92	2.0732262e-12
13.95	2.2424089e-12
13.99	2.4253977e-12
14.02	2.6233189e-12
14.05	2.8373912e-12
14.09	3.0689327e-12
14.12	3.3193687e-12
14.16	3.5902413e-12
14.19	3.8832180e-12
14.22	4.2001027e-12
14.26	4.5428463e-12
14.29	4.9135590e-12
14.33	5.3145233e-12
14.36	5.7482077e-12
14.39	6.2172823e-12
14.43	6.7246351e-12
14.46	7.2733898e-12
14.50	7.8669248e-12
14.53	8.5088944e-12
14.57	9.2032510e-12
14.60	9.9542697e-12
14.63	1.0766574e-11
14.67	1.1645166e-11
14.70	1.2595454e-11
14.74	1.3623288e-11
14.77	1.4734998e-11
14.80	1.5937428e-11
14.84	1.7237979e-11
14.87	1.8644661e-11
14.91	2.0166133e-11
14.94	2.1811763e-11
14.97	2.3591682e-11
15.01	2.5516849e-11
15.04	2.7599116e-11
15.08	2.9851304e-11
15.11	3.2287279e-11
15.14	3.4922038e-11
15.18	3.7771803e-11
15.21	4.0854120e-11
15.25	4.4187964e-11
15.28	4.7793862e-11
15.31	5.1694015e-11
15.35	5.5912434e-11
15.38	6.0475092e-11
15.42	6.5410079e-11
15.45	7.0747779e-11
15.48	7.6521054e-11
15.52	8.2765450e-11
15.55	8.9519411e-11
15.59	9.6824520e-11
15.62	1.0472575e-10
15.66	1.1327175e-10
15.69	1.2251514e-10
15.72	1.3251282e-10
15.76	1.4332635e-10
15.79	1.5502230e-10
15.83	1.6767268e-10
15.86	1.8135538e-10
15.89	1.9615463e-10
15.93	2.1216156e-10
15.96	2.2947472e-10
16.00	2.4820069e-10
16.03	2.6845476e-10
16.06	2.9036165e-10
16.10	3.1405621e-10
16.13	3.3968434e-10
16.17	3.6740381e-10
16.20	3.9738529e-10
16.23	4.2981337e-10
16.27	4.6488770e-10
16.30	5.0282423e-10
16.34	5.4385651e-10
16.37	5.8823717e-10
16.40	6.3623945e-10
16.44	6.8815890e-10
16.47	7.4431516e-10
16.51	8.0505397e-10
16.54	8.7074929e-10
16.58	9.4180559e-10
16.61	1.0186603e-09
16.64	1.1017867e-09
16.68	1.1916965e-09
16.71	1.2889432e-09
16.75	1.3941257e-09
16.78	1.5078914e-09
16.81	1.6309407e-09
16.85	1.7640314e-09
16.88	1.9079827e-09
16.92	2.0636810e-09
16.95	2.2320848e-09
16.98	2.4142310e-09
17.02	2.6112410e-09
17.05	2.8243276e-09
17.09	3.0548029e-09
17.12	3.3040859e-09
17.15	3.5737111e-09
17.19	3.8653388e-09
17.22	4.1807643e-09
17.26	4.5219297e-09
17.29	4.8909354e-09
17.32	5.2900532e-09
17.36	5.7217405e-09
17.39	6.1886549e-09
17.43	6.6936713e-09
17.46	7.2398987e-09
17.49	7.8307001e-09
17.53	8.4697131e-09
17.56	9.1608717e-09
17.60	9.9084312e-09
17.63	1.0716994e-08
17.67	1.1591539e-08
17.70	1.2537449e-08
17.73	1.3560549e-08
17.77	1.4667137e-08
17.80	1.5864026e-08
17.84	1.7158586e-08
17.87	1.8558786e-08
17.90	2.0073246e-08
17.94	2.1711292e-08
17.97	2.3483007e-08
18.01	2.5399300e-08
18.04	2.7471969e-08
18.07	2.9713773e-08
18.11	3.2138516e-08
18.14	3.4761125e-08
18.18	3.7597747e-08
18.21	4.0665845e-08
18.24	4.3984309e-08
18.28	4.7573568e-08
18.31	5.1455721e-08
18.35	5.5654667e-08
18.38	6.0196258e-08
18.41	6.5108454e-08
18.45	7.0421497e-08
18.48	7.6168096e-08
18.52	8.2383630e-08
18.55	8.9106364e-08
18.59	9.6377685e-08
18.62	1.0424236e-07
18.65	1.1274880e-07
18.69	1.2194938e-07
18.72	1.3190074e-07
18.76	1.4266415e-07
18.79	1.5430585e-07
18.82	1.6689752e-07
18.86	1.8051668e-07
18.89	1.9524716e-07
18.93	2.1117965e-07
18.96	2.2841222e-07
18.99	2.4705095e-07
19.03	2.6721058e-07
19.06	2.8901520e-07
19.10	3.1259904e-07
19.13	3.3810725e-07
19.16	3.6569686e-07
19.20	3.9553768e-07
19.23	4.2781339e-07
19.27	4.6272264e-07
19.30	5.0048030e-07
19.33	5.4131874e-07
19.37	5.8548931e-07
19.40	6.3326385e-07
19.44	6.8493637e-07
19.47	7.4082486e-07
19.51	8.0127324e-07
19.54	8.6665347e-07
19.57	9.3736784e-07
19.61	1.0138515e-06
19.64	1.0965749e-06
19.68	1.1860471e-06
19.71	1.2828184e-06
19.74	1.3874842e-06
19.78	1.5006882e-06
19.81	1.6231267e-06
19.85	1.7555528e-06
19.88	1.8987807e-06
19.91	2.0536912e-06
19.95	2.2212366e-06
19.98	2.4024471e-06
20.02	2.5984363e-06
20.05	2.8104090e-06
20.08	3.0396677e-06
20.12	3.2876210e-06
20.15	3.5557921e-06
20.19	3.8458281e-06
20.22	4.1595101e-06
20.25	4.4987640e-06
20.29	4.8656722e-06
20.32	5.2624862e-06
20.36	5.6916406e-06
20.39	6.1557673e-06
20.42	6.6577121e-06
20.46	7.2005516e-06
20.49	7.7876117e-06
20.53	8.4224880e-06
20.56	9.1090670e-06
20.60	9.8515502e-06
20.63	1.0654478e-05
20.66	1.1522760e-05
20.70	1.2461699e-05
20.73	1.3477029e-05
20.77	1.4574943e-05
20.80	1.5762136e-05
20.83	1.7045840e-05
20.87	1.8433867e-05
20.90	1.9934658e-05
20.94	2.1557330e-05
20.97	2.3311728e-05
21.00	2.5208486e-05
21.04	2.7259085e-05
21.07	2.9475918e-05
21.11	3.1872367e-05
21.14	3.4462870e-05
21.17	3.7263009e-05
21.21	4.0289595e-05
21.24	4.3560761e-05
21.28	4.7096060e-05
21.31	5.0916575e-05
21.34	5.5045029e-05
21.38	5.9505907e-05
21.41	6.4325586e-05
21.45	6.9532468e-05
21.48	7.5157130e-05
21.52	8.1232469e-05
21.55	8.7793874e-05
21.58	9.4879388e-05
21.62	1.0252989e-04
21.65	1.1078929e-04
21.69	1.1970471e-04
21.72	1.2932669e-04
21.75	1.3970944e-04
21.79	1.5091098e-04
21.82	1.6299343e-04
21.86	1.7602323e-04
21.89	1.9007133e-04
21.92	2.0521348e-04
21.96	2.2153040e-04
21.99	2.3910806e-04
22.03	2.5803787e-04
22.06	2.7841686e-04
22.09	3.0034792e-04
22.13	3.2393994e-04
22.16	3.4930792e-04
22.20	3.7657310e-04
22.23	4.0586302e-04
22.26	4.3731148e-04
22.30	4.7105849e-04
22.33	5.0725013e-04
22.37	5.4603833e-04
22.40	5.8758051e-04
22.43	6.3203914e-04
22.47	6.7958115e-04
22.50	7.3037722e-04
22.54	7.8460088e-04
22.57	8.4242741e-04
22.61	9.0403264e-04
22.64	9.6959142e-04
22.67	1.0392760e-03
22.71	1.1132540e-03
22.74	1.1916865e-03
22.78	1.2747255e-03
22.81	1.3625111e-03
22.84	1.4551693e-03
22.88	1.5528085e-03
22.91	1.6555162e-03
22.95	1.7633563e-03
22.98	1.8763651e-03
23.01	1.9945482e-03
23.05	2.1178769e-03
23.08	2.2462851e-03
23.12	2.3796659e-03
23.15	2.5178694e-03
23.18	2.6606993e-03
23.22	2.8079120e-03
23.25	2.9592143e-03
23.29	3.1142635e-03
23.32	3.2726669e-03
23.35	3.4339828e-03
23.39	3.5977226e-03
23.42	3.7633531e-03
23.46	3.9303007e-03
23.49	4.0979556e-03
23.53	4.2656772e-03
23.56	4.4328013e-03
23.59	4.5986463e-03
23.63	4.7625212e-03
23.66	4.9237340e-03
23.70	5.0816000e-03
23.73	5.2354501e-03
23.76	5.3846399e-03
23.80	5.5285572e-03
23.83	5.6666300e-03
23.87	5.7983338e-03
23.90	5.9231971e-03
23.93	6.0408075e-03
23.97	6.1508153e-03
24.00	6.2529368e-03
24.04	6.3469560e-03
24.07	6.4327255e-03
24.10	6.5101660e-03
24.14	6.5792646e-03
24.17	6.6400723e-03
24.21	6.6927008e-03
24.24	6.7373177e-03
24.27	6.7741423e-03
24.31	6.8034396e-03
24.34	6.8255151e-03
24.38	6.8407086e-03
24.41	6.8493884e-03
24.44	6.8519453e-03
24.48	6.8487869e-03
24.51	6.8403319e-03
24.55	6.8270054e-03
24.58	6.8092335e-03
24.62	6.7874395e-03
24.65	6.7620399e-03
24.68	6.7334408e-03
24.72	6.7020353e-03
24.75	6.6682008e-03
24.79	6.6322972e-03
24.82	6.5946655e-03
24.85	6.5556263e-03
24.89	6.5154793e-03
24.92	6.4745030e-03
24.96	6.4329542e-03
24.99	6.3910683e-03
25.02	6.3490598e-03
25.06	6.3071227e-03
25.09	6.2654311e-03
25.13	6.2241403e-03
25.16	6.1833872e-03
25.19	6.1432920e-03
25.23	6.1039587e-03
25.26	6.0654761e-03
25.30	6.0279194e-03
25.33	5.9913507e-03
25.36	5.9558204e-03
25.40	5.9213680e-03
25.43	5.8880231e-03
25.47	5.8558067e-03
25.50	5.8247317e-03
25.54	5.7948038e-03
25.57	5.7660225e-03
25.60	5.7383816e-03
25.64	5.7118701e-03
25.67	5.6864728e-03
25.71	5.6621710e-03
25.74	5.6389425e-03
25.77	5.6167630e-03
25.81	5.5956056e-03
25.84	5.5754422e-03
25.88	5.5562427e-03
25.91	5.5379766e-03
25.94	5.5206122e-03
25.98	5.5041175e-03
26.01	5.4884604e-03
26.05	5.4736085e-03
26.08	5.4595296e-03
26.11	5.4461919e-03
26.15	5.4335639e-03
26.18	5.4216148e-03
26.22	5.4103142e-03
26.25	5.3996325e-03
26.28	5.3895409e-03
26.32	5.3800113e-03
26.35	5.3710167e-03
26.39	5.3625308e-03
26.42	5.3545281e-03
26.45	5.3469843e-03
26.49	5.3398758e-03
26.52	5.3331801e-03
26.56	5.3268753e-03
26.59	5.3209409e-03
26.63	5.3153569e-03
26.66	5.3101043e-03
26.69	5.3051649e-03
26.73	5.3005216e-03
26.76	5.2961578e-03
26.80	5.2920579e-03
26.83	5.2882069e-03
26.86	5.2845907e-03
26.90	5.2811957e-03
26.93	5.2780094e-03
26.97	5.2750195e-03
27.00	5.2722145e-03
