# NeutrinoNeutrinoInteraction/NeutrinoNeutrinoElastic interaction rates
# neutrino field: massive Cosmic Neutrino Background, T_CnuB = 1.94535456 K
# Produced with crpropa-data version: 34240bf825c959521ec71bc1e6d82591f4f17700
# log10(E/eV), 1/lambda [1/Mpc]
10.00	7.3938384e-14
10.03	7.9972045e-14
10.07	8.6498074e-14
10.10	9.3556649e-14
10.14	1.0119123e-13
10.17	1.0944881e-13
10.20	1.1838024e-13
10.24	1.2804050e-13
10.27	1.3848908e-13
10.31	1.4979029e-13
10.34	1.6201372e-13
10.37	1.7523462e-13
10.41	1.8953439e-13
10.44	2.0500107e-13
10.48	2.2172988e-13
10.51	2.3982383e-13
10.55	2.5939430e-13
10.58	2.8056180e-13
10.61	3.0345663e-13
10.65	3.2821977e-13
10.68	3.5500367e-13
10.72	3.8397323e-13
10.75	4.1530682e-13
10.78	4.4919734e-13
10.82	4.8585346e-13
10.85	5.2550085e-13
10.89	5.6838363e-13
10.92	6.1476580e-13
10.95	6.6493295e-13
10.99	7.1919393e-13
11.02	7.7788281e-13
11.06	8.4136094e-13
11.09	9.1001912e-13
11.12	9.8428007e-13
11.16	1.0646010e-12
11.19	1.1514764e-12
11.23	1.2454411e-12
11.26	1.3470737e-12
11.29	1.4569999e-12
11.33	1.5758964e-12
11.36	1.7044953e-12
11.40	1.8435883e-12
11.43	1.9940318e-12
11.46	2.1567520e-12
11.50	2.3327507e-12
11.53	2.5231116e-12
11.57	2.7290066e-12
11.60	2.9517034e-12
11.64	3.1925730e-12
11.67	3.4530985e-12
11.70	3.7348838e-12
11.74	4.0396638e-12
11.77	4.3693150e-12
11.81	4.7258669e-12
11.84	5.1115147e-12
11.87	5.5286328e-12
11.91	5.9797893e-12
11.94	6.4677618e-12
11.98	6.9955546e-12
12.01	7.5664172e-12
12.04	8.1838643e-12
12.08	8.8516973e-12
12.11	9.5740279e-12
12.15	1.0355303e-11
12.18	1.1200334e-11
12.21	1.2114321e-11
12.25	1.3102894e-11
12.28	1.4172138e-11
12.32	1.5328636e-11
12.35	1.6579508e-11
12.38	1.7932456e-11
12.42	1.9395810e-11
12.45	2.0978578e-11
12.49	2.2690506e-11
12.52	2.4542134e-11
12.56	2.6544861e-11
12.59	2.8711018e-11
12.62	3.1053942e-11
12.66	3.3588056e-11
12.69	3.6328963e-11
12.73	3.9293539e-11
12.76	4.2500034e-11
12.79	4.5968191e-11
12.83	4.9719362e-11
12.86	5.3776643e-11
12.90	5.8165012e-11
12.93	6.2911488e-11
12.96	6.8045294e-11
13.00	7.3598037e-11
13.03	7.9603904e-11
13.07	8.6099871e-11
13.10	9.3125933e-11
13.13	1.0072535e-10
13.17	1.0894490e-10
13.20	1.1783520e-10
13.24	1.2745098e-10
13.27	1.3785144e-10
13.30	1.4910062e-10
13.34	1.6126777e-10
13.37	1.7442781e-10
13.41	1.8866175e-10
13.44	2.0405724e-10
13.47	2.2070905e-10
13.51	2.3871971e-10
13.54	2.5820010e-10
13.58	2.7927017e-10
13.61	3.0205963e-10
13.65	3.2670879e-10
13.68	3.5336941e-10
13.71	3.8220564e-10
13.75	4.1339501e-10
13.78	4.4712954e-10
13.82	4.8361693e-10
13.85	5.2308183e-10
13.88	5.6576721e-10
13.92	6.1193586e-10
13.95	6.6187205e-10
13.99	7.1588321e-10
14.02	7.7430188e-10
14.05	8.3748773e-10
14.09	9.0582977e-10
14.12	9.7974876e-10
14.16	1.0596998e-09
14.19	1.1461752e-09
14.22	1.2397072e-09
14.26	1.3408718e-09
14.29	1.4502918e-09
14.33	1.5686409e-09
14.36	1.6966477e-09
14.39	1.8351003e-09
14.43	1.9848512e-09
14.46	2.1468222e-09
14.50	2.3220107e-09
14.53	2.5114952e-09
14.57	2.7164424e-09
14.60	2.9381139e-09
14.63	3.1778747e-09
14.67	3.4372008e-09
14.70	3.7176889e-09
14.74	4.0210658e-09
14.77	4.3491993e-09
14.80	4.7041098e-09
14.84	5.0879822e-09
14.87	5.5031800e-09
14.91	5.9522595e-09
14.94	6.4379855e-09
14.97	6.9633485e-09
15.01	7.5315830e-09
15.04	8.1461875e-09
15.08	8.8109460e-09
15.11	9.5299511e-09
15.14	1.0307630e-08
15.18	1.1148770e-08
15.21	1.2058550e-08
15.25	1.3042571e-08
15.28	1.4106892e-08
15.31	1.5258066e-08
15.35	1.6503180e-08
15.38	1.7849899e-08
15.42	1.9306515e-08
15.45	2.0881997e-08
15.48	2.2586044e-08
15.52	2.4429147e-08
15.55	2.6422654e-08
15.59	2.8578839e-08
15.62	3.0910976e-08
15.66	3.3433423e-08
15.69	3.6161712e-08
15.72	3.9112639e-08
15.76	4.2304372e-08
15.79	4.5756562e-08
15.83	4.9490464e-08
15.86	5.3529065e-08
15.89	5.7897231e-08
15.93	6.2621855e-08
15.96	6.7732025e-08
16.00	7.3259204e-08
16.03	7.9237421e-08
16.06	8.5703482e-08
16.10	9.2697197e-08
16.13	1.0026162e-07
16.17	1.0844334e-07
16.20	1.1729270e-07
16.23	1.2686421e-07
16.27	1.3721679e-07
16.30	1.4841418e-07
16.34	1.6052532e-07
16.37	1.7362476e-07
16.40	1.8779317e-07
16.44	2.0311777e-07
16.47	2.1969292e-07
16.51	2.3762066e-07
16.54	2.5701136e-07
16.58	2.7798442e-07
16.61	3.0066895e-07
16.64	3.2520462e-07
16.68	3.5174249e-07
16.71	3.8044595e-07
16.75	4.1149171e-07
16.78	4.4507092e-07
16.81	4.8139031e-07
16.85	5.2067349e-07
16.88	5.6316232e-07
16.92	6.0911839e-07
16.95	6.5882464e-07
16.98	7.1258710e-07
17.02	7.7073676e-07
17.05	8.3363164e-07
17.09	9.0165896e-07
17.12	9.7523756e-07
17.15	1.0548204e-06
17.19	1.1408975e-06
17.22	1.2339988e-06
17.26	1.3346975e-06
17.29	1.4436136e-06
17.32	1.5614175e-06
17.36	1.6888347e-06
17.39	1.8266496e-06
17.43	1.9757106e-06
17.46	2.1369356e-06
17.49	2.3113170e-06
17.53	2.4999285e-06
17.56	2.7039313e-06
17.60	2.9245815e-06
17.63	3.1632374e-06
17.67	3.4213685e-06
17.70	3.7005638e-06
17.73	4.0025424e-06
17.77	4.3291634e-06
17.80	4.6824377e-06
17.84	5.0645403e-06
17.87	5.4778235e-06
17.90	5.9248319e-06
17.94	6.4083176e-06
17.97	6.9312570e-06
18.01	7.4968697e-06
18.04	8.1086380e-06
18.07	8.7703282e-06
18.11	9.4860140e-06
18.14	1.0260102e-05
18.18	1.1097357e-05
18.21	1.2002934e-05
18.24	1.2982408e-05
18.28	1.4041809e-05
18.31	1.5187659e-05
18.35	1.6427013e-05
18.38	1.7767500e-05
18.41	1.9217373e-05
18.45	2.0785557e-05
18.48	2.2481707e-05
18.52	2.4316264e-05
18.55	2.6300523e-05
18.59	2.8446698e-05
18.62	3.0768001e-05
18.65	3.3278723e-05
18.69	3.5994319e-05
18.72	3.8931505e-05
18.76	4.2108363e-05
18.79	4.5544448e-05
18.82	4.9260911e-05
18.86	5.3280629e-05
18.89	5.7628345e-05
18.93	6.2330821e-05
18.96	6.7417000e-05
18.99	7.2918189e-05
19.03	7.8868247e-05
19.06	8.5303795e-05
19.10	9.2264442e-05
19.13	9.9793025e-05
19.16	1.0793588e-04
19.20	1.1674311e-04
19.23	1.2626893e-04
19.27	1.3657194e-04
19.30	1.4771554e-04
19.33	1.5976831e-04
19.37	1.7280439e-04
19.40	1.8690400e-04
19.44	2.0215387e-04
19.47	2.1864781e-04
19.51	2.3648729e-04
19.54	2.5578203e-04
19.57	2.7665070e-04
19.61	2.9922164e-04
19.64	3.2363364e-04
19.68	3.5003680e-04
19.71	3.7859345e-04
19.74	4.0947913e-04
19.78	4.4288367e-04
19.81	4.7901238e-04
19.85	5.1808725e-04
19.88	5.6034834e-04
19.91	6.0605526e-04
19.95	6.5548871e-04
19.98	7.0895222e-04
20.02	7.6677402e-04
20.05	8.2930897e-04
20.08	8.9694079e-04
20.12	9.7008435e-04
20.15	1.0491882e-03
20.19	1.1347373e-03
20.22	1.2272558e-03
20.25	1.3273106e-03
20.29	1.4355144e-03
20.32	1.5525293e-03
20.36	1.6790714e-03
20.39	1.8159143e-03
20.42	1.9638943e-03
20.46	2.1239153e-03
20.49	2.2969539e-03
20.53	2.4840655e-03
20.56	2.6863905e-03
20.60	2.9051609e-03
20.63	3.1417077e-03
20.66	3.3974687e-03
20.70	3.6739967e-03
20.73	3.9729690e-03
20.77	4.2961965e-03
20.80	4.6456344e-03
20.83	5.0233938e-03
20.87	5.4317529e-03
20.90	5.8731705e-03
20.94	6.3502997e-03
20.97	6.8660024e-03
21.00	7.4233656e-03
21.04	8.0257178e-03
21.07	8.6766472e-03
21.11	9.3800209e-03
21.14	1.0140006e-02
21.17	1.0961089e-02
21.21	1.1848104e-02
21.24	1.2806250e-02
21.28	1.3841124e-02
21.31	1.4958742e-02
21.34	1.6165573e-02
21.38	1.7468568e-02
21.41	1.8875187e-02
21.45	2.0393440e-02
21.48	2.2031914e-02
21.52	2.3799815e-02
21.55	2.5706999e-02
21.58	2.7764014e-02
21.62	2.9982138e-02
21.65	3.2373413e-02
21.69	3.4950692e-02
21.72	3.7727672e-02
21.75	4.0718934e-02
21.79	4.3939977e-02
21.82	4.7407259e-02
21.86	5.1138221e-02
21.89	5.5151321e-02
21.92	5.9466056e-02
21.96	6.4102979e-02
21.99	6.9083708e-02
22.03	7.4430933e-02
22.06	8.0168405e-02
22.09	8.6320914e-02
22.13	9.2914261e-02
22.16	9.9975205e-02
22.20	1.0753140e-01
22.23	1.1561129e-01
22.26	1.2424405e-01
22.30	1.3345939e-01
22.33	1.4328744e-01
22.37	1.5375854e-01
22.40	1.6490306e-01
22.43	1.7675108e-01
22.47	1.8933221e-01
22.50	2.0267517e-01
22.54	2.1680754e-01
22.57	2.3175531e-01
22.61	2.4754250e-01
22.64	2.6419074e-01
22.67	2.8171879e-01
22.71	3.0014204e-01
22.74	3.1947207e-01
22.78	3.3971610e-01
22.81	3.6087650e-01
22.84	3.8295034e-01
22.88	4.0592887e-01
22.91	4.2979710e-01
22.95	4.5453345e-01
22.98	4.8010935e-01
23.01	5.0648902e-01
23.05	5.3362923e-01
23.08	5.6147926e-01
23.12	5.8998086e-01
23.15	6.1906835e-01
23.18	6.4866885e-01
23.22	6.7870263e-01
23.25	7.0908355e-01
23.29	7.3971961e-01
23.32	7.7051368e-01
23.35	8.0136425e-01
23.39	8.3216632e-01
23.42	8.6281240e-01
23.46	8.9319350e-01
23.49	9.2320025e-01
23.53	9.5272397e-01
23.56	9.8165784e-01
23.59	1.0098980e+00
23.63	1.0373445e+00
23.66	1.0639028e+00
23.70	1.0894839e+00
23.73	1.1140060e+00
23.76	1.1373950e+00
23.80	1.1595849e+00
23.83	1.1805188e+00
23.87	1.2001489e+00
23.90	1.2184368e+00
23.93	1.2353541e+00
23.97	1.2508817e+00
24.00	1.2650102e+00
24.04	1.2777394e+00
24.07	1.2890780e+00
24.10	1.2990433e+00
24.14	1.3076602e+00
24.17	1.3149613e+00
24.21	1.3209856e+00
24.24	1.3257780e+00
24.27	1.3293888e+00
24.31	1.3318724e+00
24.34	1.3332872e+00
24.38	1.3336945e+00
24.41	1.3331576e+00
24.44	1.3317415e+00
24.48	1.3295121e+00
24.51	1.3265354e+00
24.55	1.3228772e+00
24.58	1.3186023e+00
24.62	1.3137745e+00
24.65	1.3084556e+00
24.68	1.3027057e+00
24.72	1.2965821e+00
24.75	1.2901400e+00
24.79	1.2834314e+00
24.82	1.2765057e+00
24.85	1.2694091e+00
24.89	1.2621848e+00
24.92	1.2548727e+00
24.96	1.2475100e+00
24.99	1.2401303e+00
25.02	1.2327646e+00
25.06	1.2254408e+00
25.09	1.2181839e+00
25.13	1.2110165e+00
25.16	1.2039582e+00
25.19	1.1970264e+00
25.23	1.1902361e+00
25.26	1.1836002e+00
25.30	1.1771295e+00
25.33	1.1708329e+00
25.36	1.1647176e+00
25.40	1.1587893e+00
25.43	1.1530520e+00
25.47	1.1475087e+00
25.50	1.1421610e+00
25.54	1.1370094e+00
25.57	1.1320535e+00
25.60	1.1272920e+00
25.64	1.1227230e+00
25.67	1.1183438e+00
25.71	1.1141512e+00
25.74	1.1101413e+00
25.77	1.1063102e+00
25.81	1.1026534e+00
25.84	1.0991661e+00
25.88	1.0958433e+00
25.91	1.0926799e+00
25.94	1.0896707e+00
25.98	1.0868102e+00
26.01	1.0840932e+00
26.05	1.0815142e+00
26.08	1.0790678e+00
26.11	1.0767486e+00
26.15	1.0745515e+00
26.18	1.0724711e+00
26.22	1.0705023e+00
26.25	1.0686403e+00
26.28	1.0668801e+00
26.32	1.0652169e+00
26.35	1.0636461e+00
26.39	1.0621634e+00
26.42	1.0607643e+00
26.45	1.0594447e+00
26.49	1.0582006e+00
26.52	1.0570281e+00
26.56	1.0559236e+00
26.59	1.0548834e+00
26.63	1.0539042e+00
26.66	1.0529826e+00
26.69	1.0521157e+00
26.73	1.0513003e+00
26.76	1.0505337e+00
26.80	1.0498132e+00
26.83	1.0491361e+00
26.86	1.0485001e+00
26.90	1.0479028e+00
26.93	1.0473419e+00
26.97	1.0468155e+00
27.00	1.0463214e+00
