# NeutrinoNeutrinoInteraction/NeutrinoNeutrinoElastic interaction rates
# neutrino field: massive Cosmic Neutrino Background, T_CnuB = 1.94535456 K
# Produced with crpropa-data version: 34240bf825c959521ec71bc1e6d82591f4f17700
# log10(E/eV), 1/lambda [1/Mpc]
10.00	1.9635027e-16
10.03	2.1237314e-16
10.07	2.2970356e-16
10.10	2.4844824e-16
10.14	2.6872256e-16
10.17	2.9065137e-16
10.20	3.1436966e-16
10.24	3.4002347e-16
10.27	3.6777074e-16
10.31	3.9778229e-16
10.34	4.3024291e-16
10.37	4.6535242e-16
10.41	5.0332700e-16
10.44	5.4440043e-16
10.48	5.8882559e-16
10.51	6.3687599e-16
10.55	6.8884746e-16
10.58	7.4505996e-16
10.61	8.0585960e-16
10.65	8.7162068e-16
10.68	9.4274808e-16
10.72	1.0196797e-15
10.75	1.1028892e-15
10.78	1.1928889e-15
10.82	1.2902329e-15
10.85	1.3955205e-15
10.89	1.5093999e-15
10.92	1.6325723e-15
10.95	1.7657960e-15
10.99	1.9098912e-15
11.02	2.0657451e-15
11.06	2.2343173e-15
11.09	2.4166455e-15
11.12	2.6138524e-15
11.16	2.8271521e-15
11.19	3.0578579e-15
11.23	3.3073901e-15
11.26	3.5772852e-15
11.29	3.8692047e-15
11.33	4.1849460e-15
11.36	4.5264530e-15
11.40	4.8958284e-15
11.43	5.2953461e-15
11.46	5.7274661e-15
11.50	6.1948487e-15
11.53	6.7003714e-15
11.57	7.2471466e-15
11.60	7.8385406e-15
11.64	8.4781944e-15
11.67	9.1700462e-15
11.70	9.9183555e-15
11.74	1.0727729e-14
11.77	1.1603151e-14
11.81	1.2550010e-14
11.84	1.3574136e-14
11.87	1.4681835e-14
11.91	1.5879925e-14
11.94	1.7175785e-14
11.98	1.8577390e-14
12.01	2.0093373e-14
12.04	2.1733064e-14
12.08	2.3506561e-14
12.11	2.5424781e-14
12.15	2.7499535e-14
12.18	2.9743597e-14
12.21	3.2170782e-14
12.25	3.4796034e-14
12.28	3.7635517e-14
12.32	4.0706711e-14
12.35	4.4028527e-14
12.38	4.7621414e-14
12.42	5.1507494e-14
12.45	5.5710692e-14
12.49	6.0256887e-14
12.52	6.5174067e-14
12.56	7.0492508e-14
12.59	7.6244952e-14
12.62	8.2466817e-14
12.66	8.9196408e-14
12.69	9.6475159e-14
12.73	1.0434788e-13
12.76	1.1286305e-13
12.79	1.2207308e-13
12.83	1.3203469e-13
12.86	1.4280920e-13
12.90	1.5446295e-13
12.93	1.6706769e-13
12.96	1.8070102e-13
13.00	1.9544688e-13
13.03	2.1139605e-13
13.07	2.2864674e-13
13.10	2.4730514e-13
13.13	2.6748614e-13
13.17	2.8931398e-13
13.20	3.1292305e-13
13.24	3.3845871e-13
13.27	3.6607816e-13
13.30	3.9595147e-13
13.34	4.2826255e-13
13.37	4.6321033e-13
13.41	5.0100997e-13
13.44	5.4189420e-13
13.47	5.8611474e-13
13.51	6.3394383e-13
13.54	6.8567594e-13
13.58	7.4162959e-13
13.61	8.0214925e-13
13.65	8.6760755e-13
13.68	9.3840747e-13
13.71	1.0149849e-12
13.75	1.0978114e-12
13.78	1.1873968e-12
13.82	1.2842927e-12
13.85	1.3890956e-12
13.88	1.5024508e-12
13.92	1.6250563e-12
13.95	1.7576668e-12
13.99	1.9010988e-12
14.02	2.0562353e-12
14.05	2.2240316e-12
14.09	2.4055207e-12
14.12	2.6018199e-12
14.16	2.8141378e-12
14.19	3.0437817e-12
14.22	3.2921653e-12
14.26	3.5608180e-12
14.29	3.8513936e-12
14.33	4.1656813e-12
14.36	4.5056161e-12
14.39	4.8732907e-12
14.43	5.2709689e-12
14.46	5.7010991e-12
14.50	6.1663295e-12
14.53	6.6695244e-12
14.57	7.2137818e-12
14.60	7.8024525e-12
14.63	8.4391610e-12
14.67	9.1278272e-12
14.70	9.8726910e-12
14.74	1.0678338e-11
14.77	1.1549730e-11
14.80	1.2492229e-11
14.84	1.3511641e-11
14.87	1.4614240e-11
14.91	1.5806815e-11
14.94	1.7096708e-11
14.97	1.8491862e-11
15.01	2.0000865e-11
15.04	2.1633008e-11
15.08	2.3398340e-11
15.11	2.5307729e-11
15.14	2.7372932e-11
15.18	2.9606662e-11
15.21	3.2022673e-11
15.25	3.4635840e-11
15.28	3.7462250e-11
15.31	4.0519306e-11
15.35	4.3825828e-11
15.38	4.7402175e-11
15.42	5.1270364e-11
15.45	5.5454212e-11
15.48	5.9979477e-11
15.52	6.4874020e-11
15.55	7.0167976e-11
15.59	7.5893937e-11
15.62	8.2087158e-11
15.66	8.8785768e-11
15.69	9.6031009e-11
15.72	1.0386749e-10
15.76	1.1234345e-10
15.79	1.2151109e-10
15.83	1.3142683e-10
15.86	1.4215174e-10
15.89	1.5375183e-10
15.93	1.6629854e-10
15.96	1.7986911e-10
16.00	1.9454708e-10
16.03	2.1042283e-10
16.06	2.2759409e-10
16.10	2.4616660e-10
16.13	2.6625468e-10
16.17	2.8798203e-10
16.20	3.1148241e-10
16.23	3.3690050e-10
16.27	3.6439281e-10
16.30	3.9412858e-10
16.34	4.2629090e-10
16.37	4.6107779e-10
16.40	4.9870340e-10
16.44	5.3939941e-10
16.47	5.8341636e-10
16.51	6.3102525e-10
16.54	6.8251919e-10
16.58	7.3821523e-10
16.61	7.9845627e-10
16.64	8.6361319e-10
16.68	9.3408716e-10
16.71	1.0103121e-09
16.75	1.0927572e-09
16.78	1.1819301e-09
16.81	1.2783799e-09
16.85	1.3827003e-09
16.88	1.4955337e-09
16.92	1.6175746e-09
16.95	1.7495745e-09
16.98	1.8923462e-09
17.02	2.0467684e-09
17.05	2.2137921e-09
17.09	2.3944455e-09
17.12	2.5898409e-09
17.15	2.8011813e-09
17.19	3.0297678e-09
17.22	3.2770077e-09
17.26	3.5444234e-09
17.29	3.8336610e-09
17.32	4.1465016e-09
17.36	4.4848710e-09
17.39	4.8508525e-09
17.43	5.2466994e-09
17.46	5.6748489e-09
17.49	6.1379368e-09
17.53	6.6388144e-09
17.56	7.1805653e-09
17.60	7.7665250e-09
17.63	8.4003010e-09
17.67	9.0857954e-09
17.70	9.8272284e-09
17.73	1.0629165e-08
17.77	1.1496542e-08
17.80	1.2434701e-08
17.84	1.3449416e-08
17.87	1.4546935e-08
17.90	1.5734016e-08
17.94	1.7017966e-08
17.97	1.8406691e-08
18.01	1.9908740e-08
18.04	2.1533362e-08
18.07	2.3290557e-08
18.11	2.5191146e-08
18.14	2.7246829e-08
18.18	2.9470261e-08
18.21	3.1875133e-08
18.24	3.4476249e-08
18.28	3.7289624e-08
18.31	4.0332579e-08
18.35	4.3623848e-08
18.38	4.7183693e-08
18.41	5.1034031e-08
18.45	5.5198567e-08
18.48	5.9702940e-08
18.52	6.4574881e-08
18.55	6.9844384e-08
18.59	7.5543890e-08
18.62	8.1708488e-08
18.65	8.8376131e-08
18.69	9.5587865e-08
18.72	1.0338809e-07
18.76	1.1182483e-07
18.79	1.2095001e-07
18.82	1.3081983e-07
18.86	1.4149503e-07
18.89	1.5304133e-07
18.93	1.6552983e-07
18.96	1.7903739e-07
18.99	1.9364716e-07
19.03	2.0944910e-07
19.06	2.2654047e-07
19.10	2.4502647e-07
19.13	2.6502092e-07
19.16	2.8664688e-07
19.20	3.1003749e-07
19.23	3.3533670e-07
19.27	3.6270027e-07
19.30	3.9229660e-07
19.33	4.2430788e-07
19.37	4.5893114e-07
19.40	4.9637947e-07
19.44	5.3688336e-07
19.47	5.8069210e-07
19.51	6.2807529e-07
19.54	6.7932455e-07
19.57	7.3475527e-07
19.61	7.9470854e-07
19.64	8.5955330e-07
19.68	9.2968855e-07
19.71	1.0055458e-06
19.74	1.0875919e-06
19.78	1.1763314e-06
19.81	1.2723104e-06
19.85	1.3761193e-06
19.88	1.4883966e-06
19.91	1.6098329e-06
19.95	1.7411751e-06
19.98	1.8832309e-06
20.02	2.0368737e-06
20.05	2.2030483e-06
20.08	2.3827763e-06
20.12	2.5771625e-06
20.15	2.7874016e-06
20.19	3.0147856e-06
20.22	3.2607118e-06
20.25	3.5266909e-06
20.29	3.8143567e-06
20.32	4.1254760e-06
20.36	4.4619588e-06
20.39	4.8258709e-06
20.42	5.2194456e-06
20.46	5.6450977e-06
20.49	6.1054381e-06
20.53	6.6032896e-06
20.56	7.1417041e-06
20.60	7.7239809e-06
20.63	8.3536866e-06
20.66	9.0346770e-06
20.70	9.7711199e-06
20.73	1.0567520e-05
20.77	1.1428747e-05
20.80	1.2360063e-05
20.83	1.3367155e-05
20.87	1.4456169e-05
20.90	1.5633748e-05
20.94	1.6907065e-05
20.97	1.8283874e-05
21.00	1.9772549e-05
21.04	2.1382138e-05
21.07	2.3122410e-05
21.11	2.5003918e-05
21.14	2.7038057e-05
21.17	2.9237127e-05
21.21	3.1614410e-05
21.24	3.4184237e-05
21.28	3.6962078e-05
21.31	3.9964622e-05
21.34	4.3209871e-05
21.38	4.6717242e-05
21.41	5.0507671e-05
21.45	5.4603725e-05
21.48	5.9029727e-05
21.52	6.3811879e-05
21.55	6.8978400e-05
21.58	7.4559676e-05
21.62	8.0588405e-05
21.65	8.7099765e-05
21.69	9.4131585e-05
21.72	1.0172452e-04
21.75	1.0992226e-04
21.79	1.1877168e-04
21.82	1.2832312e-04
21.86	1.3863052e-04
21.89	1.4975171e-04
21.92	1.6174861e-04
21.96	1.7468744e-04
21.99	1.8863901e-04
22.03	2.0367892e-04
22.06	2.1988784e-04
22.09	2.3735170e-04
22.13	2.5616196e-04
22.16	2.7641584e-04
22.20	2.9821650e-04
22.23	3.2167327e-04
22.26	3.4690177e-04
22.30	3.7402412e-04
22.33	4.0316897e-04
22.37	4.3447160e-04
22.40	4.6807393e-04
22.43	5.0412441e-04
22.47	5.4277792e-04
22.50	5.8419554e-04
22.54	6.2854420e-04
22.57	6.7599630e-04
22.61	7.2672908e-04
22.64	7.8092396e-04
22.67	8.3876570e-04
22.71	9.0044134e-04
22.74	9.6613905e-04
22.78	1.0360467e-03
22.81	1.1103504e-03
22.84	1.1892325e-03
22.88	1.2728699e-03
22.91	1.3614317e-03
22.95	1.4550766e-03
22.98	1.5539509e-03
23.01	1.6581851e-03
23.05	1.7678917e-03
23.08	1.8831617e-03
23.12	2.0040614e-03
23.15	2.1306301e-03
23.18	2.2628762e-03
23.22	2.4007744e-03
23.25	2.5442631e-03
23.29	2.6932416e-03
23.32	2.8475675e-03
23.35	3.0070552e-03
23.39	3.1714738e-03
23.42	3.3405462e-03
23.46	3.5139490e-03
23.49	3.6913118e-03
23.53	3.8722187e-03
23.56	4.0562096e-03
23.59	4.2427822e-03
23.63	4.4313952e-03
23.66	4.6214719e-03
23.70	4.8124047e-03
23.73	5.0035597e-03
23.76	5.1942829e-03
23.80	5.3839058e-03
23.83	5.5717520e-03
23.87	5.7571440e-03
23.90	5.9394104e-03
23.93	6.1178921e-03
23.97	6.2919500e-03
24.00	6.4609713e-03
24.04	6.6243754e-03
24.07	6.7816206e-03
24.10	6.9322087e-03
24.14	7.0756899e-03
24.17	7.2116667e-03
24.21	7.3397970e-03
24.24	7.4597963e-03
24.27	7.5714395e-03
24.31	7.6745613e-03
24.34	7.7690558e-03
24.38	7.8548761e-03
24.41	7.9320323e-03
24.44	8.0005891e-03
24.48	8.0606630e-03
24.51	8.1124189e-03
24.55	8.1560661e-03
24.58	8.1918542e-03
24.62	8.2200686e-03
24.65	8.2410260e-03
24.68	8.2550696e-03
24.72	8.2625646e-03
24.75	8.2638935e-03
24.79	8.2594514e-03
24.82	8.2496424e-03
24.85	8.2348748e-03
24.89	8.2155580e-03
24.92	8.1920987e-03
24.96	8.1648978e-03
24.99	8.1343477e-03
25.02	8.1008298e-03
25.06	8.0647126e-03
25.09	8.0263496e-03
25.13	7.9860780e-03
25.16	7.9442179e-03
25.19	7.9010708e-03
25.23	7.8569194e-03
25.26	7.8120274e-03
25.30	7.7666390e-03
25.33	7.7209794e-03
25.36	7.6752546e-03
25.40	7.6296521e-03
25.43	7.5843415e-03
25.47	7.5394749e-03
25.50	7.4951876e-03
25.54	7.4515994e-03
25.57	7.4088145e-03
25.60	7.3669235e-03
25.64	7.3260032e-03
25.67	7.2861184e-03
25.71	7.2473223e-03
25.74	7.2096575e-03
25.77	7.1731569e-03
25.81	7.1378445e-03
25.84	7.1037364e-03
25.88	7.0708412e-03
25.91	7.0391612e-03
25.94	7.0086927e-03
25.98	6.9794270e-03
26.01	6.9513509e-03
26.05	6.9244470e-03
26.08	6.8986948e-03
26.11	6.8740707e-03
26.15	6.8505486e-03
26.18	6.8281006e-03
26.22	6.8066969e-03
26.25	6.7863066e-03
26.28	6.7668975e-03
26.32	6.7484370e-03
26.35	6.7308919e-03
26.39	6.7142288e-03
26.42	6.6984141e-03
26.45	6.6834145e-03
26.49	6.6691970e-03
26.52	6.6557289e-03
26.56	6.6429781e-03
26.59	6.6309130e-03
26.63	6.6195028e-03
26.66	6.6087174e-03
26.69	6.5985278e-03
26.73	6.5889054e-03
26.76	6.5798228e-03
26.80	6.5712534e-03
26.83	6.5631717e-03
26.86	6.5555529e-03
26.90	6.5483733e-03
26.93	6.5416101e-03
26.97	6.5352415e-03
27.00	6.5292465e-03
