# NeutrinoAntineutrinoInteraction/NeutrinoAntineutrinoResonanceStrange interaction rates
# neutrino field: massive Cosmic Neutrino Background, T_CnuB = 1.94535456 K
# Produced with crpropa-data version: 60a1560e37035039ec25f414e0c42a2444bad49c
# log10(E/eV), 1/lambda [1/Mpc]
13.37	0.0000000e+00
13.41	0.0000000e+00
13.44	0.0000000e+00
13.47	0.0000000e+00
13.51	0.0000000e+00
13.54	0.0000000e+00
13.58	0.0000000e+00
13.61	0.0000000e+00
13.65	0.0000000e+00
13.68	0.0000000e+00
13.71	0.0000000e+00
13.75	0.0000000e+00
13.78	0.0000000e+00
13.82	0.0000000e+00
13.85	0.0000000e+00
13.88	0.0000000e+00
13.92	0.0000000e+00
13.95	0.0000000e+00
13.99	0.0000000e+00
14.02	0.0000000e+00
14.05	0.0000000e+00
14.09	0.0000000e+00
14.12	0.0000000e+00
14.16	0.0000000e+00
14.19	0.0000000e+00
14.22	0.0000000e+00
14.26	0.0000000e+00
14.29	0.0000000e+00
14.33	0.0000000e+00
14.36	0.0000000e+00
14.39	0.0000000e+00
14.43	0.0000000e+00
14.46	0.0000000e+00
14.50	0.0000000e+00
14.53	0.0000000e+00
14.57	0.0000000e+00
14.60	0.0000000e+00
14.63	0.0000000e+00
14.67	0.0000000e+00
14.70	0.0000000e+00
14.74	0.0000000e+00
14.77	0.0000000e+00
14.80	0.0000000e+00
14.84	0.0000000e+00
14.87	0.0000000e+00
14.91	0.0000000e+00
14.94	0.0000000e+00
14.97	0.0000000e+00
15.01	0.0000000e+00
15.04	0.0000000e+00
15.08	0.0000000e+00
15.11	0.0000000e+00
15.14	0.0000000e+00
15.18	0.0000000e+00
15.21	0.0000000e+00
15.25	0.0000000e+00
15.28	0.0000000e+00
15.31	3.7336251e-279
15.35	2.5183762e-258
15.38	4.4075092e-239
15.42	2.7102471e-221
15.45	7.5387250e-205
15.48	1.1981540e-189
15.52	1.3503679e-175
15.55	1.3177700e-162
15.59	1.3392338e-150
15.62	1.6812628e-139
15.66	3.0529411e-129
15.69	9.2784673e-120
15.72	5.4013295e-111
15.76	6.8228267e-103
15.79	2.0987193e-95
15.83	1.7489631e-88
15.86	4.3577376e-82
15.89	3.5561904e-76
15.93	1.0340868e-70
15.96	1.1583030e-65
16.00	5.3712380e-61
16.03	1.1021713e-56
16.06	1.0643908e-52
16.10	5.1211740e-49
16.13	1.2939866e-45
16.17	1.8027454e-42
16.20	1.4485822e-39
16.23	6.9991169e-37
16.27	2.1132975e-34
16.30	4.1320233e-32
16.34	5.4069643e-30
16.37	4.8815878e-28
16.40	3.1276583e-26
16.44	1.4596284e-24
16.47	5.0826967e-23
16.51	1.3503702e-21
16.54	2.7942749e-20
16.58	4.5900937e-19
16.61	6.0920943e-18
16.64	6.6402646e-17
16.68	6.0342926e-16
16.71	4.6360178e-15
16.75	3.0502859e-14
16.78	1.7393568e-13
16.81	8.6910716e-13
16.85	3.8442744e-12
16.88	1.5194759e-11
16.92	5.4135152e-11
16.95	1.7524518e-10
16.98	5.1927318e-10
17.02	1.4179962e-09
17.05	3.5907872e-09
17.09	8.4804508e-09
17.12	1.8776994e-08
17.15	3.9162121e-08
17.19	7.7266430e-08
17.22	1.4475971e-07
17.26	2.5838935e-07
17.29	4.4064187e-07
17.32	7.1952973e-07
17.36	1.1268125e-06
17.39	1.6938084e-06
17.43	2.4440374e-06
17.46	3.3827751e-06
17.49	4.4860713e-06
17.53	5.6965130e-06
17.56	6.9388143e-06
17.60	8.1741231e-06
17.63	9.4130896e-06
17.67	1.0670119e-05
17.70	1.1958743e-05
17.73	1.3291848e-05
17.77	1.4681875e-05
17.80	1.6141000e-05
17.84	1.7681301e-05
17.87	1.9314905e-05
17.90	2.1054131e-05
17.94	2.2911619e-05
17.97	2.4900459e-05
18.01	2.7034309e-05
18.04	2.9327514e-05
18.07	3.1795228e-05
18.11	3.4453528e-05
18.14	3.7319538e-05
18.18	4.0411550e-05
18.21	4.3749158e-05
18.24	4.7353386e-05
18.28	5.1246833e-05
18.31	5.5453823e-05
18.35	6.0000558e-05
18.38	6.4915295e-05
18.41	7.0228518e-05
18.45	7.5973139e-05
18.48	8.2184699e-05
18.52	8.8901594e-05
18.55	9.6165318e-05
18.59	1.0402071e-04
18.62	1.1251626e-04
18.65	1.2170438e-04
18.69	1.3164174e-04
18.72	1.4238962e-04
18.76	1.5401430e-04
18.79	1.6658745e-04
18.82	1.8018661e-04
18.86	1.9489562e-04
18.89	2.1080517e-04
18.93	2.2801337e-04
18.96	2.4662633e-04
18.99	2.6675884e-04
19.03	2.8853506e-04
19.06	3.1208933e-04
19.10	3.3756696e-04
19.13	3.6512514e-04
19.16	3.9493394e-04
19.20	4.2717734e-04
19.23	4.6205440e-04
19.27	4.9978048e-04
19.30	5.4058857e-04
19.33	5.8473078e-04
19.37	6.3247988e-04
19.40	6.8413102e-04
19.44	7.4000356e-04
19.47	8.0044312e-04
19.51	8.6582366e-04
19.54	9.3654990e-04
19.57	1.0130599e-03
19.61	1.0958276e-03
19.64	1.1853662e-03
19.68	1.2822310e-03
19.71	1.3870232e-03
19.74	1.5003936e-03
19.78	1.6230468e-03
19.81	1.7557456e-03
19.85	1.8993161e-03
19.88	2.0546526e-03
19.91	2.2227240e-03
19.95	2.4045794e-03
19.98	2.6013555e-03
20.02	2.8142834e-03
20.05	3.0446975e-03
20.08	3.2940433e-03
20.12	3.5638879e-03
20.15	3.8559299e-03
20.19	4.1720109e-03
20.22	4.5141280e-03
20.25	4.8844474e-03
20.29	5.2853190e-03
20.32	5.7192931e-03
20.36	6.1891376e-03
20.39	6.6978581e-03
20.42	7.2487185e-03
20.46	7.8452654e-03
20.49	8.4913529e-03
20.53	9.1911717e-03
20.56	9.9492800e-03
20.60	1.0770638e-02
20.63	1.1660646e-02
20.66	1.2625187e-02
20.70	1.3670672e-02
20.73	1.4804095e-02
20.77	1.6033084e-02
20.80	1.7365974e-02
20.83	1.8811873e-02
20.87	2.0380741e-02
20.90	2.2083484e-02
20.94	2.3932052e-02
20.97	2.5939553e-02
21.00	2.8120381e-02
21.04	3.0490359e-02
21.07	3.3066908e-02
21.11	3.5869228e-02
21.14	3.8918514e-02
21.17	4.2238200e-02
21.21	4.5854236e-02
21.24	4.9795416e-02
21.28	5.4093744e-02
21.31	5.8784869e-02
21.34	6.3908588e-02
21.38	6.9509436e-02
21.41	7.5637373e-02
21.45	8.2348601e-02
21.48	8.9706525e-02
21.52	9.7782909e-02
21.55	1.0665924e-01
21.58	1.1642840e-01
21.62	1.2719664e-01
21.65	1.3908604e-01
21.69	1.5223751e-01
21.72	1.6681444e-01
21.75	1.8300736e-01
21.79	2.0103965e-01
21.82	2.2117492e-01
21.86	2.4372633e-01
21.89	2.6906877e-01
21.92	2.9765479e-01
21.96	3.3003587e-01
21.99	3.6689126e-01
22.03	4.0906813e-01
22.06	4.5763931e-01
22.09	5.1399105e-01
22.13	5.7996802e-01
22.16	6.5814025e-01
22.20	7.5234569e-01
22.23	8.6885159e-01
22.26	1.0188295e+00
22.30	1.2233869e+00
22.33	1.5230752e+00
22.37	1.9943408e+00
22.40	2.7753168e+00
22.43	4.1020281e+00
22.47	6.3529567e+00
22.50	1.0094781e+01
22.54	1.6115329e+01
22.57	2.5422225e+01
22.61	3.9178386e+01
22.64	5.8539546e+01
22.67	8.4356098e+01
22.71	1.1670706e+02
22.74	1.5426432e+02
22.78	1.9358000e+02
22.81	2.2861767e+02
22.84	2.5125180e+02
22.88	2.5384932e+02
22.91	2.3486808e+02
22.95	2.0575891e+02
22.98	1.7808169e+02
23.01	1.5358122e+02
23.05	1.3222462e+02
23.08	1.1372555e+02
23.12	9.7754295e+01
23.15	8.3992335e+01
23.18	7.2148944e+01
23.22	6.1965326e+01
23.25	5.3214104e+01
23.29	4.5697023e+01
23.32	3.9242035e+01
23.35	3.3700311e+01
23.39	2.8943386e+01
23.42	2.4860549e+01
23.46	2.1356497e+01
23.49	1.8349264e+01
23.53	1.5768403e+01
23.56	1.3553395e+01
23.59	1.1652277e+01
23.63	1.0020441e+01
23.66	8.6196084e+00
23.70	7.4169347e+00
23.73	6.3842451e+00
23.76	5.4973726e+00
23.80	4.7355905e+00
23.83	4.0811237e+00
23.87	3.5187292e+00
23.90	3.0353361e+00
23.93	2.6197359e+00
23.97	2.2623172e+00
24.00	1.9548381e+00
24.04	1.6902307e+00
24.07	1.4624338e+00
24.10	1.2662489e+00
24.14	1.0972173e+00
24.17	9.5151459e-01
24.21	8.2585971e-01
24.24	7.1743781e-01
24.27	6.2383350e-01
24.31	5.4297393e-01
24.34	4.7307991e-01
24.38	4.1262407e-01
24.41	3.6029492e-01
24.44	3.1496616e-01
24.48	2.7567027e-01
24.51	2.4157595e-01
24.55	2.1196874e-01
24.58	1.8623441e-01
24.62	1.6384476e-01
24.65	1.4434542e-01
24.68	1.2734535e-01
24.72	1.1250795e-01
24.75	9.9543296e-02
24.79	8.8201611e-02
24.82	7.8267572e-02
24.85	6.9555477e-02
24.89	6.1905083e-02
24.92	5.5178036e-02
24.96	4.9254811e-02
24.99	4.4032080e-02
25.02	3.9420459e-02
25.06	3.5342571e-02
25.09	3.1731380e-02
25.13	2.8528763e-02
25.16	2.5684283e-02
25.19	2.3154134e-02
25.23	2.0900232e-02
25.26	1.8889437e-02
25.30	1.7092881e-02
25.33	1.5485391e-02
25.36	1.4044990e-02
25.40	1.2752471e-02
25.43	1.1591027e-02
25.47	1.0545933e-02
25.50	9.6042720e-03
25.54	8.7546978e-03
25.57	7.9872304e-03
25.60	7.2930800e-03
25.64	6.6644937e-03
25.67	6.0946238e-03
25.71	5.5774129e-03
25.74	5.1074954e-03
25.77	4.6801112e-03
25.81	4.2910309e-03
25.84	3.9364914e-03
25.88	3.6131393e-03
25.91	3.3179819e-03
25.94	3.0483445e-03
25.98	2.8018331e-03
26.01	2.5763019e-03
26.05	2.3698247e-03
26.08	2.1806701e-03
26.11	2.0072798e-03
26.15	1.8482491e-03
26.18	1.7023106e-03
26.22	1.5683187e-03
26.25	1.4452373e-03
26.28	1.3321276e-03
26.32	1.2281386e-03
26.35	1.1324974e-03
26.39	1.0445019e-03
26.42	9.6351335e-04
26.45	8.8894996e-04
26.49	8.2028162e-04
26.52	7.5702473e-04
26.56	6.9873776e-04
26.59	6.4501728e-04
26.63	5.9549443e-04
26.66	5.4983166e-04
26.69	5.0771990e-04
26.73	4.6887598e-04
26.76	4.3304028e-04
26.80	3.9997466e-04
26.83	3.6946054e-04
26.86	3.4129725e-04
26.90	3.1530041e-04
26.93	2.9130056e-04
26.97	2.6914191e-04
27.00	2.4868114e-04
