# NeutrinoAntineutrinoInteraction/NeutrinoAntineutrinoResonanceStrange interaction rates
# neutrino field: massive Cosmic Neutrino Background, T_CnuB = 1.94535456 K
# Produced with crpropa-data version: 60a1560e37035039ec25f414e0c42a2444bad49c
# log10(E/eV), 1/lambda [1/Mpc]
13.47	0.0000000e+00
13.51	0.0000000e+00
13.54	0.0000000e+00
13.58	0.0000000e+00
13.61	0.0000000e+00
13.65	0.0000000e+00
13.68	0.0000000e+00
13.71	0.0000000e+00
13.75	0.0000000e+00
13.78	0.0000000e+00
13.82	0.0000000e+00
13.85	0.0000000e+00
13.88	0.0000000e+00
13.92	0.0000000e+00
13.95	0.0000000e+00
13.99	0.0000000e+00
14.02	0.0000000e+00
14.05	0.0000000e+00
14.09	0.0000000e+00
14.12	0.0000000e+00
14.16	0.0000000e+00
14.19	0.0000000e+00
14.22	0.0000000e+00
14.26	0.0000000e+00
14.29	0.0000000e+00
14.33	0.0000000e+00
14.36	0.0000000e+00
14.39	0.0000000e+00
14.43	0.0000000e+00
14.46	0.0000000e+00
14.50	0.0000000e+00
14.53	0.0000000e+00
14.57	0.0000000e+00
14.60	0.0000000e+00
14.63	0.0000000e+00
14.67	0.0000000e+00
14.70	0.0000000e+00
14.74	0.0000000e+00
14.77	0.0000000e+00
14.80	0.0000000e+00
14.84	0.0000000e+00
14.87	0.0000000e+00
14.91	0.0000000e+00
14.94	0.0000000e+00
14.97	0.0000000e+00
15.01	0.0000000e+00
15.04	0.0000000e+00
15.08	0.0000000e+00
15.11	0.0000000e+00
15.14	0.0000000e+00
15.18	0.0000000e+00
15.21	0.0000000e+00
15.25	0.0000000e+00
15.28	0.0000000e+00
15.31	0.0000000e+00
15.35	0.0000000e+00
15.38	0.0000000e+00
15.42	0.0000000e+00
15.45	1.3256338e-270
15.48	1.7252066e-250
15.52	6.7785727e-232
15.55	1.0471399e-214
15.59	8.1185272e-199
15.62	3.9590656e-184
15.66	1.4962060e-170
15.69	5.3146583e-158
15.72	2.1209192e-146
15.76	1.1214292e-135
15.79	9.1505754e-126
15.83	1.3267433e-116
15.86	3.8940444e-108
15.89	2.6099545e-100
15.93	4.4655680e-93
15.96	2.1620963e-86
16.00	3.2583324e-80
16.03	1.6691082e-74
16.06	3.1528540e-69
16.10	2.3678135e-64
16.13	7.5795451e-60
16.17	1.1029059e-55
16.20	7.7423532e-52
16.23	2.7703671e-48
16.27	5.3164309e-45
16.30	5.7351441e-42
16.34	3.6323899e-39
16.37	1.4061229e-36
16.40	3.4528609e-34
16.44	5.5665383e-32
16.47	6.0819346e-30
16.51	4.6377644e-28
16.54	2.5362049e-26
16.58	1.0199481e-24
16.61	3.0872896e-23
16.64	7.1863780e-22
16.68	1.3122049e-20
16.71	1.9143812e-19
16.75	2.2696903e-18
16.78	2.2214561e-17
16.81	1.8211706e-16
16.85	1.2674776e-15
16.88	7.5823469e-15
16.92	3.9439648e-14
16.95	1.8027962e-13
16.98	7.3133621e-13
17.02	2.6570371e-12
17.05	8.7185938e-12
17.09	2.6040492e-11
17.12	7.1308222e-11
17.15	1.8022660e-10
17.19	4.2303202e-10
17.22	9.2744959e-10
17.26	1.9093000e-09
17.29	3.7090198e-09
17.32	6.8300287e-09
17.36	1.1972813e-08
17.39	2.0057533e-08
17.43	3.2228428e-08
17.46	4.9835456e-08
17.49	7.4391998e-08
17.53	1.0751151e-07
17.56	1.5082962e-07
17.60	2.0592074e-07
17.63	2.7421928e-07
17.67	3.5695484e-07
17.70	4.5510852e-07
17.73	5.6939465e-07
17.77	7.0026854e-07
17.80	8.4795802e-07
17.84	1.0125137e-06
17.87	1.1938720e-06
17.90	1.3919235e-06
17.94	1.6065819e-06
17.97	1.8378461e-06
18.01	2.0858549e-06
18.04	2.3509301e-06
18.07	2.6336083e-06
18.11	2.9346635e-06
18.14	3.2551198e-06
18.18	3.5962579e-06
18.21	3.9596171e-06
18.24	4.3469936e-06
18.28	4.7604389e-06
18.31	5.2022580e-06
18.35	5.6750089e-06
18.38	6.1815047e-06
18.41	6.7248181e-06
18.45	7.3082887e-06
18.48	7.9355342e-06
18.52	8.6104643e-06
18.55	9.3372976e-06
18.59	1.0120583e-05
18.62	1.0965221e-05
18.65	1.1876495e-05
18.69	1.2860095e-05
18.72	1.3922158e-05
18.76	1.5069299e-05
18.79	1.6308652e-05
18.82	1.7647917e-05
18.86	1.9095403e-05
18.89	2.0660081e-05
18.93	2.2351640e-05
18.96	2.4180545e-05
18.99	2.6158106e-05
19.03	2.8296543e-05
19.06	3.0609066e-05
19.10	3.3109954e-05
19.13	3.5814646e-05
19.16	3.8739836e-05
19.20	4.1903575e-05
19.23	4.5325385e-05
19.27	4.9026380e-05
19.30	5.3029396e-05
19.33	5.7359132e-05
19.37	6.2042308e-05
19.40	6.7107824e-05
19.44	7.2586944e-05
19.47	7.8513491e-05
19.51	8.4924054e-05
19.54	9.1858218e-05
19.57	9.9358810e-05
19.61	1.0747217e-04
19.64	1.1624843e-04
19.68	1.2574183e-04
19.71	1.3601108e-04
19.74	1.4711969e-04
19.78	1.5913639e-04
19.81	1.7213556e-04
19.85	1.8619770e-04
19.88	2.0140993e-04
19.91	2.1786654e-04
19.95	2.3566959e-04
19.98	2.5492956e-04
20.02	2.7576604e-04
20.05	2.9830850e-04
20.08	3.2269714e-04
20.12	3.4908372e-04
20.15	3.7763261e-04
20.19	4.0852181e-04
20.22	4.4194410e-04
20.25	4.7810833e-04
20.29	5.1724072e-04
20.32	5.5958639e-04
20.36	6.0541096e-04
20.39	6.5500230e-04
20.42	7.0867248e-04
20.46	7.6675981e-04
20.49	8.2963115e-04
20.53	8.9768440e-04
20.56	9.7135122e-04
20.60	1.0511000e-03
20.63	1.1374392e-03
20.66	1.2309207e-03
20.70	1.3321440e-03
20.73	1.4417604e-03
20.77	1.5604776e-03
20.80	1.6890651e-03
20.83	1.8283598e-03
20.87	1.9792724e-03
20.90	2.1427944e-03
20.94	2.3200057e-03
20.97	2.5120833e-03
21.00	2.7203108e-03
21.04	2.9460887e-03
21.07	3.1909467e-03
21.11	3.4565563e-03
21.14	3.7447459e-03
21.17	4.0575171e-03
21.21	4.3970632e-03
21.24	4.7657902e-03
21.28	5.1663404e-03
21.31	5.6016190e-03
21.34	6.0748244e-03
21.38	6.5894831e-03
21.41	7.1494888e-03
21.45	7.7591479e-03
21.48	8.4232319e-03
21.52	9.1470374e-03
21.55	9.9364561e-03
21.58	1.0798056e-02
21.62	1.1739179e-02
21.65	1.2768047e-02
21.69	1.3893903e-02
21.72	1.5127160e-02
21.75	1.6479596e-02
21.79	1.7964573e-02
21.82	1.9597316e-02
21.86	2.1395245e-02
21.89	2.3378382e-02
21.92	2.5569860e-02
21.96	2.7996560e-02
21.99	3.0689908e-02
22.03	3.3686913e-02
22.06	3.7031494e-02
22.09	4.0776255e-02
22.13	4.4984869e-02
22.16	4.9735414e-02
22.20	5.5125271e-02
22.23	6.1278946e-02
22.26	6.8362045e-02
22.30	7.6609200e-02
22.33	8.6383390e-02
22.37	9.8301706e-02
22.40	1.1348842e-01
22.43	1.3404363e-01
22.47	1.6382748e-01
22.50	2.0962895e-01
22.54	2.8269094e-01
22.57	4.0039680e-01
22.61	5.8772392e-01
22.64	8.7791080e-01
22.67	1.3117538e+00
22.71	1.9351069e+00
22.74	2.7945002e+00
22.78	3.9312448e+00
22.81	5.3748234e+00
22.84	7.1366502e+00
22.88	9.2053309e+00
22.91	1.1544348e+01
22.95	1.4092691e+01
22.98	1.6768459e+01
23.01	1.9474952e+01
23.05	2.2108427e+01
23.08	2.4566467e+01
23.12	2.6755901e+01
23.15	2.8599380e+01
23.18	3.0039994e+01
23.22	3.1043622e+01
23.25	3.1599065e+01
23.29	3.1716272e+01
23.32	3.1423135e+01
23.35	3.0761410e+01
23.39	2.9782319e+01
23.42	2.8542288e+01
23.46	2.7099161e+01
23.49	2.5509087e+01
23.53	2.3824195e+01
23.56	2.2091006e+01
23.59	2.0349547e+01
23.63	1.8633025e+01
23.66	1.6967934e+01
23.70	1.5374492e+01
23.73	1.3867260e+01
23.76	1.2455881e+01
23.80	1.1145847e+01
23.83	9.9392560e+00
23.87	8.8355099e+00
23.90	7.8319455e+00
23.93	6.9243807e+00
23.97	6.1075770e+00
24.00	5.3756208e+00
24.04	4.7222303e+00
24.07	4.1409955e+00
24.10	3.6255618e+00
24.14	3.1697650e+00
24.17	2.7677265e+00
24.21	2.4139164e+00
24.24	2.1031910e+00
24.27	1.8308110e+00
24.31	1.5924443e+00
24.34	1.3841577e+00
24.38	1.2024020e+00
24.41	1.0439903e+00
24.44	9.0607425e-01
24.48	7.8611810e-01
24.51	6.8187236e-01
24.55	5.9134776e-01
24.58	5.1278999e-01
24.62	4.4465581e-01
24.65	3.8559072e-01
24.68	3.3440821e-01
24.72	2.9007082e-01
24.75	2.5167286e-01
24.79	2.1842483e-01
24.82	1.8963940e-01
24.85	1.6471890e-01
24.89	1.4314417e-01
24.92	1.2446465e-01
24.96	1.0828966e-01
24.99	9.4280692e-02
25.02	8.2144634e-02
25.06	7.1627827e-02
25.09	6.2510867e-02
25.13	5.4604060e-02
25.16	4.7743464e-02
25.19	4.1787431e-02
25.23	3.6613609e-02
25.26	3.2116333e-02
25.30	2.8204361e-02
25.33	2.4798912e-02
25.36	2.1831969e-02
25.40	1.9244803e-02
25.43	1.6986704e-02
25.47	1.5013883e-02
25.50	1.3288518e-02
25.54	1.1777934e-02
25.57	1.0453899e-02
25.60	9.2920090e-03
25.64	8.2711630e-03
25.67	7.3731087e-03
25.71	6.5820507e-03
25.74	5.8843130e-03
25.77	5.2680482e-03
25.81	4.7229871e-03
25.84	4.2402225e-03
25.88	3.8120234e-03
25.91	3.4316747e-03
25.94	3.0933388e-03
25.98	2.7919372e-03
26.01	2.5230473e-03
26.05	2.2828142e-03
26.08	2.0678749e-03
26.11	1.8752917e-03
26.15	1.7024964e-03
26.18	1.5472409e-03
26.22	1.4075547e-03
26.25	1.2817092e-03
26.28	1.1681856e-03
26.32	1.0656477e-03
26.35	9.7291862e-04
26.39	8.8896023e-04
26.42	8.1285556e-04
26.45	7.4379350e-04
26.49	6.8105554e-04
26.52	6.2400431e-04
26.56	5.7207356e-04
26.59	5.2475949e-04
26.63	4.8161321e-04
26.66	4.4223418e-04
26.69	4.0626446e-04
26.73	3.7338371e-04
26.76	3.4330485e-04
26.80	3.1577025e-04
26.83	2.9054836e-04
26.86	2.6743080e-04
26.90	2.4622978e-04
26.93	2.2677590e-04
26.97	2.0891605e-04
27.00	1.9251180e-04
