# NeutrinoAntineutrinoInteraction/NeutrinoAntineutrinoResonanceStrange interaction rates
# neutrino field: massive Cosmic Neutrino Background, T_CnuB = 1.94535456 K
# Produced with crpropa-data version: 60a1560e37035039ec25f414e0c42a2444bad49c
# log10(E/eV), 1/lambda [1/Mpc]
13.78	0.0000000e+00
13.82	0.0000000e+00
13.85	0.0000000e+00
13.88	0.0000000e+00
13.92	0.0000000e+00
13.95	0.0000000e+00
13.99	0.0000000e+00
14.02	0.0000000e+00
14.05	0.0000000e+00
14.09	0.0000000e+00
14.12	0.0000000e+00
14.16	0.0000000e+00
14.19	0.0000000e+00
14.22	0.0000000e+00
14.26	0.0000000e+00
14.29	0.0000000e+00
14.33	0.0000000e+00
14.36	0.0000000e+00
14.39	0.0000000e+00
14.43	0.0000000e+00
14.46	0.0000000e+00
14.50	0.0000000e+00
14.53	0.0000000e+00
14.57	0.0000000e+00
14.60	0.0000000e+00
14.63	0.0000000e+00
14.67	0.0000000e+00
14.70	0.0000000e+00
14.74	0.0000000e+00
14.77	0.0000000e+00
14.80	0.0000000e+00
14.84	0.0000000e+00
14.87	0.0000000e+00
14.91	0.0000000e+00
14.94	0.0000000e+00
14.97	0.0000000e+00
15.01	0.0000000e+00
15.04	0.0000000e+00
15.08	0.0000000e+00
15.11	0.0000000e+00
15.14	0.0000000e+00
15.18	0.0000000e+00
15.21	0.0000000e+00
15.25	0.0000000e+00
15.28	0.0000000e+00
15.31	0.0000000e+00
15.35	0.0000000e+00
15.38	0.0000000e+00
15.42	0.0000000e+00
15.45	0.0000000e+00
15.48	0.0000000e+00
15.52	0.0000000e+00
15.55	0.0000000e+00
15.59	0.0000000e+00
15.62	0.0000000e+00
15.66	0.0000000e+00
15.69	0.0000000e+00
15.72	0.0000000e+00
15.76	1.0708398e-260
15.79	1.8415684e-241
15.83	1.1138992e-223
15.86	3.0505992e-207
15.89	4.7776757e-192
15.93	5.3100735e-178
15.96	5.1135567e-165
16.00	5.1313374e-153
16.03	6.3638905e-142
16.06	1.1421121e-131
16.10	3.4318585e-122
16.13	1.9758167e-113
16.17	2.4689061e-105
16.20	7.5138474e-98
16.23	6.1958767e-91
16.27	1.5276255e-84
16.30	1.2335813e-78
16.34	3.5492277e-73
16.37	3.9330935e-68
16.40	1.8040019e-63
16.44	3.6605923e-59
16.47	3.4946695e-55
16.51	1.6615517e-51
16.54	4.1468979e-48
16.58	5.7037434e-45
16.61	4.5222654e-42
16.64	2.1546208e-39
16.68	6.4106479e-37
16.71	1.2342067e-34
16.75	1.5889253e-32
16.78	1.4100917e-30
16.81	8.8720384e-29
16.85	4.0617760e-27
16.88	1.3859870e-25
16.92	3.6041365e-24
16.95	7.2906100e-23
16.98	1.1692226e-21
17.02	1.5129707e-20
17.05	1.6055333e-19
17.09	1.4183671e-18
17.12	1.0577263e-17
17.15	6.7445822e-17
17.19	3.7213180e-16
17.22	1.7962819e-15
17.26	7.6631365e-15
17.29	2.9166270e-14
17.32	9.9903361e-14
17.36	3.1045937e-13
17.39	8.8185029e-13
17.43	2.3054178e-12
17.46	5.5827217e-12
17.49	1.2596656e-11
17.53	2.6629252e-11
17.56	5.3010641e-11
17.60	9.9841488e-11
17.63	1.7868833e-10
17.67	3.0512137e-10
17.70	4.9895983e-10
17.73	7.8411745e-10
17.77	1.1879959e-09
17.80	1.7404477e-09
17.84	2.4724031e-09
17.87	3.4143160e-09
17.90	4.5946132e-09
17.94	6.0383363e-09
17.97	7.7661299e-09
18.01	9.7936834e-09
18.04	1.2131668e-08
18.07	1.4786146e-08
18.11	1.7759387e-08
18.14	2.1050961e-08
18.18	2.4659016e-08
18.21	2.8581576e-08
18.24	3.2817790e-08
18.28	3.7369028e-08
18.31	4.2239793e-08
18.35	4.7438417e-08
18.38	5.2977556e-08
18.41	5.8874508e-08
18.45	6.5151384e-08
18.48	7.1835172e-08
18.52	7.8957736e-08
18.55	8.6555781e-08
18.59	9.4670817e-08
18.62	1.0334913e-07
18.65	1.1264182e-07
18.69	1.2260484e-07
18.72	1.3329911e-07
18.76	1.4479074e-07
18.79	1.5715121e-07
18.82	1.7045770e-07
18.86	1.8479346e-07
18.89	2.0024822e-07
18.93	2.1691864e-07
18.96	2.3490892e-07
18.99	2.5433133e-07
19.03	2.7530693e-07
19.06	2.9796626e-07
19.10	3.2245016e-07
19.13	3.4891061e-07
19.16	3.7751167e-07
19.20	4.0843053e-07
19.23	4.4185853e-07
19.27	4.7800243e-07
19.30	5.1708565e-07
19.33	5.5934964e-07
19.37	6.0505542e-07
19.40	6.5448518e-07
19.44	7.0794402e-07
19.47	7.6576186e-07
19.51	8.2829549e-07
19.54	8.9593075e-07
19.57	9.6908498e-07
19.61	1.0482095e-06
19.64	1.1337927e-06
19.68	1.2263626e-06
19.71	1.3264906e-06
19.74	1.4347946e-06
19.78	1.5519433e-06
19.81	1.6786600e-06
19.85	1.8157273e-06
19.88	1.9639919e-06
19.91	2.1243698e-06
19.95	2.2978522e-06
19.98	2.4855116e-06
20.02	2.6885085e-06
20.05	2.9080987e-06
20.08	3.1456412e-06
20.12	3.4026066e-06
20.15	3.6805867e-06
20.19	3.9813040e-06
20.22	4.3066232e-06
20.25	4.6585624e-06
20.29	5.0393064e-06
20.32	5.4512203e-06
20.36	5.8968648e-06
20.39	6.3790124e-06
20.42	6.9006651e-06
20.46	7.4650741e-06
20.49	8.0757604e-06
20.53	8.7365379e-06
20.56	9.4515379e-06
20.60	1.0225237e-05
20.63	1.1062484e-05
20.66	1.1968537e-05
20.70	1.2949092e-05
20.73	1.4010325e-05
20.77	1.5158934e-05
20.80	1.6402181e-05
20.83	1.7747943e-05
20.87	1.9204770e-05
20.90	2.0781937e-05
20.94	2.2489515e-05
20.97	2.4338439e-05
21.00	2.6340587e-05
21.04	2.8508866e-05
21.07	3.0857307e-05
21.11	3.3401167e-05
21.14	3.6157044e-05
21.17	3.9143005e-05
21.21	4.2378724e-05
21.24	4.5885640e-05
21.28	4.9687122e-05
21.31	5.3808668e-05
21.34	5.8278113e-05
21.38	6.3125865e-05
21.41	6.8385172e-05
21.45	7.4092419e-05
21.48	8.0287459e-05
21.52	8.7013989e-05
21.55	9.4319974e-05
21.58	1.0225812e-04
21.62	1.1088643e-04
21.65	1.2026880e-04
21.69	1.3047574e-04
21.72	1.4158519e-04
21.75	1.5368342e-04
21.79	1.6686612e-04
21.82	1.8123964e-04
21.86	1.9692243e-04
21.89	2.1404671e-04
21.92	2.3276046e-04
21.96	2.5322975e-04
21.99	2.7564148e-04
22.03	3.0020668e-04
22.06	3.2716445e-04
22.09	3.5678673e-04
22.13	3.8938405e-04
22.16	4.2531263e-04
22.20	4.6498308e-04
22.23	5.0887134e-04
22.26	5.5753231e-04
22.30	6.1161737e-04
22.33	6.7189683e-04
22.37	7.3928955e-04
22.40	8.1490241e-04
22.43	9.0008467e-04
22.47	9.9650574e-04
22.50	1.1062745e-03
22.54	1.2321421e-03
22.57	1.3778889e-03
22.61	1.5491322e-03
22.64	1.7550520e-03
22.67	2.0119608e-03
22.71	2.3501734e-03
22.74	2.8260388e-03
22.78	3.5408245e-03
22.81	4.6668827e-03
22.84	6.4789085e-03
22.88	9.3844625e-03
22.91	1.3944389e-02
22.95	2.0871947e-02
22.98	3.1000846e-02
23.01	4.5217424e-02
23.05	6.4360143e-02
23.08	8.9098180e-02
23.12	1.1980777e-01
23.15	1.5646789e-01
23.18	1.9859501e-01
23.22	2.4523037e-01
23.25	2.9498442e-01
23.29	3.4613326e-01
23.32	3.9675402e-01
23.35	4.4488049e-01
23.39	4.8865891e-01
23.42	5.2648501e-01
23.46	5.5710829e-01
23.49	5.7969519e-01
23.53	5.9384927e-01
23.56	5.9959226e-01
23.59	5.9731382e-01
23.63	5.8770027e-01
23.66	5.7165296e-01
23.70	5.5020553e-01
23.73	5.2444789e-01
23.76	4.9546160e-01
23.80	4.6426934e-01
23.83	4.3179905e-01
23.87	3.9886170e-01
23.90	3.6614078e-01
23.93	3.3419119e-01
23.97	3.0344504e-01
24.00	2.7422209e-01
24.04	2.4674296e-01
24.07	2.2114354e-01
24.10	1.9748948e-01
24.14	1.7578991e-01
24.17	1.5600997e-01
24.21	1.3808181e-01
24.24	1.2191406e-01
24.27	1.0739964e-01
24.31	9.4422169e-02
24.34	8.2861046e-02
24.38	7.2595326e-02
24.41	6.3506668e-02
24.44	5.5481436e-02
24.48	4.8412137e-02
24.51	4.2198326e-02
24.55	3.6747092e-02
24.58	3.1973228e-02
24.62	2.7799159e-02
24.65	2.4154704e-02
24.68	2.0976716e-02
24.72	1.8208648e-02
24.75	1.5800077e-02
24.79	1.3706205e-02
24.82	1.1887366e-02
24.85	1.0308537e-02
24.89	8.9388763e-03
24.92	7.7512907e-03
24.96	6.7220260e-03
24.99	5.8302969e-03
25.02	5.0579456e-03
25.06	4.3891342e-03
25.09	3.8100671e-03
25.13	3.3087422e-03
25.16	2.8747293e-03
25.19	2.4989731e-03
25.23	2.1736191e-03
25.26	1.8918594e-03
25.30	1.6477974e-03
25.33	1.4363292e-03
25.36	1.2530389e-03
25.40	1.0941083e-03
25.43	9.5623675e-04
25.47	8.3657211e-04
25.50	7.3265061e-04
25.54	6.4234430e-04
25.57	5.6381561e-04
25.60	4.9547787e-04
25.64	4.3596116e-04
25.67	3.8408270e-04
25.71	3.3882122e-04
25.74	2.9929486e-04
25.77	2.6474199e-04
25.81	2.3450473e-04
25.84	2.0801469e-04
25.88	1.8478061e-04
25.91	1.6437780e-04
25.94	1.4643896e-04
25.98	1.3064631e-04
26.01	1.1672475e-04
26.05	1.0443604e-04
26.08	9.3573712e-05
26.11	8.3958742e-05
26.15	7.5435793e-05
26.18	6.7869980e-05
26.22	6.1144094e-05
26.25	5.5156193e-05
26.28	4.9817544e-05
26.32	4.5050837e-05
26.35	4.0788648e-05
26.39	3.6972117e-05
26.42	3.3549804e-05
26.45	3.0476703e-05
26.49	2.7713393e-05
26.52	2.5225304e-05
26.56	2.2982078e-05
26.59	2.0957027e-05
26.63	1.9126655e-05
26.66	1.7470249e-05
26.69	1.5969525e-05
26.73	1.4608318e-05
26.76	1.3372321e-05
26.80	1.2248847e-05
26.83	1.1226634e-05
26.86	1.0295667e-05
26.90	9.4470288e-06
26.93	8.6727676e-06
26.97	7.9657819e-06
27.00	7.3197201e-06
