# NeutrinoAntineutrinoInteraction/NeutrinoAntineutrinoResonanceStrange interaction rates
# neutrino field: massive Cosmic Neutrino Background, T_CnuB = 1.94535456 K
# Produced with crpropa-data version: 60a1560e37035039ec25f414e0c42a2444bad49c
# log10(E/eV), 1/lambda [1/Mpc]
13.78	0.0000000e+00
13.82	0.0000000e+00
13.85	0.0000000e+00
13.88	0.0000000e+00
13.92	0.0000000e+00
13.95	0.0000000e+00
13.99	0.0000000e+00
14.02	0.0000000e+00
14.05	0.0000000e+00
14.09	0.0000000e+00
14.12	0.0000000e+00
14.16	0.0000000e+00
14.19	0.0000000e+00
14.22	0.0000000e+00
14.26	0.0000000e+00
14.29	0.0000000e+00
14.33	0.0000000e+00
14.36	0.0000000e+00
14.39	0.0000000e+00
14.43	0.0000000e+00
14.46	0.0000000e+00
14.50	0.0000000e+00
14.53	0.0000000e+00
14.57	0.0000000e+00
14.60	0.0000000e+00
14.63	0.0000000e+00
14.67	0.0000000e+00
14.70	0.0000000e+00
14.74	0.0000000e+00
14.77	0.0000000e+00
14.80	0.0000000e+00
14.84	0.0000000e+00
14.87	0.0000000e+00
14.91	0.0000000e+00
14.94	0.0000000e+00
14.97	0.0000000e+00
15.01	0.0000000e+00
15.04	0.0000000e+00
15.08	0.0000000e+00
15.11	0.0000000e+00
15.14	0.0000000e+00
15.18	0.0000000e+00
15.21	0.0000000e+00
15.25	0.0000000e+00
15.28	0.0000000e+00
15.31	0.0000000e+00
15.35	0.0000000e+00
15.38	0.0000000e+00
15.42	0.0000000e+00
15.45	0.0000000e+00
15.48	0.0000000e+00
15.52	0.0000000e+00
15.55	0.0000000e+00
15.59	0.0000000e+00
15.62	0.0000000e+00
15.66	0.0000000e+00
15.69	0.0000000e+00
15.72	0.0000000e+00
15.76	1.0754982e-260
15.79	1.8502300e-241
15.83	1.1195635e-223
15.86	3.0673703e-207
15.89	4.8060715e-192
15.93	5.3441913e-178
15.96	5.1490731e-165
16.00	5.1698624e-153
16.03	6.4155344e-142
16.06	1.1521298e-131
16.10	3.4643914e-122
16.13	1.9960585e-113
16.17	2.4962390e-105
16.20	7.6037332e-98
16.23	6.2759605e-91
16.27	1.5489576e-84
16.30	1.2521902e-78
16.34	3.6070612e-73
16.37	4.0023124e-68
16.40	1.8382882e-63
16.44	3.7357153e-59
16.47	3.5720990e-55
16.51	1.7012917e-51
16.54	4.2539464e-48
16.58	5.8626291e-45
16.61	4.6581799e-42
16.64	2.2244725e-39
16.68	6.6347820e-37
16.71	1.2807320e-34
16.75	1.6534889e-32
16.78	1.4718351e-30
16.81	9.2905372e-29
16.85	4.2681098e-27
16.88	1.4617822e-25
16.92	3.8162373e-24
16.95	7.7521202e-23
16.98	1.2488005e-21
17.02	1.6236303e-20
17.05	1.7316604e-19
17.09	1.5379738e-18
17.12	1.1534114e-17
17.15	7.3986648e-17
17.19	4.1079157e-16
17.22	1.9960252e-15
17.26	8.5744343e-15
17.29	3.2872046e-14
17.32	1.1345140e-13
17.36	3.5534570e-13
17.39	1.0176163e-12
17.43	2.6828692e-12
17.46	6.5533472e-12
17.49	1.4918754e-11
17.53	3.1825261e-11
17.56	6.3939134e-11
17.60	1.2154464e-10
17.63	2.1955504e-10
17.67	3.7836391e-10
17.70	6.2433915e-10
17.73	9.8977522e-10
17.77	1.5121732e-09
17.80	2.2328041e-09
17.84	3.1946133e-09
17.87	4.4396248e-09
17.90	6.0060878e-09
17.94	7.9256590e-09
17.97	1.0220937e-08
18.01	1.2903651e-08
18.04	1.5973753e-08
18.07	1.9419600e-08
18.11	2.3219307e-08
18.14	2.7343249e-08
18.18	3.1757555e-08
18.21	3.6428366e-08
18.24	4.1326518e-08
18.28	4.6432384e-08
18.31	5.1740844e-08
18.35	5.7268428e-08
18.38	6.3057604e-08
18.41	6.9157206e-08
18.45	7.5616095e-08
18.48	8.2483699e-08
18.52	8.9810567e-08
18.55	9.7648871e-08
18.59	1.0605291e-07
18.62	1.1507960e-07
18.65	1.2478893e-07
18.69	1.3524447e-07
18.72	1.4651381e-07
18.76	1.5866912e-07
18.79	1.7178760e-07
18.82	1.8595207e-07
18.86	2.0125147e-07
18.89	2.1778152e-07
18.93	2.3564527e-07
18.96	2.5495382e-07
18.99	2.7582704e-07
19.03	2.9839428e-07
19.06	3.2279523e-07
19.10	3.4918079e-07
19.13	3.7771398e-07
19.16	4.0857104e-07
19.20	4.4194243e-07
19.23	4.7803409e-07
19.27	5.1706868e-07
19.30	5.5928698e-07
19.33	6.0494938e-07
19.37	6.5433748e-07
19.40	7.0775585e-07
19.44	7.6553392e-07
19.47	8.2802803e-07
19.51	8.9562359e-07
19.54	9.6873755e-07
19.57	1.0478209e-06
19.61	1.1333615e-06
19.64	1.2258872e-06
19.68	1.3259690e-06
19.71	1.4342245e-06
19.74	1.5513221e-06
19.78	1.6779847e-06
19.81	1.8149946e-06
19.85	1.9631982e-06
19.88	2.1235112e-06
19.91	2.2969245e-06
19.95	2.4845102e-06
19.98	2.6874286e-06
20.02	2.9069352e-06
20.05	3.1443885e-06
20.08	3.4012589e-06
20.12	3.6791379e-06
20.15	3.9797478e-06
20.19	4.3049529e-06
20.22	4.6567712e-06
20.25	5.0373873e-06
20.29	5.4491662e-06
20.32	5.8946685e-06
20.36	6.3766667e-06
20.39	6.8981630e-06
20.42	7.4624090e-06
20.46	8.0729260e-06
20.49	8.7335286e-06
20.53	9.4483492e-06
20.56	1.0221865e-05
20.60	1.1058928e-05
20.63	1.1964797e-05
20.66	1.2945170e-05
20.70	1.4006229e-05
20.73	1.5154673e-05
20.77	1.6397770e-05
20.80	1.7743406e-05
20.83	1.9200134e-05
20.87	2.0777241e-05
20.90	2.2484807e-05
20.94	2.4333782e-05
20.97	2.6336059e-05
21.00	2.8504564e-05
21.04	3.0853350e-05
21.07	3.3397701e-05
21.11	3.6154248e-05
21.14	3.9141094e-05
21.17	4.2377961e-05
21.21	4.5886337e-05
21.24	4.9689658e-05
21.28	5.3813495e-05
21.31	5.8285769e-05
21.34	6.3136993e-05
21.38	6.8400538e-05
21.41	7.4112931e-05
21.45	8.0314194e-05
21.48	8.7048222e-05
21.52	9.4363212e-05
21.55	1.0231215e-04
21.58	1.1095334e-04
21.62	1.2035106e-04
21.65	1.3057628e-04
21.69	1.4170741e-04
21.72	1.5383135e-04
21.75	1.6704446e-04
21.79	1.8145390e-04
21.82	1.9717905e-04
21.86	2.1435322e-04
21.89	2.3312561e-04
21.92	2.5366371e-04
21.96	2.7615606e-04
21.99	3.0081550e-04
22.03	3.2788322e-04
22.06	3.5763341e-04
22.09	3.9037907e-04
22.13	4.2647903e-04
22.16	4.6634654e-04
22.20	5.1045998e-04
22.23	5.5937618e-04
22.26	6.1374730e-04
22.30	6.7434237e-04
22.33	7.4207512e-04
22.37	8.1804069e-04
22.40	9.0356465e-04
22.43	1.0002705e-03
22.47	1.1101763e-03
22.50	1.2358414e-03
22.54	1.3806138e-03
22.57	1.5490960e-03
22.61	1.7481078e-03
22.64	1.9887403e-03
22.67	2.2906246e-03
22.71	2.6902367e-03
22.74	3.2556699e-03
22.78	4.1103117e-03
22.81	5.4665778e-03
22.84	7.6678279e-03
22.88	1.1232003e-02
22.91	1.6885525e-02
22.95	2.5572547e-02
22.98	3.8424654e-02
23.01	5.6680870e-02
23.05	8.1556737e-02
23.08	1.1407251e-01
23.12	1.5486112e-01
23.15	2.0398374e-01
23.18	2.6078293e-01
23.22	3.2379998e-01
23.25	3.9077542e-01
23.29	4.5874130e-01
23.32	5.2420289e-01
23.35	5.8339714e-01
23.39	6.3260627e-01
23.42	6.6849842e-01
23.46	6.8846224e-01
23.49	6.9090117e-01
23.53	6.7545474e-01
23.56	6.4312178e-01
23.59	5.9627546e-01
23.63	5.3858856e-01
23.66	4.7495698e-01
23.70	4.1170898e-01
23.73	3.5479537e-01
23.76	3.0525629e-01
23.80	2.6243131e-01
23.83	2.2551513e-01
23.87	1.9374141e-01
23.90	1.6641967e-01
23.93	1.4294075e-01
23.97	1.2277273e-01
24.00	1.0545383e-01
24.04	9.0584550e-02
24.07	7.7820137e-02
24.10	6.6863522e-02
24.14	5.7459040e-02
24.17	4.9386845e-02
24.21	4.2458012e-02
24.24	3.6510273e-02
24.27	3.1404306e-02
24.31	2.7020531e-02
24.34	2.3256331e-02
24.38	2.0023667e-02
24.41	1.7247016e-02
24.44	1.4861600e-02
24.48	1.2811861e-02
24.51	1.1050151e-02
24.55	9.5356081e-03
24.58	8.2331899e-03
24.62	7.1128453e-03
24.65	6.1488028e-03
24.68	5.3189601e-03
24.72	4.6043611e-03
24.75	3.9887468e-03
24.79	3.4581705e-03
24.82	3.0006678e-03
24.85	2.6059741e-03
24.89	2.2652815e-03
24.92	1.9710316e-03
24.96	1.7167369e-03
24.99	1.4968283e-03
25.02	1.3065241e-03
25.06	1.1417181e-03
25.09	9.9888307e-04
25.13	8.7498866e-04
25.16	7.6743059e-04
25.19	6.7397020e-04
25.23	5.9268250e-04
25.26	5.2191172e-04
25.30	4.6023311e-04
25.33	4.0642031e-04
25.36	3.5941726e-04
25.40	3.1831420e-04
25.43	2.8232698e-04
25.47	2.5077946e-04
25.50	2.2308829e-04
25.54	1.9874988e-04
25.57	1.7732927e-04
25.60	1.5845053e-04
25.64	1.4178852e-04
25.67	1.2706185e-04
25.71	1.1402680e-04
25.74	1.0247210e-04
25.77	9.2214482e-05
25.81	8.3094802e-05
25.84	7.4974759e-05
25.88	6.7734042e-05
25.91	6.1267882e-05
25.94	5.5484952e-05
25.98	5.0305552e-05
26.01	4.5660052e-05
26.05	4.1487547e-05
26.08	3.7734698e-05
26.11	3.4354735e-05
26.15	3.1306591e-05
26.18	2.8554164e-05
26.22	2.6065669e-05
26.25	2.3813083e-05
26.28	2.1771669e-05
26.32	1.9919553e-05
26.35	1.8237369e-05
26.39	1.6707944e-05
26.42	1.5316030e-05
26.45	1.4048063e-05
26.49	1.2891963e-05
26.52	1.1836955e-05
26.56	1.0873414e-05
26.59	9.9927278e-06
26.63	9.1871809e-06
26.66	8.4498515e-06
26.69	7.7745202e-06
26.73	7.1555914e-06
26.76	6.5880241e-06
26.80	6.0672708e-06
26.83	5.5892241e-06
26.86	5.1501692e-06
26.90	4.7467429e-06
26.93	4.3758962e-06
26.97	4.0348623e-06
27.00	3.7211276e-06
