# NeutrinoAntineutrinoInteraction/NeutrinoAntineutrinoResonanceStrange interaction rates
# neutrino field: massive Cosmic Neutrino Background, T_CnuB = 1.94535456 K
# Produced with crpropa-data version: 60a1560e37035039ec25f414e0c42a2444bad49c
# log10(E/eV), 1/lambda [1/Mpc]
14.02	0.0000000e+00
14.05	0.0000000e+00
14.09	0.0000000e+00
14.12	0.0000000e+00
14.16	0.0000000e+00
14.19	0.0000000e+00
14.22	0.0000000e+00
14.26	0.0000000e+00
14.29	0.0000000e+00
14.33	0.0000000e+00
14.36	0.0000000e+00
14.39	0.0000000e+00
14.43	0.0000000e+00
14.46	0.0000000e+00
14.50	0.0000000e+00
14.53	0.0000000e+00
14.57	0.0000000e+00
14.60	0.0000000e+00
14.63	0.0000000e+00
14.67	0.0000000e+00
14.70	0.0000000e+00
14.74	0.0000000e+00
14.77	0.0000000e+00
14.80	0.0000000e+00
14.84	0.0000000e+00
14.87	0.0000000e+00
14.91	0.0000000e+00
14.94	0.0000000e+00
14.97	0.0000000e+00
15.01	0.0000000e+00
15.04	0.0000000e+00
15.08	0.0000000e+00
15.11	0.0000000e+00
15.14	0.0000000e+00
15.18	0.0000000e+00
15.21	0.0000000e+00
15.25	0.0000000e+00
15.28	0.0000000e+00
15.31	0.0000000e+00
15.35	0.0000000e+00
15.38	0.0000000e+00
15.42	0.0000000e+00
15.45	0.0000000e+00
15.48	0.0000000e+00
15.52	0.0000000e+00
15.55	0.0000000e+00
15.59	0.0000000e+00
15.62	0.0000000e+00
15.66	0.0000000e+00
15.69	0.0000000e+00
15.72	0.0000000e+00
15.76	0.0000000e+00
15.79	0.0000000e+00
15.83	0.0000000e+00
15.86	0.0000000e+00
15.89	0.0000000e+00
15.93	0.0000000e+00
15.96	0.0000000e+00
16.00	8.8052604e-269
16.03	5.1124772e-249
16.06	9.5790866e-231
16.10	7.5080181e-214
16.13	3.1293356e-198
16.17	8.6591543e-184
16.20	1.9530487e-170
16.23	4.3408831e-158
16.27	1.1331471e-146
16.30	4.0862513e-136
16.34	2.3653044e-126
16.37	2.5250570e-117
16.40	5.6526712e-109
16.44	2.9883470e-101
16.47	4.1642499e-94
16.51	1.6933056e-87
16.54	2.2074605e-81
16.58	1.0065340e-75
16.61	1.7399847e-70
16.64	1.2287018e-65
16.68	3.7977971e-61
16.71	5.4774946e-57
16.75	3.9113623e-53
16.78	1.4608570e-49
16.81	3.0026869e-46
16.85	3.5604839e-43
16.88	2.5444076e-40
16.92	1.1411602e-37
16.95	3.3351722e-35
16.98	6.5773770e-33
17.02	9.0408662e-31
17.05	8.9256194e-29
17.09	6.5079607e-27
17.12	3.5963179e-25
17.15	1.5426931e-23
17.19	5.2519995e-22
17.22	1.4482609e-20
17.26	3.2956353e-19
17.29	6.2936319e-18
17.32	1.0236400e-16
17.36	1.4355102e-15
17.39	1.7511242e-14
17.43	1.8645413e-13
17.46	1.7216824e-12
17.49	1.3393498e-11
17.53	7.9561525e-11
17.56	2.6233774e-10
17.60	4.6066242e-10
17.63	6.4948274e-10
17.67	8.3175313e-10
17.70	1.0101275e-09
17.73	1.1870134e-09
17.77	1.3646191e-09
17.80	1.5449947e-09
17.84	1.7300687e-09
17.87	1.9216796e-09
17.90	2.1216047e-09
17.94	2.3315858e-09
17.97	2.5533524e-09
18.01	2.7886431e-09
18.04	3.0392257e-09
18.07	3.3069160e-09
18.11	3.5935953e-09
18.14	3.9012281e-09
18.18	4.2318791e-09
18.21	4.5877302e-09
18.24	4.9710971e-09
18.28	5.3844466e-09
18.31	5.8304151e-09
18.35	6.3118267e-09
18.38	6.8317125e-09
18.41	7.3933309e-09
18.45	8.0001892e-09
18.48	8.6560665e-09
18.52	9.3650378e-09
18.55	1.0131500e-08
18.59	1.0960199e-08
18.62	1.1856263e-08
18.65	1.2825228e-08
18.69	1.3873081e-08
18.72	1.5006290e-08
18.76	1.6231849e-08
18.79	1.7557317e-08
18.82	1.8990871e-08
18.86	2.0541349e-08
18.89	2.2218311e-08
18.93	2.4032097e-08
18.96	2.5993889e-08
18.99	2.8115782e-08
19.03	3.0410857e-08
19.06	3.2893264e-08
19.10	3.5578312e-08
19.13	3.8482556e-08
19.16	4.1623905e-08
19.20	4.5021734e-08
19.23	4.8697001e-08
19.27	5.2672379e-08
19.30	5.6972397e-08
19.33	6.1623589e-08
19.37	6.6654664e-08
19.40	7.2096685e-08
19.44	7.7983249e-08
19.47	8.4350711e-08
19.51	9.1238405e-08
19.54	9.8688892e-08
19.57	1.0674822e-07
19.61	1.1546623e-07
19.64	1.2489684e-07
19.68	1.3509840e-07
19.71	1.4613406e-07
19.74	1.5807216e-07
19.78	1.7098666e-07
19.81	1.8495762e-07
19.85	2.0007170e-07
19.88	2.1642268e-07
19.91	2.3411211e-07
19.95	2.5324993e-07
19.98	2.7395515e-07
20.02	2.9635667e-07
20.05	3.2059401e-07
20.08	3.4681832e-07
20.12	3.7519328e-07
20.15	4.0589623e-07
20.19	4.3911925e-07
20.22	4.7507049e-07
20.25	5.1397549e-07
20.29	5.5607874e-07
20.32	6.0164519e-07
20.36	6.5096215e-07
20.39	7.0434114e-07
20.42	7.6212009e-07
20.46	8.2466556e-07
20.49	8.9237535e-07
20.53	9.6568124e-07
20.56	1.0450520e-06
20.60	1.1309968e-06
20.63	1.2240687e-06
20.66	1.3248688e-06
20.70	1.4340506e-06
20.73	1.5523249e-06
20.77	1.6804651e-06
20.80	1.8193134e-06
20.83	1.9697869e-06
20.87	2.1328853e-06
20.90	2.3096984e-06
20.94	2.5014158e-06
20.97	2.7093361e-06
21.00	2.9348787e-06
21.04	3.1795956e-06
21.07	3.4451859e-06
21.11	3.7335109e-06
21.14	4.0466120e-06
21.17	4.3867304e-06
21.21	4.7563295e-06
21.24	5.1581197e-06
21.28	5.5950881e-06
21.31	6.0705309e-06
21.34	6.5880909e-06
21.38	7.1518005e-06
21.41	7.7661313e-06
21.45	8.4360509e-06
21.48	9.1670892e-06
21.52	9.9654142e-06
21.55	1.0837923e-05
21.58	1.1792343e-05
21.62	1.2837362e-05
21.65	1.3982764e-05
21.69	1.5239608e-05
21.72	1.6620432e-05
21.75	1.8139494e-05
21.79	1.9813075e-05
21.82	2.1659824e-05
21.86	2.3701202e-05
21.89	2.5962011e-05
21.92	2.8471045e-05
21.96	3.1261900e-05
21.99	3.4373994e-05
22.03	3.7853832e-05
22.06	4.1756632e-05
22.09	4.6148390e-05
22.13	5.1108563e-05
22.16	5.6733570e-05
22.20	6.3141421e-05
22.23	7.0477907e-05
22.26	7.8925010e-05
22.30	8.8712477e-05
22.33	1.0013404e-04
22.37	1.1357056e-04
22.40	1.2952375e-04
22.43	1.4866654e-04
22.47	1.7192034e-04
22.50	2.0057727e-04
22.54	2.3650110e-04
22.57	2.8247222e-04
22.61	3.4281341e-04
22.64	4.2460716e-04
22.67	5.4030725e-04
22.71	7.1424692e-04
22.74	1.0029663e-03
22.78	1.5770168e-03
22.81	3.0996875e-03
22.84	8.3113252e-03
22.88	2.5181135e-02
22.91	5.0159104e-02
22.95	5.0940119e-02
22.98	4.5271466e-02
23.01	3.9455831e-02
23.05	3.4155838e-02
23.08	2.9472767e-02
23.12	2.5386013e-02
23.15	2.1841729e-02
23.18	1.8778738e-02
23.22	1.6137469e-02
23.25	1.3863138e-02
23.29	1.1906713e-02
23.32	1.0224945e-02
23.35	8.7800144e-03
23.39	7.5390371e-03
23.42	6.4735198e-03
23.46	5.5588398e-03
23.49	4.7737570e-03
23.53	4.0999748e-03
23.56	3.5217480e-03
23.59	3.0255376e-03
23.63	2.5997086e-03
23.66	2.2342680e-03
23.70	1.9206356e-03
23.73	1.6514467e-03
23.76	1.4203816e-03
23.80	1.2220183e-03
23.83	1.0517057e-03
23.87	9.0545473e-04
23.90	7.7984395e-04
23.93	6.7193951e-04
23.97	5.7922555e-04
24.00	4.9954475e-04
24.04	4.3104726e-04
24.07	3.7214692e-04
24.10	3.2148357e-04
24.14	2.7789090e-04
24.17	2.4036870e-04
24.21	2.0805921e-04
24.24	1.8022675e-04
24.27	1.5624034e-04
24.31	1.3555870e-04
24.34	1.1771747e-04
24.38	1.0231821e-04
24.41	8.9019023e-05
24.44	7.7526470e-05
24.48	6.7588654e-05
24.51	5.8989312e-05
24.55	5.1542729e-05
24.58	4.5089391e-05
24.62	3.9492258e-05
24.65	3.4633562e-05
24.68	3.0412073e-05
24.72	2.6740751e-05
24.75	2.3544728e-05
24.79	2.0759587e-05
24.82	1.8329882e-05
24.85	1.6207870e-05
24.89	1.4352424e-05
24.92	1.2728098e-05
24.96	1.1304328e-05
24.99	1.0054749e-05
25.02	8.9565989e-06
25.06	7.9902213e-06
25.09	7.1386264e-06
25.13	6.3871226e-06
25.16	5.7229948e-06
25.19	5.1352315e-06
25.23	4.6142881e-06
25.26	4.1518853e-06
25.30	3.7408349e-06
25.33	3.3748902e-06
25.36	3.0486176e-06
25.40	2.7572856e-06
25.43	2.4967706e-06
25.47	2.2634741e-06
25.50	2.0542528e-06
25.54	1.8663574e-06
25.57	1.6973806e-06
25.60	1.5452117e-06
25.64	1.4079976e-06
25.67	1.2841094e-06
25.71	1.1721132e-06
25.74	1.0707449e-06
25.77	9.7888900e-07
25.81	8.9555897e-07
25.84	8.1988166e-07
25.88	7.5108287e-07
25.91	6.8847521e-07
25.94	6.3144739e-07
25.98	5.7945498e-07
26.01	5.3201244e-07
26.05	4.8868611e-07
26.08	4.4908807e-07
26.11	4.1287081e-07
26.15	3.7972258e-07
26.18	3.4936334e-07
26.22	3.2154115e-07
26.25	2.9602906e-07
26.28	2.7262236e-07
26.32	2.5113617e-07
26.35	2.3140333e-07
26.39	2.1327249e-07
26.42	1.9660646e-07
26.45	1.8128075e-07
26.49	1.6718231e-07
26.52	1.5420830e-07
26.56	1.4226513e-07
26.59	1.3126752e-07
26.63	1.2113773e-07
26.66	1.1180478e-07
26.69	1.0320387e-07
26.73	9.5275740e-08
26.76	8.7966193e-08
26.80	8.1225613e-08
26.83	7.5008557e-08
26.86	6.9273363e-08
26.90	6.3981833e-08
26.93	5.9098912e-08
26.97	5.4592422e-08
27.00	5.0432803e-08
