# NeutrinoAntineutrinoInteraction/NeutrinoAntineutrinoResonanceStrange interaction rates
# neutrino field: massive Cosmic Neutrino Background, T_CnuB = 1.94535456 K
# Produced with crpropa-data version: 60a1560e37035039ec25f414e0c42a2444bad49c
# log10(E/eV), 1/lambda [1/Mpc]
14.19	0.0000000e+00
14.22	0.0000000e+00
14.26	0.0000000e+00
14.29	0.0000000e+00
14.33	0.0000000e+00
14.36	0.0000000e+00
14.39	0.0000000e+00
14.43	0.0000000e+00
14.46	0.0000000e+00
14.50	0.0000000e+00
14.53	0.0000000e+00
14.57	0.0000000e+00
14.60	0.0000000e+00
14.63	0.0000000e+00
14.67	0.0000000e+00
14.70	0.0000000e+00
14.74	0.0000000e+00
14.77	0.0000000e+00
14.80	0.0000000e+00
14.84	0.0000000e+00
14.87	0.0000000e+00
14.91	0.0000000e+00
14.94	0.0000000e+00
14.97	0.0000000e+00
15.01	0.0000000e+00
15.04	0.0000000e+00
15.08	0.0000000e+00
15.11	0.0000000e+00
15.14	0.0000000e+00
15.18	0.0000000e+00
15.21	0.0000000e+00
15.25	0.0000000e+00
15.28	0.0000000e+00
15.31	0.0000000e+00
15.35	0.0000000e+00
15.38	0.0000000e+00
15.42	0.0000000e+00
15.45	0.0000000e+00
15.48	0.0000000e+00
15.52	0.0000000e+00
15.55	0.0000000e+00
15.59	0.0000000e+00
15.62	0.0000000e+00
15.66	0.0000000e+00
15.69	0.0000000e+00
15.72	0.0000000e+00
15.76	0.0000000e+00
15.79	0.0000000e+00
15.83	0.0000000e+00
15.86	0.0000000e+00
15.89	0.0000000e+00
15.93	0.0000000e+00
15.96	0.0000000e+00
16.00	0.0000000e+00
16.03	0.0000000e+00
16.06	0.0000000e+00
16.10	0.0000000e+00
16.13	0.0000000e+00
16.17	1.6433081e-273
16.20	1.6921232e-253
16.23	5.3562489e-235
16.27	6.7782367e-218
16.30	4.3722314e-202
16.34	1.7995525e-187
16.37	5.8168423e-174
16.40	1.7891839e-161
16.44	6.2540533e-150
16.47	2.9274281e-139
16.51	2.1356594e-129
16.54	2.7940334e-120
16.58	7.4631563e-112
16.61	4.5887453e-104
16.64	7.2561665e-97
16.68	3.2695844e-90
16.71	4.6155443e-84
16.75	2.2282693e-78
16.78	3.9895760e-73
16.81	2.8552713e-68
16.85	8.7543601e-64
16.88	1.2259856e-59
16.92	8.3207391e-56
16.95	2.8909983e-52
16.98	5.4093577e-49
17.02	5.7121809e-46
17.05	3.5549386e-43
17.09	1.3571765e-40
17.12	3.2984227e-38
17.15	5.2810971e-36
17.19	5.7498110e-34
17.22	4.3835338e-32
17.26	2.4044200e-30
17.29	9.7297425e-29
17.32	2.9728287e-27
17.36	7.0070056e-26
17.39	1.2995899e-24
17.43	1.9317984e-23
17.46	2.3408337e-22
17.49	2.3488219e-21
17.53	1.9801798e-20
17.56	1.4215523e-19
17.60	8.7985792e-19
17.63	4.7493288e-18
17.67	2.2595413e-17
17.70	9.5680037e-17
17.73	3.6387345e-16
17.77	1.2531824e-15
17.80	3.9385033e-15
17.84	1.1374892e-14
17.87	3.0384423e-14
17.90	7.5506487e-14
17.94	1.7548911e-13
17.97	3.8327958e-13
18.01	7.8996471e-13
18.04	1.5420539e-12
18.07	2.8594567e-12
18.11	5.0480436e-12
18.14	8.4952964e-12
18.18	1.3630231e-11
18.21	2.0822356e-11
18.24	3.0201591e-11
18.28	4.1435015e-11
18.31	5.3638878e-11
18.35	6.5846905e-11
18.38	7.7915631e-11
18.41	8.9997056e-11
18.45	1.0223338e-10
18.48	1.1475791e-10
18.52	1.2769731e-10
18.55	1.4117361e-10
18.59	1.5530598e-10
18.62	1.7021240e-10
18.65	1.8601110e-10
18.69	2.0282197e-10
18.72	2.2076786e-10
18.76	2.3997579e-10
18.79	2.6057817e-10
18.82	2.8271392e-10
18.86	3.0652969e-10
18.89	3.3218093e-10
18.93	3.5983317e-10
18.96	3.8966312e-10
18.99	4.2185999e-10
19.03	4.5662678e-10
19.06	4.9418163e-10
19.10	5.3475926e-10
19.13	5.7861252e-10
19.16	6.2601402e-10
19.20	6.7725787e-10
19.23	7.3266152e-10
19.27	7.9256782e-10
19.30	8.5734711e-10
19.33	9.2739959e-10
19.37	1.0031578e-09
19.40	1.0850893e-09
19.44	1.1736995e-09
19.47	1.2695350e-09
19.51	1.3731870e-09
19.54	1.4852944e-09
19.57	1.6065486e-09
19.61	1.7376971e-09
19.64	1.8795487e-09
19.68	2.0329778e-09
19.71	2.1989306e-09
19.74	2.3784303e-09
19.78	2.5725839e-09
19.81	2.7825887e-09
19.85	3.0097402e-09
19.88	3.2554396e-09
19.91	3.5212027e-09
19.95	3.8086695e-09
19.98	4.1196141e-09
20.02	4.4559560e-09
20.05	4.8197717e-09
20.08	5.2133081e-09
20.12	5.6389959e-09
20.15	6.0994654e-09
20.19	6.5975625e-09
20.22	7.1363664e-09
20.25	7.7192096e-09
20.29	8.3496977e-09
20.32	9.0317330e-09
20.36	9.7695383e-09
20.39	1.0567684e-08
20.42	1.1431117e-08
20.46	1.2365192e-08
20.49	1.3375703e-08
20.53	1.4468925e-08
20.56	1.5651650e-08
20.60	1.6931231e-08
20.63	1.8315631e-08
20.66	1.9813470e-08
20.70	2.1434085e-08
20.73	2.3187590e-08
20.77	2.5084937e-08
20.80	2.7137992e-08
20.83	2.9359611e-08
20.87	3.1763726e-08
20.90	3.4365433e-08
20.94	3.7181097e-08
20.97	4.0228460e-08
21.00	4.3526758e-08
21.04	4.7096855e-08
21.07	5.0961383e-08
21.11	5.5144900e-08
21.14	5.9674056e-08
21.17	6.4577785e-08
21.21	6.9887507e-08
21.24	7.5637354e-08
21.28	8.1864413e-08
21.31	8.8609002e-08
21.34	9.5914967e-08
21.38	1.0383001e-07
21.41	1.1240606e-07
21.45	1.2169966e-07
21.48	1.3177242e-07
21.52	1.4269153e-07
21.55	1.5453028e-07
21.58	1.6736866e-07
21.62	1.8129410e-07
21.65	1.9640217e-07
21.69	2.1279744e-07
21.72	2.3059446e-07
21.75	2.4991884e-07
21.79	2.7090839e-07
21.82	2.9371458e-07
21.86	3.1850401e-07
21.89	3.4546021e-07
21.92	3.7478563e-07
21.96	4.0670394e-07
21.99	4.4146261e-07
22.03	4.7933597e-07
22.06	5.2062867e-07
22.09	5.6567968e-07
22.13	6.1486699e-07
22.16	6.6861305e-07
22.20	7.2739117e-07
22.23	7.9173300e-07
22.26	8.6223742e-07
22.30	9.3958106e-07
22.33	1.0245308e-06
22.37	1.1179591e-06
22.40	1.2208615e-06
22.43	1.3343793e-06
22.47	1.4598263e-06
22.50	1.5987212e-06
22.54	1.7528292e-06
22.57	1.9242123e-06
22.61	2.1152936e-06
22.64	2.3289385e-06
22.67	2.5685586e-06
22.71	2.8382474e-06
22.74	3.1429570e-06
22.78	3.4887348e-06
22.81	3.8830442e-06
22.84	4.3352076e-06
22.88	4.8570373e-06
22.91	5.4637719e-06
22.95	6.1755586e-06
22.98	7.0200384e-06
23.01	8.0373668e-06
23.05	9.2908069e-06
23.08	1.0889751e-05
23.12	1.3038702e-05
23.15	1.6135794e-05
23.18	2.0956405e-05
23.22	2.8966260e-05
23.25	4.2804923e-05
23.29	6.6951586e-05
23.32	1.0851644e-04
23.35	1.7797979e-04
23.39	2.8951764e-04
23.42	4.6029815e-04
23.46	7.0780831e-04
23.49	1.0439230e-03
23.53	1.4643402e-03
23.56	1.9331803e-03
23.59	2.3675848e-03
23.63	2.6397702e-03
23.66	2.6312402e-03
23.70	2.3712191e-03
23.73	2.0639974e-03
23.76	1.7841290e-03
23.80	1.5379280e-03
23.83	1.3237480e-03
23.87	1.1383874e-03
23.90	9.7842795e-04
23.93	8.4063179e-04
23.97	7.2206545e-04
24.00	6.2012658e-04
24.04	5.3253285e-04
24.07	4.5729623e-04
24.10	3.9269258e-04
24.14	3.3723102e-04
24.17	2.8962499e-04
24.21	2.4876595e-04
24.24	2.1369976e-04
24.27	1.8360589e-04
24.31	1.5777916e-04
24.34	1.3561384e-04
24.38	1.1658980e-04
24.41	1.0026060e-04
24.44	8.6243128e-05
24.48	7.4208673e-05
24.51	6.3875263e-05
24.55	5.5001044e-05
24.58	4.7378590e-05
24.62	4.0830018e-05
24.65	3.5202788e-05
24.68	3.0366093e-05
24.72	2.6207769e-05
24.75	2.2631635e-05
24.79	1.9555213e-05
24.82	1.6907776e-05
24.85	1.4628670e-05
24.89	1.2665875e-05
24.92	1.0974775e-05
24.96	9.5170995e-06
24.99	8.2600168e-06
25.02	7.1753601e-06
25.06	6.2389603e-06
25.09	5.4300758e-06
25.13	4.7309035e-06
25.16	4.1261604e-06
25.19	3.6027238e-06
25.23	3.1493239e-06
25.26	2.7562798e-06
25.30	2.4152739e-06
25.33	2.1191574e-06
25.36	1.8617849e-06
25.40	1.6378713e-06
25.43	1.4428706e-06
25.47	1.2728706e-06
25.50	1.1245034e-06
25.54	9.9486859e-07
25.57	8.8146713e-07
25.60	7.8214490e-07
25.64	6.9504409e-07
25.67	6.1856165e-07
25.71	5.5131351e-07
25.74	4.9210401e-07
25.77	4.3989953e-07
25.81	3.9380598e-07
25.84	3.5304935e-07
25.88	3.1695915e-07
25.91	2.8495401e-07
25.94	2.5652948e-07
25.98	2.3124744e-07
26.01	2.0872701e-07
26.05	1.8863676e-07
26.08	1.7068801e-07
26.11	1.5462903e-07
26.15	1.4024006e-07
26.18	1.2732905e-07
26.22	1.1572796e-07
26.25	1.0528957e-07
26.28	9.5884738e-08
26.32	8.7400031e-08
26.35	7.9735688e-08
26.39	7.2803844e-08
26.42	6.6527006e-08
26.45	6.0836730e-08
26.49	5.5672477e-08
26.52	5.0980625e-08
26.56	4.6713603e-08
26.59	4.2829148e-08
26.63	3.9289658e-08
26.66	3.6061629e-08
26.69	3.3115159e-08
26.73	3.0423527e-08
26.76	2.7962817e-08
26.80	2.5711593e-08
26.83	2.3650616e-08
26.86	2.1762590e-08
26.90	2.0031952e-08
26.93	1.8444674e-08
26.97	1.6988096e-08
27.00	1.5650779e-08
