# NeutrinoAntineutrinoInteraction/NeutrinoAntineutrinoResonanceStrange interaction rates
# neutrino field: massive Cosmic Neutrino Background, T_CnuB = 1.94535456 K
# Produced with crpropa-data version: 60a1560e37035039ec25f414e0c42a2444bad49c
# log10(E/eV), 1/lambda [1/Mpc]
13.27	0.0000000e+00
13.30	0.0000000e+00
13.34	0.0000000e+00
13.37	0.0000000e+00
13.41	0.0000000e+00
13.44	0.0000000e+00
13.47	0.0000000e+00
13.51	0.0000000e+00
13.54	0.0000000e+00
13.58	0.0000000e+00
13.61	0.0000000e+00
13.65	0.0000000e+00
13.68	0.0000000e+00
13.71	0.0000000e+00
13.75	0.0000000e+00
13.78	0.0000000e+00
13.82	0.0000000e+00
13.85	0.0000000e+00
13.88	0.0000000e+00
13.92	0.0000000e+00
13.95	0.0000000e+00
13.99	0.0000000e+00
14.02	0.0000000e+00
14.05	0.0000000e+00
14.09	0.0000000e+00
14.12	0.0000000e+00
14.16	0.0000000e+00
14.19	0.0000000e+00
14.22	0.0000000e+00
14.26	0.0000000e+00
14.29	0.0000000e+00
14.33	0.0000000e+00
14.36	0.0000000e+00
14.39	0.0000000e+00
14.43	0.0000000e+00
14.46	0.0000000e+00
14.50	0.0000000e+00
14.53	0.0000000e+00
14.57	0.0000000e+00
14.60	0.0000000e+00
14.63	0.0000000e+00
14.67	0.0000000e+00
14.70	0.0000000e+00
14.74	0.0000000e+00
14.77	0.0000000e+00
14.80	0.0000000e+00
14.84	0.0000000e+00
14.87	0.0000000e+00
14.91	0.0000000e+00
14.94	0.0000000e+00
14.97	0.0000000e+00
15.01	0.0000000e+00
15.04	0.0000000e+00
15.08	0.0000000e+00
15.11	0.0000000e+00
15.14	0.0000000e+00
15.18	0.0000000e+00
15.21	0.0000000e+00
15.25	3.6829079e-262
15.28	1.3822006e-242
15.31	1.7201956e-224
15.35	9.1796629e-208
15.38	2.6638672e-192
15.42	5.2365407e-178
15.45	8.5434547e-165
15.48	1.3958399e-152
15.52	2.7167757e-141
15.55	7.3960926e-131
15.59	3.2669017e-121
15.62	2.6856358e-112
15.66	4.6647873e-104
15.69	1.9249971e-96
15.72	2.1034812e-89
15.76	6.7282396e-83
15.79	6.9115821e-77
15.83	2.4842121e-71
15.86	3.3818093e-66
15.89	1.8761905e-61
15.93	4.5393126e-57
15.96	5.0990305e-53
16.00	2.8178441e-49
16.03	8.0821882e-46
16.06	1.2642146e-42
16.10	1.1289338e-39
16.13	6.0041181e-37
16.17	1.9776729e-34
16.20	4.1830649e-32
16.23	5.8748342e-30
16.27	5.6505222e-28
16.30	3.8299429e-26
16.34	1.8784072e-24
16.37	6.8312278e-23
16.40	1.8842455e-21
16.44	4.0251744e-20
16.47	6.7894678e-19
16.51	9.2056433e-18
16.54	1.0200455e-16
16.58	9.3793269e-16
16.61	7.2585754e-15
16.64	4.7900314e-14
16.68	2.7282616e-13
16.71	1.3562940e-12
16.75	5.9461704e-12
16.78	2.3211092e-11
16.81	8.1391062e-11
16.85	2.5848880e-10
16.88	7.4918002e-10
16.92	1.9955400e-09
16.95	4.9168649e-09
16.98	1.1274158e-08
17.02	2.4191834e-08
17.05	4.8829727e-08
17.09	9.3155165e-08
17.12	1.6871739e-07
17.15	2.9128906e-07
17.19	4.8122656e-07
17.22	7.6342084e-07
17.26	1.1667630e-06
17.29	1.7231242e-06
17.32	2.4659313e-06
17.36	3.4284881e-06
17.39	4.6422403e-06
17.43	6.1351881e-06
17.46	7.9306336e-06
17.49	1.0046398e-05
17.53	1.2494580e-05
17.56	1.5281853e-05
17.60	1.8410244e-05
17.63	2.1878281e-05
17.67	2.5682379e-05
17.70	2.9818314e-05
17.73	3.4282674e-05
17.77	3.9074168e-05
17.80	4.4194738e-05
17.84	4.9650433e-05
17.87	5.5452052e-05
17.90	6.1615554e-05
17.94	6.8162297e-05
17.97	7.5119128e-05
18.01	8.2518380e-05
18.04	9.0397812e-05
18.07	9.8800528e-05
18.11	1.0777491e-04
18.14	1.1737460e-04
18.18	1.2765847e-04
18.21	1.3869074e-04
18.24	1.5054111e-04
18.28	1.6328497e-04
18.31	1.7700369e-04
18.35	1.9178514e-04
18.38	2.0772410e-04
18.41	2.2492214e-04
18.45	2.4348809e-04
18.48	2.6353881e-04
18.52	2.8519992e-04
18.55	3.0860666e-04
18.59	3.3390478e-04
18.62	3.6125145e-04
18.65	3.9081628e-04
18.69	4.2278239e-04
18.72	4.5734754e-04
18.76	4.9472544e-04
18.79	5.3514700e-04
18.82	5.7886184e-04
18.86	6.2613981e-04
18.89	6.7727267e-04
18.93	7.3257594e-04
18.96	7.9239079e-04
18.99	8.5708624e-04
19.03	9.2706137e-04
19.06	1.0027479e-03
19.10	1.0846127e-03
19.13	1.1731609e-03
19.16	1.2689388e-03
19.20	1.3725375e-03
19.23	1.4845965e-03
19.27	1.6058074e-03
19.30	1.7369186e-03
19.33	1.8787398e-03
19.37	2.0321471e-03
19.40	2.1980881e-03
19.44	2.3775885e-03
19.47	2.5717580e-03
19.51	2.7817972e-03
19.54	3.0090054e-03
19.57	3.2547889e-03
19.61	3.5206692e-03
19.64	3.8082933e-03
19.68	4.1194435e-03
19.71	4.4560489e-03
19.74	4.8201980e-03
19.78	5.2141510e-03
19.81	5.6403553e-03
19.85	6.1014602e-03
19.88	6.6003343e-03
19.91	7.1400839e-03
19.95	7.7240726e-03
19.98	8.3559438e-03
20.02	9.0396433e-03
20.05	9.7794459e-03
20.08	1.0579983e-02
20.12	1.1446272e-02
20.15	1.2383752e-02
20.19	1.3398318e-02
20.22	1.4496360e-02
20.25	1.5684805e-02
20.29	1.6971170e-02
20.32	1.8363604e-02
20.36	1.9870951e-02
20.39	2.1502809e-02
20.42	2.3269597e-02
20.46	2.5182629e-02
20.49	2.7254193e-02
20.53	2.9497642e-02
20.56	3.1927493e-02
20.60	3.4559529e-02
20.63	3.7410923e-02
20.66	4.0500364e-02
20.70	4.3848207e-02
20.73	4.7476628e-02
20.77	5.1409803e-02
20.80	5.5674109e-02
20.83	6.0298337e-02
20.87	6.5313942e-02
20.90	7.0755315e-02
20.94	7.6660089e-02
20.97	8.3069484e-02
21.00	9.0028692e-02
21.04	9.7587319e-02
21.07	1.0579987e-01
21.11	1.1472632e-01
21.14	1.2443274e-01
21.17	1.3499204e-01
21.21	1.4648479e-01
21.24	1.5900016e-01
21.28	1.7263706e-01
21.31	1.8750541e-01
21.34	2.0372759e-01
21.38	2.2144022e-01
21.41	2.4079614e-01
21.45	2.6196685e-01
21.48	2.8514532e-01
21.52	3.1054938e-01
21.55	3.3842573e-01
21.58	3.6905485e-01
21.62	4.0275690e-01
21.65	4.3989892e-01
21.69	4.8090380e-01
21.72	5.2626132e-01
21.75	5.7654208e-01
21.79	6.3241522e-01
21.82	6.9467118e-01
21.86	7.6425147e-01
21.89	8.4228830e-01
21.92	9.3015872e-01
21.96	1.0295612e+00
21.99	1.1426311e+00
22.03	1.2721313e+00
22.06	1.4218073e+00
22.09	1.5971159e+00
22.13	1.8067826e+00
22.16	2.0660598e+00
22.20	2.4031206e+00
22.23	2.8705272e+00
22.26	3.5637325e+00
22.30	4.6475485e+00
22.33	6.3890461e+00
22.37	9.1916237e+00
22.40	1.3620980e+01
22.43	2.0411128e+01
22.47	3.0439074e+01
22.50	4.4661224e+01
22.54	6.4012467e+01
22.57	8.9278240e+01
22.61	1.2095804e+02
22.64	1.5914332e+02
22.67	2.0343226e+02
22.71	2.5289832e+02
22.74	3.0612065e+02
22.78	3.6127409e+02
22.81	4.1626708e+02
22.84	4.6890877e+02
22.88	5.1708377e+02
22.91	5.5891306e+02
22.95	5.9288359e+02
22.98	6.1793501e+02
23.01	6.3349873e+02
23.05	6.3949133e+02
23.08	6.3626917e+02
23.12	6.2455502e+02
23.15	6.0534819e+02
23.18	5.7982962e+02
23.22	5.4927126e+02
23.25	5.1495651e+02
23.29	4.7811578e+02
23.32	4.3987871e+02
23.35	4.0124261e+02
23.39	3.6305544e+02
23.42	3.2601068e+02
23.46	2.9065146e+02
23.49	2.5738122e+02
23.53	2.2647862e+02
23.56	1.9811478e+02
23.59	1.7237172e+02
23.63	1.4926148e+02
23.66	1.2874723e+02
23.70	1.1077339e+02
23.73	9.5230871e+01
23.76	8.1854000e+01
23.80	7.0354590e+01
23.83	6.0474417e+01
23.87	5.1987923e+01
23.90	4.4699659e+01
23.93	3.8440901e+01
23.97	3.3066300e+01
24.00	2.8450807e+01
24.04	2.4486929e+01
24.07	2.1082325e+01
24.10	1.8157703e+01
24.14	1.5644997e+01
24.17	1.3485793e+01
24.21	1.1629970e+01
24.24	1.0034526e+01
24.27	8.6625710e+00
24.31	7.4824616e+00
24.34	6.4670533e+00
24.38	5.5930622e+00
24.41	4.8405158e+00
24.44	4.1922808e+00
24.48	3.6336591e+00
24.51	3.1520409e+00
24.55	2.7366069e+00
24.58	2.3780729e+00
24.62	2.0684715e+00
24.65	1.8009639e+00
24.68	1.5696797e+00
24.72	1.3695784e+00
24.75	1.1963316e+00
24.79	1.0462213e+00
24.82	9.1605352e-01
24.85	8.0308346e-01
24.89	7.0495181e-01
24.92	6.1963000e-01
24.96	5.4537332e-01
24.99	4.8068066e-01
25.02	4.2426008e-01
25.06	3.7499916e-01
25.09	3.3193973e-01
25.13	2.9425607e-01
25.16	2.6123626e-01
25.19	2.3226621e-01
25.23	2.0681592e-01
25.26	1.8442768e-01
25.30	1.6470599e-01
25.33	1.4730888e-01
25.36	1.3194045e-01
25.40	1.1834448e-01
25.43	1.0629895e-01
25.47	9.5611295e-02
25.50	8.6114373e-02
25.54	7.7662968e-02
25.57	7.0130800e-02
25.60	6.3407943e-02
25.64	5.7398608e-02
25.67	5.2019238e-02
25.71	4.7196862e-02
25.74	4.2867679e-02
25.77	3.8975840e-02
25.81	3.5472395e-02
25.84	3.2314385e-02
25.88	2.9464059e-02
25.91	2.6888201e-02
25.94	2.4557540e-02
25.98	2.2446248e-02
26.01	2.0531502e-02
26.05	1.8793103e-02
26.08	1.7213153e-02
26.11	1.5775764e-02
26.15	1.4466812e-02
26.18	1.3273728e-02
26.22	1.2185303e-02
26.25	1.1191531e-02
26.28	1.0283463e-02
26.32	9.4530882e-03
26.35	8.6932205e-03
26.39	7.9974082e-03
26.42	7.3598491e-03
26.45	6.7753185e-03
26.49	6.2391055e-03
26.52	5.7469569e-03
26.56	5.2950281e-03
26.59	4.8798394e-03
26.63	4.4982378e-03
26.66	4.1473632e-03
26.69	3.8246182e-03
26.73	3.5276417e-03
26.76	3.2542851e-03
26.80	3.0025913e-03
26.83	2.7707762e-03
26.86	2.5572118e-03
26.90	2.3604115e-03
26.93	2.1790166e-03
26.97	2.0117844e-03
27.00	1.8575776e-03
