# NeutrinoAntineutrinoInteraction/NeutrinoAntineutrinoResonanceStrange interaction rates
# neutrino field: massive Cosmic Neutrino Background, T_CnuB = 1.94535456 K
# Produced with crpropa-data version: 60a1560e37035039ec25f414e0c42a2444bad49c
# log10(E/eV), 1/lambda [1/Mpc]
13.65	0.0000000e+00
13.68	0.0000000e+00
13.71	0.0000000e+00
13.75	0.0000000e+00
13.78	0.0000000e+00
13.82	0.0000000e+00
13.85	0.0000000e+00
13.88	0.0000000e+00
13.92	0.0000000e+00
13.95	0.0000000e+00
13.99	0.0000000e+00
14.02	0.0000000e+00
14.05	0.0000000e+00
14.09	0.0000000e+00
14.12	0.0000000e+00
14.16	0.0000000e+00
14.19	0.0000000e+00
14.22	0.0000000e+00
14.26	0.0000000e+00
14.29	0.0000000e+00
14.33	0.0000000e+00
14.36	0.0000000e+00
14.39	0.0000000e+00
14.43	0.0000000e+00
14.46	0.0000000e+00
14.50	0.0000000e+00
14.53	0.0000000e+00
14.57	0.0000000e+00
14.60	0.0000000e+00
14.63	0.0000000e+00
14.67	0.0000000e+00
14.70	0.0000000e+00
14.74	0.0000000e+00
14.77	0.0000000e+00
14.80	0.0000000e+00
14.84	0.0000000e+00
14.87	0.0000000e+00
14.91	0.0000000e+00
14.94	0.0000000e+00
14.97	0.0000000e+00
15.01	0.0000000e+00
15.04	0.0000000e+00
15.08	0.0000000e+00
15.11	0.0000000e+00
15.14	0.0000000e+00
15.18	0.0000000e+00
15.21	0.0000000e+00
15.25	0.0000000e+00
15.28	0.0000000e+00
15.31	0.0000000e+00
15.35	0.0000000e+00
15.38	0.0000000e+00
15.42	0.0000000e+00
15.45	0.0000000e+00
15.48	0.0000000e+00
15.52	0.0000000e+00
15.55	0.0000000e+00
15.59	0.0000000e+00
15.62	6.9702651e-271
15.66	7.9842954e-251
15.69	2.7880391e-232
15.72	3.8619824e-215
15.76	2.7071737e-199
15.79	1.2027729e-184
15.83	4.1706541e-171
15.86	1.3681997e-158
15.89	5.0732530e-147
15.93	2.5064142e-136
15.96	1.9208643e-126
16.00	2.6283518e-117
16.03	7.3126011e-109
16.06	4.6651029e-101
16.10	7.6262859e-94
16.13	3.5403670e-87
16.17	5.1324135e-81
16.20	2.5367401e-75
16.23	4.6363573e-70
16.27	3.3777692e-65
16.30	1.0514325e-60
16.34	1.4910893e-56
16.37	1.0222734e-52
16.40	3.5793027e-49
16.44	6.7332975e-46
16.47	7.1322078e-43
16.51	4.4424239e-40
16.54	1.6936706e-37
16.58	4.1015812e-35
16.61	6.5294103e-33
16.64	7.0528035e-31
16.68	5.3228285e-29
16.71	2.8839304e-27
16.75	1.1501937e-25
16.78	3.4559209e-24
16.81	7.9922366e-23
16.85	1.4510731e-21
16.88	2.1066086e-20
16.92	2.4872001e-19
16.95	2.4259127e-18
16.98	1.9832204e-17
17.02	1.3772701e-16
17.05	8.2262766e-16
17.09	4.2746766e-15
17.12	1.9531027e-14
17.15	7.9237269e-14
17.19	2.8804346e-13
17.22	9.4614338e-13
17.26	2.8300867e-12
17.29	7.7643922e-12
17.32	1.9668349e-11
17.36	4.6286352e-11
17.39	1.0177353e-10
17.43	2.1018456e-10
17.46	4.0970080e-10
17.49	7.5716393e-10
17.53	1.3322315e-09
17.56	2.2403135e-09
17.60	3.6134544e-09
17.63	5.6085205e-09
17.67	8.4024069e-09
17.70	1.2184431e-08
17.73	1.7146527e-08
17.77	2.3472229e-08
17.80	3.1325642e-08
17.84	4.0841649e-08
17.87	5.2118461e-08
17.90	6.5213361e-08
17.94	8.0142108e-08
17.97	9.6882065e-08
18.01	1.1537874e-07
18.04	1.3555510e-07
18.07	1.5732267e-07
18.11	1.8059368e-07
18.14	2.0529295e-07
18.18	2.3136901e-07
18.21	2.5880360e-07
18.24	2.8761941e-07
18.28	3.1788608e-07
18.31	3.4972557e-07
18.35	3.8332206e-07
18.38	4.1892609e-07
18.41	4.5680802e-07
18.45	4.9724491e-07
18.48	5.4052318e-07
18.52	5.8694134e-07
18.55	6.3681256e-07
18.59	6.9046734e-07
18.62	7.4825608e-07
18.65	8.1055173e-07
18.69	8.7775256e-07
18.72	9.5028490e-07
18.76	1.0286061e-06
18.79	1.1132078e-06
18.82	1.2046187e-06
18.86	1.3034085e-06
18.89	1.4101916e-06
18.93	1.5256304e-06
18.96	1.6504403e-06
18.99	1.7853938e-06
19.03	1.9313252e-06
19.06	2.0891362e-06
19.10	2.2598014e-06
19.13	2.4443743e-06
19.16	2.6439938e-06
19.20	2.8598916e-06
19.23	3.0933993e-06
19.27	3.3459573e-06
19.30	3.6191232e-06
19.33	3.9145817e-06
19.37	4.2341551e-06
19.40	4.5798144e-06
19.44	4.9536917e-06
19.47	5.3580933e-06
19.51	5.7955142e-06
19.54	6.2686534e-06
19.57	6.7804305e-06
19.61	7.3340043e-06
19.64	7.9327921e-06
19.68	8.5804912e-06
19.71	9.2811017e-06
19.74	1.0038951e-05
19.78	1.0858723e-05
19.81	1.1745484e-05
19.85	1.2704715e-05
19.88	1.3742351e-05
19.91	1.4864811e-05
19.95	1.6079042e-05
19.98	1.7392564e-05
20.02	1.8813513e-05
20.05	2.0350697e-05
20.08	2.2013649e-05
20.12	2.3812688e-05
20.15	2.5758984e-05
20.19	2.7864632e-05
20.22	3.0142724e-05
20.25	3.2607438e-05
20.29	3.5274124e-05
20.32	3.8159410e-05
20.36	4.1281300e-05
20.39	4.4659302e-05
20.42	4.8314544e-05
20.46	5.2269921e-05
20.49	5.6550242e-05
20.53	6.1182393e-05
20.56	6.6195519e-05
20.60	7.1621218e-05
20.63	7.7493752e-05
20.66	8.3850283e-05
20.70	9.0731124e-05
20.73	9.8180019e-05
20.77	1.0624445e-04
20.80	1.1497595e-04
20.83	1.2443051e-04
20.87	1.3466895e-04
20.90	1.4575735e-04
20.94	1.5776755e-04
20.97	1.7077772e-04
21.00	1.8487287e-04
21.04	2.0014557e-04
21.07	2.1669665e-04
21.11	2.3463597e-04
21.14	2.5408335e-04
21.17	2.7516953e-04
21.21	2.9803726e-04
21.24	3.2284255e-04
21.28	3.4975600e-04
21.31	3.7896436e-04
21.34	4.1067226e-04
21.38	4.4510411e-04
21.41	4.8250634e-04
21.45	5.2314982e-04
21.48	5.6733273e-04
21.52	6.1538371e-04
21.55	6.6766556e-04
21.58	7.2457937e-04
21.62	7.8656941e-04
21.65	8.5412859e-04
21.69	9.2780499e-04
21.72	1.0082093e-03
21.75	1.0960234e-03
21.79	1.1920110e-03
21.82	1.2970292e-03
21.86	1.4120431e-03
21.89	1.5381430e-03
21.92	1.6765642e-03
21.96	1.8287121e-03
21.99	1.9961918e-03
22.03	2.1808445e-03
22.06	2.3847924e-03
22.09	2.6104943e-03
22.13	2.8608157e-03
22.16	3.1391171e-03
22.20	3.4493678e-03
22.23	3.7962939e-03
22.26	4.1855742e-03
22.30	4.6241058e-03
22.33	5.1203743e-03
22.37	5.6849988e-03
22.40	6.3315993e-03
22.43	7.0783430e-03
22.47	7.9510191e-03
22.50	8.9895558e-03
22.54	1.0261831e-02
22.57	1.1891518e-02
22.61	1.4109874e-02
22.64	1.7342985e-02
22.67	2.2343061e-02
22.71	3.0362186e-02
22.74	4.3348736e-02
22.78	6.4124020e-02
22.81	9.6477151e-02
22.84	1.4510959e-01
22.88	2.1537434e-01
22.91	3.1278973e-01
22.95	4.4235687e-01
22.98	6.0776081e-01
23.01	8.1057336e-01
23.05	1.0495905e+00
23.08	1.3204248e+00
23.12	1.6154376e+00
23.15	1.9240446e+00
23.18	2.2333745e+00
23.22	2.5292086e+00
23.25	2.7970977e+00
23.29	3.0235279e+00
23.32	3.1970092e+00
23.35	3.3089741e+00
23.39	3.3544021e+00
23.42	3.3321217e+00
23.46	3.2447832e+00
23.49	3.0985328e+00
23.53	2.9024516e+00
23.56	2.6678461e+00
23.59	2.4074954e+00
23.63	2.1349864e+00
23.66	1.8643685e+00
23.70	1.6107317e+00
23.73	1.3864949e+00
23.76	1.1922088e+00
23.80	1.0246230e+00
23.83	8.8034680e-01
23.87	7.5627176e-01
23.90	6.4964101e-01
23.93	5.5804250e-01
23.97	4.7938052e-01
24.00	4.1184152e-01
24.04	3.5386011e-01
24.07	3.0408746e-01
24.10	2.6136271e-01
24.14	2.2468764e-01
24.17	1.9320449e-01
24.21	1.6617652e-01
24.24	1.4297119e-01
24.27	1.2304559e-01
24.31	1.0593384e-01
24.34	9.1236252e-02
24.38	7.8609940e-02
24.41	6.7760805e-02
24.44	5.8436602e-02
24.48	5.0420996e-02
24.51	4.3528455e-02
24.55	3.7599864e-02
24.58	3.2498766e-02
24.62	2.8108129e-02
24.65	2.4327579e-02
24.68	2.1071023e-02
24.72	1.8264610e-02
24.75	1.5844989e-02
24.79	1.3757809e-02
24.82	1.1956431e-02
24.85	1.0400837e-02
24.89	9.0566757e-03
24.92	7.8944624e-03
24.96	6.8888815e-03
24.99	6.0181939e-03
25.02	5.2637274e-03
25.06	4.6094405e-03
25.09	4.0415484e-03
25.13	3.5482019e-03
25.16	3.1192131e-03
25.19	2.7458194e-03
25.23	2.4204816e-03
25.26	2.1367109e-03
25.30	1.8889199e-03
25.33	1.6722958e-03
25.36	1.4826911e-03
25.40	1.3165297e-03
25.43	1.1707267e-03
25.47	1.0426194e-03
25.50	9.2990829e-04
25.54	8.3060637e-04
25.57	7.4299527e-04
25.60	6.6558811e-04
25.64	5.9709727e-04
25.67	5.3640690e-04
25.71	4.8254912e-04
25.74	4.3468376e-04
25.77	3.9208078e-04
25.81	3.5410526e-04
25.84	3.2020448e-04
25.88	2.8989670e-04
25.91	2.6276169e-04
25.94	2.3843239e-04
25.98	2.1658781e-04
26.01	1.9694697e-04
26.05	1.7926353e-04
26.08	1.6332128e-04
26.11	1.4893021e-04
26.15	1.3592307e-04
26.18	1.2415249e-04
26.22	1.1348839e-04
26.25	1.0381581e-04
26.28	9.5033017e-05
26.32	8.7049804e-05
26.35	7.9786114e-05
26.39	7.3170768e-05
26.42	6.7140392e-05
26.45	6.1638478e-05
26.49	5.6614563e-05
26.52	5.2023519e-05
26.56	4.7824928e-05
26.59	4.3982541e-05
26.63	4.0463799e-05
26.66	3.7239421e-05
26.69	3.4283034e-05
26.73	3.1570856e-05
26.76	2.9081413e-05
26.80	2.6795288e-05
26.83	2.4694910e-05
26.86	2.2764351e-05
26.90	2.0989164e-05
26.93	1.9356225e-05
26.97	1.7853603e-05
27.00	1.6470440e-05
