# NeutrinoAntineutrinoInteraction/NeutrinoAntineutrinoResonanceStrange interaction rates
# neutrino field: massive Cosmic Neutrino Background, T_CnuB = 1.94535456 K
# Produced with crpropa-data version: 60a1560e37035039ec25f414e0c42a2444bad49c
# log10(E/eV), 1/lambda [1/Mpc]
13.54	0.0000000e+00
13.58	0.0000000e+00
13.61	0.0000000e+00
13.65	0.0000000e+00
13.68	0.0000000e+00
13.71	0.0000000e+00
13.75	0.0000000e+00
13.78	0.0000000e+00
13.82	0.0000000e+00
13.85	0.0000000e+00
13.88	0.0000000e+00
13.92	0.0000000e+00
13.95	0.0000000e+00
13.99	0.0000000e+00
14.02	0.0000000e+00
14.05	0.0000000e+00
14.09	0.0000000e+00
14.12	0.0000000e+00
14.16	0.0000000e+00
14.19	0.0000000e+00
14.22	0.0000000e+00
14.26	0.0000000e+00
14.29	0.0000000e+00
14.33	0.0000000e+00
14.36	0.0000000e+00
14.39	0.0000000e+00
14.43	0.0000000e+00
14.46	0.0000000e+00
14.50	0.0000000e+00
14.53	0.0000000e+00
14.57	0.0000000e+00
14.60	0.0000000e+00
14.63	0.0000000e+00
14.67	0.0000000e+00
14.70	0.0000000e+00
14.74	0.0000000e+00
14.77	0.0000000e+00
14.80	0.0000000e+00
14.84	0.0000000e+00
14.87	0.0000000e+00
14.91	0.0000000e+00
14.94	0.0000000e+00
14.97	0.0000000e+00
15.01	0.0000000e+00
15.04	0.0000000e+00
15.08	0.0000000e+00
15.11	0.0000000e+00
15.14	0.0000000e+00
15.18	0.0000000e+00
15.21	0.0000000e+00
15.25	0.0000000e+00
15.28	0.0000000e+00
15.31	0.0000000e+00
15.35	0.0000000e+00
15.38	0.0000000e+00
15.42	0.0000000e+00
15.45	0.0000000e+00
15.48	0.0000000e+00
15.52	3.7337867e-276
15.55	1.1882168e-255
15.59	1.0678612e-236
15.62	3.5473351e-219
15.66	5.5865191e-203
15.69	5.2500443e-188
15.72	3.6421755e-174
15.76	2.2707021e-161
15.79	1.5259610e-149
15.83	1.3077870e-138
15.86	1.6697848e-128
15.89	3.6672661e-119
15.93	1.5823573e-110
15.96	1.5167615e-102
16.00	3.6184960e-95
16.03	2.3865212e-88
16.06	4.7953350e-82
16.10	3.2114449e-76
16.13	7.7890180e-71
16.17	7.3879160e-66
16.20	2.9421385e-61
16.23	5.2532678e-57
16.27	4.4688764e-53
16.30	1.9158553e-49
16.34	4.3599519e-46
16.37	5.5261034e-43
16.40	4.0782232e-40
16.44	1.8259343e-37
16.47	5.1519260e-35
16.51	9.4884283e-33
16.54	1.1783771e-30
16.58	1.0169659e-28
16.61	6.2711713e-27
16.64	2.8352689e-25
16.68	9.6247449e-24
16.71	2.5078715e-22
16.75	5.1191467e-21
16.78	8.3417643e-20
16.81	1.1042407e-18
16.85	1.2067662e-17
16.88	1.1051366e-16
16.92	8.5986787e-16
16.95	5.7570995e-15
16.98	3.3561418e-14
17.02	1.7220769e-13
17.05	7.8555948e-13
17.09	3.2151953e-12
17.12	1.1906698e-11
17.15	4.0203600e-11
17.19	1.2463800e-10
17.22	3.5699316e-10
17.26	9.4991879e-10
17.29	2.3592857e-09
17.32	5.4903452e-09
17.36	1.2003668e-08
17.39	2.4684977e-08
17.43	4.7697574e-08
17.46	8.6213183e-08
17.49	1.4442332e-07
17.53	2.2108199e-07
17.56	3.0571135e-07
17.60	3.8863158e-07
17.63	4.6990077e-07
17.67	5.5060645e-07
17.70	6.3174745e-07
17.73	7.1425240e-07
17.77	7.9899602e-07
17.80	8.8681358e-07
17.84	9.7851376e-07
17.87	1.0748902e-06
17.90	1.1767323e-06
17.94	1.2848342e-06
17.97	1.4000049e-06
18.01	1.5230757e-06
18.04	1.6549089e-06
18.07	1.7964058e-06
18.11	1.9485140e-06
18.14	2.1122355e-06
18.18	2.2886341e-06
18.21	2.4788441e-06
18.24	2.6840773e-06
18.28	2.9056326e-06
18.31	3.1449042e-06
18.35	3.4033912e-06
18.38	3.6827071e-06
18.41	3.9845909e-06
18.45	4.3109178e-06
18.48	4.6637112e-06
18.52	5.0451558e-06
18.55	5.4576111e-06
18.59	5.9036261e-06
18.62	6.3859557e-06
18.65	6.9075773e-06
18.69	7.4717097e-06
18.72	8.0818331e-06
18.76	8.7417105e-06
18.79	9.4554111e-06
18.82	1.0227336e-05
18.86	1.1062243e-05
18.89	1.1965282e-05
18.93	1.2942019e-05
18.96	1.3998477e-05
18.99	1.5141169e-05
19.03	1.6377142e-05
19.06	1.7714017e-05
19.10	1.9160039e-05
19.13	2.0724128e-05
19.16	2.2415932e-05
19.20	2.4245888e-05
19.23	2.6225289e-05
19.27	2.8366350e-05
19.30	3.0682288e-05
19.33	3.3187402e-05
19.37	3.5897162e-05
19.40	3.8828306e-05
19.44	4.1998945e-05
19.47	4.5428673e-05
19.51	4.9138695e-05
19.54	5.3151954e-05
19.57	5.7493280e-05
19.61	6.2189539e-05
19.64	6.7269811e-05
19.68	7.2765564e-05
19.71	7.8710860e-05
19.74	8.5142564e-05
19.78	9.2100582e-05
19.81	9.9628112e-05
19.85	1.0777192e-04
19.88	1.1658264e-04
19.91	1.2611509e-04
19.95	1.3642864e-04
19.98	1.4758757e-04
20.02	1.5966151e-04
20.05	1.7272588e-04
20.08	1.8686238e-04
20.12	2.0215953e-04
20.15	2.1871324e-04
20.19	2.3662747e-04
20.22	2.5601488e-04
20.25	2.7699763e-04
20.29	2.9970817e-04
20.32	3.2429014e-04
20.36	3.5089937e-04
20.39	3.7970493e-04
20.42	4.1089030e-04
20.46	4.4465470e-04
20.49	4.8121444e-04
20.53	5.2080449e-04
20.56	5.6368019e-04
20.60	6.1011911e-04
20.63	6.6042309e-04
20.66	7.1492052e-04
20.70	7.7396885e-04
20.73	8.3795735e-04
20.77	9.0731014e-04
20.80	9.8248966e-04
20.83	1.0640003e-03
20.87	1.1523929e-03
20.90	1.2482690e-03
20.94	1.3522863e-03
20.97	1.4651645e-03
21.00	1.5876921e-03
21.04	1.7207331e-03
21.07	1.8652359e-03
21.11	2.0222426e-03
21.14	2.1928994e-03
21.17	2.3784686e-03
21.21	2.5803428e-03
21.24	2.8000600e-03
21.28	3.0393219e-03
21.31	3.3000145e-03
21.34	3.5842318e-03
21.38	3.8943031e-03
21.41	4.2328254e-03
21.45	4.6027002e-03
21.48	5.0071774e-03
21.52	5.4499058e-03
21.55	5.9349943e-03
21.58	6.4670826e-03
21.62	7.0514269e-03
21.65	7.6940013e-03
21.69	8.4016209e-03
21.72	9.1820896e-03
21.75	1.0044381e-02
21.79	1.0998858e-02
21.82	1.2057549e-02
21.86	1.3234481e-02
21.89	1.4546107e-02
21.92	1.6011838e-02
21.96	1.7654727e-02
21.99	1.9502341e-02
22.03	2.1587901e-02
22.06	2.3951779e-02
22.09	2.6643501e-02
22.13	2.9724449e-02
22.16	3.3271592e-02
22.20	3.7382743e-02
22.23	4.2184137e-02
22.26	4.7841815e-02
22.30	5.4579649e-02
22.33	6.2710434e-02
22.37	7.2695555e-02
22.40	8.5271622e-02
22.43	1.0173552e-01
22.47	1.2458981e-01
22.50	1.5895274e-01
22.54	2.1545225e-01
22.57	3.1571247e-01
22.61	5.0181594e-01
22.64	8.5080367e-01
22.67	1.4933461e+00
22.71	2.6302448e+00
22.74	4.5279964e+00
22.78	7.4506576e+00
22.81	1.1451495e+01
22.84	1.5955136e+01
22.88	1.9334008e+01
22.91	1.9598331e+01
22.95	1.7505795e+01
22.98	1.5233165e+01
23.01	1.3171218e+01
23.05	1.1356350e+01
23.08	9.7764850e+00
23.12	8.4085157e+00
23.15	7.2275774e+00
23.18	6.2099949e+00
23.22	5.3342484e+00
23.25	4.5812067e+00
23.29	3.9340671e+00
23.32	3.3781792e+00
23.35	2.9008278e+00
23.39	2.4910125e+00
23.42	2.1392363e+00
23.46	1.8373140e+00
23.49	1.5781987e+00
23.53	1.3558290e+00
23.56	1.1649950e+00
23.59	1.0012208e+00
23.63	8.6066294e-01
23.66	7.4002197e-01
23.70	6.3646637e-01
23.73	5.4756664e-01
23.76	4.7123860e-01
23.80	4.0569453e-01
23.83	3.4940122e-01
23.87	3.0104377e-01
23.90	2.5949462e-01
23.93	2.2378688e-01
23.97	1.9309145e-01
24.00	1.6669740e-01
24.04	1.4399509e-01
24.07	1.2446175e-01
24.10	1.0764909e-01
24.14	9.3172640e-02
24.17	8.0702659e-02
24.21	6.9956322e-02
24.24	6.0691018e-02
24.27	5.2698614e-02
24.31	4.5800526e-02
24.34	3.9843513e-02
24.38	3.4696051e-02
24.41	3.0245245e-02
24.44	2.6394166e-02
24.48	2.3059581e-02
24.51	2.0170001e-02
24.55	1.7664008e-02
24.58	1.5488826e-02
24.62	1.3599089e-02
24.65	1.1955791e-02
24.68	1.0525383e-02
24.72	9.2790022e-03
24.75	8.1918033e-03
24.79	7.2423948e-03
24.82	6.4123496e-03
24.85	5.6857874e-03
24.89	5.0490157e-03
24.92	4.4902226e-03
24.96	3.9992128e-03
24.99	3.5671811e-03
25.02	3.1865185e-03
25.06	2.8506447e-03
25.09	2.5538657e-03
25.13	2.2912505e-03
25.16	2.0585254e-03
25.19	1.8519835e-03
25.23	1.6684068e-03
25.26	1.5049991e-03
25.30	1.3593282e-03
25.33	1.2292766e-03
25.36	1.1129991e-03
25.40	1.0088855e-03
25.43	9.1552946e-04
25.47	8.3170108e-04
25.50	7.5632358e-04
25.54	6.8845296e-04
25.57	6.2726062e-04
25.60	5.7201822e-04
25.64	5.2208476e-04
25.67	4.7689524e-04
25.71	4.3595102e-04
25.74	3.9881134e-04
25.77	3.6508605e-04
25.81	3.3442930e-04
25.84	3.0653406e-04
25.88	2.8112733e-04
25.91	2.5796604e-04
25.94	2.3683342e-04
25.98	2.1753587e-04
26.01	1.9990027e-04
26.05	1.8377152e-04
26.08	1.6901054e-04
26.11	1.5549237e-04
26.15	1.4310465e-04
26.18	1.3174614e-04
26.22	1.2132556e-04
26.25	1.1176049e-04
26.28	1.0297637e-04
26.32	9.4905749e-05
26.35	8.7487474e-05
26.39	8.0666067e-05
26.42	7.4391135e-05
26.45	6.8616862e-05
26.49	6.3301549e-05
26.52	5.8407210e-05
26.56	5.3899206e-05
26.59	4.9745930e-05
26.63	4.5918511e-05
26.66	4.2390562e-05
26.69	3.9137946e-05
26.73	3.6138569e-05
26.76	3.3372196e-05
26.80	3.0820279e-05
26.83	2.8465811e-05
26.86	2.6293186e-05
26.90	2.4288078e-05
26.93	2.2437331e-05
26.97	2.0728853e-05
27.00	1.9151531e-05
