# NeutrinoAntineutrinoInteraction/NeutrinoAntineutrinoResonanceStrange interaction rates
# neutrino field: massive Cosmic Neutrino Background, T_CnuB = 1.94535456 K
# Produced with crpropa-data version: 60a1560e37035039ec25f414e0c42a2444bad49c
# log10(E/eV), 1/lambda [1/Mpc]
13.27	0.0000000e+00
13.30	0.0000000e+00
13.34	0.0000000e+00
13.37	0.0000000e+00
13.41	0.0000000e+00
13.44	0.0000000e+00
13.47	0.0000000e+00
13.51	0.0000000e+00
13.54	0.0000000e+00
13.58	0.0000000e+00
13.61	0.0000000e+00
13.65	0.0000000e+00
13.68	0.0000000e+00
13.71	0.0000000e+00
13.75	0.0000000e+00
13.78	0.0000000e+00
13.82	0.0000000e+00
13.85	0.0000000e+00
13.88	0.0000000e+00
13.92	0.0000000e+00
13.95	0.0000000e+00
13.99	0.0000000e+00
14.02	0.0000000e+00
14.05	0.0000000e+00
14.09	0.0000000e+00
14.12	0.0000000e+00
14.16	0.0000000e+00
14.19	0.0000000e+00
14.22	0.0000000e+00
14.26	0.0000000e+00
14.29	0.0000000e+00
14.33	0.0000000e+00
14.36	0.0000000e+00
14.39	0.0000000e+00
14.43	0.0000000e+00
14.46	0.0000000e+00
14.50	0.0000000e+00
14.53	0.0000000e+00
14.57	0.0000000e+00
14.60	0.0000000e+00
14.63	0.0000000e+00
14.67	0.0000000e+00
14.70	0.0000000e+00
14.74	0.0000000e+00
14.77	0.0000000e+00
14.80	0.0000000e+00
14.84	0.0000000e+00
14.87	0.0000000e+00
14.91	0.0000000e+00
14.94	0.0000000e+00
14.97	0.0000000e+00
15.01	0.0000000e+00
15.04	0.0000000e+00
15.08	0.0000000e+00
15.11	0.0000000e+00
15.14	0.0000000e+00
15.18	0.0000000e+00
15.21	0.0000000e+00
15.25	3.7339851e-262
15.28	1.4029346e-242
15.31	1.7481058e-224
15.35	9.3407604e-208
15.38	2.7144322e-192
15.42	5.3440532e-178
15.45	8.7331797e-165
15.48	1.4293676e-152
15.52	2.7873586e-141
15.55	7.6039309e-131
15.59	3.3661989e-121
15.62	2.7739287e-112
15.66	4.8306653e-104
15.69	1.9990367e-96
15.72	2.1909898e-89
15.76	7.0309937e-83
15.79	7.2479712e-77
15.83	2.6149880e-71
15.86	3.5743674e-66
15.89	1.9917380e-61
15.93	4.8416851e-57
15.96	5.4664017e-53
16.00	3.0374256e-49
16.03	8.7633710e-46
16.06	1.3794551e-42
16.10	1.2402338e-39
16.13	6.6443077e-37
16.17	2.2057257e-34
16.20	4.7047201e-32
16.23	6.6671101e-30
16.27	6.4745499e-28
16.30	4.4338843e-26
16.34	2.1986756e-24
16.37	8.0904790e-23
16.40	2.2597385e-21
16.44	4.8922442e-20
16.47	8.3701930e-19
16.51	1.1521773e-17
16.54	1.2973403e-16
16.58	1.2133683e-15
16.61	9.5606724e-15
16.64	6.4302979e-14
16.68	3.7366448e-13
16.71	1.8971642e-12
16.75	8.5034891e-12
16.78	3.3971487e-11
16.81	1.2203862e-10
16.85	3.9745903e-10
16.88	1.1824274e-09
16.92	3.2356771e-09
16.95	8.1969070e-09
16.98	1.9337235e-08
17.02	4.2712738e-08
17.05	8.8777786e-08
17.09	1.7442820e-07
17.12	3.2531278e-07
17.15	5.7808976e-07
17.19	9.8213681e-07
17.22	1.6000759e-06
17.26	2.5063735e-06
17.29	3.7832465e-06
17.32	5.5131852e-06
17.36	7.7676917e-06
17.39	1.0592523e-05
17.43	1.3991137e-05
17.46	1.7910462e-05
17.49	2.2236415e-05
17.53	2.6809289e-05
17.56	3.1470697e-05
17.60	3.6162270e-05
17.63	4.0928378e-05
17.67	4.5819873e-05
17.70	5.0885258e-05
17.73	5.6171435e-05
17.77	6.1724387e-05
17.80	6.7589786e-05
17.84	7.3813564e-05
17.87	8.0442434e-05
17.90	8.7524385e-05
17.94	9.5109156e-05
17.97	1.0324869e-04
18.01	1.1199759e-04
18.04	1.2141356e-04
18.07	1.3155786e-04
18.11	1.4249575e-04
18.14	1.5429699e-04
18.18	1.6703629e-04
18.21	1.8079385e-04
18.24	1.9565591e-04
18.28	2.1171526e-04
18.31	2.2907191e-04
18.35	2.4783370e-04
18.38	2.6811698e-04
18.41	2.9004736e-04
18.45	3.1376053e-04
18.48	3.3940305e-04
18.52	3.6713332e-04
18.55	3.9712253e-04
18.59	4.2955576e-04
18.62	4.6463310e-04
18.65	5.0257093e-04
18.69	5.4360319e-04
18.72	5.8798294e-04
18.76	6.3598381e-04
18.79	6.8790178e-04
18.82	7.4405699e-04
18.86	8.0479569e-04
18.89	8.7049243e-04
18.93	9.4155236e-04
18.96	1.0184137e-03
18.99	1.1015507e-03
19.03	1.1914760e-03
19.06	1.2887446e-03
19.10	1.3939566e-03
19.13	1.5077614e-03
19.16	1.6308615e-03
19.20	1.7640169e-03
19.23	1.9080500e-03
19.27	2.0638505e-03
19.30	2.2323809e-03
19.33	2.4146830e-03
19.37	2.6118837e-03
19.40	2.8252027e-03
19.44	3.0559597e-03
19.47	3.3055828e-03
19.51	3.5756178e-03
19.54	3.8677374e-03
19.57	4.1837521e-03
19.61	4.5256216e-03
19.64	4.8954670e-03
19.68	5.2955847e-03
19.71	5.7284605e-03
19.74	6.1967860e-03
19.78	6.7034751e-03
19.81	7.2516836e-03
19.85	7.8448288e-03
19.88	8.4866120e-03
19.91	9.1810423e-03
19.95	9.9324627e-03
19.98	1.0745579e-02
20.02	1.1625490e-02
20.05	1.2577722e-02
20.08	1.3608264e-02
20.12	1.4723611e-02
20.15	1.5930804e-02
20.19	1.7237479e-02
20.22	1.8651921e-02
20.25	2.0183119e-02
20.29	2.1840828e-02
20.32	2.3635640e-02
20.36	2.5579056e-02
20.39	2.7683570e-02
20.42	2.9962760e-02
20.46	3.2431384e-02
20.49	3.5105495e-02
20.53	3.8002555e-02
20.56	4.1141576e-02
20.60	4.4543260e-02
20.63	4.8230167e-02
20.66	5.2226894e-02
20.70	5.6560276e-02
20.73	6.1259613e-02
20.77	6.6356913e-02
20.80	7.1887179e-02
20.83	7.7888715e-02
20.87	8.4403478e-02
20.90	9.1477476e-02
20.94	9.9161207e-02
20.97	1.0751016e-01
21.00	1.1658540e-01
21.04	1.2645419e-01
21.07	1.3719075e-01
21.11	1.4887709e-01
21.14	1.6160396e-01
21.17	1.7547202e-01
21.21	1.9059306e-01
21.24	2.0709151e-01
21.28	2.2510620e-01
21.31	2.4479237e-01
21.34	2.6632400e-01
21.38	2.8989669e-01
21.41	3.1573092e-01
21.45	3.4407600e-01
21.48	3.7521478e-01
21.52	4.0946938e-01
21.55	4.4720797e-01
21.58	4.8885319e-01
21.62	5.3489242e-01
21.65	5.8589039e-01
21.69	6.4250506e-01
21.72	7.0550738e-01
21.75	7.7580660e-01
21.79	8.5448254e-01
21.82	9.4282775e-01
21.86	1.0424030e+00
21.89	1.1551118e+00
21.92	1.2833028e+00
21.96	1.4299152e+00
21.99	1.5986958e+00
22.03	1.7945502e+00
22.06	2.0241788e+00
22.09	2.2973493e+00
22.13	2.6295990e+00
22.16	3.0479645e+00
22.20	3.6025767e+00
22.23	4.3884237e+00
22.26	5.5826293e+00
22.30	7.5020686e+00
22.33	1.0682722e+01
22.37	1.5975040e+01
22.40	2.4639189e+01
22.43	3.8412396e+01
22.47	5.9511106e+01
22.50	9.0526549e+01
22.54	1.3417599e+02
22.57	1.9288363e+02
22.61	2.6818398e+02
22.64	3.5996736e+02
22.67	4.6562650e+02
22.71	5.7922986e+02
22.74	6.9096296e+02
22.78	7.8725992e+02
22.81	8.5225639e+02
22.84	8.7126635e+02
22.88	8.3663848e+02
22.91	7.5575607e+02
22.95	6.5836798e+02
22.98	5.6873982e+02
23.01	4.9001792e+02
23.05	4.2163446e+02
23.08	3.6251318e+02
23.12	3.1153025e+02
23.15	2.6763368e+02
23.18	2.2987687e+02
23.22	1.9742367e+02
23.25	1.6954275e+02
23.29	1.4559835e+02
23.32	1.2503985e+02
23.35	1.0739159e+02
23.39	9.2243416e+01
23.42	7.9242142e+01
23.46	6.8083903e+01
23.49	5.8507479e+01
23.53	5.0288435e+01
23.56	4.3234029e+01
23.59	3.7178793e+01
23.63	3.1980718e+01
23.66	2.7517950e+01
23.70	2.3685952e+01
23.73	2.0395055e+01
23.76	1.7568351e+01
23.80	1.5139882e+01
23.83	1.3053085e+01
23.87	1.1259455e+01
23.90	9.7173980e+00
23.93	8.3912468e+00
23.97	7.2504153e+00
24.00	6.2686746e+00
24.04	5.4235308e+00
24.07	4.6956922e+00
24.10	4.0686123e+00
24.14	3.5280979e+00
24.17	3.0619733e+00
24.21	2.6597922e+00
24.24	2.3125912e+00
24.27	2.0126778e+00
24.31	1.7534496e+00
24.34	1.5292386e+00
24.38	1.3351781e+00
24.41	1.1670885e+00
24.44	1.0213796e+00
24.48	8.9496674e-01
24.51	7.8519880e-01
24.55	6.8979668e-01
24.58	6.0680053e-01
24.62	5.3452442e-01
24.65	4.7151758e-01
24.68	4.1653111e-01
24.72	3.6848944e-01
24.75	3.2646591e-01
24.79	2.8966172e-01
24.82	2.5738799e-01
24.85	2.2905033e-01
24.89	2.0413554e-01
24.92	1.8220029e-01
24.96	1.6286136e-01
24.99	1.4578726e-01
25.02	1.3069102e-01
25.06	1.1732407e-01
25.09	1.0547089e-01
25.13	9.4944473e-02
25.16	8.5582414e-02
25.19	7.7243530e-02
25.23	6.9804976e-02
25.26	6.3159751e-02
25.30	5.7214555e-02
25.33	5.1887948e-02
25.36	4.7108758e-02
25.40	4.2814711e-02
25.43	3.8951256e-02
25.47	3.5470542e-02
25.50	3.2330541e-02
25.54	2.9494294e-02
25.57	2.6929249e-02
25.60	2.4606700e-02
25.64	2.2501294e-02
25.67	2.0590607e-02
25.71	1.8854780e-02
25.74	1.7276194e-02
25.77	1.5839199e-02
25.81	1.4529871e-02
25.84	1.3335803e-02
25.88	1.2245925e-02
25.91	1.1250344e-02
25.94	1.0340206e-02
25.98	9.5075756e-03
26.01	8.7453311e-03
26.05	8.0470714e-03
26.08	7.4070358e-03
26.11	6.8200325e-03
26.15	6.2813767e-03
26.18	5.7868356e-03
26.22	5.3325799e-03
26.25	4.9151417e-03
26.28	4.5313762e-03
26.32	4.1784290e-03
26.35	3.8537062e-03
26.39	3.5548484e-03
26.42	3.2797072e-03
26.45	3.0263249e-03
26.49	2.7929156e-03
26.52	2.5778490e-03
26.56	2.3796355e-03
26.59	2.1969134e-03
26.63	2.0284364e-03
26.66	1.8730635e-03
26.69	1.7297495e-03
26.73	1.5975360e-03
26.76	1.4755440e-03
26.80	1.3629669e-03
26.83	1.2590638e-03
26.86	1.1631544e-03
26.90	1.0746132e-03
26.93	9.9286536e-04
26.97	9.1738196e-04
27.00	8.4767642e-04
