# NeutrinoAntineutrinoInteraction/NeutrinoAntineutrinoResonanceStrange interaction rates
# neutrino field: massive Cosmic Neutrino Background, T_CnuB = 1.94535456 K
# Produced with crpropa-data version: 60a1560e37035039ec25f414e0c42a2444bad49c
# log10(E/eV), 1/lambda [1/Mpc]
13.88	0.0000000e+00
13.92	0.0000000e+00
13.95	0.0000000e+00
13.99	0.0000000e+00
14.02	0.0000000e+00
14.05	0.0000000e+00
14.09	0.0000000e+00
14.12	0.0000000e+00
14.16	0.0000000e+00
14.19	0.0000000e+00
14.22	0.0000000e+00
14.26	0.0000000e+00
14.29	0.0000000e+00
14.33	0.0000000e+00
14.36	0.0000000e+00
14.39	0.0000000e+00
14.43	0.0000000e+00
14.46	0.0000000e+00
14.50	0.0000000e+00
14.53	0.0000000e+00
14.57	0.0000000e+00
14.60	0.0000000e+00
14.63	0.0000000e+00
14.67	0.0000000e+00
14.70	0.0000000e+00
14.74	0.0000000e+00
14.77	0.0000000e+00
14.80	0.0000000e+00
14.84	0.0000000e+00
14.87	0.0000000e+00
14.91	0.0000000e+00
14.94	0.0000000e+00
14.97	0.0000000e+00
15.01	0.0000000e+00
15.04	0.0000000e+00
15.08	0.0000000e+00
15.11	0.0000000e+00
15.14	0.0000000e+00
15.18	0.0000000e+00
15.21	0.0000000e+00
15.25	0.0000000e+00
15.28	0.0000000e+00
15.31	0.0000000e+00
15.35	0.0000000e+00
15.38	0.0000000e+00
15.42	0.0000000e+00
15.45	0.0000000e+00
15.48	0.0000000e+00
15.52	0.0000000e+00
15.55	0.0000000e+00
15.59	0.0000000e+00
15.62	0.0000000e+00
15.66	0.0000000e+00
15.69	0.0000000e+00
15.72	0.0000000e+00
15.76	0.0000000e+00
15.79	0.0000000e+00
15.83	0.0000000e+00
15.86	3.8019515e-275
15.89	7.1006795e-255
15.93	3.8965102e-236
15.96	8.1982003e-219
16.00	8.4584515e-203
16.03	5.3727119e-188
16.06	2.5928271e-174
16.10	1.1547460e-161
16.13	5.6808908e-150
16.17	3.6454991e-139
16.20	3.5584055e-129
16.23	6.0900916e-120
16.27	2.0841016e-111
16.30	1.6102500e-103
16.34	3.1428274e-96
16.37	1.7190756e-89
16.40	2.9007459e-83
16.44	1.6501106e-77
16.47	3.4351525e-72
16.51	2.8233300e-67
16.54	9.8271557e-63
16.58	1.5456636e-58
16.61	1.1664586e-54
16.64	4.4645054e-51
16.68	9.1220808e-48
16.71	1.0433245e-44
16.75	6.9788899e-42
16.78	2.8431299e-39
16.81	7.3236239e-37
16.85	1.2348770e-34
16.88	1.4073608e-32
16.92	1.1167063e-30
16.95	6.3404933e-29
16.98	2.6421697e-27
17.02	8.2723099e-26
17.05	1.9885226e-24
17.09	3.7443221e-23
17.12	5.6260252e-22
17.15	6.8621090e-21
17.19	6.9027662e-20
17.22	5.8111627e-19
17.26	4.1501466e-18
17.29	2.5460565e-17
17.32	1.3574101e-16
17.36	6.3569411e-16
17.39	2.6410978e-15
17.43	9.8242806e-15
17.46	3.2997239e-14
17.49	1.0085966e-13
17.53	2.8259560e-13
17.56	7.3068016e-13
17.60	1.7542352e-12
17.63	3.9330162e-12
17.67	8.2780594e-12
17.70	1.6436352e-11
17.73	3.0924248e-11
17.77	5.5360041e-11
17.80	9.4653655e-11
17.84	1.5510437e-10
17.87	2.4435861e-10
17.90	3.7118945e-10
17.94	5.4507750e-10
17.97	7.7559546e-10
18.01	1.0716257e-09
18.04	1.4404688e-09
18.07	1.8869297e-09
18.11	2.4125024e-09
18.14	3.0148005e-09
18.18	3.6874071e-09
18.21	4.4203184e-09
18.24	5.2011164e-09
18.28	6.0169347e-09
18.31	6.8572271e-09
18.35	7.7180405e-09
18.38	8.6053748e-09
18.41	9.5277312e-09
18.45	1.0493397e-08
18.48	1.1510548e-08
18.52	1.2587352e-08
18.55	1.3732069e-08
18.59	1.4953140e-08
18.62	1.6259274e-08
18.65	1.7659532e-08
18.69	1.9163406e-08
18.72	2.0780900e-08
18.76	2.2522610e-08
18.79	2.4399804e-08
18.82	2.6424509e-08
18.86	2.8609588e-08
18.89	3.0968840e-08
18.93	3.3517083e-08
18.96	3.6270259e-08
18.99	3.9245538e-08
19.03	4.2461426e-08
19.06	4.5937886e-08
19.10	4.9696464e-08
19.13	5.3760425e-08
19.16	5.8154901e-08
19.20	6.2907046e-08
19.23	6.8046208e-08
19.27	7.3604110e-08
19.30	7.9615047e-08
19.33	8.6116101e-08
19.37	9.3147372e-08
19.40	1.0075222e-07
19.44	1.0897755e-07
19.47	1.1787408e-07
19.51	1.2749666e-07
19.54	1.3790464e-07
19.57	1.4916220e-07
19.61	1.6133878e-07
19.64	1.7450946e-07
19.68	1.8875551e-07
19.71	2.0416479e-07
19.74	2.2083240e-07
19.78	2.3886118e-07
19.81	2.5836242e-07
19.85	2.7945650e-07
19.88	3.0227367e-07
19.91	3.2695484e-07
19.95	3.5365249e-07
19.98	3.8253158e-07
20.02	4.1377062e-07
20.05	4.4756276e-07
20.08	4.8411701e-07
20.12	5.2365954e-07
20.15	5.6643511e-07
20.19	6.1270863e-07
20.22	6.6276677e-07
20.25	7.1691985e-07
20.29	7.7550371e-07
20.32	8.3888192e-07
20.36	9.0744806e-07
20.39	9.8162821e-07
20.42	1.0618837e-06
20.46	1.1487140e-06
20.49	1.2426600e-06
20.53	1.3443076e-06
20.56	1.4542912e-06
20.60	1.5732981e-06
20.63	1.7020729e-06
20.66	1.8414222e-06
20.70	1.9922203e-06
20.73	2.1554146e-06
20.77	2.3320323e-06
20.80	2.5231867e-06
20.83	2.7300854e-06
20.87	2.9540379e-06
20.90	3.1964653e-06
20.94	3.4589090e-06
20.97	3.7430427e-06
21.00	4.0506831e-06
21.04	4.3838034e-06
21.07	4.7445474e-06
21.11	5.1352449e-06
21.14	5.5584289e-06
21.17	6.0168543e-06
21.21	6.5135193e-06
21.24	7.0516875e-06
21.28	7.6349140e-06
21.31	8.2670736e-06
21.34	8.9523915e-06
21.38	9.6954786e-06
21.41	1.0501370e-05
21.45	1.1375569e-05
21.48	1.2324093e-05
21.52	1.3353530e-05
21.55	1.4471101e-05
21.58	1.5684723e-05
21.62	1.7003091e-05
21.65	1.8435765e-05
21.69	1.9993267e-05
21.72	2.1687194e-05
21.75	2.3530352e-05
21.79	2.5536896e-05
21.82	2.7722505e-05
21.86	3.0104576e-05
21.89	3.2702450e-05
21.92	3.5537676e-05
21.96	3.8634315e-05
21.99	4.2019301e-05
22.03	4.5722863e-05
22.06	4.9779025e-05
22.09	5.4226199e-05
22.13	5.9107890e-05
22.16	6.4473553e-05
22.20	7.0379619e-05
22.23	7.6890747e-05
22.26	8.4081356e-05
22.30	9.2037524e-05
22.33	1.0085934e-04
22.37	1.1066390e-04
22.40	1.2158901e-04
22.43	1.3379811e-04
22.47	1.4748656e-04
22.50	1.6289000e-04
22.54	1.8029568e-04
22.57	2.0005824e-04
22.61	2.2262256e-04
22.64	2.4855958e-04
22.67	2.7862830e-04
22.71	3.1389605e-04
22.74	3.5599044e-04
22.78	4.0763570e-04
22.81	4.7375296e-04
22.84	5.6356195e-04
22.88	6.9424463e-04
22.91	8.9669674e-04
22.95	1.2235553e-03
22.98	1.7589592e-03
23.01	2.6284399e-03
23.05	4.0062160e-03
23.08	6.1163923e-03
23.12	9.2245653e-03
23.15	1.3617326e-02
23.18	1.9569070e-02
23.22	2.7297946e-02
23.25	3.6915214e-02
23.29	4.8374175e-02
23.32	6.1425999e-02
23.35	7.5590173e-02
23.39	9.0147194e-02
23.42	1.0416077e-01
23.46	1.1653609e-01
23.49	1.2611916e-01
23.53	1.3183829e-01
23.56	1.3288179e-01
23.59	1.2889487e-01
23.63	1.2017021e-01
23.66	1.0781883e-01
23.70	9.3994456e-02
23.73	8.1146255e-02
23.76	6.9879812e-02
23.80	6.0108179e-02
23.83	5.1669021e-02
23.87	4.4396852e-02
23.90	3.8138675e-02
23.93	3.2757781e-02
23.97	2.8133929e-02
24.00	2.4162255e-02
24.04	2.0751769e-02
24.07	1.7823778e-02
24.10	1.5310373e-02
24.14	1.3153042e-02
24.17	1.1301425e-02
24.21	9.7122193e-03
24.24	8.3482106e-03
24.27	7.1774348e-03
24.31	6.1724475e-03
24.34	5.3096922e-03
24.38	4.5689547e-03
24.41	3.9328920e-03
24.44	3.3866267e-03
24.48	2.9173981e-03
24.51	2.5142620e-03
24.55	2.1678325e-03
24.58	1.8700609e-03
24.62	1.6140447e-03
24.65	1.3938650e-03
24.68	1.2044459e-03
24.72	1.0414345e-03
24.75	9.0109770e-04
24.79	7.8023363e-04
24.82	6.7609613e-04
24.85	5.8632949e-04
24.89	5.0891281e-04
24.92	4.4211223e-04
24.96	3.8443992e-04
24.99	3.3461904e-04
25.02	2.9155362e-04
25.06	2.5430280e-04
25.09	2.2205868e-04
25.13	1.9412743e-04
25.16	1.6991304e-04
25.19	1.4890340e-04
25.23	1.3065836e-04
25.26	1.1479952e-04
25.30	1.0100149e-04
25.33	8.8984332e-05
25.36	7.8507147e-05
25.40	6.9362550e-05
25.43	6.1371929e-05
25.47	5.4381388e-05
25.50	4.8258267e-05
25.54	4.2888150e-05
25.57	3.8172305e-05
25.60	3.4025486e-05
25.64	3.0374048e-05
25.67	2.7154324e-05
25.71	2.4311237e-05
25.74	2.1797107e-05
25.77	1.9570627e-05
25.81	1.7595981e-05
25.84	1.5842087e-05
25.88	1.4281951e-05
25.91	1.2892102e-05
25.94	1.1652118e-05
25.98	1.0544207e-05
26.01	9.5528548e-06
26.05	8.6645160e-06
26.08	7.8673527e-06
26.11	7.1510057e-06
26.15	6.5063988e-06
26.18	5.9255697e-06
26.22	5.4015242e-06
26.25	4.9281104e-06
26.28	4.4999095e-06
26.32	4.1121421e-06
26.35	3.7605863e-06
26.39	3.4415076e-06
26.42	3.1515979e-06
26.45	2.8879221e-06
26.49	2.6478724e-06
26.52	2.4291283e-06
26.56	2.2296220e-06
26.59	2.0475081e-06
26.63	1.8811369e-06
26.66	1.7290321e-06
26.69	1.5898704e-06
26.73	1.4624636e-06
26.76	1.3457440e-06
26.80	1.2387504e-06
26.83	1.1406163e-06
26.86	1.0505599e-06
26.90	9.6787463e-07
26.93	8.9192124e-07
26.97	8.2212069e-07
27.00	7.5794788e-07
