# NeutrinoAntineutrinoInteraction/NeutrinoAntineutrinoResonanceStrange interaction rates
# neutrino field: massive Cosmic Neutrino Background, T_CnuB = 1.94535456 K
# Produced with crpropa-data version: 60a1560e37035039ec25f414e0c42a2444bad49c
# log10(E/eV), 1/lambda [1/Mpc]
14.02	0.0000000e+00
14.05	0.0000000e+00
14.09	0.0000000e+00
14.12	0.0000000e+00
14.16	0.0000000e+00
14.19	0.0000000e+00
14.22	0.0000000e+00
14.26	0.0000000e+00
14.29	0.0000000e+00
14.33	0.0000000e+00
14.36	0.0000000e+00
14.39	0.0000000e+00
14.43	0.0000000e+00
14.46	0.0000000e+00
14.50	0.0000000e+00
14.53	0.0000000e+00
14.57	0.0000000e+00
14.60	0.0000000e+00
14.63	0.0000000e+00
14.67	0.0000000e+00
14.70	0.0000000e+00
14.74	0.0000000e+00
14.77	0.0000000e+00
14.80	0.0000000e+00
14.84	0.0000000e+00
14.87	0.0000000e+00
14.91	0.0000000e+00
14.94	0.0000000e+00
14.97	0.0000000e+00
15.01	0.0000000e+00
15.04	0.0000000e+00
15.08	0.0000000e+00
15.11	0.0000000e+00
15.14	0.0000000e+00
15.18	0.0000000e+00
15.21	0.0000000e+00
15.25	0.0000000e+00
15.28	0.0000000e+00
15.31	0.0000000e+00
15.35	0.0000000e+00
15.38	0.0000000e+00
15.42	0.0000000e+00
15.45	0.0000000e+00
15.48	0.0000000e+00
15.52	0.0000000e+00
15.55	0.0000000e+00
15.59	0.0000000e+00
15.62	0.0000000e+00
15.66	0.0000000e+00
15.69	0.0000000e+00
15.72	0.0000000e+00
15.76	0.0000000e+00
15.79	0.0000000e+00
15.83	0.0000000e+00
15.86	0.0000000e+00
15.89	0.0000000e+00
15.93	0.0000000e+00
15.96	0.0000000e+00
16.00	5.6044442e-269
16.03	3.1370729e-249
16.06	5.6499194e-231
16.10	4.2431597e-214
16.13	1.6887851e-198
16.17	4.4458125e-184
16.20	9.5019258e-171
16.23	1.9926629e-158
16.27	4.8852664e-147
16.30	1.6462900e-136
16.34	8.8575471e-127
16.37	8.7383460e-118
16.40	1.7965433e-109
16.44	8.6642193e-102
16.47	1.0934984e-94
16.51	3.9960696e-88
16.54	4.6428997e-82
16.58	1.8699852e-76
16.61	2.8281223e-71
16.64	1.7292939e-66
16.68	4.5774984e-62
16.71	5.5874781e-58
16.75	3.3342754e-54
16.78	1.0266948e-50
16.81	1.7148360e-47
16.85	1.6270344e-44
16.88	9.1517304e-42
16.92	3.1745591e-39
16.95	7.0434637e-37
16.98	1.0338699e-34
17.02	1.0357897e-32
17.05	7.2900684e-31
17.09	3.7019446e-29
17.12	1.3902015e-27
17.15	3.9498403e-26
17.19	8.6714902e-25
17.22	1.4999935e-23
17.26	2.0816038e-22
17.29	2.3564722e-21
17.32	2.2099380e-20
17.36	1.7415900e-19
17.39	1.1686629e-18
17.43	6.7594201e-18
17.46	3.4080708e-17
17.49	1.5136367e-16
17.53	5.9792152e-16
17.56	2.1196215e-15
17.60	6.7991793e-15
17.63	1.9886742e-14
17.67	5.3414288e-14
17.70	1.3261335e-13
17.73	3.0619025e-13
17.77	6.6117013e-13
17.80	1.3421961e-12
17.84	2.5739262e-12
17.87	4.6837729e-12
17.90	8.1210968e-12
17.94	1.3468522e-11
17.97	2.1441567e-11
18.01	3.2874265e-11
18.04	4.8690658e-11
18.07	6.9864391e-11
18.11	9.7370780e-11
18.14	1.3213698e-10
18.18	1.7499630e-10
18.21	2.2665202e-10
18.24	2.8765465e-10
18.28	3.5839466e-10
18.31	4.3911068e-10
18.35	5.2991124e-10
18.38	6.3080709e-10
18.41	7.4174999e-10
18.45	8.6267411e-10
18.48	9.9353644e-10
18.52	1.1343533e-09
18.55	1.2852314e-09
18.59	1.4463919e-09
18.62	1.6181885e-09
18.65	1.8011192e-09
18.69	1.9958330e-09
18.72	2.2031330e-09
18.76	2.4239769e-09
18.79	2.6594762e-09
18.82	2.9108950e-09
18.86	3.1796490e-09
18.89	3.4673054e-09
18.93	3.7755848e-09
18.96	4.1063641e-09
18.99	4.4616814e-09
19.03	4.8437431e-09
19.06	5.2549325e-09
19.10	5.6978208e-09
19.13	6.1751799e-09
19.16	6.6899966e-09
19.20	7.2454895e-09
19.23	7.8451272e-09
19.27	8.4926486e-09
19.30	9.1920859e-09
19.33	9.9477879e-09
19.37	1.0764448e-08
19.40	1.1647131e-08
19.44	1.2601307e-08
19.47	1.3632882e-08
19.51	1.4748240e-08
19.54	1.5954274e-08
19.57	1.7258438e-08
19.61	1.8668786e-08
19.64	2.0194027e-08
19.68	2.1843576e-08
19.71	2.3627613e-08
19.74	2.5557149e-08
19.78	2.7644089e-08
19.81	2.9901309e-08
19.85	3.2342739e-08
19.88	3.4983441e-08
19.91	3.7839713e-08
19.95	4.0929181e-08
19.98	4.4270914e-08
20.02	4.7885540e-08
20.05	5.1795378e-08
20.08	5.6024570e-08
20.12	6.0599240e-08
20.15	6.5547651e-08
20.19	7.0900380e-08
20.22	7.6690518e-08
20.25	8.2953866e-08
20.29	8.9729167e-08
20.32	9.7058344e-08
20.36	1.0498677e-07
20.39	1.1356354e-07
20.42	1.2284181e-07
20.46	1.3287908e-07
20.49	1.4373762e-07
20.53	1.5548482e-07
20.56	1.6819363e-07
20.60	1.8194304e-07
20.63	1.9681857e-07
20.66	2.1291280e-07
20.70	2.3032602e-07
20.73	2.4916681e-07
20.77	2.6955280e-07
20.80	2.9161140e-07
20.83	3.1548065e-07
20.87	3.4131009e-07
20.90	3.6926182e-07
20.94	3.9951148e-07
20.97	4.3224951e-07
21.00	4.6768236e-07
21.04	5.0603392e-07
21.07	5.4754704e-07
21.11	5.9248517e-07
21.14	6.4113422e-07
21.17	6.9380453e-07
21.21	7.5083305e-07
21.24	8.1258576e-07
21.28	8.7946027e-07
21.31	9.5188877e-07
21.34	1.0303411e-06
21.38	1.1153285e-06
21.41	1.2074072e-06
21.45	1.3071828e-06
21.48	1.4153151e-06
21.52	1.5325233e-06
21.55	1.6595918e-06
21.58	1.7973767e-06
21.62	1.9468131e-06
21.65	2.1089230e-06
21.69	2.2848247e-06
21.72	2.4757425e-06
21.75	2.6830184e-06
21.79	2.9081249e-06
21.82	3.1526796e-06
21.86	3.4184615e-06
21.89	3.7074297e-06
21.92	4.0217452e-06
21.96	4.3637948e-06
21.99	4.7362194e-06
22.03	5.1419463e-06
22.06	5.5842265e-06
22.09	6.0666782e-06
22.13	6.5933372e-06
22.16	7.1687165e-06
22.20	7.7978755e-06
22.23	8.4865031e-06
22.26	9.2410156e-06
22.30	1.0068674e-05
22.33	1.0977725e-05
22.37	1.1977574e-05
22.40	1.3078992e-05
22.43	1.4294375e-05
22.47	1.5638063e-05
22.50	1.7126741e-05
22.54	1.8779949e-05
22.57	2.0620736e-05
22.61	2.2676512e-05
22.64	2.4980181e-05
22.67	2.7571684e-05
22.71	3.0500170e-05
22.74	3.3827240e-05
22.78	3.7632254e-05
22.81	4.2022085e-05
22.84	4.7151003e-05
22.88	5.3263126e-05
22.91	6.0781653e-05
22.95	7.0485359e-05
22.98	8.3828213e-05
23.01	1.0346056e-04
23.05	1.3398352e-04
23.08	1.8289963e-04
23.12	2.6161557e-04
23.15	3.8623435e-04
23.18	5.7779261e-04
23.22	8.6160472e-04
23.25	1.2654971e-03
23.29	1.8169425e-03
23.32	2.5393788e-03
23.35	3.4482413e-03
23.39	4.5473777e-03
23.42	5.8265073e-03
23.46	7.2602303e-03
23.49	8.8088321e-03
23.53	1.0420823e-02
23.56	1.2036872e-02
23.59	1.3594594e-02
23.63	1.5033553e-02
23.66	1.6299860e-02
23.70	1.7349865e-02
23.73	1.8152604e-02
23.76	1.8690898e-02
23.80	1.8961135e-02
23.83	1.8971984e-02
23.87	1.8742319e-02
23.90	1.8298708e-02
23.93	1.7672772e-02
23.97	1.6898688e-02
24.00	1.6011006e-02
24.04	1.5042893e-02
24.07	1.4024846e-02
24.10	1.2983848e-02
24.14	1.1942918e-02
24.17	1.0920985e-02
24.21	9.9330065e-03
24.24	8.9902596e-03
24.27	8.1007336e-03
24.31	7.2695798e-03
24.34	6.4995721e-03
24.38	5.7915527e-03
24.41	5.1448420e-03
24.44	4.5576051e-03
24.48	4.0271667e-03
24.51	3.5502767e-03
24.55	3.1233276e-03
24.58	2.7425281e-03
24.62	2.4040391e-03
24.65	2.1040758e-03
24.68	1.8389827e-03
24.72	1.6052858e-03
24.75	1.3997263e-03
24.79	1.2192803e-03
24.82	1.0611669e-03
24.85	9.2284860e-04
24.89	8.0202503e-04
24.92	6.9662281e-04
24.96	6.0478241e-04
24.99	5.2484342e-04
25.02	4.5532897e-04
25.06	3.9492988e-04
25.09	3.4248921e-04
25.13	2.9698729e-04
25.16	2.5752765e-04
25.19	2.2332380e-04
25.23	1.9368712e-04
25.26	1.6801573e-04
25.30	1.4578437e-04
25.33	1.2653532e-04
25.36	1.0987021e-04
25.40	9.5442720e-05
25.43	8.2952083e-05
25.47	7.2137341e-05
25.50	6.2772257e-05
25.54	5.4660833e-05
25.57	4.7633381e-05
25.60	4.1543071e-05
25.64	3.6262918e-05
25.67	3.1683140e-05
25.71	2.7708865e-05
25.74	2.4258131e-05
25.77	2.1260142e-05
25.81	1.8653761e-05
25.84	1.6386195e-05
25.88	1.4411866e-05
25.91	1.2691418e-05
25.94	1.1190874e-05
25.98	9.8808928e-06
26.01	8.7361370e-06
26.05	7.7347213e-06
26.08	6.8577384e-06
26.11	6.0888494e-06
26.15	5.4139307e-06
26.18	4.8207690e-06
26.22	4.2987986e-06
26.25	3.8388750e-06
26.28	3.4330800e-06
26.32	3.0745529e-06
26.35	2.7573463e-06
26.39	2.4763006e-06
26.42	2.2269368e-06
26.45	2.0053640e-06
26.49	1.8081987e-06
26.52	1.6324971e-06
26.56	1.4756949e-06
26.59	1.3355566e-06
26.63	1.2101311e-06
26.66	1.0977142e-06
26.69	9.9681511e-07
26.73	9.0612880e-07
26.76	8.2451111e-07
26.80	7.5095785e-07
26.83	6.8458652e-07
26.86	6.2462055e-07
26.90	5.7037566e-07
26.93	5.2124809e-07
26.97	4.7670434e-07
27.00	4.3627237e-07
