# NeutrinoAntineutrinoInteraction/NeutrinoAntineutrinoResonanceStrange interaction rates
# neutrino field: massive Cosmic Neutrino Background, T_CnuB = 1.94535456 K
# Produced with crpropa-data version: 60a1560e37035039ec25f414e0c42a2444bad49c
# log10(E/eV), 1/lambda [1/Mpc]
14.50	0.0000000e+00
14.53	0.0000000e+00
14.57	0.0000000e+00
14.60	0.0000000e+00
14.63	0.0000000e+00
14.67	0.0000000e+00
14.70	0.0000000e+00
14.74	0.0000000e+00
14.77	0.0000000e+00
14.80	0.0000000e+00
14.84	0.0000000e+00
14.87	0.0000000e+00
14.91	0.0000000e+00
14.94	0.0000000e+00
14.97	0.0000000e+00
15.01	0.0000000e+00
15.04	0.0000000e+00
15.08	0.0000000e+00
15.11	0.0000000e+00
15.14	0.0000000e+00
15.18	0.0000000e+00
15.21	0.0000000e+00
15.25	0.0000000e+00
15.28	0.0000000e+00
15.31	0.0000000e+00
15.35	0.0000000e+00
15.38	0.0000000e+00
15.42	0.0000000e+00
15.45	0.0000000e+00
15.48	0.0000000e+00
15.52	0.0000000e+00
15.55	0.0000000e+00
15.59	0.0000000e+00
15.62	0.0000000e+00
15.66	0.0000000e+00
15.69	0.0000000e+00
15.72	0.0000000e+00
15.76	0.0000000e+00
15.79	0.0000000e+00
15.83	0.0000000e+00
15.86	0.0000000e+00
15.89	0.0000000e+00
15.93	0.0000000e+00
15.96	0.0000000e+00
16.00	0.0000000e+00
16.03	0.0000000e+00
16.06	0.0000000e+00
16.10	0.0000000e+00
16.13	0.0000000e+00
16.17	0.0000000e+00
16.20	0.0000000e+00
16.23	0.0000000e+00
16.27	0.0000000e+00
16.30	0.0000000e+00
16.34	0.0000000e+00
16.37	0.0000000e+00
16.40	0.0000000e+00
16.44	0.0000000e+00
16.47	3.5492717e-270
16.51	2.8104634e-250
16.54	7.3428630e-232
16.58	8.2216393e-215
16.61	5.0255577e-199
16.64	2.0983942e-184
16.68	7.3658980e-171
16.71	2.6346766e-158
16.75	1.1476246e-146
16.78	7.1813576e-136
16.81	7.5249793e-126
16.85	1.5221438e-116
16.88	6.7825930e-108
16.92	7.5264705e-100
16.95	2.3310911e-92
16.98	2.2406105e-85
17.02	7.3774561e-79
17.05	9.1233922e-73
17.09	4.6175240e-67
17.12	1.0363130e-61
17.15	1.1116132e-56
17.19	6.1128944e-52
17.22	1.8401845e-47
17.26	3.2243124e-43
17.29	3.4819094e-39
17.32	2.4435128e-35
17.36	1.1695335e-31
17.39	3.9832612e-28
17.43	9.9832309e-25
17.46	1.8727859e-21
17.49	2.5688200e-18
17.53	2.1749192e-15
17.56	2.3891418e-13
17.60	6.8118820e-13
17.63	1.0981671e-12
17.67	1.4966996e-12
17.70	1.8828996e-12
17.73	2.2622727e-12
17.77	2.6398298e-12
17.80	3.0201804e-12
17.84	3.4076219e-12
17.87	3.8062089e-12
17.90	4.2198258e-12
17.94	4.6522394e-12
17.97	5.1071546e-12
18.01	5.5882626e-12
18.04	6.0992896e-12
18.07	6.6440328e-12
18.11	7.2264049e-12
18.14	7.8504681e-12
18.18	8.5204748e-12
18.21	9.2409047e-12
18.24	1.0016490e-11
18.28	1.0852252e-11
18.31	1.1753553e-11
18.35	1.2726130e-11
18.38	1.3776130e-11
18.41	1.4910156e-11
18.45	1.6135305e-11
18.48	1.7459228e-11
18.52	1.8890162e-11
18.55	2.0436994e-11
18.59	2.2109302e-11
18.62	2.3917447e-11
18.65	2.5872603e-11
18.69	2.7986864e-11
18.72	3.0273278e-11
18.76	3.2745977e-11
18.79	3.5420216e-11
18.82	3.8312537e-11
18.86	4.1440709e-11
18.89	4.4824037e-11
18.93	4.8483356e-11
18.96	5.2441250e-11
18.99	5.6722097e-11
19.03	6.1352315e-11
19.06	6.6360427e-11
19.10	7.1777358e-11
19.13	7.7636483e-11
19.16	8.3973923e-11
19.20	9.0828735e-11
19.23	9.8243223e-11
19.27	1.0626310e-10
19.30	1.1493788e-10
19.33	1.2432108e-10
19.37	1.3447065e-10
19.40	1.4544935e-10
19.44	1.5732486e-10
19.47	1.7017042e-10
19.51	1.8406535e-10
19.54	1.9909551e-10
19.57	2.1535373e-10
19.61	2.3294058e-10
19.64	2.5196473e-10
19.68	2.7254397e-10
19.71	2.9480564e-10
19.74	3.1888752e-10
19.78	3.4493863e-10
19.81	3.7312051e-10
19.85	4.0360775e-10
19.88	4.3658965e-10
19.91	4.7227079e-10
19.95	5.1087310e-10
19.98	5.5263652e-10
20.02	5.9782141e-10
20.05	6.4670797e-10
20.08	6.9960113e-10
20.12	7.5683041e-10
20.15	8.1875350e-10
20.19	8.8575707e-10
20.22	9.5826090e-10
20.25	1.0367190e-09
20.29	1.1216246e-09
20.32	1.2135107e-09
20.36	1.3129558e-09
20.39	1.4205869e-09
20.42	1.5370845e-09
20.46	1.6631862e-09
20.49	1.7996928e-09
20.53	1.9474732e-09
20.56	2.1074710e-09
20.60	2.2807119e-09
20.63	2.4683056e-09
20.66	2.6714593e-09
20.70	2.8914859e-09
20.73	3.1298136e-09
20.77	3.3879947e-09
20.80	3.6677202e-09
20.83	3.9708296e-09
20.87	4.2993291e-09
20.90	4.6554032e-09
20.94	5.0414346e-09
20.97	5.4600220e-09
21.00	5.9140077e-09
21.04	6.4064939e-09
21.07	6.9408793e-09
21.11	7.5208791e-09
21.14	8.1505722e-09
21.17	8.8344293e-09
21.21	9.5773612e-09
21.24	1.0384749e-08
21.28	1.1262536e-08
21.31	1.2217263e-08
21.34	1.3256160e-08
21.38	1.4387210e-08
21.41	1.5619266e-08
21.45	1.6962136e-08
21.48	1.8426737e-08
21.52	2.0025202e-08
21.55	2.1771087e-08
21.58	2.3679548e-08
21.62	2.5767593e-08
21.65	2.8054332e-08
21.69	3.0561321e-08
21.72	3.3312931e-08
21.75	3.6336821e-08
21.79	3.9664485e-08
21.82	4.3331819e-08
21.86	4.7380038e-08
21.89	5.1856603e-08
21.92	5.6816423e-08
21.96	6.2323290e-08
21.99	6.8451740e-08
22.03	7.5289274e-08
22.06	8.2939303e-08
22.09	9.1524687e-08
22.13	1.0119248e-07
22.16	1.1211991e-07
22.20	1.2452245e-07
22.23	1.3866411e-07
22.26	1.5487165e-07
22.30	1.7355353e-07
22.33	1.9522649e-07
22.37	2.2055228e-07
22.40	2.5039051e-07
22.43	2.8587556e-07
22.47	3.2853245e-07
22.50	3.8045315e-07
22.54	4.4457721e-07
22.57	5.2515083e-07
22.61	6.2851441e-07
22.64	7.6451857e-07
22.67	9.4923858e-07
22.71	1.2105849e-06
22.74	1.6011310e-06
22.78	2.2316407e-06
22.81	3.3775435e-06
22.84	5.9432660e-06
22.88	1.5267399e-05
22.91	8.0619325e-05
22.95	1.1626115e-04
22.98	1.0623848e-04
23.01	9.3289574e-05
23.05	8.1015779e-05
23.08	7.0024270e-05
23.12	6.0373776e-05
23.15	5.1976978e-05
23.18	4.4706375e-05
23.22	3.8429050e-05
23.25	3.3019317e-05
23.29	2.8363041e-05
23.32	2.4358770e-05
23.35	2.0917349e-05
23.39	1.7961025e-05
23.42	1.5422269e-05
23.46	1.3242649e-05
23.49	1.1371695e-05
23.53	9.7659045e-06
23.56	8.3878131e-06
23.59	7.2051819e-06
23.63	6.1902970e-06
23.66	5.3193585e-06
23.70	4.5719199e-06
23.73	3.9304338e-06
23.76	3.3798349e-06
23.80	2.9072003e-06
23.83	2.5014404e-06
23.87	2.1530455e-06
23.90	1.8538555e-06
23.93	1.5968752e-06
23.97	1.3761050e-06
24.00	1.1864012e-06
24.04	1.0233523e-06
24.07	8.8317605e-07
24.10	7.6262911e-07
24.14	6.5893063e-07
24.17	5.6969534e-07
24.21	4.9287726e-07
24.24	4.2672261e-07
24.27	3.6972707e-07
24.31	3.2060043e-07
24.34	2.7823574e-07
24.38	2.4168345e-07
24.41	2.1012866e-07
24.44	1.8287221e-07
24.48	1.5931376e-07
24.51	1.3893810e-07
24.55	1.2130280e-07
24.58	1.0602802e-07
24.62	9.2787343e-08
24.65	8.1300447e-08
24.68	7.1326314e-08
24.72	6.2657839e-08
24.75	5.5116871e-08
24.79	4.8550109e-08
24.82	4.2825661e-08
24.85	3.7830050e-08
24.89	3.3465507e-08
24.92	2.9647833e-08
24.96	2.6304421e-08
24.99	2.3372679e-08
25.02	2.0798581e-08
25.06	1.8535498e-08
25.09	1.6543123e-08
25.13	1.4786636e-08
25.16	1.3235912e-08
25.19	1.1864879e-08
25.23	1.0650946e-08
25.26	9.5745333e-09
25.30	8.6186481e-09
25.33	7.7685387e-09
25.36	7.0113696e-09
25.40	6.3359730e-09
25.43	5.7326293e-09
25.47	5.1928622e-09
25.50	4.7092744e-09
25.54	4.2753998e-09
25.57	3.8855829e-09
25.60	3.5348675e-09
25.64	3.2189090e-09
25.67	2.9338873e-09
25.71	2.6764462e-09
25.74	2.4436282e-09
25.77	2.2328275e-09
25.81	2.0417406e-09
25.84	1.8683322e-09
25.88	1.7107981e-09
25.91	1.5675396e-09
25.94	1.4371353e-09
25.98	1.3183190e-09
26.01	1.2099638e-09
26.05	1.1110652e-09
26.08	1.0207247e-09
26.11	9.3813902e-10
26.15	8.6258744e-10
26.18	7.9342396e-10
26.22	7.3006734e-10
26.25	6.7199483e-10
26.28	6.1873460e-10
26.32	5.6986171e-10
26.35	5.2499184e-10
26.39	4.8377762e-10
26.42	4.4590424e-10
26.45	4.1108641e-10
26.49	3.7906512e-10
26.52	3.4960520e-10
26.56	3.2249206e-10
26.59	2.9753059e-10
26.63	2.7454321e-10
26.66	2.5336785e-10
26.69	2.3385665e-10
26.73	2.1587444e-10
26.76	1.9929772e-10
26.80	1.8401339e-10
26.83	1.6991803e-10
26.86	1.5691663e-10
26.90	1.4492233e-10
26.93	1.3385531e-10
26.97	1.2364246e-10
27.00	1.1421652e-10
