# NeutrinoAntineutrinoInteraction/NeutrinoAntineutrinoResonanceStrange interaction rates
# neutrino field: massive Cosmic Neutrino Background, T_CnuB = 1.94535456 K
# Produced with crpropa-data version: 60a1560e37035039ec25f414e0c42a2444bad49c
# log10(E/eV), 1/lambda [1/Mpc]
14.97	0.0000000e+00
15.01	0.0000000e+00
15.04	0.0000000e+00
15.08	0.0000000e+00
15.11	0.0000000e+00
15.14	0.0000000e+00
15.18	0.0000000e+00
15.21	0.0000000e+00
15.25	0.0000000e+00
15.28	0.0000000e+00
15.31	0.0000000e+00
15.35	0.0000000e+00
15.38	0.0000000e+00
15.42	0.0000000e+00
15.45	0.0000000e+00
15.48	0.0000000e+00
15.52	0.0000000e+00
15.55	0.0000000e+00
15.59	0.0000000e+00
15.62	0.0000000e+00
15.66	0.0000000e+00
15.69	0.0000000e+00
15.72	0.0000000e+00
15.76	0.0000000e+00
15.79	0.0000000e+00
15.83	0.0000000e+00
15.86	0.0000000e+00
15.89	0.0000000e+00
15.93	0.0000000e+00
15.96	0.0000000e+00
16.00	0.0000000e+00
16.03	0.0000000e+00
16.06	0.0000000e+00
16.10	0.0000000e+00
16.13	0.0000000e+00
16.17	0.0000000e+00
16.20	0.0000000e+00
16.23	0.0000000e+00
16.27	0.0000000e+00
16.30	0.0000000e+00
16.34	0.0000000e+00
16.37	0.0000000e+00
16.40	0.0000000e+00
16.44	0.0000000e+00
16.47	0.0000000e+00
16.51	0.0000000e+00
16.54	0.0000000e+00
16.58	0.0000000e+00
16.61	0.0000000e+00
16.64	0.0000000e+00
16.68	0.0000000e+00
16.71	0.0000000e+00
16.75	0.0000000e+00
16.78	0.0000000e+00
16.81	0.0000000e+00
16.85	0.0000000e+00
16.88	0.0000000e+00
16.92	0.0000000e+00
16.95	6.6262568e-275
16.98	3.8415922e-255
17.02	7.1470891e-237
17.05	5.5311160e-220
17.09	2.2633444e-204
17.12	6.1132325e-190
17.15	1.3379324e-176
17.19	2.8680173e-164
17.22	7.1753472e-153
17.26	2.4637877e-142
17.29	1.3487714e-132
17.32	1.3521163e-123
17.36	2.8213522e-115
17.39	1.3794258e-107
17.43	1.7631428e-100
17.46	6.5191014e-94
17.49	7.6567709e-88
17.53	3.1148806e-82
17.56	4.7546690e-77
17.60	2.9322874e-72
17.63	7.8235010e-68
17.67	9.6197715e-64
17.70	5.7794523e-60
17.73	1.7907759e-56
17.77	3.0083772e-53
17.80	2.8696359e-50
17.84	1.6221031e-47
17.87	5.6525174e-45
17.90	1.2594423e-42
17.94	1.8558930e-40
17.97	1.8660604e-38
18.01	1.3177541e-36
18.04	6.7123087e-35
18.07	2.5278879e-33
18.11	7.2011860e-32
18.14	1.5848061e-30
18.18	2.7475757e-29
18.21	3.8208700e-28
18.24	4.3337314e-27
18.28	4.0714765e-26
18.31	3.2138930e-25
18.35	2.1599029e-24
18.38	1.2510188e-23
18.41	6.3157673e-23
18.45	2.8084028e-22
18.48	1.1106124e-21
18.52	3.9411279e-21
18.55	1.2654024e-20
18.59	3.7043696e-20
18.62	9.9576652e-20
18.65	2.4740574e-19
18.69	5.7162529e-19
18.72	1.2351159e-18
18.76	2.5087852e-18
18.79	4.8136752e-18
18.82	8.7637777e-18
18.86	1.5202255e-17
18.89	2.5222917e-17
18.93	4.0169766e-17
18.96	6.1610214e-17
18.99	9.1281681e-17
19.03	1.3101576e-16
19.06	1.8264811e-16
19.10	2.4792467e-16
19.13	3.2841555e-16
19.16	4.2544675e-16
19.20	5.4005711e-16
19.23	6.7298430e-16
19.27	8.2467995e-16
19.30	9.9535046e-16
19.33	1.1850175e-15
19.37	1.3935910e-15
19.40	1.6209471e-15
19.44	1.8670040e-15
19.47	2.1317912e-15
19.51	2.4155072e-15
19.54	2.7185662e-15
19.57	3.0416312e-15
19.61	3.3856363e-15
19.64	3.7518000e-15
19.68	4.1416304e-15
19.71	4.5569271e-15
19.74	4.9997786e-15
19.78	5.4725607e-15
19.81	5.9779343e-15
19.85	6.5188460e-15
19.88	7.0985302e-15
19.91	7.7205157e-15
19.95	8.3886346e-15
19.98	9.1070353e-15
20.02	9.8801994e-15
20.05	1.0712961e-14
20.08	1.1610533e-14
20.12	1.2578530e-14
20.15	1.3623005e-14
20.19	1.4750480e-14
20.22	1.5967984e-14
20.25	1.7283100e-14
20.29	1.8704005e-14
20.32	2.0239523e-14
20.36	2.1899177e-14
20.39	2.3693253e-14
20.42	2.5632857e-14
20.46	2.7729988e-14
20.49	2.9997612e-14
20.53	3.2449740e-14
20.56	3.5101519e-14
20.60	3.7969321e-14
20.63	4.1070849e-14
20.66	4.4425247e-14
20.70	4.8053213e-14
20.73	5.1977133e-14
20.77	5.6221220e-14
20.80	6.0811661e-14
20.83	6.5776780e-14
20.87	7.1147217e-14
20.90	7.6956115e-14
20.94	8.3239327e-14
20.97	9.0035641e-14
21.00	9.7387018e-14
21.04	1.0533885e-13
21.07	1.1394026e-13
21.11	1.2324439e-13
21.14	1.3330873e-13
21.17	1.4419549e-13
21.21	1.5597199e-13
21.24	1.6871107e-13
21.28	1.8249157e-13
21.31	1.9739879e-13
21.34	2.1352504e-13
21.38	2.3097025e-13
21.41	2.4984257e-13
21.45	2.7025904e-13
21.48	2.9234639e-13
21.52	3.1624178e-13
21.55	3.4209373e-13
21.58	3.7006301e-13
21.62	4.0032373e-13
21.65	4.3306442e-13
21.69	4.6848926e-13
21.72	5.0681940e-13
21.75	5.4829440e-13
21.79	5.9317379e-13
21.82	6.4173877e-13
21.86	6.9429407e-13
21.89	7.5116998e-13
21.92	8.1272452e-13
21.96	8.7934587e-13
21.99	9.5145498e-13
22.03	1.0295084e-12
22.06	1.1140016e-12
22.09	1.2054720e-12
22.13	1.3045032e-12
22.16	1.4117286e-12
22.20	1.5278363e-12
22.23	1.6535740e-12
22.26	1.7897541e-12
22.30	1.9372602e-12
22.33	2.0970532e-12
22.37	2.2701790e-12
22.40	2.4577762e-12
22.43	2.6610854e-12
22.47	2.8814585e-12
22.50	3.1203704e-12
22.54	3.3794306e-12
22.57	3.6603971e-12
22.61	3.9651913e-12
22.64	4.2959155e-12
22.67	4.6548715e-12
22.71	5.0445823e-12
22.74	5.4678160e-12
22.78	5.9276135e-12
22.81	6.4273192e-12
22.84	6.9706163e-12
22.88	7.5615666e-12
22.91	8.2046573e-12
22.95	8.9048525e-12
22.98	9.6676549e-12
23.01	1.0499176e-11
23.05	1.1406215e-11
23.08	1.2396360e-11
23.12	1.3478093e-11
23.15	1.4660922e-11
23.18	1.5955541e-11
23.22	1.7374008e-11
23.25	1.8929968e-11
23.29	2.0638922e-11
23.32	2.2518542e-11
23.35	2.4589069e-11
23.39	2.6873795e-11
23.42	2.9399664e-11
23.46	3.2198024e-11
23.49	3.5305587e-11
23.53	3.8765648e-11
23.56	4.2629697e-11
23.59	4.6959533e-11
23.63	5.1830165e-11
23.66	5.7333880e-11
23.70	6.3586320e-11
23.73	7.0736417e-11
23.76	7.8984628e-11
23.80	8.8620071e-11
23.83	1.0009981e-10
23.87	1.1421560e-10
23.90	1.3242387e-10
23.93	1.5744397e-10
23.97	1.9423469e-10
24.00	2.5140954e-10
24.04	3.4302289e-10
24.07	4.9045785e-10
24.10	7.2392380e-10
24.14	1.0829165e-09
24.17	1.6150030e-09
24.21	2.3725201e-09
24.24	3.4072012e-09
24.27	4.7632597e-09
24.31	6.4699229e-09
24.34	8.5346726e-09
24.38	1.0938439e-08
24.41	1.3633706e-08
24.44	1.6545991e-08
24.48	1.9578590e-08
24.51	2.2619965e-08
24.55	2.5552739e-08
24.58	2.8263109e-08
24.62	3.0649517e-08
24.65	3.2629609e-08
24.68	3.4144877e-08
24.72	3.5162733e-08
24.75	3.5676143e-08
24.79	3.5701208e-08
24.82	3.5273275e-08
24.85	3.4442219e-08
24.89	3.3267472e-08
24.92	3.1813317e-08
24.96	3.0144776e-08
24.99	2.8324299e-08
25.02	2.6409329e-08
25.06	2.4450709e-08
25.09	2.2491828e-08
25.13	2.0568381e-08
25.16	1.8708584e-08
25.19	1.6933720e-08
25.23	1.5258881e-08
25.26	1.3693807e-08
25.30	1.2243759e-08
25.33	1.0910351e-08
25.36	9.6923315e-09
25.40	8.5862646e-09
25.43	7.5871296e-09
25.47	6.6888193e-09
25.50	5.8845503e-09
25.54	5.1671910e-09
25.57	4.5295170e-09
25.60	3.9644048e-09
25.64	3.4649732e-09
25.67	3.0246814e-09
25.71	2.6373932e-09
25.74	2.2974141e-09
25.77	1.9995070e-09
25.81	1.7388926e-09
25.84	1.5112380e-09
25.88	1.3126377e-09
25.91	1.1395888e-09
25.94	9.8896356e-10
25.98	8.5797961e-10
26.01	7.4417060e-10
26.05	6.4535684e-10
26.08	5.5961725e-10
26.11	4.8526279e-10
26.15	4.2081164e-10
26.18	3.6496634e-10
26.22	3.1659281e-10
26.25	2.7470138e-10
26.28	2.3842958e-10
26.32	2.0702679e-10
26.35	1.7984043e-10
26.39	1.5630379e-10
26.42	1.3592514e-10
26.45	1.1827816e-10
26.49	1.0299354e-10
26.52	8.9751522e-11
26.56	7.8275425e-11
26.59	6.8325962e-11
26.63	5.9696266e-11
26.66	5.2207562e-11
26.69	4.5705398e-11
26.73	4.0056371e-11
26.76	3.5145271e-11
26.80	3.0872621e-11
26.83	2.7152529e-11
26.86	2.3910837e-11
26.90	2.1083515e-11
26.93	1.8615275e-11
26.97	1.6458371e-11
27.00	1.4571562e-11
