# NeutrinoAntineutrinoInteraction/NeutrinoAntineutrinoResonanceStrange interaction rates
# neutrino field: massive Cosmic Neutrino Background, T_CnuB = 1.94535456 K
# Produced with crpropa-data version: 60a1560e37035039ec25f414e0c42a2444bad49c
# log10(E/eV), 1/lambda [1/Mpc]
13.54	0.0000000e+00
13.58	0.0000000e+00
13.61	0.0000000e+00
13.65	0.0000000e+00
13.68	0.0000000e+00
13.71	0.0000000e+00
13.75	0.0000000e+00
13.78	0.0000000e+00
13.82	0.0000000e+00
13.85	0.0000000e+00
13.88	0.0000000e+00
13.92	0.0000000e+00
13.95	0.0000000e+00
13.99	0.0000000e+00
14.02	0.0000000e+00
14.05	0.0000000e+00
14.09	0.0000000e+00
14.12	0.0000000e+00
14.16	0.0000000e+00
14.19	0.0000000e+00
14.22	0.0000000e+00
14.26	0.0000000e+00
14.29	0.0000000e+00
14.33	0.0000000e+00
14.36	0.0000000e+00
14.39	0.0000000e+00
14.43	0.0000000e+00
14.46	0.0000000e+00
14.50	0.0000000e+00
14.53	0.0000000e+00
14.57	0.0000000e+00
14.60	0.0000000e+00
14.63	0.0000000e+00
14.67	0.0000000e+00
14.70	0.0000000e+00
14.74	0.0000000e+00
14.77	0.0000000e+00
14.80	0.0000000e+00
14.84	0.0000000e+00
14.87	0.0000000e+00
14.91	0.0000000e+00
14.94	0.0000000e+00
14.97	0.0000000e+00
15.01	0.0000000e+00
15.04	0.0000000e+00
15.08	0.0000000e+00
15.11	0.0000000e+00
15.14	0.0000000e+00
15.18	0.0000000e+00
15.21	0.0000000e+00
15.25	0.0000000e+00
15.28	0.0000000e+00
15.31	0.0000000e+00
15.35	0.0000000e+00
15.38	0.0000000e+00
15.42	0.0000000e+00
15.45	0.0000000e+00
15.48	0.0000000e+00
15.52	3.5439482e-276
15.55	1.1230679e-255
15.59	1.0047119e-236
15.62	3.3211310e-219
15.66	5.2024775e-203
15.69	4.8610662e-188
15.72	3.3514215e-174
15.76	2.0754499e-161
15.79	1.3846721e-149
15.83	1.1774470e-138
15.86	1.4907188e-128
15.89	3.2442761e-119
15.93	1.3861400e-110
15.96	1.3146498e-102
16.00	3.1006216e-95
16.03	2.0198734e-88
16.06	4.0049508e-82
16.10	2.6439192e-76
16.13	6.3141789e-71
16.17	5.8901228e-66
16.20	2.3039767e-61
16.23	4.0351688e-57
16.27	3.3620977e-53
16.30	1.4095247e-49
16.34	3.1315623e-46
16.37	3.8680299e-43
16.40	2.7765385e-40
16.44	1.2066911e-37
16.47	3.2977586e-35
16.51	5.8692592e-33
16.54	7.0267422e-31
16.58	5.8308992e-29
16.61	3.4478804e-27
16.64	1.4904668e-25
16.68	4.8231037e-24
16.71	1.1941845e-22
16.75	2.3085930e-21
16.78	3.5504497e-20
16.81	4.4197392e-19
16.85	4.5252141e-18
16.88	3.8675876e-17
16.92	2.7973453e-16
16.95	1.7340309e-15
16.98	9.3209416e-15
17.02	4.3919876e-14
17.05	1.8323760e-13
17.09	6.8320118e-13
17.12	2.2960992e-12
17.15	7.0111681e-12
17.19	1.9594798e-11
17.22	5.0465863e-11
17.26	1.2053075e-10
17.29	2.6851933e-10
17.32	5.6101959e-10
17.36	1.1047894e-09
17.39	2.0601281e-09
17.43	3.6533246e-09
17.46	6.1857247e-09
17.49	1.0036984e-08
17.53	1.5660681e-08
17.56	2.3571579e-08
17.60	3.4325185e-08
17.63	4.8491594e-08
17.67	6.6626615e-08
17.70	8.9243635e-08
17.73	1.1678962e-07
17.77	1.4962794e-07
17.80	1.8802983e-07
17.84	2.3217489e-07
17.87	2.8216020e-07
17.90	3.3801644e-07
17.94	3.9972894e-07
17.97	4.6726130e-07
18.01	5.4057937e-07
18.04	6.1967376e-07
18.07	7.0457947e-07
18.11	7.9539185e-07
18.14	8.9227878e-07
18.18	9.9548913e-07
18.21	1.1053580e-06
18.24	1.2223094e-06
18.28	1.3468573e-06
18.31	1.4796054e-06
18.35	1.6212462e-06
18.38	1.7725608e-06
18.41	1.9344181e-06
18.45	2.1077757e-06
18.48	2.2936810e-06
18.52	2.4932737e-06
18.55	2.7077890e-06
18.59	2.9385628e-06
18.62	3.1870368e-06
18.65	3.4547657e-06
18.69	3.7434249e-06
18.72	4.0548200e-06
18.76	4.3908966e-06
18.79	4.7537517e-06
18.82	5.1456462e-06
18.86	5.5690186e-06
18.89	6.0264994e-06
18.93	6.5209280e-06
18.96	7.0553693e-06
18.99	7.6331335e-06
19.03	8.2577959e-06
19.06	8.9332196e-06
19.10	9.6635790e-06
19.13	1.0453386e-05
19.16	1.1307518e-05
19.20	1.2231249e-05
19.23	1.3230279e-05
19.27	1.4310774e-05
19.30	1.5479402e-05
19.33	1.6743373e-05
19.37	1.8110486e-05
19.40	1.9589177e-05
19.44	2.1188570e-05
19.47	2.2918536e-05
19.51	2.4789751e-05
19.54	2.6813766e-05
19.57	2.9003076e-05
19.61	3.1371200e-05
19.64	3.3932763e-05
19.68	3.6703589e-05
19.71	3.9700798e-05
19.74	4.2942915e-05
19.78	4.6449985e-05
19.81	5.0243696e-05
19.85	5.4347520e-05
19.88	5.8786856e-05
19.91	6.3589191e-05
19.95	6.8784273e-05
19.98	7.4404300e-05
20.02	8.0484121e-05
20.05	8.7061460e-05
20.08	9.4177151e-05
20.12	1.0187540e-04
20.15	1.1020408e-04
20.19	1.1921500e-04
20.22	1.2896428e-04
20.25	1.3951270e-04
20.29	1.5092607e-04
20.32	1.6327568e-04
20.36	1.7663877e-04
20.39	1.9109903e-04
20.42	2.0674710e-04
20.46	2.2368128e-04
20.49	2.4200806e-04
20.53	2.6184293e-04
20.56	2.8331110e-04
20.60	3.0654835e-04
20.63	3.3170202e-04
20.66	3.5893193e-04
20.70	3.8841156e-04
20.73	4.2032924e-04
20.77	4.5488950e-04
20.80	4.9231451e-04
20.83	5.3284568e-04
20.87	5.7674548e-04
20.90	6.2429935e-04
20.94	6.7581783e-04
20.97	7.3163898e-04
21.00	7.9213098e-04
21.04	8.5769502e-04
21.07	9.2876857e-04
21.11	1.0058289e-03
21.14	1.0893972e-03
21.17	1.1800428e-03
21.21	1.2783884e-03
21.24	1.3851156e-03
21.28	1.5009710e-03
21.31	1.6267734e-03
21.34	1.7634218e-03
21.38	1.9119042e-03
21.41	2.0733084e-03
21.45	2.2488328e-03
21.48	2.4398003e-03
21.52	2.6476737e-03
21.55	2.8740727e-03
21.58	3.1207946e-03
21.62	3.3898374e-03
21.65	3.6834275e-03
21.69	4.0040515e-03
21.72	4.3544937e-03
21.75	4.7378800e-03
21.79	5.1577311e-03
21.82	5.6180244e-03
21.86	6.1232696e-03
21.89	6.6785994e-03
21.92	7.2898799e-03
21.96	7.9638460e-03
21.99	8.7082693e-03
22.03	9.5321668e-03
22.06	1.0446065e-02
22.09	1.1462336e-02
22.13	1.2595635e-02
22.16	1.3863474e-02
22.20	1.5286989e-02
22.23	1.6892013e-02
22.26	1.8710615e-02
22.30	2.0783508e-02
22.33	2.3164231e-02
22.37	2.5927301e-02
22.40	2.9185380e-02
22.43	3.3125882e-02
22.47	3.8085841e-02
22.50	4.4693646e-02
22.54	5.4112448e-02
22.57	6.8413734e-02
22.61	9.1081823e-02
22.64	1.2759726e-01
22.67	1.8597849e-01
22.71	2.7709963e-01
22.74	4.1457810e-01
22.78	6.1406397e-01
22.81	8.9186803e-01
22.84	1.2630171e+00
22.88	1.7389814e+00
22.91	2.3254350e+00
22.95	3.0204449e+00
22.98	3.8134389e+00
23.01	4.6851688e+00
23.05	5.6087224e+00
23.08	6.5514573e+00
23.12	7.4775919e+00
23.15	8.3511009e+00
23.18	9.1385419e+00
23.22	9.8114825e+00
23.25	1.0348285e+01
23.29	1.0735118e+01
23.32	1.0966186e+01
23.35	1.1043255e+01
23.39	1.0974643e+01
23.42	1.0773853e+01
23.46	1.0458059e+01
23.49	1.0046589e+01
23.53	9.5595674e+00
23.56	9.0167660e+00
23.59	8.4367281e+00
23.63	7.8361566e+00
23.66	7.2295484e+00
23.70	6.6290381e+00
23.73	6.0444037e+00
23.76	5.4831935e+00
23.80	4.9509301e+00
23.83	4.4513602e+00
23.87	3.9867210e+00
23.90	3.5580056e+00
23.93	3.1652119e+00
23.97	2.8075686e+00
24.00	2.4837320e+00
24.04	2.1919547e+00
24.07	1.9302246e+00
24.10	1.6963775e+00
24.14	1.4881867e+00
24.17	1.3034306e+00
24.21	1.1399441e+00
24.24	9.9565465e-01
24.27	8.6860640e-01
24.31	7.5697567e-01
24.34	6.5907845e-01
24.38	5.7337264e-01
24.41	4.9845604e-01
24.44	4.3306147e-01
24.48	3.7604984e-01
24.51	3.2640201e-01
24.55	2.8320982e-01
24.58	2.4566701e-01
24.62	2.1306003e-01
24.65	1.8475923e-01
24.68	1.6021040e-01
24.72	1.3892685e-01
24.75	1.2048203e-01
24.79	1.0450286e-01
24.82	9.0663491e-02
24.85	7.8679794e-02
24.89	6.8304337e-02
24.92	5.9321899e-02
24.96	5.1545485e-02
24.99	4.4812781e-02
25.02	3.8983012e-02
25.06	3.3934181e-02
25.09	2.9560637e-02
25.13	2.5770937e-02
25.16	2.2485978e-02
25.19	1.9637361e-02
25.23	1.7165969e-02
25.26	1.5020720e-02
25.30	1.3157487e-02
25.33	1.1538161e-02
25.36	1.0129834e-02
25.40	8.9040907e-03
25.43	7.8363990e-03
25.47	6.9055768e-03
25.50	6.0933350e-03
25.54	5.3838800e-03
25.57	4.7635716e-03
25.60	4.2206270e-03
25.64	3.7448654e-03
25.67	3.3274875e-03
25.71	2.9608857e-03
25.74	2.6384798e-03
25.77	2.3545763e-03
25.81	2.1042460e-03
25.84	1.8832196e-03
25.88	1.6877969e-03
25.91	1.5147689e-03
25.94	1.3613511e-03
25.98	1.2251252e-03
26.01	1.1039892e-03
26.05	9.9611498e-04
26.08	8.9991082e-04
26.11	8.1398971e-04
26.15	7.3714177e-04
26.18	6.6831058e-04
26.22	6.0657272e-04
26.25	5.5112009e-04
26.28	5.0124471e-04
26.32	4.5632554e-04
26.35	4.1581715e-04
26.39	3.7923987e-04
26.42	3.4617131e-04
26.45	3.1623902e-04
26.49	2.8911414e-04
26.52	2.6450586e-04
26.56	2.4215667e-04
26.59	2.2183822e-04
26.63	2.0334770e-04
26.66	1.8650476e-04
26.69	1.7114873e-04
26.73	1.5713631e-04
26.76	1.4433949e-04
26.80	1.3264375e-04
26.83	1.2194649e-04
26.86	1.1215567e-04
26.90	1.0318858e-04
26.93	9.4970823e-05
26.97	8.7435387e-05
27.00	8.0521813e-05
