# NeutrinoAntineutrinoInteraction/NeutrinoAntineutrinoResonanceStrange interaction rates
# neutrino field: massive Cosmic Neutrino Background, T_CnuB = 1.94535456 K
# Produced with crpropa-data version: 60a1560e37035039ec25f414e0c42a2444bad49c
# log10(E/eV), 1/lambda [1/Mpc]
14.97	0.0000000e+00
15.01	0.0000000e+00
15.04	0.0000000e+00
15.08	0.0000000e+00
15.11	0.0000000e+00
15.14	0.0000000e+00
15.18	0.0000000e+00
15.21	0.0000000e+00
15.25	0.0000000e+00
15.28	0.0000000e+00
15.31	0.0000000e+00
15.35	0.0000000e+00
15.38	0.0000000e+00
15.42	0.0000000e+00
15.45	0.0000000e+00
15.48	0.0000000e+00
15.52	0.0000000e+00
15.55	0.0000000e+00
15.59	0.0000000e+00
15.62	0.0000000e+00
15.66	0.0000000e+00
15.69	0.0000000e+00
15.72	0.0000000e+00
15.76	0.0000000e+00
15.79	0.0000000e+00
15.83	0.0000000e+00
15.86	0.0000000e+00
15.89	0.0000000e+00
15.93	0.0000000e+00
15.96	0.0000000e+00
16.00	0.0000000e+00
16.03	0.0000000e+00
16.06	0.0000000e+00
16.10	0.0000000e+00
16.13	0.0000000e+00
16.17	0.0000000e+00
16.20	0.0000000e+00
16.23	0.0000000e+00
16.27	0.0000000e+00
16.30	0.0000000e+00
16.34	0.0000000e+00
16.37	0.0000000e+00
16.40	0.0000000e+00
16.44	0.0000000e+00
16.47	0.0000000e+00
16.51	0.0000000e+00
16.54	0.0000000e+00
16.58	0.0000000e+00
16.61	0.0000000e+00
16.64	0.0000000e+00
16.68	0.0000000e+00
16.71	0.0000000e+00
16.75	0.0000000e+00
16.78	0.0000000e+00
16.81	0.0000000e+00
16.85	0.0000000e+00
16.88	0.0000000e+00
16.92	7.7951263e-282
16.95	5.0433925e-259
16.98	5.6605041e-238
17.02	2.5873525e-218
17.05	6.3621342e-200
17.09	1.0916763e-182
17.12	1.6677246e-166
17.15	2.8504813e-151
17.19	6.7562785e-137
17.22	2.7180656e-123
17.26	2.2456688e-110
17.29	4.5617086e-98
17.32	2.7004423e-86
17.36	5.4681402e-75
17.39	4.3988201e-64
17.43	1.6110423e-53
17.46	3.0112824e-43
17.49	3.0577373e-33
17.53	1.4662272e-23
17.56	3.0148703e-16
17.60	1.3311887e-15
17.63	2.2990242e-15
17.67	3.2211095e-15
17.70	4.1118204e-15
17.73	4.9840349e-15
17.77	5.8495097e-15
17.80	6.7189573e-15
17.84	7.6024272e-15
17.87	8.5092778e-15
17.90	9.4485762e-15
17.94	1.0428988e-14
17.97	1.1459000e-14
18.01	1.2547004e-14
18.04	1.3701575e-14
18.07	1.4931320e-14
18.11	1.6245203e-14
18.14	1.7652436e-14
18.18	1.9162757e-14
18.21	2.0786509e-14
18.24	2.2534356e-14
18.28	2.4417328e-14
18.31	2.6447500e-14
18.35	2.8637840e-14
18.38	3.1002141e-14
18.41	3.3555365e-14
18.45	3.6313417e-14
18.48	3.9293700e-14
18.52	4.2514782e-14
18.55	4.5996669e-14
18.59	4.9760590e-14
18.62	5.3830139e-14
18.65	5.8230174e-14
18.69	6.2988325e-14
18.72	6.8133649e-14
18.76	7.3698605e-14
18.79	7.9717473e-14
18.82	8.6229080e-14
18.86	9.3271072e-14
18.89	1.0088739e-13
18.93	1.0912411e-13
18.96	1.1803289e-13
18.99	1.2766769e-13
19.03	1.3808897e-13
19.06	1.4936008e-13
19.10	1.6155225e-13
19.13	1.7473971e-13
19.16	1.8900354e-13
19.20	2.0443063e-13
19.23	2.2111714e-13
19.27	2.3916527e-13
19.30	2.5868741e-13
19.33	2.7980394e-13
19.37	3.0264698e-13
19.40	3.2736154e-13
19.44	3.5409681e-13
19.47	3.8301429e-13
19.51	4.1429199e-13
19.54	4.4812357e-13
19.57	4.8471690e-13
19.61	5.2429952e-13
19.64	5.6711467e-13
19.68	6.1343029e-13
19.71	6.6353302e-13
19.74	7.1773186e-13
19.78	7.7635763e-13
19.81	8.3977811e-13
19.85	9.0838151e-13
19.88	9.8260028e-13
19.91	1.0628900e-12
19.95	1.1497605e-12
19.98	1.2437530e-12
20.02	1.3454726e-12
20.05	1.4555133e-12
20.08	1.5745712e-12
20.12	1.7033750e-12
20.15	1.8427425e-12
20.19	1.9935296e-12
20.22	2.1566966e-12
20.25	2.3332519e-12
20.29	2.5243331e-12
20.32	2.7311170e-12
20.36	2.9549065e-12
20.39	3.1970965e-12
20.42	3.4592326e-12
20.46	3.7429635e-12
20.49	4.0501056e-12
20.53	4.3826132e-12
20.56	4.7426374e-12
20.60	5.1325474e-12
20.63	5.5547583e-12
20.66	6.0119544e-12
20.70	6.5070784e-12
20.73	7.0433478e-12
20.77	7.6242349e-12
20.80	8.2535606e-12
20.83	8.9354366e-12
20.87	9.6744209e-12
20.90	1.0475414e-11
20.94	1.1343744e-11
20.97	1.2285184e-11
21.00	1.3306185e-11
21.04	1.4413636e-11
21.07	1.5615272e-11
21.11	1.6919355e-11
21.14	1.8335212e-11
21.17	1.9872946e-11
21.21	2.1543700e-11
21.24	2.3359058e-11
21.28	2.5332503e-11
21.31	2.7478483e-11
21.34	2.9813400e-11
21.38	3.2354900e-11
21.41	3.5123050e-11
21.45	3.8139588e-11
21.48	4.1429407e-11
21.52	4.5019134e-11
21.55	4.8939149e-11
21.58	5.3223034e-11
21.62	5.7908971e-11
21.65	6.3039403e-11
21.69	6.8662611e-11
21.72	7.4832890e-11
21.75	8.1612334e-11
21.79	8.9071976e-11
21.82	9.7289823e-11
21.86	1.0635709e-10
21.89	1.1637881e-10
21.92	1.2747667e-10
21.96	1.3979140e-10
21.99	1.5348802e-10
22.03	1.6875908e-10
22.06	1.8583344e-10
22.09	2.0498069e-10
22.13	2.2652334e-10
22.16	2.5084852e-10
22.20	2.7842871e-10
22.23	3.0983834e-10
22.26	3.4579095e-10
22.30	3.8717164e-10
22.33	4.3510322e-10
22.37	4.9101664e-10
22.40	5.5676012e-10
22.43	6.3475286e-10
22.47	7.2824883e-10
22.50	8.4167566e-10
22.54	9.8122995e-10
22.57	1.1557800e-09
22.61	1.3784694e-09
22.64	1.6694749e-09
22.67	2.0613048e-09
22.71	2.6093396e-09
22.74	3.4154516e-09
22.78	4.6868866e-09
22.81	6.9114006e-09
22.84	1.1532108e-08
22.88	2.5087765e-08
22.91	1.2525677e-07
22.95	2.6838400e-07
22.98	2.5036533e-07
23.01	2.2078794e-07
23.05	1.9204527e-07
23.08	1.6611877e-07
23.12	1.4328716e-07
23.15	1.2339127e-07
23.18	1.0614916e-07
23.22	9.1254520e-08
23.25	7.8414500e-08
23.29	6.7360077e-08
23.32	5.7851944e-08
23.35	4.9679054e-08
23.39	4.2657693e-08
23.42	3.6627574e-08
23.46	3.1450440e-08
23.49	2.7006334e-08
23.53	2.3192276e-08
23.56	1.9919299e-08
23.59	1.7110559e-08
23.63	1.4700024e-08
23.66	1.2631364e-08
23.70	1.0855951e-08
23.73	9.3322367e-09
23.76	8.0243781e-09
23.80	6.9017635e-09
23.83	5.9380090e-09
23.87	5.1105869e-09
23.90	4.4000192e-09
23.93	3.7897233e-09
23.97	3.2654327e-09
24.00	2.8149477e-09
24.04	2.4277807e-09
24.07	2.0949559e-09
24.10	1.8087660e-09
24.14	1.5626173e-09
24.17	1.3508298e-09
24.21	1.1685170e-09
24.24	1.0115184e-09
24.27	8.7626306e-10
24.31	7.5969060e-10
24.34	6.5917145e-10
24.38	5.7245374e-10
24.41	4.9760081e-10
24.44	4.3295600e-10
24.48	3.7708876e-10
24.51	3.2877676e-10
24.55	2.8696785e-10
24.58	2.5076218e-10
24.62	2.1938317e-10
24.65	1.9216694e-10
24.68	1.6853998e-10
24.72	1.4801227e-10
24.75	1.3016058e-10
24.79	1.1461863e-10
24.82	1.0107236e-10
24.85	8.9253626e-11
24.89	7.8929879e-11
24.92	6.9902198e-11
24.96	6.1997851e-11
24.99	5.5068983e-11
25.02	4.8987160e-11
25.06	4.3642184e-11
25.09	3.8937761e-11
25.13	3.4791645e-11
25.16	3.1132288e-11
25.19	2.7898076e-11
25.23	2.5035407e-11
25.26	2.2497987e-11
25.30	2.0245562e-11
25.33	1.8243382e-11
25.36	1.6460778e-11
25.40	1.4871105e-11
25.43	1.3451414e-11
25.47	1.2181664e-11
25.50	1.1044407e-11
25.54	1.0024342e-11
25.57	9.1081502e-12
25.60	8.2840995e-12
25.64	7.5419923e-12
25.67	6.8727137e-12
25.71	6.2683726e-12
25.74	5.7219593e-12
25.77	5.2273674e-12
25.81	4.7791329e-12
25.84	4.3724965e-12
25.88	4.0031788e-12
25.91	3.6674604e-12
25.94	3.3619778e-12
25.98	3.0836906e-12
26.01	2.8299249e-12
26.05	2.5983470e-12
26.08	2.3868254e-12
26.11	2.1934961e-12
26.15	2.0166497e-12
26.18	1.8547882e-12
26.22	1.7065390e-12
26.25	1.5706814e-12
26.28	1.4460878e-12
26.32	1.3317710e-12
26.35	1.2268246e-12
26.39	1.1304403e-12
26.42	1.0418776e-12
26.45	9.6047167e-13
26.49	8.8561634e-13
26.52	8.1676963e-13
26.56	7.5341192e-13
26.59	6.9508077e-13
26.63	6.4136245e-13
26.66	5.9187778e-13
26.69	5.4628301e-13
26.73	5.0426103e-13
26.76	4.6552547e-13
26.80	4.2981089e-13
26.83	3.9687863e-13
26.86	3.6650136e-13
26.90	3.3847818e-13
26.93	3.1262091e-13
26.97	2.8876094e-13
27.00	2.6673940e-13
