# NeutrinoAntineutrinoInteraction/NeutrinoAntineutrinoResonanceStrange interaction rates
# neutrino field: massive Cosmic Neutrino Background, T_CnuB = 1.94535456 K
# Produced with crpropa-data version: 60a1560e37035039ec25f414e0c42a2444bad49c
# log10(E/eV), 1/lambda [1/Mpc]
13.37	0.0000000e+00
13.41	0.0000000e+00
13.44	0.0000000e+00
13.47	0.0000000e+00
13.51	0.0000000e+00
13.54	0.0000000e+00
13.58	0.0000000e+00
13.61	0.0000000e+00
13.65	0.0000000e+00
13.68	0.0000000e+00
13.71	0.0000000e+00
13.75	0.0000000e+00
13.78	0.0000000e+00
13.82	0.0000000e+00
13.85	0.0000000e+00
13.88	0.0000000e+00
13.92	0.0000000e+00
13.95	0.0000000e+00
13.99	0.0000000e+00
14.02	0.0000000e+00
14.05	0.0000000e+00
14.09	0.0000000e+00
14.12	0.0000000e+00
14.16	0.0000000e+00
14.19	0.0000000e+00
14.22	0.0000000e+00
14.26	0.0000000e+00
14.29	0.0000000e+00
14.33	0.0000000e+00
14.36	0.0000000e+00
14.39	0.0000000e+00
14.43	0.0000000e+00
14.46	0.0000000e+00
14.50	0.0000000e+00
14.53	0.0000000e+00
14.57	0.0000000e+00
14.60	0.0000000e+00
14.63	0.0000000e+00
14.67	0.0000000e+00
14.70	0.0000000e+00
14.74	0.0000000e+00
14.77	0.0000000e+00
14.80	0.0000000e+00
14.84	0.0000000e+00
14.87	0.0000000e+00
14.91	0.0000000e+00
14.94	0.0000000e+00
14.97	0.0000000e+00
15.01	0.0000000e+00
15.04	0.0000000e+00
15.08	0.0000000e+00
15.11	0.0000000e+00
15.14	0.0000000e+00
15.18	0.0000000e+00
15.21	0.0000000e+00
15.25	0.0000000e+00
15.28	0.0000000e+00
15.31	3.6576058e-279
15.35	2.4643749e-258
15.38	4.3054328e-239
15.42	2.6424612e-221
15.45	7.3351274e-205
15.48	1.1632179e-189
15.52	1.3078633e-175
15.55	1.2730007e-162
15.59	1.2901340e-150
15.62	1.6147565e-139
15.66	2.9226650e-129
15.69	8.8514452e-120
15.72	5.1332867e-111
15.76	6.4578283e-103
15.79	1.9777180e-95
15.83	1.6403199e-88
15.86	4.0661718e-82
15.89	3.2999946e-76
15.93	9.5390009e-71
15.96	1.0616618e-65
16.00	4.8892545e-61
16.03	9.9584623e-57
16.06	9.5405584e-53
16.10	4.5510235e-49
16.13	1.1393456e-45
16.17	1.5716163e-42
16.20	1.2494589e-39
16.23	5.9682661e-37
16.27	1.7800379e-34
16.30	3.4348673e-32
16.34	4.4317043e-30
16.37	3.9410848e-28
16.40	2.4845856e-26
16.44	1.1396576e-24
16.47	3.8959704e-23
16.51	1.0149161e-21
16.54	2.0565702e-20
16.58	3.3037684e-19
16.61	4.2821417e-18
16.64	4.5515206e-17
16.68	4.0273930e-16
16.71	3.0081606e-15
16.75	1.9211961e-14
16.78	1.0616983e-13
16.81	5.1329518e-13
16.85	2.1932585e-12
16.88	8.3610007e-12
16.92	2.8685079e-11
16.95	8.9286201e-11
16.98	2.5402901e-10
17.02	6.6519964e-10
17.05	1.6134912e-09
17.09	3.6466776e-09
17.12	7.7218991e-09
17.15	1.5397513e-08
17.19	2.9048081e-08
17.22	5.2073233e-08
17.26	8.9061877e-08
17.29	1.4587127e-07
17.32	2.2958777e-07
17.36	3.4835186e-07
17.39	5.1105161e-07
17.43	7.2691047e-07
17.46	1.0050140e-06
17.49	1.3538307e-06
17.53	1.7807833e-06
17.56	2.2919206e-06
17.60	2.8917235e-06
17.63	3.5830643e-06
17.67	4.3673135e-06
17.70	5.2445782e-06
17.73	6.2140385e-06
17.77	7.2743440e-06
17.80	8.4240328e-06
17.84	9.6619360e-06
17.87	1.0987542e-05
17.90	1.2401301e-05
17.94	1.3904866e-05
17.97	1.5501259e-05
18.01	1.7194983e-05
18.04	1.8992078e-05
18.07	2.0900140e-05
18.11	2.2928314e-05
18.14	2.5087266e-05
18.18	2.7389164e-05
18.21	2.9847647e-05
18.24	3.2477819e-05
18.28	3.5296251e-05
18.31	3.8321019e-05
18.35	4.1571798e-05
18.38	4.5069946e-05
18.41	4.8838257e-05
18.45	5.2901006e-05
18.48	5.7284130e-05
18.52	6.2015406e-05
18.55	6.7124642e-05
18.59	7.2643879e-05
18.62	7.8607601e-05
18.65	8.5052960e-05
18.69	9.2020017e-05
18.72	9.9551995e-05
18.76	1.0769556e-04
18.79	1.1650110e-04
18.82	1.2602307e-04
18.86	1.3632029e-04
18.89	1.4745636e-04
18.93	1.5950003e-04
18.96	1.7252561e-04
18.99	1.8661349e-04
19.03	2.0185057e-04
19.06	2.1833084e-04
19.10	2.3615598e-04
19.13	2.5543593e-04
19.16	2.7628963e-04
19.20	2.9884573e-04
19.23	3.2324339e-04
19.27	3.4963316e-04
19.30	3.7817790e-04
19.33	4.0905380e-04
19.37	4.4245144e-04
19.40	4.7857706e-04
19.44	5.1765375e-04
19.47	5.5992291e-04
19.51	6.0564571e-04
19.54	6.5510475e-04
19.57	7.0860580e-04
19.61	7.6647977e-04
19.64	8.2908470e-04
19.68	8.9680808e-04
19.71	9.7006924e-04
19.74	1.0493220e-03
19.78	1.1350577e-03
19.81	1.2278078e-03
19.85	1.3281480e-03
19.88	1.4367012e-03
19.91	1.5541419e-03
19.95	1.6812002e-03
19.98	1.8186670e-03
20.02	1.9673982e-03
20.05	2.1283212e-03
20.08	2.3024401e-03
20.12	2.4908426e-03
20.15	2.6947073e-03
20.19	2.9153108e-03
20.22	3.1540365e-03
20.25	3.4123840e-03
20.29	3.6919783e-03
20.32	3.9945816e-03
20.36	4.3221044e-03
20.39	4.6766190e-03
20.42	5.0603732e-03
20.46	5.4758063e-03
20.49	5.9255656e-03
20.53	6.4125251e-03
20.56	6.9398063e-03
20.60	7.5107997e-03
20.63	8.1291901e-03
20.66	8.7989835e-03
20.70	9.5245363e-03
20.73	1.0310589e-02
20.77	1.1162302e-02
20.80	1.2085296e-02
20.83	1.3085695e-02
20.87	1.4170178e-02
20.90	1.5346033e-02
20.94	1.6621216e-02
20.97	1.8004423e-02
21.00	1.9505161e-02
21.04	2.1133840e-02
21.07	2.2901862e-02
21.11	2.4821735e-02
21.14	2.6907191e-02
21.17	2.9173324e-02
21.21	3.1636750e-02
21.24	3.4315782e-02
21.28	3.7230637e-02
21.31	4.0403664e-02
21.34	4.3859620e-02
21.38	4.7625975e-02
21.41	5.1733271e-02
21.45	5.6215544e-02
21.48	6.1110808e-02
21.52	6.6461630e-02
21.55	7.2315809e-02
21.58	7.8727175e-02
21.62	8.5756545e-02
21.65	9.3472876e-02
21.69	1.0195464e-01
21.72	1.1129153e-01
21.75	1.2158649e-01
21.79	1.3295829e-01
21.82	1.4554471e-01
21.86	1.5950652e-01
21.89	1.7503257e-01
21.92	1.9234643e-01
21.96	2.1171498e-01
21.99	2.3345999e-01
22.03	2.5797400e-01
22.06	2.8574307e-01
22.09	3.1738161e-01
22.13	3.5369135e-01
22.16	3.9577384e-01
22.20	4.4526444e-01
22.23	5.0483255e-01
22.26	5.7921690e-01
22.30	6.7722242e-01
22.33	8.1522737e-01
22.37	1.0227087e+00
22.40	1.3499365e+00
22.43	1.8772309e+00
22.47	2.7241084e+00
22.50	4.0555838e+00
22.54	6.0823196e+00
22.57	9.0516512e+00
22.61	1.3227945e+01
22.64	1.8863037e+01
22.67	2.6160047e+01
22.71	3.5235977e+01
22.74	4.6089461e+01
22.78	5.8579656e+01
22.81	7.2420559e+01
22.84	8.7192478e+01
22.88	1.0236958e+02
22.91	1.1735993e+02
22.95	1.3155274e+02
22.98	1.4436676e+02
23.01	1.5529410e+02
23.05	1.6393471e+02
23.08	1.7001878e+02
23.12	1.7341570e+02
23.15	1.7413052e+02
23.18	1.7228990e+02
23.22	1.6812050e+02
23.25	1.6192324e+02
23.29	1.5404635e+02
23.32	1.4485996e+02
23.35	1.3473392e+02
23.39	1.2401997e+02
23.42	1.1303871e+02
23.46	1.0207111e+02
23.49	9.1354131e+01
23.53	8.1079751e+01
23.56	7.1396701e+01
23.59	6.2414231e+01
23.63	5.4207635e+01
23.66	4.6826077e+01
23.70	4.0306133e+01
23.73	3.4652425e+01
23.76	2.9782086e+01
23.80	2.5593400e+01
23.83	2.1993644e+01
23.87	1.8901309e+01
23.90	1.6245526e+01
23.93	1.3964993e+01
23.97	1.2006831e+01
24.00	1.0325501e+01
24.04	8.8818305e+00
24.07	7.6421538e+00
24.10	6.5775499e+00
24.14	5.6631864e+00
24.17	4.8777476e+00
24.21	4.2029411e+00
24.24	3.6230715e+00
24.27	3.1246737e+00
24.31	2.6961971e+00
24.34	2.3277337e+00
24.38	2.0107852e+00
24.41	1.7380621e+00
24.44	1.5033123e+00
24.48	1.3011726e+00
24.51	1.1270428e+00
24.55	9.7697648e-01
24.58	8.4758790e-01
24.62	7.3597218e-01
24.65	6.3963668e-01
24.68	5.5644220e-01
24.72	4.8455265e-01
24.75	4.2239184e-01
24.79	3.6860643e-01
24.82	3.2203423e-01
24.85	2.8167699e-01
24.89	2.4667706e-01
24.92	2.1629741e-01
24.96	1.8990450e-01
24.99	1.6695359e-01
25.02	1.4697613e-01
25.06	1.2956899e-01
25.09	1.1438517e-01
25.13	1.0112590e-01
25.16	8.9533805e-02
25.19	7.9387070e-02
25.23	7.0494450e-02
25.26	6.2690958e-02
25.30	5.5834190e-02
25.33	4.9801157e-02
25.36	4.4485576e-02
25.40	3.9795536e-02
25.43	3.5651503e-02
25.47	3.1984602e-02
25.50	2.8735140e-02
25.54	2.5851342e-02
25.57	2.3288257e-02
25.60	2.1006831e-02
25.64	1.8973093e-02
25.67	1.7157471e-02
25.71	1.5534188e-02
25.74	1.4080757e-02
25.77	1.2777538e-02
25.81	1.1607353e-02
25.84	1.0555164e-02
25.88	9.6077868e-03
25.91	8.7536508e-03
25.94	7.9825845e-03
25.98	7.2856363e-03
26.01	6.6549167e-03
26.05	6.0834624e-03
26.08	5.5651190e-03
26.11	5.0944389e-03
26.15	4.6665929e-03
26.18	4.2772941e-03
26.22	3.9227310e-03
26.25	3.5995097e-03
26.28	3.3046039e-03
26.32	3.0353111e-03
26.35	2.7892140e-03
26.39	2.5641478e-03
26.42	2.3581707e-03
26.45	2.1695385e-03
26.49	1.9966826e-03
26.52	1.8381900e-03
26.56	1.6927866e-03
26.59	1.5593218e-03
26.63	1.4367552e-03
26.66	1.3241451e-03
26.69	1.2206382e-03
26.73	1.1254602e-03
26.76	1.0379077e-03
26.80	9.5734127e-04
26.83	8.8317909e-04
26.86	8.1489097e-04
26.90	7.5199356e-04
26.93	6.9404575e-04
26.97	6.4064468e-04
27.00	5.9142211e-04
