# NeutrinoAntineutrinoInteraction/NeutrinoAntineutrinoResonanceStrange interaction rates
# neutrino field: massive Cosmic Neutrino Background, T_CnuB = 1.94535456 K
# Produced with crpropa-data version: 60a1560e37035039ec25f414e0c42a2444bad49c
# log10(E/eV), 1/lambda [1/Mpc]
14.97	0.0000000e+00
15.01	0.0000000e+00
15.04	0.0000000e+00
15.08	0.0000000e+00
15.11	0.0000000e+00
15.14	0.0000000e+00
15.18	0.0000000e+00
15.21	0.0000000e+00
15.25	0.0000000e+00
15.28	0.0000000e+00
15.31	0.0000000e+00
15.35	0.0000000e+00
15.38	0.0000000e+00
15.42	0.0000000e+00
15.45	0.0000000e+00
15.48	0.0000000e+00
15.52	0.0000000e+00
15.55	0.0000000e+00
15.59	0.0000000e+00
15.62	0.0000000e+00
15.66	0.0000000e+00
15.69	0.0000000e+00
15.72	0.0000000e+00
15.76	0.0000000e+00
15.79	0.0000000e+00
15.83	0.0000000e+00
15.86	0.0000000e+00
15.89	0.0000000e+00
15.93	0.0000000e+00
15.96	0.0000000e+00
16.00	0.0000000e+00
16.03	0.0000000e+00
16.06	0.0000000e+00
16.10	0.0000000e+00
16.13	0.0000000e+00
16.17	0.0000000e+00
16.20	0.0000000e+00
16.23	0.0000000e+00
16.27	0.0000000e+00
16.30	0.0000000e+00
16.34	0.0000000e+00
16.37	0.0000000e+00
16.40	0.0000000e+00
16.44	0.0000000e+00
16.47	0.0000000e+00
16.51	0.0000000e+00
16.54	0.0000000e+00
16.58	0.0000000e+00
16.61	0.0000000e+00
16.64	0.0000000e+00
16.68	0.0000000e+00
16.71	0.0000000e+00
16.75	0.0000000e+00
16.78	0.0000000e+00
16.81	0.0000000e+00
16.85	0.0000000e+00
16.88	0.0000000e+00
16.92	0.0000000e+00
16.95	1.9547302e-274
16.98	1.2370730e-254
17.02	2.5301072e-236
17.05	2.1689537e-219
17.09	9.9123926e-204
17.12	3.0166977e-189
17.15	7.5105552e-176
17.19	1.8503950e-163
17.22	5.3800465e-152
17.26	2.1726809e-141
17.29	1.4170018e-131
17.32	1.7159519e-122
17.36	4.3902310e-114
17.39	2.6744865e-106
17.43	4.3335310e-99
17.46	2.0692767e-92
17.49	3.2019803e-86
17.53	1.7533323e-80
17.56	3.6862449e-75
17.60	3.2094453e-70
17.63	1.2412949e-65
17.67	2.2761380e-61
17.70	2.1021154e-57
17.73	1.0342786e-53
17.77	2.8563244e-50
17.80	4.6477433e-47
17.84	4.6617295e-44
17.87	3.0058470e-41
17.90	1.2956299e-38
17.94	3.8715549e-36
17.97	8.2957848e-34
18.01	1.3152127e-31
18.04	1.5879143e-29
18.07	1.4988315e-27
18.11	1.1321375e-25
18.14	6.9786272e-24
18.18	3.5603190e-22
18.21	1.5102599e-20
18.24	5.2452605e-19
18.28	1.3901132e-17
18.31	2.0296527e-16
18.35	6.5886875e-16
18.38	1.0933910e-15
18.41	1.5080859e-15
18.45	1.9093631e-15
18.48	2.3029898e-15
18.52	2.6942074e-15
18.55	3.0878335e-15
18.59	3.4883503e-15
18.62	3.8999838e-15
18.65	4.3267728e-15
18.69	4.7726313e-15
18.72	5.2414037e-15
18.76	5.7369162e-15
18.79	6.2630233e-15
18.82	6.8236519e-15
18.86	7.4228407e-15
18.89	8.0647798e-15
18.93	8.7538507e-15
18.96	9.4946629e-15
18.99	1.0292092e-14
19.03	1.1151315e-14
19.06	1.2077854e-14
19.10	1.3077608e-14
19.13	1.4156904e-14
19.16	1.5322529e-14
19.20	1.6581785e-14
19.23	1.7942530e-14
19.27	1.9413235e-14
19.30	2.1003034e-14
19.33	2.2721785e-14
19.37	2.4580129e-14
19.40	2.6589565e-14
19.44	2.8762511e-14
19.47	3.1112384e-14
19.51	3.3653685e-14
19.54	3.6402100e-14
19.57	3.9374578e-14
19.61	4.2589455e-14
19.64	4.6066552e-14
19.68	4.9827312e-14
19.71	5.3894921e-14
19.74	5.8294459e-14
19.78	6.3053043e-14
19.81	6.8200014e-14
19.85	7.3767102e-14
19.88	7.9788637e-14
19.91	8.6301748e-14
19.95	9.3346606e-14
19.98	1.0096666e-13
20.02	1.0920894e-13
20.05	1.1812426e-13
20.08	1.2776764e-13
20.12	1.3819857e-13
20.15	1.4948144e-13
20.19	1.6168591e-13
20.22	1.7488732e-13
20.25	1.8916723e-13
20.29	2.0461384e-13
20.32	2.2132263e-13
20.36	2.3939685e-13
20.39	2.5894828e-13
20.42	2.8009782e-13
20.46	3.0297637e-13
20.49	3.2772555e-13
20.53	3.5449865e-13
20.56	3.8346155e-13
20.60	4.1479386e-13
20.63	4.4868994e-13
20.66	4.8536011e-13
20.70	5.2503205e-13
20.73	5.6795237e-13
20.77	6.1438798e-13
20.80	6.6462800e-13
20.83	7.1898538e-13
20.87	7.7779920e-13
20.90	8.4143663e-13
20.94	9.1029544e-13
20.97	9.8480642e-13
21.00	1.0654365e-12
21.04	1.1526917e-12
21.07	1.2471203e-12
21.11	1.3493168e-12
21.14	1.4599257e-12
21.17	1.5796461e-12
21.21	1.7092363e-12
21.24	1.8495184e-12
21.28	2.0013849e-12
21.31	2.1658044e-12
21.34	2.3438288e-12
21.38	2.5366005e-12
21.41	2.7453606e-12
21.45	2.9714582e-12
21.48	3.2163600e-12
21.52	3.4816615e-12
21.55	3.7690984e-12
21.58	4.0805610e-12
21.62	4.4181079e-12
21.65	4.7839835e-12
21.69	5.1806348e-12
21.72	5.6107331e-12
21.75	6.0771946e-12
21.79	6.5832081e-12
21.82	7.1322592e-12
21.86	7.7281637e-12
21.89	8.3751029e-12
21.92	9.0776641e-12
21.96	9.8408831e-12
21.99	1.0670297e-11
22.03	1.1571999e-11
22.06	1.2552707e-11
22.09	1.3619833e-11
22.13	1.4781571e-11
22.16	1.6046992e-11
22.20	1.7426160e-11
22.23	1.8930254e-11
22.26	2.0571727e-11
22.30	2.2364470e-11
22.33	2.4324021e-11
22.37	2.6467799e-11
22.40	2.8815388e-11
22.43	3.1388850e-11
22.47	3.4213131e-11
22.50	3.7316527e-11
22.54	4.0731231e-11
22.57	4.4494016e-11
22.61	4.8647033e-11
22.64	5.3238809e-11
22.67	5.8325451e-11
22.71	6.3972141e-11
22.74	7.0254968e-11
22.78	7.7263265e-11
22.81	8.5102498e-11
22.84	9.3897983e-11
22.88	1.0379960e-10
22.91	1.1498796e-10
22.95	1.2768239e-10
22.98	1.4215159e-10
23.01	1.5872776e-10
23.05	1.7782601e-10
23.08	1.9997087e-10
23.12	2.2583372e-10
23.15	2.5628596e-10
23.18	2.9247681e-10
23.22	3.3594927e-10
23.25	3.8881824e-10
23.29	4.5405201e-10
23.32	5.3593422e-10
23.35	6.4085455e-10
23.39	7.7873321e-10
23.42	9.6575395e-10
23.46	1.2300430e-09
23.49	1.6247805e-09
23.53	2.2633980e-09
23.56	3.4403547e-09
23.59	6.2541871e-09
23.63	1.7239448e-08
23.66	6.8863804e-08
23.70	1.1904865e-07
23.73	1.1121503e-07
23.76	9.7997562e-08
23.80	8.5201827e-08
23.83	7.3680759e-08
23.87	6.3544224e-08
23.90	5.4715736e-08
23.93	4.7067138e-08
23.97	4.0461275e-08
24.00	3.4767174e-08
24.04	2.9865430e-08
24.07	2.5649631e-08
24.10	2.2026160e-08
24.14	1.8913275e-08
24.17	1.6239972e-08
24.21	1.3944764e-08
24.24	1.1974547e-08
24.27	1.0283526e-08
24.31	8.8322662e-09
24.34	7.5868353e-09
24.38	6.5180624e-09
24.41	5.6008810e-09
24.44	4.8137640e-09
24.48	4.1382288e-09
24.51	3.5584121e-09
24.55	3.0607019e-09
24.58	2.6334209e-09
24.62	2.2665520e-09
24.65	1.9515041e-09
24.68	1.6809091e-09
24.72	1.4484487e-09
24.75	1.2487049e-09
24.79	1.0770319e-09
24.82	9.2944566e-10
24.85	8.0253030e-10
24.89	6.9335681e-10
24.92	5.9941344e-10
24.96	5.1854628e-10
24.99	4.4890806e-10
25.02	3.8891447e-10
25.06	3.3720656e-10
25.09	2.9261857e-10
25.13	2.5415034e-10
25.16	2.2094378e-10
25.19	1.9226244e-10
25.23	1.6747430e-10
25.26	1.4603677e-10
25.30	1.2748400e-10
25.33	1.1141594e-10
25.36	9.7488967e-11
25.40	8.5407801e-11
25.43	7.4918725e-11
25.47	6.5803626e-11
25.50	5.7874961e-11
25.54	5.0971399e-11
25.57	4.4954130e-11
25.60	3.9703656e-11
25.64	3.5117079e-11
25.67	3.1105744e-11
25.71	2.7593239e-11
25.74	2.4513670e-11
25.77	2.1810186e-11
25.81	1.9433708e-11
25.84	1.7341840e-11
25.88	1.5497940e-11
25.91	1.3870315e-11
25.94	1.2431532e-11
25.98	1.1157828e-11
26.01	1.0028604e-11
26.05	9.0259866e-12
26.08	8.1344593e-12
26.11	7.3405331e-12
26.15	6.6324736e-12
26.18	6.0000607e-12
26.22	5.4343851e-12
26.25	4.9276704e-12
26.28	4.4731221e-12
26.32	4.0647957e-12
26.35	3.6974857e-12
26.39	3.3666260e-12
26.42	3.0682077e-12
26.45	2.7987053e-12
26.49	2.5550151e-12
26.52	2.3343999e-12
26.56	2.1344434e-12
26.59	1.9530078e-12
26.63	1.7882009e-12
26.66	1.6383442e-12
26.69	1.5019474e-12
26.73	1.3776845e-12
26.76	1.2643744e-12
26.80	1.1609635e-12
26.83	1.0665103e-12
26.86	9.8017240e-13
26.90	9.0119493e-13
26.93	8.2890053e-13
26.97	7.6268062e-13
27.00	7.0198749e-13
