# NeutrinoAntineutrinoInteraction/NeutrinoAntineutrinoResonanceStrange interaction rates
# neutrino field: massive Cosmic Neutrino Background, T_CnuB = 1.94535456 K
# Produced with crpropa-data version: 60a1560e37035039ec25f414e0c42a2444bad49c
# log10(E/eV), 1/lambda [1/Mpc]
14.02	0.0000000e+00
14.05	0.0000000e+00
14.09	0.0000000e+00
14.12	0.0000000e+00
14.16	0.0000000e+00
14.19	0.0000000e+00
14.22	0.0000000e+00
14.26	0.0000000e+00
14.29	0.0000000e+00
14.33	0.0000000e+00
14.36	0.0000000e+00
14.39	0.0000000e+00
14.43	0.0000000e+00
14.46	0.0000000e+00
14.50	0.0000000e+00
14.53	0.0000000e+00
14.57	0.0000000e+00
14.60	0.0000000e+00
14.63	0.0000000e+00
14.67	0.0000000e+00
14.70	0.0000000e+00
14.74	0.0000000e+00
14.77	0.0000000e+00
14.80	0.0000000e+00
14.84	0.0000000e+00
14.87	0.0000000e+00
14.91	0.0000000e+00
14.94	0.0000000e+00
14.97	0.0000000e+00
15.01	0.0000000e+00
15.04	0.0000000e+00
15.08	0.0000000e+00
15.11	0.0000000e+00
15.14	0.0000000e+00
15.18	0.0000000e+00
15.21	0.0000000e+00
15.25	0.0000000e+00
15.28	0.0000000e+00
15.31	0.0000000e+00
15.35	0.0000000e+00
15.38	0.0000000e+00
15.42	0.0000000e+00
15.45	0.0000000e+00
15.48	0.0000000e+00
15.52	0.0000000e+00
15.55	0.0000000e+00
15.59	0.0000000e+00
15.62	0.0000000e+00
15.66	0.0000000e+00
15.69	0.0000000e+00
15.72	0.0000000e+00
15.76	0.0000000e+00
15.79	0.0000000e+00
15.83	0.0000000e+00
15.86	0.0000000e+00
15.89	0.0000000e+00
15.93	0.0000000e+00
15.96	0.0000000e+00
16.00	5.6798545e-269
16.03	3.1827284e-249
16.06	5.7388559e-231
16.10	4.3154029e-214
16.13	1.7198844e-198
16.17	4.5343643e-184
16.20	9.7066303e-171
16.23	2.0390950e-158
16.27	5.0083901e-147
16.30	1.6911675e-136
16.34	9.1187046e-127
16.37	9.0170128e-118
16.40	1.8585101e-109
16.44	8.9874527e-102
16.47	1.1376218e-94
16.51	4.1704692e-88
16.54	4.8620598e-82
16.58	1.9654554e-76
16.61	2.9842868e-71
16.64	1.8325710e-66
16.68	4.8731707e-62
16.71	5.9778156e-58
16.75	3.5861951e-54
16.78	1.1105888e-50
16.81	1.8663782e-47
16.85	1.7825304e-44
16.88	1.0097587e-41
16.92	3.5293656e-39
16.95	7.8947285e-37
16.98	1.1689824e-34
17.02	1.1821524e-32
17.05	8.4038333e-31
17.09	4.3133995e-29
17.12	1.6384286e-27
17.15	4.7121752e-26
17.19	1.0480354e-24
17.22	1.8381285e-23
17.26	2.5886187e-22
17.29	2.9765252e-21
17.32	2.8379955e-20
17.36	2.2760462e-19
17.39	1.5558125e-18
17.43	9.1758774e-18
17.46	4.7223618e-17
17.49	2.1430328e-16
17.53	8.6586365e-16
17.56	3.1426519e-15
17.60	1.0331153e-14
17.63	3.0996493e-14
17.67	8.5474838e-14
17.70	2.1804167e-13
17.73	5.1761697e-13
17.77	1.1498225e-12
17.80	2.4021361e-12
17.84	4.7415131e-12
17.87	8.8801979e-12
17.90	1.5840957e-11
17.94	2.7008336e-11
17.97	4.4148622e-11
18.01	6.9378640e-11
18.04	1.0506306e-10
18.07	1.5362222e-10
18.11	2.1723972e-10
18.14	2.9747453e-10
18.18	3.9481414e-10
18.21	5.0825877e-10
18.24	6.3510391e-10
18.28	7.7116151e-10
18.31	9.1168907e-10
18.35	1.0534911e-09
18.38	1.1970830e-09
18.41	1.3440261e-09
18.45	1.4958086e-09
18.48	1.6538640e-09
18.52	1.8195920e-09
18.55	1.9943775e-09
18.59	2.1796083e-09
18.62	2.3766914e-09
18.65	2.5870679e-09
18.69	2.8122279e-09
18.72	3.0537243e-09
18.76	3.3131862e-09
18.79	3.5923330e-09
18.82	3.8929876e-09
18.86	4.2170903e-09
18.89	4.5667128e-09
18.93	4.9440733e-09
18.96	5.3515510e-09
18.99	5.7917029e-09
19.03	6.2672804e-09
19.06	6.7812471e-09
19.10	7.3367983e-09
19.13	7.9373810e-09
19.16	8.5867163e-09
19.20	9.2888223e-09
19.23	1.0048040e-08
19.27	1.0869060e-08
19.30	1.1756951e-08
19.33	1.2717194e-08
19.37	1.3755713e-08
19.40	1.4878915e-08
19.44	1.6093726e-08
19.47	1.7407639e-08
19.51	1.8828754e-08
19.54	2.0365836e-08
19.57	2.2028361e-08
19.61	2.3826581e-08
19.64	2.5771585e-08
19.68	2.7875367e-08
19.71	3.0150902e-08
19.74	3.2612226e-08
19.78	3.5274522e-08
19.81	3.8154214e-08
19.85	4.1269073e-08
19.88	4.4638321e-08
19.91	4.8282755e-08
19.95	5.2224877e-08
19.98	5.6489029e-08
20.02	6.1101551e-08
20.05	6.6090938e-08
20.08	7.1488027e-08
20.12	7.7326182e-08
20.15	8.3641506e-08
20.19	9.0473066e-08
20.22	9.7863140e-08
20.25	1.0585748e-07
20.29	1.1450561e-07
20.32	1.2386111e-07
20.36	1.3398200e-07
20.39	1.4493106e-07
20.42	1.5677627e-07
20.46	1.6959120e-07
20.49	1.8345551e-07
20.53	1.9845547e-07
20.56	2.1468447e-07
20.60	2.3224365e-07
20.63	2.5124256e-07
20.66	2.7179985e-07
20.70	2.9404405e-07
20.73	3.1811441e-07
20.77	3.4416184e-07
20.80	3.7234985e-07
20.83	4.0285569e-07
20.87	4.3587149e-07
20.90	4.7160562e-07
20.94	5.1028400e-07
20.97	5.5215172e-07
21.00	5.9747471e-07
21.04	6.4654156e-07
21.07	6.9966554e-07
21.11	7.5718684e-07
21.14	8.1947496e-07
21.17	8.8693143e-07
21.21	9.5999266e-07
21.24	1.0391333e-06
21.28	1.1248695e-06
21.31	1.2177634e-06
21.34	1.3184267e-06
21.38	1.4275263e-06
21.41	1.5457890e-06
21.45	1.6740075e-06
21.48	1.8130473e-06
21.52	1.9638539e-06
21.55	2.1274607e-06
21.58	2.3049986e-06
21.62	2.4977061e-06
21.65	2.7069407e-06
21.69	2.9341922e-06
21.72	3.1810973e-06
21.75	3.4494564e-06
21.79	3.7412521e-06
21.82	4.0586713e-06
21.86	4.4041296e-06
21.89	4.7802996e-06
21.92	5.1901432e-06
21.96	5.6369494e-06
21.99	6.1243774e-06
22.03	6.6565072e-06
22.06	7.2378986e-06
22.09	7.8736599e-06
22.13	8.5695296e-06
22.16	9.3319723e-06
22.20	1.0168293e-05
22.23	1.1086773e-05
22.26	1.2096836e-05
22.30	1.3209243e-05
22.33	1.4436338e-05
22.37	1.5792339e-05
22.40	1.7293705e-05
22.43	1.8959591e-05
22.47	2.0812414e-05
22.50	2.2878577e-05
22.54	2.5189393e-05
22.57	2.7782284e-05
22.61	3.0702363e-05
22.64	3.4004546e-05
22.67	3.7756450e-05
22.71	4.2042476e-05
22.74	4.6969873e-05
22.78	5.2678462e-05
22.81	5.9357982e-05
22.84	6.7282538e-05
22.88	7.6883470e-05
22.91	8.8904199e-05
22.95	1.0471525e-04
22.98	1.2690984e-04
23.01	1.6033241e-04
23.05	2.1368190e-04
23.08	3.0174092e-04
23.12	4.4808497e-04
23.15	6.8783433e-04
23.18	1.0696814e-03
23.22	1.6561554e-03
23.25	2.5209722e-03
23.29	3.7424334e-03
23.32	5.3921812e-03
23.35	7.5191707e-03
23.39	1.0129441e-02
23.42	1.3163252e-02
23.46	1.6472653e-02
23.49	1.9805086e-02
23.53	2.2802540e-02
23.56	2.5030730e-02
23.59	2.6055523e-02
23.63	2.5578354e-02
23.66	2.3626162e-02
23.70	2.0789444e-02
23.73	1.7994667e-02
23.76	1.5515973e-02
23.80	1.3356172e-02
23.83	1.1486221e-02
23.87	9.8723817e-03
23.90	8.4821669e-03
23.93	7.2860067e-03
23.97	6.2576344e-03
24.00	5.3740060e-03
24.04	4.6150496e-03
24.07	3.9633604e-03
24.10	3.4038906e-03
24.14	2.9236575e-03
24.17	2.5114757e-03
24.21	2.1577196e-03
24.24	1.8541122e-03
24.27	1.5935406e-03
24.31	1.3698955e-03
24.34	1.1779316e-03
24.38	1.0131466e-03
24.41	8.7167706e-04
24.44	7.5020839e-04
24.48	6.4589722e-04
24.51	5.5630475e-04
24.55	4.7933939e-04
24.58	4.1320742e-04
24.62	3.5637064e-04
24.65	3.0751001e-04
24.68	2.6549443e-04
24.72	2.2935394e-04
24.75	1.9825678e-04
24.79	1.7148962e-04
24.82	1.4844070e-04
24.85	1.2858534e-04
24.89	1.1147347e-04
24.92	9.6719034e-05
24.96	8.3990799e-05
24.99	7.3004571e-05
25.02	6.3516471e-05
25.06	5.5317182e-05
25.09	4.8227022e-05
25.13	4.2091722e-05
25.16	3.6778805e-05
25.19	3.2174480e-05
25.23	2.8180988e-05
25.26	2.4714316e-05
25.30	2.1702249e-05
25.33	1.9082694e-05
25.36	1.6802240e-05
25.40	1.4814934e-05
25.43	1.3081220e-05
25.47	1.1567038e-05
25.50	1.0243047e-05
25.54	9.0839579e-06
25.57	8.0679664e-06
25.60	7.1762609e-06
25.64	6.3926033e-06
25.67	5.7029687e-06
25.71	5.0952363e-06
25.74	4.5589237e-06
25.77	4.0849590e-06
25.81	3.6654857e-06
25.84	3.2936937e-06
25.88	2.9636757e-06
25.91	2.6703028e-06
25.94	2.4091179e-06
25.98	2.1762440e-06
26.01	1.9683050e-06
26.05	1.7823587e-06
26.08	1.6158372e-06
26.11	1.4664975e-06
26.15	1.3323780e-06
26.18	1.2117606e-06
26.22	1.1031392e-06
26.25	1.0051913e-06
26.28	9.1675467e-07
26.32	8.3680589e-07
26.35	7.6444297e-07
26.39	6.9886963e-07
26.42	6.3938196e-07
26.45	5.8535675e-07
26.49	5.3624147e-07
26.52	4.9154550e-07
26.56	4.5083255e-07
26.59	4.1371409e-07
26.63	3.7984357e-07
26.66	3.4891145e-07
26.69	3.2064084e-07
26.73	2.9478370e-07
26.76	2.7111751e-07
26.80	2.4944236e-07
26.83	2.2957840e-07
26.86	2.1136366e-07
26.90	1.9465199e-07
26.93	1.7931142e-07
26.97	1.6522263e-07
27.00	1.5227755e-07
