# NeutrinoAntineutrinoInteraction/NeutrinoAntineutrinoResonanceStrange interaction rates
# neutrino field: massive Cosmic Neutrino Background, T_CnuB = 1.94535456 K
# Produced with crpropa-data version: 60a1560e37035039ec25f414e0c42a2444bad49c
# log10(E/eV), 1/lambda [1/Mpc]
13.37	0.0000000e+00
13.41	0.0000000e+00
13.44	0.0000000e+00
13.47	0.0000000e+00
13.51	0.0000000e+00
13.54	0.0000000e+00
13.58	0.0000000e+00
13.61	0.0000000e+00
13.65	0.0000000e+00
13.68	0.0000000e+00
13.71	0.0000000e+00
13.75	0.0000000e+00
13.78	0.0000000e+00
13.82	0.0000000e+00
13.85	0.0000000e+00
13.88	0.0000000e+00
13.92	0.0000000e+00
13.95	0.0000000e+00
13.99	0.0000000e+00
14.02	0.0000000e+00
14.05	0.0000000e+00
14.09	0.0000000e+00
14.12	0.0000000e+00
14.16	0.0000000e+00
14.19	0.0000000e+00
14.22	0.0000000e+00
14.26	0.0000000e+00
14.29	0.0000000e+00
14.33	0.0000000e+00
14.36	0.0000000e+00
14.39	0.0000000e+00
14.43	0.0000000e+00
14.46	0.0000000e+00
14.50	0.0000000e+00
14.53	0.0000000e+00
14.57	0.0000000e+00
14.60	0.0000000e+00
14.63	0.0000000e+00
14.67	0.0000000e+00
14.70	0.0000000e+00
14.74	0.0000000e+00
14.77	0.0000000e+00
14.80	0.0000000e+00
14.84	0.0000000e+00
14.87	0.0000000e+00
14.91	0.0000000e+00
14.94	0.0000000e+00
14.97	0.0000000e+00
15.01	0.0000000e+00
15.04	0.0000000e+00
15.08	0.0000000e+00
15.11	0.0000000e+00
15.14	0.0000000e+00
15.18	0.0000000e+00
15.21	0.0000000e+00
15.25	0.0000000e+00
15.28	0.0000000e+00
15.31	3.6576058e-279
15.35	2.4627469e-258
15.38	4.3023583e-239
15.42	2.6404215e-221
15.45	7.3290077e-205
15.48	1.1621690e-189
15.52	1.3065887e-175
15.55	1.2716600e-162
15.59	1.2886658e-150
15.62	1.6127709e-139
15.66	2.9187820e-129
15.69	8.8387404e-120
15.72	5.1253276e-111
15.76	6.4470131e-103
15.79	1.9741408e-95
15.83	1.6371161e-88
15.86	4.0575965e-82
15.89	3.2924812e-76
15.93	9.5155575e-71
15.96	1.0588458e-65
16.00	4.8752608e-61
16.03	9.9277121e-57
16.06	9.5087819e-53
16.10	4.5346771e-49
16.13	1.1349335e-45
16.17	1.5650563e-42
16.20	1.2438390e-39
16.23	5.9393474e-37
16.27	1.7707495e-34
16.30	3.4155718e-32
16.34	4.4049134e-30
16.37	3.9154558e-28
16.40	2.4672123e-26
16.44	1.1310928e-24
16.47	3.8645179e-23
16.51	1.0061191e-21
16.54	2.0374424e-20
16.58	3.2708163e-19
16.61	4.2363697e-18
16.64	4.4994187e-17
16.68	3.9780586e-16
16.71	2.9687600e-15
16.75	1.8943135e-14
16.78	1.0458423e-13
16.81	5.0512142e-13
16.85	2.1560585e-12
16.88	8.2101259e-12
16.92	2.8135042e-11
16.95	8.7469283e-11
16.98	2.4855066e-10
17.02	6.5001885e-10
17.05	1.5745863e-09
17.09	3.5539291e-09
17.12	7.5151065e-09
17.15	1.4964159e-08
17.19	2.8190613e-08
17.22	5.0464463e-08
17.26	8.6188722e-08
17.29	1.4096936e-07
17.32	2.2157207e-07
17.36	3.3575117e-07
17.39	4.9195644e-07
17.43	6.9894470e-07
17.46	9.6533988e-07
17.49	1.2991940e-06
17.53	1.7076021e-06
17.56	2.1964152e-06
17.60	2.7700821e-06
17.63	3.4316301e-06
17.67	4.1827815e-06
17.70	5.0241824e-06
17.73	5.9557145e-06
17.77	6.9768537e-06
17.80	8.0870404e-06
17.84	9.2860311e-06
17.87	1.0574211e-05
17.90	1.1952849e-05
17.94	1.3424301e-05
17.97	1.4992143e-05
18.01	1.6661266e-05
18.04	1.8437926e-05
18.07	2.0329756e-05
18.11	2.2345772e-05
18.14	2.4496360e-05
18.18	2.6793267e-05
18.21	2.9249593e-05
18.24	3.1879797e-05
18.28	3.4699713e-05
18.31	3.7726589e-05
18.35	4.0979130e-05
18.38	4.4477570e-05
18.41	4.8243755e-05
18.45	5.2301244e-05
18.48	5.6675432e-05
18.52	6.1393682e-05
18.55	6.6485482e-05
18.59	7.1982611e-05
18.62	7.7919330e-05
18.65	8.4332589e-05
18.69	9.1262247e-05
18.72	9.8751321e-05
18.76	1.0684625e-04
18.79	1.1559717e-04
18.82	1.2505825e-04
18.86	1.3528800e-04
18.89	1.4634966e-04
18.93	1.5831156e-04
18.96	1.7124759e-04
18.99	1.8523760e-04
19.03	2.0036796e-04
19.06	2.1673203e-04
19.10	2.3443080e-04
19.13	2.5357348e-04
19.16	2.7427818e-04
19.20	2.9667265e-04
19.23	3.2089509e-04
19.27	3.4709496e-04
19.30	3.7543397e-04
19.33	4.0608704e-04
19.37	4.3924340e-04
19.40	4.7510777e-04
19.44	5.1390165e-04
19.47	5.5586467e-04
19.51	6.0125609e-04
19.54	6.5035646e-04
19.57	7.0346931e-04
19.61	7.6092310e-04
19.64	8.2307325e-04
19.68	8.9030440e-04
19.71	9.6303278e-04
19.74	1.0417089e-03
19.78	1.1268202e-03
19.81	1.2188946e-03
19.85	1.3185032e-03
19.88	1.4262643e-03
19.91	1.5428474e-03
19.95	1.6689771e-03
19.98	1.8054382e-03
20.02	1.9530803e-03
20.05	2.1128237e-03
20.08	2.2856647e-03
20.12	2.4726829e-03
20.15	2.6750476e-03
20.19	2.8940256e-03
20.22	3.1309896e-03
20.25	3.3874273e-03
20.29	3.6649511e-03
20.32	3.9653090e-03
20.36	4.2903965e-03
20.39	4.6422690e-03
20.42	5.0231562e-03
20.46	5.4354773e-03
20.49	5.8818579e-03
20.53	6.3651480e-03
20.56	6.8884427e-03
20.60	7.4551037e-03
20.63	8.0687839e-03
20.66	8.7334543e-03
20.70	9.4534329e-03
20.73	1.0233417e-02
20.77	1.1078521e-02
20.80	1.1994313e-02
20.83	1.2986859e-02
20.87	1.4062774e-02
20.90	1.5229274e-02
20.94	1.6494237e-02
20.97	1.7866268e-02
21.00	1.9354778e-02
21.04	2.0970064e-02
21.07	2.2723405e-02
21.11	2.4627167e-02
21.14	2.6694925e-02
21.17	2.8941596e-02
21.21	3.1383592e-02
21.24	3.4038999e-02
21.28	3.6927772e-02
21.31	4.0071964e-02
21.34	4.3495992e-02
21.38	4.7226937e-02
21.41	5.1294893e-02
21.45	5.5733380e-02
21.48	6.0579816e-02
21.52	6.5876076e-02
21.55	7.1669153e-02
21.58	7.8011936e-02
21.62	8.4964141e-02
21.65	9.2593426e-02
21.69	1.0097674e-01
21.72	1.1020194e-01
21.75	1.2036983e-01
21.79	1.3159659e-01
21.82	1.4401687e-01
21.86	1.5778768e-01
21.89	1.7309330e-01
21.92	1.9015165e-01
21.96	2.0922269e-01
21.99	2.3061952e-01
22.03	2.5472382e-01
22.06	2.8200776e-01
22.09	3.1306777e-01
22.13	3.4868175e-01
22.16	3.8991833e-01
22.20	4.3836474e-01
22.23	4.9661386e-01
22.26	5.6927157e-01
22.30	6.6489660e-01
22.33	7.9939930e-01
22.37	1.0013788e+00
22.40	1.3195226e+00
22.43	1.8314537e+00
22.47	2.6523778e+00
22.50	3.9408847e+00
22.54	5.8987366e+00
22.57	8.7618613e+00
22.61	1.2781197e+01
22.64	1.8194272e+01
22.67	2.5190846e+01
22.71	3.3877888e+01
22.74	4.4250006e+01
22.78	5.6170909e+01
22.81	6.9369739e+01
22.84	8.3453570e+01
22.88	9.7934668e+01
22.91	1.1226877e+02
22.95	1.2589914e+02
22.98	1.3830069e+02
23.01	1.4901881e+02
23.05	1.5769896e+02
23.08	1.6410456e+02
23.12	1.6812283e+02
23.15	1.6975940e+02
23.18	1.6912418e+02
23.22	1.6641115e+02
23.25	1.6187529e+02
23.29	1.5580912e+02
23.32	1.4852122e+02
23.35	1.4031784e+02
23.39	1.3148864e+02
23.42	1.2229647e+02
23.46	1.1297111e+02
23.49	1.0370623e+02
23.53	9.4659118e+01
23.56	8.5952250e+01
23.59	7.7676299e+01
23.63	6.9893848e+01
23.66	6.2643472e+01
23.70	5.5943837e+01
23.73	4.9797591e+01
23.76	4.4194913e+01
23.80	3.9116633e+01
23.83	3.4536901e+01
23.87	3.0425418e+01
23.90	2.6749243e+01
23.93	2.3474229e+01
23.97	2.0566134e+01
24.00	1.7991447e+01
24.04	1.5717988e+01
24.07	1.3715314e+01
24.10	1.1954976e+01
24.14	1.0410659e+01
24.17	9.0582280e+00
24.21	7.8757108e+00
24.24	6.8432274e+00
24.27	5.9428903e+00
24.31	5.1586815e+00
24.34	4.4763172e+00
24.38	3.8831071e+00
24.41	3.3678140e+00
24.44	2.9205165e+00
24.48	2.5324777e+00
24.51	2.1960217e+00
24.55	1.9044193e+00
24.58	1.6517819e+00
24.62	1.4329654e+00
24.65	1.2434828e+00
24.68	1.0794259e+00
24.72	9.3739421e-01
24.75	8.1443290e-01
24.79	7.0797650e-01
24.82	6.1579972e-01
24.85	5.3597379e-01
24.89	4.6682818e-01
24.92	4.0691683e-01
24.96	3.5498872e-01
24.99	3.0996205e-01
25.02	2.7090170e-01
25.06	2.3699963e-01
25.09	2.0755782e-01
25.13	1.8197338e-01
25.16	1.5972569e-01
25.19	1.4036524e-01
25.23	1.2350389e-01
25.26	1.0880655e-01
25.30	9.5983883e-02
25.33	8.4786031e-02
25.36	7.4997221e-02
25.40	6.6431064e-02
25.43	5.8926522e-02
25.47	5.2344419e-02
25.50	4.6564434e-02
25.54	4.1482506e-02
25.57	3.7008601e-02
25.60	3.3064782e-02
25.64	2.9583551e-02
25.67	2.6506415e-02
25.71	2.3782655e-02
25.74	2.1368261e-02
25.77	1.9225021e-02
25.81	1.7319727e-02
25.84	1.5623499e-02
25.88	1.4111198e-02
25.91	1.2760923e-02
25.94	1.1553571e-02
25.98	1.0472468e-02
26.01	9.5030402e-03
26.05	8.6325384e-03
26.08	7.8497944e-03
26.11	7.1450144e-03
26.15	6.5095985e-03
26.18	5.9359861e-03
26.22	5.4175210e-03
26.25	4.9483354e-03
26.28	4.5232497e-03
26.32	4.1376849e-03
26.35	3.7875876e-03
26.39	3.4693640e-03
26.42	3.1798238e-03
26.45	2.9161299e-03
26.49	2.6757565e-03
26.52	2.4564509e-03
26.56	2.2562015e-03
26.59	2.0732090e-03
26.63	1.9058622e-03
26.66	1.7527156e-03
26.69	1.6124713e-03
26.73	1.4839615e-03
26.76	1.3661349e-03
26.80	1.2580432e-03
26.83	1.1588302e-03
26.86	1.0677217e-03
26.90	9.8401709e-04
26.93	9.0708143e-04
26.97	8.3633865e-04
27.00	7.7126555e-04
