# NeutrinoAntineutrinoInteraction/NeutrinoAntineutrinoResonanceStrange interaction rates
# neutrino field: massive Cosmic Neutrino Background, T_CnuB = 1.94535456 K
# Produced with crpropa-data version: 60a1560e37035039ec25f414e0c42a2444bad49c
# log10(E/eV), 1/lambda [1/Mpc]
13.65	0.0000000e+00
13.68	0.0000000e+00
13.71	0.0000000e+00
13.75	0.0000000e+00
13.78	0.0000000e+00
13.82	0.0000000e+00
13.85	0.0000000e+00
13.88	0.0000000e+00
13.92	0.0000000e+00
13.95	0.0000000e+00
13.99	0.0000000e+00
14.02	0.0000000e+00
14.05	0.0000000e+00
14.09	0.0000000e+00
14.12	0.0000000e+00
14.16	0.0000000e+00
14.19	0.0000000e+00
14.22	0.0000000e+00
14.26	0.0000000e+00
14.29	0.0000000e+00
14.33	0.0000000e+00
14.36	0.0000000e+00
14.39	0.0000000e+00
14.43	0.0000000e+00
14.46	0.0000000e+00
14.50	0.0000000e+00
14.53	0.0000000e+00
14.57	0.0000000e+00
14.60	0.0000000e+00
14.63	0.0000000e+00
14.67	0.0000000e+00
14.70	0.0000000e+00
14.74	0.0000000e+00
14.77	0.0000000e+00
14.80	0.0000000e+00
14.84	0.0000000e+00
14.87	0.0000000e+00
14.91	0.0000000e+00
14.94	0.0000000e+00
14.97	0.0000000e+00
15.01	0.0000000e+00
15.04	0.0000000e+00
15.08	0.0000000e+00
15.11	0.0000000e+00
15.14	0.0000000e+00
15.18	0.0000000e+00
15.21	0.0000000e+00
15.25	0.0000000e+00
15.28	0.0000000e+00
15.31	0.0000000e+00
15.35	0.0000000e+00
15.38	0.0000000e+00
15.42	0.0000000e+00
15.45	0.0000000e+00
15.48	0.0000000e+00
15.52	0.0000000e+00
15.55	0.0000000e+00
15.59	0.0000000e+00
15.62	7.5454299e-271
15.66	8.6988437e-251
15.69	3.0587106e-232
15.72	4.2688070e-215
15.76	3.0166871e-199
15.79	1.3520646e-184
15.83	4.7328363e-171
15.86	1.5685485e-158
15.89	5.8805671e-147
15.93	2.9400202e-136
15.96	2.2822796e-126
16.00	3.1664440e-117
16.03	8.9423478e-109
16.06	5.7975388e-101
16.10	9.6438035e-94
16.13	4.5617113e-87
16.17	6.7480913e-81
16.20	3.4087699e-75
16.23	6.3781355e-70
16.27	4.7657139e-65
16.30	1.5244150e-60
16.34	2.2261372e-56
16.37	1.5750994e-52
16.40	5.7051263e-49
16.44	1.1130751e-45
16.47	1.2261082e-42
16.51	7.9650605e-40
16.54	3.1768735e-37
16.58	8.0750752e-35
16.61	1.3539540e-32
16.64	1.5460648e-30
16.68	1.2383375e-28
16.71	7.1499348e-27
16.75	3.0520801e-25
16.78	9.8600850e-24
16.81	2.4635329e-22
16.85	4.8565635e-21
16.88	7.6955947e-20
16.92	9.9711102e-19
16.95	1.0732928e-17
16.98	9.7393419e-17
17.02	7.5518670e-16
17.05	5.0665605e-15
17.09	2.9750783e-14
17.12	1.5452387e-13
17.15	7.1680575e-13
17.19	2.9959510e-12
17.22	1.1372038e-11
17.26	3.9479385e-11
17.29	1.2611781e-10
17.32	3.7259002e-10
17.36	1.0217066e-09
17.39	2.6052578e-09
17.43	6.1710491e-09
17.46	1.3499184e-08
17.49	2.6883395e-08
17.53	4.7453953e-08
17.56	7.2003593e-08
17.60	9.6076848e-08
17.63	1.1947230e-07
17.67	1.4251830e-07
17.70	1.6551430e-07
17.73	1.8873655e-07
17.77	2.1244315e-07
17.80	2.3687848e-07
17.84	2.6227709e-07
17.87	2.8886728e-07
17.90	3.1687422e-07
17.94	3.4652290e-07
17.97	3.7804080e-07
18.01	4.1166035e-07
18.04	4.4762140e-07
18.07	4.8617343e-07
18.11	5.2757779e-07
18.14	5.7210995e-07
18.18	6.2006165e-07
18.21	6.7174314e-07
18.24	7.2748548e-07
18.28	7.8764289e-07
18.31	8.5259517e-07
18.35	9.2275033e-07
18.38	9.9854726e-07
18.41	1.0804586e-06
18.45	1.1689938e-06
18.48	1.2647025e-06
18.52	1.3681777e-06
18.55	1.4800600e-06
18.59	1.6010412e-06
18.62	1.7318687e-06
18.65	1.8733504e-06
18.69	2.0263596e-06
18.72	2.1918404e-06
18.76	2.3708134e-06
18.79	2.5643824e-06
18.82	2.7737411e-06
18.86	3.0001803e-06
18.89	3.2450961e-06
18.93	3.5099984e-06
18.96	3.7965205e-06
18.99	4.1064290e-06
19.03	4.4416346e-06
19.06	4.8042044e-06
19.10	5.1963742e-06
19.13	5.6205627e-06
19.16	6.0793863e-06
19.20	6.5756754e-06
19.23	7.1124921e-06
19.27	7.6931489e-06
19.30	8.3212295e-06
19.33	9.0006111e-06
19.37	9.7354884e-06
19.40	1.0530400e-05
19.44	1.1390256e-05
19.47	1.2320369e-05
19.51	1.3326489e-05
19.54	1.4414835e-05
19.57	1.5592139e-05
19.61	1.6865685e-05
19.64	1.8243355e-05
19.68	1.9733681e-05
19.71	2.1345894e-05
19.74	2.3089988e-05
19.78	2.4976779e-05
19.81	2.7017975e-05
19.85	2.9226249e-05
19.88	3.1615324e-05
19.91	3.4200054e-05
19.95	3.6996526e-05
19.98	4.0022156e-05
20.02	4.3295808e-05
20.05	4.6837913e-05
20.08	5.0670600e-05
20.12	5.4817844e-05
20.15	5.9305619e-05
20.19	6.4162072e-05
20.22	6.9417709e-05
20.25	7.5105596e-05
20.29	8.1261582e-05
20.32	8.7924539e-05
20.36	9.5136629e-05
20.39	1.0294359e-04
20.42	1.1139504e-04
20.46	1.2054485e-04
20.49	1.3045150e-04
20.53	1.4117848e-04
20.56	1.5279480e-04
20.60	1.6537541e-04
20.63	1.7900183e-04
20.66	1.9376268e-04
20.70	2.0975442e-04
20.73	2.2708202e-04
20.77	2.4585982e-04
20.80	2.6621243e-04
20.83	2.8827570e-04
20.87	3.1219785e-04
20.90	3.3814072e-04
20.94	3.6628113e-04
20.97	3.9681241e-04
21.00	4.2994618e-04
21.04	4.6591422e-04
21.07	5.0497069e-04
21.11	5.4739456e-04
21.14	5.9349239e-04
21.17	6.4360147e-04
21.21	6.9809339e-04
21.24	7.5737810e-04
21.28	8.2190852e-04
21.31	8.9218592e-04
21.34	9.6876597e-04
21.38	1.0522658e-03
21.41	1.1433722e-03
21.45	1.2428511e-03
21.48	1.3515583e-03
21.52	1.4704531e-03
21.55	1.6006126e-03
21.58	1.7432503e-03
21.62	1.8997370e-03
21.65	2.0716263e-03
21.69	2.2606846e-03
21.72	2.4689278e-03
21.75	2.6986653e-03
21.79	2.9525535e-03
21.82	3.2336617e-03
21.86	3.5455527e-03
21.89	3.8923839e-03
21.92	4.2790323e-03
21.96	4.7112534e-03
21.99	5.1958830e-03
22.03	5.7410957e-03
22.06	6.3567412e-03
22.09	7.0547853e-03
22.13	7.8498964e-03
22.16	8.7602349e-03
22.20	9.8085358e-03
22.23	1.1023615e-02
22.26	1.2442515e-02
22.30	1.4113628e-02
22.33	1.6101404e-02
22.37	1.8493748e-02
22.40	2.1414459e-02
22.43	2.5046244e-02
22.47	2.9678500e-02
22.50	3.5816872e-02
22.54	4.4447639e-02
22.57	5.7674877e-02
22.61	8.0193331e-02
22.64	1.2246451e-01
22.67	2.0694760e-01
22.71	3.7879869e-01
22.74	7.2041989e-01
22.78	1.3606459e+00
22.81	2.4447465e+00
22.84	3.9839757e+00
22.88	5.5138958e+00
22.91	6.0094214e+00
22.95	5.4450612e+00
22.98	4.7538534e+00
23.01	4.1162917e+00
23.05	3.5518857e+00
23.08	3.0592122e+00
23.12	2.6319614e+00
23.15	2.2627753e+00
23.18	1.9444589e+00
23.22	1.6703932e+00
23.25	1.4346560e+00
23.29	1.2320264e+00
23.32	1.0579409e+00
23.35	9.0843301e-01
23.39	7.8006680e-01
23.42	6.6987388e-01
23.46	5.7529417e-01
23.49	4.9412267e-01
23.53	4.2446213e-01
23.56	3.6468129e-01
23.59	3.1337847e-01
23.63	2.6934980e-01
23.66	2.3156171e-01
23.70	1.9912708e-01
23.73	1.7128469e-01
23.76	1.4738145e-01
23.80	1.2685719e-01
23.83	1.0923141e-01
23.87	9.4092046e-02
23.90	8.1085735e-02
23.93	6.9909456e-02
23.97	6.0303375e-02
24.00	5.2044687e-02
24.04	4.4942344e-02
24.07	3.8832518e-02
24.10	3.3574723e-02
24.14	2.9048484e-02
24.17	2.5150477e-02
24.21	2.1792082e-02
24.24	1.8897285e-02
24.27	1.6400879e-02
24.31	1.4246918e-02
24.34	1.2387399e-02
24.38	1.0781125e-02
24.41	9.3927385e-03
24.44	8.1918844e-03
24.48	7.1525001e-03
24.51	6.2522030e-03
24.55	5.4717663e-03
24.58	4.7946706e-03
24.62	4.2067185e-03
24.65	3.6957046e-03
24.68	3.2511335e-03
24.72	2.8639763e-03
24.75	2.5264639e-03
24.79	2.2319077e-03
24.82	1.9745477e-03
24.85	1.7494212e-03
24.89	1.5522502e-03
24.92	1.3793456e-03
24.96	1.2275239e-03
24.99	1.0940367e-03
25.02	9.7650953e-04
25.06	8.7289006e-04
25.09	7.8140282e-04
25.13	7.0051092e-04
25.16	6.2888295e-04
25.19	5.6536459e-04
25.23	5.0895420e-04
25.26	4.5878187e-04
25.30	4.1409138e-04
25.33	3.7422472e-04
25.36	3.3860871e-04
25.40	3.0674358e-04
25.43	2.7819305e-04
25.47	2.5257586e-04
25.50	2.2955841e-04
25.54	2.0884843e-04
25.57	1.9018957e-04
25.60	1.7335668e-04
25.64	1.5815171e-04
25.67	1.4440028e-04
25.71	1.3194856e-04
25.74	1.2066070e-04
25.77	1.1041656e-04
25.81	1.0110971e-04
25.84	9.2645739e-05
25.88	8.4940776e-05
25.91	7.7920201e-05
25.94	7.1517525e-05
25.98	6.5673414e-05
26.01	6.0334844e-05
26.05	5.5454360e-05
26.08	5.0989429e-05
26.11	4.6901877e-05
26.15	4.3157393e-05
26.18	3.9725095e-05
26.22	3.6577152e-05
26.25	3.3688450e-05
26.28	3.1036297e-05
26.32	2.8600164e-05
26.35	2.6361457e-05
26.39	2.4303318e-05
26.42	2.2410441e-05
26.45	2.0668920e-05
26.49	1.9066103e-05
26.52	1.7590472e-05
26.56	1.6231528e-05
26.59	1.4979697e-05
26.63	1.3826235e-05
26.66	1.2763156e-05
26.69	1.1783156e-05
26.73	1.0879554e-05
26.76	1.0046230e-05
26.80	9.2775797e-06
26.83	8.5684632e-06
26.86	7.9141667e-06
26.90	7.3103641e-06
26.93	6.7530830e-06
26.97	6.2386741e-06
27.00	5.7637836e-06
