# NeutrinoAntineutrinoInteraction/NeutrinoAntineutrinoResonanceStrange interaction rates
# neutrino field: massive Cosmic Neutrino Background, T_CnuB = 1.94535456 K
# Produced with crpropa-data version: 60a1560e37035039ec25f414e0c42a2444bad49c
# log10(E/eV), 1/lambda [1/Mpc]
13.27	0.0000000e+00
13.30	0.0000000e+00
13.34	0.0000000e+00
13.37	0.0000000e+00
13.41	0.0000000e+00
13.44	0.0000000e+00
13.47	0.0000000e+00
13.51	0.0000000e+00
13.54	0.0000000e+00
13.58	0.0000000e+00
13.61	0.0000000e+00
13.65	0.0000000e+00
13.68	0.0000000e+00
13.71	0.0000000e+00
13.75	0.0000000e+00
13.78	0.0000000e+00
13.82	0.0000000e+00
13.85	0.0000000e+00
13.88	0.0000000e+00
13.92	0.0000000e+00
13.95	0.0000000e+00
13.99	0.0000000e+00
14.02	0.0000000e+00
14.05	0.0000000e+00
14.09	0.0000000e+00
14.12	0.0000000e+00
14.16	0.0000000e+00
14.19	0.0000000e+00
14.22	0.0000000e+00
14.26	0.0000000e+00
14.29	0.0000000e+00
14.33	0.0000000e+00
14.36	0.0000000e+00
14.39	0.0000000e+00
14.43	0.0000000e+00
14.46	0.0000000e+00
14.50	0.0000000e+00
14.53	0.0000000e+00
14.57	0.0000000e+00
14.60	0.0000000e+00
14.63	0.0000000e+00
14.67	0.0000000e+00
14.70	0.0000000e+00
14.74	0.0000000e+00
14.77	0.0000000e+00
14.80	0.0000000e+00
14.84	0.0000000e+00
14.87	0.0000000e+00
14.91	0.0000000e+00
14.94	0.0000000e+00
14.97	0.0000000e+00
15.01	0.0000000e+00
15.04	0.0000000e+00
15.08	0.0000000e+00
15.11	0.0000000e+00
15.14	0.0000000e+00
15.18	0.0000000e+00
15.21	0.0000000e+00
15.25	3.6813618e-262
15.28	1.3815734e-242
15.31	1.7193517e-224
15.35	9.1747956e-208
15.38	2.6623405e-192
15.42	5.2332973e-178
15.45	8.5377359e-165
15.48	1.3948303e-152
15.52	2.7146523e-141
15.55	7.3898465e-131
15.59	3.2639210e-121
15.62	2.6829887e-112
15.66	4.6598209e-104
15.69	1.9227835e-96
15.72	2.1008691e-89
15.76	6.7192175e-83
15.79	6.9015759e-77
15.83	2.4803297e-71
15.86	3.3761049e-66
15.89	1.8727752e-61
15.93	4.5303973e-57
15.96	5.0882274e-53
16.00	2.8114054e-49
16.03	8.0622752e-46
16.06	1.2608569e-42
16.10	1.1257024e-39
16.13	5.9856021e-37
16.17	1.9711040e-34
16.20	4.1681049e-32
16.23	5.8522205e-30
16.27	5.6271210e-28
16.30	3.8128847e-26
16.34	1.8694137e-24
16.37	6.7960859e-23
16.40	1.8738361e-21
16.44	4.0013075e-20
16.47	6.7462851e-19
16.51	9.1428793e-18
16.54	1.0125954e-16
16.58	9.3059977e-16
16.61	7.1978772e-15
16.64	4.7472245e-14
16.68	2.7022289e-13
16.71	1.3424895e-12
16.75	5.8816814e-12
16.78	2.2943149e-11
16.81	8.0392198e-11
16.85	2.5512056e-10
16.88	7.3882882e-10
16.92	1.9663468e-09
16.95	4.8408221e-09
16.98	1.1090126e-08
17.02	2.3775774e-08
17.05	4.7946555e-08
17.09	9.1386758e-08
17.12	1.6536284e-07
17.15	2.8523673e-07
17.19	4.7080268e-07
17.22	7.4622552e-07
17.26	1.1395108e-06
17.29	1.6815113e-06
17.32	2.4045534e-06
17.36	3.3408323e-06
17.39	4.5207686e-06
17.43	5.9715222e-06
17.46	7.7158388e-06
17.49	9.7713532e-06
17.53	1.2150406e-05
17.56	1.4860372e-05
17.60	1.7904421e-05
17.63	2.1282623e-05
17.67	2.4993247e-05
17.70	2.9034132e-05
17.73	3.3404020e-05
17.77	3.8103738e-05
17.80	4.3137208e-05
17.84	4.8512224e-05
17.87	5.4241017e-05
17.90	6.0340628e-05
17.94	6.6833115e-05
17.97	7.3745646e-05
18.01	8.1110506e-05
18.04	8.8965068e-05
18.07	9.7351750e-05
18.11	1.0631799e-04
18.14	1.1591625e-04
18.18	1.2620407e-04
18.21	1.3724418e-04
18.24	1.4910469e-04
18.28	1.6185929e-04
18.31	1.7558757e-04
18.35	1.9037540e-04
18.38	2.0631532e-04
18.41	2.2350706e-04
18.45	2.4205809e-04
18.48	2.6208424e-04
18.52	2.8371035e-04
18.55	3.0707106e-04
18.59	3.3231160e-04
18.62	3.5958870e-04
18.65	3.8907154e-04
18.69	4.2094277e-04
18.72	4.5539969e-04
18.76	4.9265545e-04
18.79	5.3294035e-04
18.82	5.7650332e-04
18.86	6.2361341e-04
18.89	6.7456148e-04
18.93	7.2966205e-04
18.96	7.8925516e-04
18.99	8.5370856e-04
19.03	9.2341995e-04
19.06	9.9881948e-04
19.10	1.0803724e-03
19.13	1.1685819e-03
19.16	1.2639923e-03
19.20	1.3671924e-03
19.23	1.4788193e-03
19.27	1.5995621e-03
19.30	1.7301661e-03
19.33	1.8714380e-03
19.37	2.0242504e-03
19.40	2.1895473e-03
19.44	2.3683504e-03
19.47	2.5617648e-03
19.51	2.7709867e-03
19.54	2.9973101e-03
19.57	3.2421357e-03
19.61	3.5069791e-03
19.64	3.7934805e-03
19.68	4.1034152e-03
19.71	4.4387046e-03
19.74	4.8014287e-03
19.78	5.1938387e-03
19.81	5.6183719e-03
19.85	6.0776669e-03
19.88	6.5745807e-03
19.91	7.1122067e-03
19.95	7.6938948e-03
19.98	8.3232730e-03
20.02	9.0042710e-03
20.05	9.7411455e-03
20.08	1.0538508e-02
20.12	1.1401356e-02
20.15	1.2335104e-02
20.19	1.3345622e-02
20.22	1.4439271e-02
20.25	1.5622951e-02
20.29	1.6904142e-02
20.32	1.8290960e-02
20.36	1.9792206e-02
20.39	2.1417437e-02
20.42	2.3177022e-02
20.46	2.5082222e-02
20.49	2.7145268e-02
20.53	2.9379448e-02
20.56	3.1799209e-02
20.60	3.4420254e-02
20.63	3.7259670e-02
20.66	4.0336052e-02
20.70	4.3669645e-02
20.73	4.7282508e-02
20.77	5.1198685e-02
20.80	5.5444405e-02
20.83	6.0048296e-02
20.87	6.5041627e-02
20.90	7.0458582e-02
20.94	7.6336563e-02
20.97	8.2716528e-02
21.00	8.9643374e-02
21.04	9.7166371e-02
21.07	1.0533965e-01
21.11	1.1422275e-01
21.14	1.2388126e-01
21.17	1.3438752e-01
21.21	1.4582146e-01
21.24	1.5827153e-01
21.28	1.7183579e-01
21.31	1.8662319e-01
21.34	2.0275497e-01
21.38	2.2036645e-01
21.41	2.3960896e-01
21.45	2.6065222e-01
21.48	2.8368712e-01
21.52	3.0892905e-01
21.55	3.3662184e-01
21.58	3.6704256e-01
21.62	4.0050732e-01
21.65	4.3737836e-01
21.69	4.7807276e-01
21.72	5.2307333e-01
21.75	5.7294225e-01
21.79	6.2833836e-01
21.82	6.9003949e-01
21.86	7.5897158e-01
21.89	8.3624744e-01
21.92	9.2321970e-01
21.96	1.0215558e+00
21.99	1.1333510e+00
22.03	1.2613151e+00
22.06	1.4091213e+00
22.09	1.5821218e+00
22.13	1.7888789e+00
22.16	2.0443666e+00
22.20	2.3762475e+00
22.23	2.8361150e+00
22.26	3.5175943e+00
22.30	4.5821689e+00
22.33	6.2911629e+00
22.37	9.0386590e+00
22.40	1.3376259e+01
22.43	2.0018139e+01
22.47	2.9815441e+01
22.50	4.3693545e+01
22.54	6.2553508e+01
22.57	8.7148111e+01
22.61	1.1795077e+02
22.64	1.5503967e+02
22.67	1.9801873e+02
22.71	2.4599125e+02
22.74	2.9759324e+02
22.78	3.5108349e+02
22.81	4.0447793e+02
22.84	4.5571004e+02
22.88	5.0279593e+02
22.91	5.4398402e+02
22.95	5.7787297e+02
22.98	6.0348793e+02
23.01	6.2031162e+02
23.05	6.2827288e+02
23.08	6.2770049e+02
23.12	6.1925233e+02
23.15	6.0383120e+02
23.18	5.8249762e+02
23.22	5.5638794e+02
23.25	5.2664357e+02
23.29	4.9435464e+02
23.32	4.6051897e+02
23.35	4.2601573e+02
23.39	3.9159191e+02
23.42	3.5785917e+02
23.46	3.2529852e+02
23.49	2.9427039e+02
23.53	2.6502801e+02
23.56	2.3773233e+02
23.59	2.1246729e+02
23.63	1.8925446e+02
23.66	1.6806647e+02
23.70	1.4883894e+02
23.73	1.3148075e+02
23.76	1.1588262e+02
23.80	1.0192417e+02
23.83	8.9479469e+01
23.87	7.8421468e+01
23.90	6.8625219e+01
23.93	5.9970289e+01
23.97	5.2342405e+01
24.00	4.5634518e+01
24.04	3.9747399e+01
24.07	3.4589884e+01
24.10	3.0078849e+01
24.14	2.6138990e+01
24.17	2.2702477e+01
24.21	1.9708504e+01
24.24	1.7102805e+01
24.27	1.4837128e+01
24.31	1.2868719e+01
24.34	1.1159805e+01
24.38	9.6771058e+00
24.41	8.3913691e+00
24.44	7.2769376e+00
24.48	6.3113511e+00
24.51	5.4749820e+00
24.55	4.7507048e+00
24.58	4.1235977e+00
24.62	3.5806758e+00
24.65	3.1106519e+00
24.68	2.7037248e+00
24.72	2.3513912e+00
24.75	2.0462798e+00
24.79	1.7820051e+00
24.82	1.5530392e+00
24.85	1.3545989e+00
24.89	1.1825480e+00
24.92	1.0333105e+00
24.96	9.0379638e-01
24.99	7.9133606e-01
25.02	6.9362377e-01
25.06	6.0866832e-01
25.09	5.3475039e-01
25.13	4.7038548e-01
25.16	4.1429192e-01
25.19	3.6536305e-01
25.23	3.2264328e-01
25.26	2.8530739e-01
25.30	2.5264255e-01
25.33	2.2403295e-01
25.36	1.9894637e-01
25.40	1.7692278e-01
25.43	1.5756431e-01
25.47	1.4052677e-01
25.50	1.2551226e-01
25.54	1.1226280e-01
25.57	1.0055484e-01
25.60	9.0194593e-02
25.64	8.1013926e-02
25.67	7.2866868e-02
25.71	6.5626596e-02
25.74	5.9182834e-02
25.77	5.3439608e-02
25.81	4.8313318e-02
25.84	4.3731072e-02
25.88	3.9629250e-02
25.91	3.5952265e-02
25.94	3.2651497e-02
25.98	2.9684369e-02
26.01	2.7013552e-02
26.05	2.4606278e-02
26.08	2.2433745e-02
26.11	2.0470607e-02
26.15	1.8694523e-02
26.18	1.7085782e-02
26.22	1.5626960e-02
26.25	1.4302640e-02
26.28	1.3099158e-02
26.32	1.2004387e-02
26.35	1.1007546e-02
26.39	1.0099039e-02
26.42	9.2703141e-03
26.45	8.5137326e-03
26.49	7.8224668e-03
26.52	7.1904033e-03
26.56	6.6120605e-03
26.59	6.0825164e-03
26.63	5.5973455e-03
26.66	5.1525632e-03
26.69	4.7445773e-03
26.73	4.3701451e-03
26.76	4.0263356e-03
26.80	3.7104966e-03
26.83	3.4202252e-03
26.86	3.1533419e-03
26.90	2.9078677e-03
26.93	2.6820040e-03
26.97	2.4741140e-03
27.00	2.2827072e-03
