# NeutrinoAntineutrinoInteraction/NeutrinoAntineutrinoResonanceStrange interaction rates
# neutrino field: massive Cosmic Neutrino Background, T_CnuB = 1.94535456 K
# Produced with crpropa-data version: 60a1560e37035039ec25f414e0c42a2444bad49c
# log10(E/eV), 1/lambda [1/Mpc]
13.65	0.0000000e+00
13.68	0.0000000e+00
13.71	0.0000000e+00
13.75	0.0000000e+00
13.78	0.0000000e+00
13.82	0.0000000e+00
13.85	0.0000000e+00
13.88	0.0000000e+00
13.92	0.0000000e+00
13.95	0.0000000e+00
13.99	0.0000000e+00
14.02	0.0000000e+00
14.05	0.0000000e+00
14.09	0.0000000e+00
14.12	0.0000000e+00
14.16	0.0000000e+00
14.19	0.0000000e+00
14.22	0.0000000e+00
14.26	0.0000000e+00
14.29	0.0000000e+00
14.33	0.0000000e+00
14.36	0.0000000e+00
14.39	0.0000000e+00
14.43	0.0000000e+00
14.46	0.0000000e+00
14.50	0.0000000e+00
14.53	0.0000000e+00
14.57	0.0000000e+00
14.60	0.0000000e+00
14.63	0.0000000e+00
14.67	0.0000000e+00
14.70	0.0000000e+00
14.74	0.0000000e+00
14.77	0.0000000e+00
14.80	0.0000000e+00
14.84	0.0000000e+00
14.87	0.0000000e+00
14.91	0.0000000e+00
14.94	0.0000000e+00
14.97	0.0000000e+00
15.01	0.0000000e+00
15.04	0.0000000e+00
15.08	0.0000000e+00
15.11	0.0000000e+00
15.14	0.0000000e+00
15.18	0.0000000e+00
15.21	0.0000000e+00
15.25	0.0000000e+00
15.28	0.0000000e+00
15.31	0.0000000e+00
15.35	0.0000000e+00
15.38	0.0000000e+00
15.42	0.0000000e+00
15.45	0.0000000e+00
15.48	0.0000000e+00
15.52	0.0000000e+00
15.55	0.0000000e+00
15.59	0.0000000e+00
15.62	6.9534369e-271
15.66	7.9634592e-251
15.69	2.7801749e-232
15.72	3.8502087e-215
15.76	2.6982542e-199
15.79	1.1984904e-184
15.83	4.1546072e-171
15.86	1.3625116e-158
15.89	5.0504651e-147
15.93	2.4942516e-136
15.96	1.9107952e-126
16.00	2.6134702e-117
16.03	7.2678849e-109
16.06	4.6342974e-101
16.10	7.5719111e-94
16.13	3.5131154e-87
16.17	5.0897696e-81
16.20	2.5139926e-75
16.23	4.5914950e-70
16.27	3.3425077e-65
16.30	1.0395931e-60
16.34	1.4729828e-56
16.37	1.0088897e-52
16.40	3.5287928e-49
16.44	6.6309078e-46
16.47	7.0153722e-43
16.51	4.3640527e-40
16.54	1.6615042e-37
16.58	4.0177507e-35
16.61	6.3858511e-33
16.64	6.8860631e-31
16.68	5.1875758e-29
16.71	2.8052077e-27
16.75	1.1164828e-25
16.78	3.3472278e-24
16.81	7.7226590e-23
16.85	1.3986164e-21
16.88	2.0250461e-20
16.92	2.3841397e-19
16.95	2.3184184e-18
16.98	1.8893253e-17
17.02	1.3076619e-16
17.05	7.7828777e-16
17.09	4.0292068e-15
17.12	1.8337458e-14
17.15	7.4090043e-14
17.19	2.6817865e-13
17.22	8.7696131e-13
17.26	2.6109885e-12
17.29	7.1289085e-12
17.32	1.7969170e-11
17.36	4.2072551e-11
17.39	9.2027253e-11
17.43	1.8905090e-10
17.46	3.6653401e-10
17.49	6.7374420e-10
17.53	1.1790929e-09
17.56	1.9722684e-09
17.60	3.1645903e-09
17.63	4.8871529e-09
17.67	7.2866602e-09
17.70	1.0519241e-08
17.73	1.4742888e-08
17.77	2.0109395e-08
17.80	2.6756782e-08
17.84	3.4803084e-08
17.87	4.4342224e-08
17.90	5.5442324e-08
17.94	6.8146547e-08
17.97	8.2476215e-08
18.01	9.8435724e-08
18.04	1.1601865e-07
18.07	1.3521442e-07
18.11	1.5601484e-07
18.14	1.7842023e-07
18.18	2.0244455e-07
18.21	2.2811956e-07
18.24	2.5549793e-07
18.28	2.8465527e-07
18.31	3.1569141e-07
18.35	3.4873100e-07
18.38	3.8392366e-07
18.41	4.2144385e-07
18.45	4.6149068e-07
18.48	5.0428777e-07
18.52	5.5008317e-07
18.55	5.9914961e-07
18.59	6.5178491e-07
18.62	7.0831274e-07
18.65	7.6908367e-07
18.69	8.3447654e-07
18.72	9.0490011e-07
18.76	9.8079510e-07
18.79	1.0626364e-06
18.82	1.1509359e-06
18.86	1.2462449e-06
18.89	1.3491581e-06
18.93	1.4603163e-06
18.96	1.5804110e-06
18.99	1.7101880e-06
19.03	1.8504527e-06
19.06	2.0020741e-06
19.10	2.1659913e-06
19.13	2.3432184e-06
19.16	2.5348511e-06
19.20	2.7420738e-06
19.23	2.9661664e-06
19.27	3.2085127e-06
19.30	3.4706087e-06
19.33	3.7540721e-06
19.37	4.0606522e-06
19.40	4.3922407e-06
19.44	4.7508836e-06
19.47	5.1387939e-06
19.51	5.5583652e-06
19.54	6.0121864e-06
19.57	6.5030583e-06
19.61	7.0340105e-06
19.64	7.6083206e-06
19.68	8.2295343e-06
19.71	8.9014877e-06
19.74	9.6283308e-06
19.78	1.0414554e-05
19.81	1.1265016e-05
19.85	1.2184973e-05
19.88	1.3180113e-05
19.91	1.4256592e-05
19.95	1.5421070e-05
19.98	1.6680755e-05
20.02	1.8043447e-05
20.05	1.9517589e-05
20.08	2.1112319e-05
20.12	2.2837527e-05
20.15	2.4703919e-05
20.19	2.6723085e-05
20.22	2.8907571e-05
20.25	3.1270962e-05
20.29	3.3827968e-05
20.32	3.6594516e-05
20.36	3.9587855e-05
20.39	4.2826670e-05
20.42	4.6331197e-05
20.46	5.0123362e-05
20.49	5.4226918e-05
20.53	5.8667607e-05
20.56	6.3473328e-05
20.60	6.8674323e-05
20.63	7.4303379e-05
20.66	8.0396049e-05
20.70	8.6990897e-05
20.73	9.4129757e-05
20.77	1.0185802e-04
20.80	1.1022497e-04
20.83	1.1928409e-04
20.87	1.2909349e-04
20.90	1.3971628e-04
20.94	1.5122106e-04
20.97	1.6368241e-04
21.00	1.7718145e-04
21.04	1.9180646e-04
21.07	2.0765352e-04
21.11	2.2482732e-04
21.14	2.4344194e-04
21.17	2.6362181e-04
21.21	2.8550269e-04
21.24	3.0923286e-04
21.28	3.3497436e-04
21.31	3.6290445e-04
21.34	3.9321716e-04
21.38	4.2612516e-04
21.41	4.6186170e-04
21.45	5.0068299e-04
21.48	5.4287071e-04
21.52	5.8873502e-04
21.55	6.3861787e-04
21.58	6.9289687e-04
21.62	7.5198968e-04
21.65	8.1635908e-04
21.69	8.8651882e-04
21.72	9.6304042e-04
21.75	1.0465611e-03
21.79	1.1377930e-03
21.82	1.2375342e-03
21.86	1.3466813e-03
21.89	1.4662452e-03
21.92	1.5973687e-03
21.96	1.7413493e-03
21.99	1.8996651e-03
22.03	2.0740075e-03
22.06	2.2663212e-03
22.09	2.4788532e-03
22.13	2.7142153e-03
22.16	2.9754617e-03
22.20	3.2661897e-03
22.23	3.5906701e-03
22.26	3.9540196e-03
22.30	4.3624341e-03
22.33	4.8235154e-03
22.37	5.3467513e-03
22.40	5.9442855e-03
22.43	6.6322992e-03
22.47	7.4337803e-03
22.50	8.3844117e-03
22.54	9.5450419e-03
22.57	1.1026715e-02
22.61	1.3036871e-02
22.64	1.5956357e-02
22.67	2.0453715e-02
22.71	2.7633535e-02
22.74	3.9199410e-02
22.78	5.7592695e-02
22.81	8.6053247e-02
22.84	1.2854590e-01
22.88	1.8951237e-01
22.91	2.7344179e-01
22.95	3.8429712e-01
22.98	5.2487576e-01
23.01	6.9620986e-01
23.05	8.9711509e-01
23.08	1.1239765e+00
23.12	1.3708197e+00
23.15	1.6296684e+00
23.18	1.8911406e+00
23.22	2.1452015e+00
23.25	2.3819728e+00
23.29	2.5924945e+00
23.32	2.7693551e+00
23.35	2.9071299e+00
23.39	3.0026003e+00
23.42	3.0547598e+00
23.46	3.0646369e+00
23.49	3.0349810e+00
23.53	2.9698667e+00
23.56	2.8742685e+00
23.59	2.7536501e+00
23.63	2.6136000e+00
23.66	2.4595344e+00
23.70	2.2964737e+00
23.73	2.1288927e+00
23.76	1.9606368e+00
23.80	1.7948914e+00
23.83	1.6341951e+00
23.87	1.4804810e+00
23.90	1.3351384e+00
23.93	1.1990839e+00
23.97	1.0728354e+00
24.00	9.5658536e-01
24.04	8.5026800e-01
24.07	7.5361995e-01
24.10	6.6623274e-01
24.14	5.8759727e-01
24.17	5.1714035e-01
24.21	4.5425412e-01
24.24	3.9831905e-01
24.27	3.4872151e-01
24.31	3.0486664e-01
24.34	2.6618744e-01
24.38	2.3215078e-01
24.41	2.0226094e-01
24.44	1.7606131e-01
24.48	1.5313462e-01
24.51	1.3310212e-01
24.55	1.1562208e-01
24.58	1.0038772e-01
24.62	8.7124898e-02
24.65	7.5589572e-02
24.68	6.5565288e-02
24.72	5.6860644e-02
24.75	4.9306867e-02
24.79	4.2755498e-02
24.82	3.7076245e-02
24.85	3.2154986e-02
24.89	2.7891935e-02
24.92	2.4199991e-02
24.96	2.1003227e-02
24.99	1.8235545e-02
25.02	1.5839473e-02
25.06	1.3765089e-02
25.09	1.1969069e-02
25.13	1.0413849e-02
25.16	9.0668805e-03
25.19	7.8999815e-03
25.23	6.8887637e-03
25.26	6.0121324e-03
25.30	5.2518499e-03
25.33	4.5921544e-03
25.36	4.0194276e-03
25.40	3.5219066e-03
25.43	3.0894327e-03
25.47	2.7132339e-03
25.50	2.3857363e-03
25.54	2.1004007e-03
25.57	1.8515809e-03
25.60	1.6344018e-03
25.64	1.4446534e-03
25.67	1.2786993e-03
25.71	1.1333984e-03
25.74	1.0060361e-03
25.77	8.9426625e-04
25.81	7.9606007e-04
25.84	7.0966266e-04
25.88	6.3355533e-04
25.91	5.6642311e-04
25.94	5.0712687e-04
25.98	4.5467917e-04
26.01	4.0822355e-04
26.05	3.6701659e-04
26.08	3.3041256e-04
26.11	2.9785011e-04
26.15	2.6884083e-04
26.18	2.4295942e-04
26.22	2.1983513e-04
26.25	1.9914451e-04
26.28	1.8060504e-04
26.32	1.6396968e-04
26.35	1.4902217e-04
26.39	1.3557301e-04
26.42	1.2345588e-04
26.45	1.1252468e-04
26.49	1.0265086e-04
26.52	9.3721196e-05
26.56	8.5635804e-05
26.59	7.8306453e-05
26.63	7.1655094e-05
26.66	6.5612587e-05
26.69	6.0117596e-05
26.73	5.5115624e-05
26.76	5.0558185e-05
26.80	4.6402074e-05
26.83	4.2608736e-05
26.86	3.9143717e-05
26.90	3.5976181e-05
26.93	3.3078491e-05
26.97	3.0425844e-05
27.00	2.7995945e-05
