# NeutrinoAntineutrinoInteraction/NeutrinoAntineutrinoResonanceStrange interaction rates
# neutrino field: massive Cosmic Neutrino Background, T_CnuB = 1.94535456 K
# Produced with crpropa-data version: 60a1560e37035039ec25f414e0c42a2444bad49c
# log10(E/eV), 1/lambda [1/Mpc]
14.19	0.0000000e+00
14.22	0.0000000e+00
14.26	0.0000000e+00
14.29	0.0000000e+00
14.33	0.0000000e+00
14.36	0.0000000e+00
14.39	0.0000000e+00
14.43	0.0000000e+00
14.46	0.0000000e+00
14.50	0.0000000e+00
14.53	0.0000000e+00
14.57	0.0000000e+00
14.60	0.0000000e+00
14.63	0.0000000e+00
14.67	0.0000000e+00
14.70	0.0000000e+00
14.74	0.0000000e+00
14.77	0.0000000e+00
14.80	0.0000000e+00
14.84	0.0000000e+00
14.87	0.0000000e+00
14.91	0.0000000e+00
14.94	0.0000000e+00
14.97	0.0000000e+00
15.01	0.0000000e+00
15.04	0.0000000e+00
15.08	0.0000000e+00
15.11	0.0000000e+00
15.14	0.0000000e+00
15.18	0.0000000e+00
15.21	0.0000000e+00
15.25	0.0000000e+00
15.28	0.0000000e+00
15.31	0.0000000e+00
15.35	0.0000000e+00
15.38	0.0000000e+00
15.42	0.0000000e+00
15.45	0.0000000e+00
15.48	0.0000000e+00
15.52	0.0000000e+00
15.55	0.0000000e+00
15.59	0.0000000e+00
15.62	0.0000000e+00
15.66	0.0000000e+00
15.69	0.0000000e+00
15.72	0.0000000e+00
15.76	0.0000000e+00
15.79	0.0000000e+00
15.83	0.0000000e+00
15.86	0.0000000e+00
15.89	0.0000000e+00
15.93	0.0000000e+00
15.96	0.0000000e+00
16.00	0.0000000e+00
16.03	0.0000000e+00
16.06	0.0000000e+00
16.10	0.0000000e+00
16.13	0.0000000e+00
16.17	4.3504280e-273
16.20	4.8473574e-253
16.23	1.6708929e-234
16.27	2.3184196e-217
16.30	1.6518594e-201
16.34	7.5698728e-187
16.37	2.7478711e-173
16.40	9.5801342e-161
16.44	3.8337315e-149
16.47	2.0766450e-138
16.51	1.7736073e-128
16.54	2.7505986e-119
16.58	8.8272217e-111
16.61	6.6157849e-103
16.64	1.2951977e-95
16.68	7.3472772e-89
16.71	1.3294383e-82
16.75	8.3870549e-77
16.78	2.0033971e-71
16.81	1.9558893e-66
16.85	8.3778594e-62
16.88	1.6815135e-57
16.92	1.6809711e-53
16.95	8.8579467e-50
16.98	2.5935315e-46
17.02	4.4309344e-43
17.05	4.6228942e-40
17.09	3.0728273e-37
17.12	1.3535663e-34
17.15	4.0988056e-32
17.19	8.8281533e-30
17.22	1.3958760e-27
17.26	1.6682989e-25
17.29	1.5480135e-23
17.32	1.1424107e-21
17.36	6.8472763e-20
17.39	3.3892872e-18
17.43	1.3993213e-16
17.46	4.8059536e-15
17.49	1.3297616e-13
17.53	2.6054324e-12
17.56	1.9091850e-11
17.60	3.9740793e-11
17.63	5.9302755e-11
17.67	7.8091535e-11
17.70	9.6388097e-11
17.73	1.1444637e-10
17.77	1.3249831e-10
17.80	1.5075829e-10
17.84	1.6942700e-10
17.87	1.8869480e-10
17.90	2.0874482e-10
17.94	2.2975563e-10
17.97	2.5190370e-10
18.01	2.7536566e-10
18.04	3.0032042e-10
18.07	3.2695105e-10
18.11	3.5544669e-10
18.14	3.8600431e-10
18.18	4.1883047e-10
18.21	4.5414307e-10
18.24	4.9217296e-10
18.28	5.3316576e-10
18.31	5.7738369e-10
18.35	6.2510744e-10
18.38	6.7663807e-10
18.41	7.3229906e-10
18.45	7.9243842e-10
18.48	8.5743105e-10
18.52	9.2768105e-10
18.55	1.0036244e-09
18.59	1.0857315e-09
18.62	1.1745105e-09
18.65	1.2705103e-09
18.69	1.3743241e-09
18.72	1.4865927e-09
18.76	1.6080093e-09
18.79	1.7393229e-09
18.82	1.8813437e-09
18.86	2.0349471e-09
18.89	2.2010804e-09
18.93	2.3807676e-09
18.96	2.5751167e-09
18.99	2.7853258e-09
19.03	3.0126909e-09
19.06	3.2586138e-09
19.10	3.5246111e-09
19.13	3.8123227e-09
19.16	4.1235228e-09
19.20	4.4601304e-09
19.23	4.8242219e-09
19.27	5.2180430e-09
19.30	5.6440237e-09
19.33	6.1047926e-09
19.37	6.6031937e-09
19.40	7.1423044e-09
19.44	7.7254525e-09
19.47	8.3562383e-09
19.51	9.0385580e-09
19.54	9.7766276e-09
19.57	1.0575008e-08
19.61	1.1438636e-08
19.64	1.2372852e-08
19.68	1.3383435e-08
19.71	1.4476641e-08
19.74	1.5659238e-08
19.78	1.6938551e-08
19.81	1.8322509e-08
19.85	1.9819692e-08
19.88	2.1439393e-08
19.91	2.3191664e-08
19.95	2.5087395e-08
19.98	2.7138373e-08
20.02	2.9357362e-08
20.05	3.1758174e-08
20.08	3.4355776e-08
20.12	3.7166371e-08
20.15	4.0207520e-08
20.19	4.3498236e-08
20.22	4.7059129e-08
20.25	5.0912524e-08
20.29	5.5082622e-08
20.32	5.9595648e-08
20.36	6.4480034e-08
20.39	6.9766610e-08
20.42	7.5488814e-08
20.46	8.1682916e-08
20.49	8.8388275e-08
20.53	9.5647603e-08
20.56	1.0350727e-07
20.60	1.1201765e-07
20.63	1.2123342e-07
20.66	1.3121400e-07
20.70	1.4202399e-07
20.73	1.5373366e-07
20.77	1.6641943e-07
20.80	1.8016452e-07
20.83	1.9505951e-07
20.87	2.1120313e-07
20.90	2.2870301e-07
20.94	2.4767654e-07
20.97	2.6825188e-07
21.00	2.9056905e-07
21.04	3.1478110e-07
21.07	3.4105555e-07
21.11	3.6957580e-07
21.14	4.0054298e-07
21.17	4.3417776e-07
21.21	4.7072260e-07
21.24	5.1044403e-07
21.28	5.5363576e-07
21.31	6.0062159e-07
21.34	6.5175927e-07
21.38	7.0744444e-07
21.41	7.6811562e-07
21.45	8.3425949e-07
21.48	9.0641751e-07
21.52	9.8519292e-07
21.55	1.0712597e-06
21.58	1.1653723e-06
21.62	1.2683778e-06
21.65	1.3812293e-06
21.69	1.5050027e-06
21.72	1.6409161e-06
21.75	1.7903531e-06
21.79	1.9548909e-06
21.82	2.1363330e-06
21.86	2.3367514e-06
21.89	2.5585363e-06
21.92	2.8044571e-06
21.96	3.0777382e-06
21.99	3.3821539e-06
22.03	3.7221460e-06
22.06	4.1029745e-06
22.09	4.5309073e-06
22.13	5.0134670e-06
22.16	5.5597496e-06
22.20	6.1808464e-06
22.23	6.8904008e-06
22.26	7.7053645e-06
22.30	8.6470254e-06
22.33	9.7424420e-06
22.37	1.1026465e-05
22.40	1.2544657e-05
22.43	1.4357588e-05
22.47	1.6547349e-05
22.50	1.9227653e-05
22.54	2.2560107e-05
22.57	2.6781397e-05
22.61	3.2250918e-05
22.64	3.9539013e-05
22.67	4.9602408e-05
22.71	6.4166074e-05
22.74	8.6664898e-05
22.78	1.2505367e-04
22.81	2.0341283e-04
22.84	4.3558039e-04
22.88	1.5274234e-03
22.91	4.8013491e-03
22.95	5.3974357e-03
22.98	4.8465279e-03
23.01	4.2369873e-03
23.05	3.6728730e-03
23.08	3.1716230e-03
23.12	2.7330449e-03
23.15	2.3521342e-03
23.18	2.0226622e-03
23.22	1.7383927e-03
23.25	1.4935219e-03
23.29	1.2828223e-03
23.32	1.1016669e-03
23.35	9.4600100e-04
23.39	8.1229341e-04
23.42	6.9748170e-04
23.46	5.9891760e-04
23.49	5.1431540e-04
23.53	4.4170548e-04
23.56	3.7939233e-04
23.59	3.2591761e-04
23.63	2.8002792e-04
23.66	2.4064660e-04
23.70	2.0684905e-04
23.73	1.7784168e-04
23.76	1.5294336e-04
23.80	1.3156973e-04
23.83	1.1321948e-04
23.87	9.7462628e-05
23.90	8.3930372e-05
23.93	7.2306466e-05
23.97	6.2319711e-05
24.00	5.3737562e-05
24.04	4.6360613e-05
24.07	4.0017883e-05
24.10	3.4562756e-05
24.14	2.9869513e-05
24.17	2.5830341e-05
24.21	2.2352775e-05
24.24	1.9357524e-05
24.27	1.6776578e-05
24.31	1.4551600e-05
24.34	1.2632543e-05
24.38	1.0976469e-05
24.41	9.5465332e-06
24.44	8.3111157e-06
24.48	7.2430734e-06
24.51	6.3191053e-06
24.55	5.5192030e-06
24.58	4.8261827e-06
24.62	4.2252820e-06
24.65	3.7038167e-06
24.68	3.2508842e-06
24.72	2.8571116e-06
24.75	2.5144374e-06
24.79	2.2159260e-06
24.82	1.9556086e-06
24.85	1.7283468e-06
24.89	1.5297145e-06
24.92	1.3558979e-06
24.96	1.2036088e-06
24.99	1.0700115e-06
25.02	9.5265808e-07
25.06	8.4943526e-07
25.09	7.5851665e-07
25.13	6.7832338e-07
25.16	6.0748932e-07
25.19	5.4483169e-07
25.23	4.8932556e-07
25.26	4.4008215e-07
25.30	3.9633002e-07
25.33	3.5739902e-07
25.36	3.2270634e-07
25.40	2.9174470e-07
25.43	2.6407217e-07
25.47	2.3930325e-07
25.50	2.1710132e-07
25.54	1.9717210e-07
25.57	1.7925802e-07
25.60	1.6313331e-07
25.64	1.4859990e-07
25.67	1.3548372e-07
25.71	1.2363163e-07
25.74	1.1290869e-07
25.77	1.0319585e-07
25.81	9.4387933e-08
25.84	8.6391861e-08
25.88	7.9125148e-08
25.91	7.2514610e-08
25.94	6.6495184e-08
25.98	6.1008950e-08
26.01	5.6004283e-08
26.05	5.1435105e-08
26.08	4.7260212e-08
26.11	4.3442718e-08
26.15	3.9949541e-08
26.18	3.6750986e-08
26.22	3.3820345e-08
26.25	3.1133572e-08
26.28	2.8668985e-08
26.32	2.6407014e-08
26.35	2.4329969e-08
26.39	2.2421842e-08
26.42	2.0668130e-08
26.45	1.9055675e-08
26.49	1.7572532e-08
26.52	1.6207843e-08
26.56	1.4951723e-08
26.59	1.3795172e-08
26.63	1.2729985e-08
26.66	1.1748678e-08
26.69	1.0844415e-08
26.73	1.0010951e-08
26.76	9.2425725e-09
26.80	8.5340519e-09
26.83	7.8806018e-09
26.86	7.2778334e-09
26.90	6.7217244e-09
26.93	6.2085835e-09
26.97	5.7350238e-09
27.00	5.2979336e-09
