# NeutrinoAntineutrinoInteraction/NeutrinoAntineutrinoResonanceStrange interaction rates
# neutrino field: massive Cosmic Neutrino Background, T_CnuB = 1.94535456 K
# Produced with crpropa-data version: 60a1560e37035039ec25f414e0c42a2444bad49c
# log10(E/eV), 1/lambda [1/Mpc]
14.50	0.0000000e+00
14.53	0.0000000e+00
14.57	0.0000000e+00
14.60	0.0000000e+00
14.63	0.0000000e+00
14.67	0.0000000e+00
14.70	0.0000000e+00
14.74	0.0000000e+00
14.77	0.0000000e+00
14.80	0.0000000e+00
14.84	0.0000000e+00
14.87	0.0000000e+00
14.91	0.0000000e+00
14.94	0.0000000e+00
14.97	0.0000000e+00
15.01	0.0000000e+00
15.04	0.0000000e+00
15.08	0.0000000e+00
15.11	0.0000000e+00
15.14	0.0000000e+00
15.18	0.0000000e+00
15.21	0.0000000e+00
15.25	0.0000000e+00
15.28	0.0000000e+00
15.31	0.0000000e+00
15.35	0.0000000e+00
15.38	0.0000000e+00
15.42	0.0000000e+00
15.45	0.0000000e+00
15.48	0.0000000e+00
15.52	0.0000000e+00
15.55	0.0000000e+00
15.59	0.0000000e+00
15.62	0.0000000e+00
15.66	0.0000000e+00
15.69	0.0000000e+00
15.72	0.0000000e+00
15.76	0.0000000e+00
15.79	0.0000000e+00
15.83	0.0000000e+00
15.86	0.0000000e+00
15.89	0.0000000e+00
15.93	0.0000000e+00
15.96	0.0000000e+00
16.00	0.0000000e+00
16.03	0.0000000e+00
16.06	0.0000000e+00
16.10	0.0000000e+00
16.13	0.0000000e+00
16.17	0.0000000e+00
16.20	0.0000000e+00
16.23	0.0000000e+00
16.27	0.0000000e+00
16.30	0.0000000e+00
16.34	0.0000000e+00
16.37	0.0000000e+00
16.40	0.0000000e+00
16.44	0.0000000e+00
16.47	6.0942446e-272
16.51	3.4716501e-252
16.54	6.3548071e-234
16.58	4.8446952e-217
16.61	1.9551350e-201
16.64	5.2134376e-187
16.68	1.1275480e-173
16.71	2.3906668e-161
16.75	5.9207399e-150
16.78	2.0140230e-139
16.81	1.0930368e-129
16.85	1.0870008e-120
16.88	2.2514126e-112
16.92	1.0932536e-104
16.95	1.3885429e-97
16.98	5.1040674e-91
17.02	5.9624263e-85
17.05	2.4134868e-79
17.09	3.6670259e-74
17.12	2.2518635e-69
17.15	5.9843740e-65
17.19	7.3315203e-61
17.22	4.3898284e-57
17.26	1.3559526e-53
17.29	2.2713308e-50
17.32	2.1607997e-47
17.36	1.2184098e-44
17.39	4.2360883e-42
17.43	9.4185586e-40
17.46	1.3851966e-37
17.49	1.3902743e-35
17.53	9.8013231e-34
17.56	4.9848546e-32
17.60	1.8746459e-30
17.63	5.3332646e-29
17.67	1.1722930e-27
17.70	2.0301151e-26
17.73	2.8202086e-25
17.77	3.1956790e-24
17.80	2.9996247e-23
17.84	2.3658626e-22
17.87	1.5887754e-21
17.90	9.1957544e-21
17.94	4.6394664e-20
17.97	2.0617744e-19
18.01	8.1489925e-19
18.04	2.8902802e-18
18.07	9.2756224e-18
18.11	2.7141848e-17
18.14	7.2930282e-17
18.18	1.8113354e-16
18.21	4.1836154e-16
18.24	9.0367193e-16
18.28	1.8350167e-15
18.31	3.5199517e-15
18.35	6.4068395e-15
18.38	1.1111216e-14
18.41	1.8431380e-14
18.45	2.9347973e-14
18.48	4.5004358e-14
18.52	6.6667597e-14
18.55	9.5673104e-14
18.59	1.3335892e-13
18.62	1.8099734e-13
18.65	2.3973222e-13
18.69	3.1052924e-13
18.72	3.9414465e-13
18.76	4.9111514e-13
18.79	6.0176898e-13
18.82	7.2625586e-13
18.86	8.6459104e-13
18.89	1.0167086e-12
18.93	1.1825183e-12
18.96	1.3619607e-12
18.99	1.5550578e-12
19.03	1.7619552e-12
19.06	1.9829556e-12
19.10	2.2185431e-12
19.13	2.4693998e-12
19.16	2.7364150e-12
19.20	3.0206892e-12
19.23	3.3235352e-12
19.27	3.6464768e-12
19.30	3.9912467e-12
19.33	4.3597859e-12
19.37	4.7542434e-12
19.40	5.1769783e-12
19.44	5.6305639e-12
19.47	6.1177950e-12
19.51	6.6416971e-12
19.54	7.2055382e-12
19.57	7.8128442e-12
19.61	8.4674157e-12
19.64	9.1733486e-12
19.68	9.9350561e-12
19.71	1.0757295e-11
19.74	1.1645191e-11
19.78	1.2604275e-11
19.81	1.3640509e-11
19.85	1.4760328e-11
19.88	1.5970679e-11
19.91	1.7279061e-11
19.95	1.8693574e-11
19.98	2.0222970e-11
20.02	2.1876703e-11
20.05	2.3664991e-11
20.08	2.5598881e-11
20.12	2.7690314e-11
20.15	2.9952199e-11
20.19	3.2398496e-11
20.22	3.5044302e-11
20.25	3.7905943e-11
20.29	4.1001074e-11
20.32	4.4348795e-11
20.36	4.7969763e-11
20.39	5.1886320e-11
20.42	5.6122640e-11
20.46	6.0704868e-11
20.49	6.5661292e-11
20.53	7.1022513e-11
20.56	7.6821638e-11
20.60	8.3094485e-11
20.63	8.9879810e-11
20.66	9.7219542e-11
20.70	1.0515905e-10
20.73	1.1374744e-10
20.77	1.2303782e-10
20.80	1.3308768e-10
20.83	1.4395923e-10
20.87	1.5571981e-10
20.90	1.6844229e-10
20.94	1.8220552e-10
20.97	1.9709488e-10
21.00	2.1320278e-10
21.04	2.3062926e-10
21.07	2.4948261e-10
21.11	2.6988010e-10
21.14	2.9194870e-10
21.17	3.1582590e-10
21.21	3.4166061e-10
21.24	3.6961411e-10
21.28	3.9986110e-10
21.31	4.3259086e-10
21.34	4.6800846e-10
21.38	5.0633614e-10
21.41	5.4781478e-10
21.45	5.9270547e-10
21.48	6.4129132e-10
21.52	6.9387931e-10
21.55	7.5080243e-10
21.58	8.1242195e-10
21.62	8.7912989e-10
21.65	9.5135177e-10
21.69	1.0295496e-09
21.72	1.1142253e-09
21.75	1.2059240e-09
21.79	1.3052382e-09
21.82	1.4128124e-09
21.86	1.5293473e-09
21.89	1.6556058e-09
21.92	1.7924182e-09
21.96	1.9406891e-09
21.99	2.1014049e-09
22.03	2.2756408e-09
22.06	2.4645709e-09
22.09	2.6694773e-09
22.13	2.8917613e-09
22.16	3.1329561e-09
22.20	3.3947405e-09
22.23	3.6789546e-09
22.26	3.9876173e-09
22.30	4.3229465e-09
22.33	4.6873813e-09
22.37	5.0836080e-09
22.40	5.5145892e-09
22.43	5.9835976e-09
22.47	6.4942540e-09
22.50	7.0505718e-09
22.54	7.6570082e-09
22.57	8.3185237e-09
22.61	9.0406517e-09
22.64	9.8295790e-09
22.67	1.0692242e-08
22.71	1.1636440e-08
22.74	1.2670970e-08
22.78	1.3805784e-08
22.81	1.5052190e-08
22.84	1.6423078e-08
22.88	1.7933216e-08
22.91	1.9599594e-08
22.95	2.1441870e-08
22.98	2.3482913e-08
23.01	2.5749507e-08
23.05	2.8273241e-08
23.08	3.1091683e-08
23.12	3.4249928e-08
23.15	3.7802710e-08
23.18	4.1817377e-08
23.22	4.6378331e-08
23.25	5.1594288e-08
23.29	5.7611617e-08
23.32	6.4641508e-08
23.35	7.3017995e-08
23.39	8.3319928e-08
23.42	9.6612310e-08
23.46	1.1488357e-07
23.49	1.4175897e-07
23.53	1.8353390e-07
23.56	2.5047692e-07
23.59	3.5820568e-07
23.63	5.2877609e-07
23.66	7.9101279e-07
23.70	1.1796163e-06
23.73	1.7327489e-06
23.76	2.4881102e-06
23.80	3.4778915e-06
23.83	4.7233326e-06
23.87	6.2297999e-06
23.90	7.9832912e-06
23.93	9.9490659e-06
23.97	1.2072736e-05
24.00	1.4283737e-05
24.04	1.6500720e-05
24.07	1.8638114e-05
24.10	2.0612985e-05
24.14	2.2351355e-05
24.17	2.3793267e-05
24.21	2.4896158e-05
24.24	2.5636367e-05
24.27	2.6008852e-05
24.31	2.6025429e-05
24.34	2.5711927e-05
24.38	2.5104746e-05
24.41	2.4247239e-05
24.44	2.3186277e-05
24.48	2.1969258e-05
24.51	2.0641693e-05
24.55	1.9245437e-05
24.58	1.7817529e-05
24.62	1.6389573e-05
24.65	1.4987562e-05
24.68	1.3632040e-05
24.72	1.2338499e-05
24.75	1.1117920e-05
24.79	9.9773861e-06
24.82	8.9207175e-06
24.85	7.9490804e-06
24.89	7.0615521e-06
24.92	6.2556219e-06
24.96	5.5276249e-06
24.99	4.8731059e-06
25.02	4.2871178e-06
25.06	3.7644611e-06
25.09	3.2998691e-06
25.13	2.8881497e-06
25.16	2.5242872e-06
25.19	2.2035150e-06
25.23	1.9213612e-06
25.26	1.6736761e-06
25.30	1.4566436e-06
25.33	1.2667812e-06
25.36	1.1009317e-06
25.40	9.5624962e-07
25.43	8.3018268e-07
25.47	7.2045196e-07
25.50	6.2503038e-07
25.54	5.4212102e-07
25.57	4.7013589e-07
25.60	4.0767538e-07
25.64	3.5350896e-07
25.67	3.0655710e-07
25.71	2.6587456e-07
25.74	2.3063515e-07
25.77	2.0011788e-07
25.81	1.7369446e-07
25.84	1.5081803e-07
25.88	1.3101321e-07
25.91	1.1386714e-07
25.94	9.9021604e-08
25.98	8.6166045e-08
26.01	7.5031411e-08
26.05	6.5384771e-08
26.08	5.7024569e-08
26.11	4.9776487e-08
26.15	4.3489827e-08
26.18	3.8034356e-08
26.22	3.3297560e-08
26.25	2.9182257e-08
26.28	2.5604520e-08
26.32	2.2491882e-08
26.35	1.9781774e-08
26.39	1.7420173e-08
26.42	1.5360434e-08
26.45	1.3562283e-08
26.49	1.1990937e-08
26.52	1.0616354e-08
26.56	9.4125783e-09
26.59	8.3571823e-09
26.63	7.4307776e-09
26.66	6.6165990e-09
26.69	5.9001426e-09
26.73	5.2688558e-09
26.76	4.7118691e-09
26.80	4.2197648e-09
26.83	3.7843788e-09
26.86	3.3986286e-09
26.90	3.0563661e-09
26.93	2.7522498e-09
26.97	2.4816359e-09
27.00	2.2404829e-09
