# NeutrinoAntineutrinoInteraction/NeutrinoAntineutrinoResonanceStrange interaction rates
# neutrino field: massive Cosmic Neutrino Background, T_CnuB = 1.94535456 K
# Produced with crpropa-data version: 60a1560e37035039ec25f414e0c42a2444bad49c
# log10(E/eV), 1/lambda [1/Mpc]
13.88	0.0000000e+00
13.92	0.0000000e+00
13.95	0.0000000e+00
13.99	0.0000000e+00
14.02	0.0000000e+00
14.05	0.0000000e+00
14.09	0.0000000e+00
14.12	0.0000000e+00
14.16	0.0000000e+00
14.19	0.0000000e+00
14.22	0.0000000e+00
14.26	0.0000000e+00
14.29	0.0000000e+00
14.33	0.0000000e+00
14.36	0.0000000e+00
14.39	0.0000000e+00
14.43	0.0000000e+00
14.46	0.0000000e+00
14.50	0.0000000e+00
14.53	0.0000000e+00
14.57	0.0000000e+00
14.60	0.0000000e+00
14.63	0.0000000e+00
14.67	0.0000000e+00
14.70	0.0000000e+00
14.74	0.0000000e+00
14.77	0.0000000e+00
14.80	0.0000000e+00
14.84	0.0000000e+00
14.87	0.0000000e+00
14.91	0.0000000e+00
14.94	0.0000000e+00
14.97	0.0000000e+00
15.01	0.0000000e+00
15.04	0.0000000e+00
15.08	0.0000000e+00
15.11	0.0000000e+00
15.14	0.0000000e+00
15.18	0.0000000e+00
15.21	0.0000000e+00
15.25	0.0000000e+00
15.28	0.0000000e+00
15.31	0.0000000e+00
15.35	0.0000000e+00
15.38	0.0000000e+00
15.42	0.0000000e+00
15.45	0.0000000e+00
15.48	0.0000000e+00
15.52	0.0000000e+00
15.55	0.0000000e+00
15.59	0.0000000e+00
15.62	0.0000000e+00
15.66	0.0000000e+00
15.69	0.0000000e+00
15.72	0.0000000e+00
15.76	0.0000000e+00
15.79	0.0000000e+00
15.83	0.0000000e+00
15.86	3.7742030e-275
15.89	7.0446680e-255
15.93	3.8632951e-236
15.96	8.1226861e-219
16.00	8.3742695e-203
16.03	5.3149418e-188
16.06	2.5627092e-174
16.10	1.1402570e-161
16.13	5.6039032e-150
16.17	3.5921453e-139
16.20	3.5021695e-129
16.23	5.9861770e-120
16.27	2.0457130e-111
16.30	1.5782359e-103
16.34	3.0753963e-96
16.37	1.6792787e-89
16.40	2.8283034e-83
16.44	1.6056642e-77
16.47	3.3353800e-72
16.51	2.7349277e-67
16.54	9.4955260e-63
16.58	1.4894628e-58
16.61	1.1207742e-54
16.64	4.2762260e-51
16.68	8.7079833e-48
16.71	9.9236267e-45
16.75	6.6122382e-42
16.78	2.6825398e-39
16.81	6.8790929e-37
16.85	1.1543691e-34
16.88	1.3088627e-32
16.92	1.0328526e-30
16.95	5.8299849e-29
16.98	2.4142116e-27
17.02	7.5080623e-26
17.05	1.7919471e-24
17.09	3.3485726e-23
17.12	4.9907931e-22
17.15	6.0351507e-21
17.19	6.0157494e-20
17.22	5.0157061e-19
17.26	3.5456449e-18
17.29	2.1518794e-17
17.32	1.1343079e-16
17.36	5.2491405e-16
17.39	2.1537493e-15
17.43	7.9074320e-15
17.46	2.6199648e-14
17.49	7.8956285e-14
17.53	2.1800525e-13
17.56	5.5521287e-13
17.60	1.3124148e-12
17.63	2.8960647e-12
17.67	5.9978078e-12
17.70	1.1715867e-11
17.73	2.1684340e-11
17.77	3.8190349e-11
17.80	6.4254984e-11
17.84	1.0365503e-10
17.87	1.6086910e-10
17.90	2.4094312e-10
17.94	3.4928338e-10
17.97	4.9139796e-10
18.01	6.7261658e-10
18.04	8.9782246e-10
18.07	1.1712284e-09
18.11	1.4962220e-09
18.14	1.8752955e-09
18.18	2.3100632e-09
18.21	2.8013605e-09
18.24	3.3494077e-09
18.28	3.9540185e-09
18.31	4.6148301e-09
18.35	5.3315339e-09
18.38	6.1040900e-09
18.41	6.9329115e-09
18.45	7.8190145e-09
18.48	8.7641298e-09
18.52	9.7707802e-09
18.55	1.0842327e-08
18.59	1.1982993e-08
18.62	1.3197871e-08
18.65	1.4492920e-08
18.69	1.5874958e-08
18.72	1.7351656e-08
18.76	1.8931535e-08
18.79	2.0623975e-08
18.82	2.2439227e-08
18.86	2.4388438e-08
18.89	2.6483683e-08
18.93	2.8738018e-08
18.96	3.1165532e-08
18.99	3.3781413e-08
19.03	3.6602034e-08
19.06	3.9645032e-08
19.10	4.2929419e-08
19.13	4.6475683e-08
19.16	5.0305917e-08
19.20	5.4443947e-08
19.23	5.8915481e-08
19.27	6.3748266e-08
19.30	6.8972257e-08
19.33	7.4619804e-08
19.37	8.0725853e-08
19.40	8.7328161e-08
19.44	9.4467531e-08
19.47	1.0218807e-07
19.51	1.1053744e-07
19.54	1.1956720e-07
19.57	1.2933307e-07
19.61	1.3989533e-07
19.64	1.5131915e-07
19.68	1.6367502e-07
19.71	1.7703918e-07
19.74	1.9149408e-07
19.78	2.0712893e-07
19.81	2.2404021e-07
19.85	2.4233230e-07
19.88	2.6211811e-07
19.91	2.8351979e-07
19.95	3.0666950e-07
19.98	3.3171021e-07
20.02	3.5879661e-07
20.05	3.8809607e-07
20.08	4.1978970e-07
20.12	4.5407344e-07
20.15	4.9115933e-07
20.19	5.3127683e-07
20.22	5.7467425e-07
20.25	6.2162029e-07
20.29	6.7240581e-07
20.32	7.2734557e-07
20.36	7.8678027e-07
20.39	8.5107873e-07
20.42	9.2064017e-07
20.46	9.9589680e-07
20.49	1.0773166e-06
20.53	1.1654062e-06
20.56	1.2607142e-06
20.60	1.3638349e-06
20.63	1.4754118e-06
20.66	1.5961420e-06
20.70	1.7267806e-06
20.73	1.8681458e-06
20.77	2.0211243e-06
20.80	2.1866768e-06
20.83	2.3658451e-06
20.87	2.5597582e-06
20.90	2.7696407e-06
20.94	2.9968206e-06
20.97	3.2427385e-06
21.00	3.5089577e-06
21.04	3.7971749e-06
21.07	4.1092322e-06
21.11	4.4471299e-06
21.14	4.8130414e-06
21.17	5.2093284e-06
21.21	5.6385584e-06
21.24	6.1035240e-06
21.28	6.6072636e-06
21.31	7.1530852e-06
21.34	7.7445914e-06
21.38	8.3857087e-06
21.41	9.0807185e-06
21.45	9.8342927e-06
21.48	1.0651533e-05
21.52	1.1538013e-05
21.55	1.2499832e-05
21.58	1.3543662e-05
21.62	1.4676816e-05
21.65	1.5907316e-05
21.69	1.7243969e-05
21.72	1.8696458e-05
21.75	2.0275441e-05
21.79	2.1992669e-05
21.82	2.3861114e-05
21.86	2.5895120e-05
21.89	2.8110577e-05
21.92	3.0525122e-05
21.96	3.3158367e-05
21.99	3.6032175e-05
22.03	3.9170969e-05
22.06	4.2602107e-05
22.09	4.6356321e-05
22.13	5.0468234e-05
22.16	5.4976984e-05
22.20	5.9926966e-05
22.23	6.5368740e-05
22.26	7.1360127e-05
22.30	7.7967557e-05
22.33	8.5267741e-05
22.37	9.3349763e-05
22.40	1.0231771e-04
22.43	1.1229406e-04
22.47	1.2342405e-04
22.50	1.3588145e-04
22.54	1.4987639e-04
22.57	1.6566615e-04
22.61	1.8357100e-04
22.64	2.0399920e-04
22.67	2.2749118e-04
22.71	2.5480695e-04
22.74	2.8711121e-04
22.78	3.2636687e-04
22.81	3.7613240e-04
22.84	4.4305185e-04
22.88	5.3937494e-04
22.91	6.8675865e-04
22.95	9.2129863e-04
22.98	1.2991981e-03
23.01	1.9018120e-03
23.05	2.8382431e-03
23.08	4.2435089e-03
23.12	6.2707611e-03
23.15	9.0771406e-03
23.18	1.2804347e-02
23.22	1.7556487e-02
23.25	2.3378783e-02
23.29	3.0240972e-02
23.32	3.8028607e-02
23.35	4.6544176e-02
23.39	5.5518262e-02
23.42	6.4629342e-02
23.46	7.3529471e-02
23.49	8.1872389e-02
23.53	8.9340475e-02
23.56	9.5667431e-02
23.59	1.0065452e-01
23.63	1.0417922e-01
23.66	1.0619644e-01
23.70	1.0673303e-01
23.73	1.0587745e-01
23.76	1.0376624e-01
23.80	1.0056925e-01
23.83	9.6475186e-02
23.87	9.1678702e-02
23.90	8.6369670e-02
23.93	8.0725080e-02
23.97	7.4903488e-02
24.00	6.9041797e-02
24.04	6.3253993e-02
24.07	5.7631402e-02
24.10	5.2244041e-02
24.14	4.7142673e-02
24.17	4.2361260e-02
24.21	3.7919546e-02
24.24	3.3825605e-02
24.27	3.0078225e-02
24.31	2.6669042e-02
24.34	2.3584418e-02
24.38	2.0807018e-02
24.41	1.8317118e-02
24.44	1.6093668e-02
24.48	1.4115113e-02
24.51	1.2360032e-02
24.55	1.0807607e-02
24.58	9.4379534e-03
24.62	8.2323430e-03
24.65	7.1733384e-03
24.68	6.2448587e-03
24.72	5.4321939e-03
24.75	4.7219811e-03
24.79	4.1021538e-03
24.82	3.5618732e-03
24.85	3.0914473e-03
24.89	2.6822450e-03
24.92	2.3266066e-03
24.96	2.0177568e-03
24.99	1.7497189e-03
25.02	1.5172339e-03
25.06	1.3156853e-03
25.09	1.1410282e-03
25.13	9.8972522e-04
25.16	8.5868789e-04
25.19	7.4522354e-04
25.23	6.4698770e-04
25.26	5.6194149e-04
25.30	4.8831365e-04
25.33	4.2456690e-04
25.36	3.6936813e-04
25.40	3.2156217e-04
25.43	2.8014869e-04
25.47	2.4426199e-04
25.50	2.1315322e-04
25.54	1.8617492e-04
25.57	1.6276751e-04
25.60	1.4244747e-04
25.64	1.2479717e-04
25.67	1.0945590e-04
25.71	9.6112216e-05
25.74	8.4497181e-05
25.77	7.4378608e-05
25.81	6.5556026e-05
25.84	5.7856333e-05
25.88	5.1130050e-05
25.91	4.5248072e-05
25.94	4.0098873e-05
25.98	3.5586085e-05
26.01	3.1626412e-05
26.05	2.8147837e-05
26.08	2.5088066e-05
26.11	2.2393192e-05
26.15	2.0016545e-05
26.18	1.7917698e-05
26.22	1.6061609e-05
26.25	1.4417888e-05
26.28	1.2960158e-05
26.32	1.1665512e-05
26.35	1.0514036e-05
26.39	9.4884068e-06
26.42	8.5735420e-06
26.45	7.7562954e-06
26.49	7.0251986e-06
26.52	6.3702361e-06
26.56	5.7826519e-06
26.59	5.2547825e-06
26.63	4.7799124e-06
26.66	4.3521500e-06
26.69	3.9663197e-06
26.73	3.6178694e-06
26.76	3.3027897e-06
26.80	3.0175445e-06
26.83	2.7590109e-06
26.86	2.5244267e-06
26.90	2.3113457e-06
26.93	2.1175981e-06
26.97	1.9412565e-06
27.00	1.7806063e-06
