# NeutrinoAntineutrinoInteraction/NeutrinoAntineutrinoResonanceStrange interaction rates
# neutrino field: massive Cosmic Neutrino Background, T_CnuB = 1.94535456 K
# Produced with crpropa-data version: 60a1560e37035039ec25f414e0c42a2444bad49c
# log10(E/eV), 1/lambda [1/Mpc]
13.88	0.0000000e+00
13.92	0.0000000e+00
13.95	0.0000000e+00
13.99	0.0000000e+00
14.02	0.0000000e+00
14.05	0.0000000e+00
14.09	0.0000000e+00
14.12	0.0000000e+00
14.16	0.0000000e+00
14.19	0.0000000e+00
14.22	0.0000000e+00
14.26	0.0000000e+00
14.29	0.0000000e+00
14.33	0.0000000e+00
14.36	0.0000000e+00
14.39	0.0000000e+00
14.43	0.0000000e+00
14.46	0.0000000e+00
14.50	0.0000000e+00
14.53	0.0000000e+00
14.57	0.0000000e+00
14.60	0.0000000e+00
14.63	0.0000000e+00
14.67	0.0000000e+00
14.70	0.0000000e+00
14.74	0.0000000e+00
14.77	0.0000000e+00
14.80	0.0000000e+00
14.84	0.0000000e+00
14.87	0.0000000e+00
14.91	0.0000000e+00
14.94	0.0000000e+00
14.97	0.0000000e+00
15.01	0.0000000e+00
15.04	0.0000000e+00
15.08	0.0000000e+00
15.11	0.0000000e+00
15.14	0.0000000e+00
15.18	0.0000000e+00
15.21	0.0000000e+00
15.25	0.0000000e+00
15.28	0.0000000e+00
15.31	0.0000000e+00
15.35	0.0000000e+00
15.38	0.0000000e+00
15.42	0.0000000e+00
15.45	0.0000000e+00
15.48	0.0000000e+00
15.52	0.0000000e+00
15.55	0.0000000e+00
15.59	0.0000000e+00
15.62	0.0000000e+00
15.66	0.0000000e+00
15.69	0.0000000e+00
15.72	0.0000000e+00
15.76	0.0000000e+00
15.79	0.0000000e+00
15.83	0.0000000e+00
15.86	4.8347044e-275
15.89	9.2070091e-255
15.93	5.1597854e-236
15.96	1.1105688e-218
16.00	1.1743046e-202
16.03	7.6595030e-188
16.06	3.8038113e-174
16.10	1.7472840e-161
16.13	8.8878312e-150
16.17	5.9127902e-139
16.20	6.0005357e-129
16.23	1.0710166e-119
16.27	3.8350427e-111
16.30	3.1115339e-103
16.34	6.4017695e-96
16.37	3.7065228e-89
16.40	6.6496922e-83
16.44	4.0410662e-77
16.47	9.0332336e-72
16.51	8.0160132e-67
16.54	3.0302717e-62
16.58	5.2091354e-58
16.61	4.3256384e-54
16.64	1.8349405e-50
16.68	4.1875816e-47
16.71	5.3937276e-44
16.75	4.0989578e-41
16.78	1.9149926e-38
16.81	5.7135319e-36
16.85	1.1277281e-33
16.88	1.5214577e-31
16.92	1.4461861e-29
16.95	9.9606355e-28
16.98	5.1020603e-26
17.02	1.9909866e-24
17.05	6.0527518e-23
17.09	1.4634469e-21
17.12	2.8684189e-20
17.15	4.6388627e-19
17.19	6.2911714e-18
17.22	7.2618725e-17
17.26	7.2310405e-16
17.29	6.2861103e-15
17.32	4.8201179e-14
17.36	3.2869558e-13
17.39	2.0041059e-12
17.43	1.0935533e-11
17.46	5.3020143e-11
17.49	2.2273476e-10
17.53	7.5309699e-10
17.56	1.7276909e-09
17.60	2.7253046e-09
17.63	3.6799448e-09
17.67	4.6061653e-09
17.70	5.5170853e-09
17.73	6.4246528e-09
17.77	7.3398749e-09
17.80	8.2730187e-09
17.84	9.2337894e-09
17.87	1.0231487e-08
17.90	1.1275149e-08
17.94	1.2373672e-08
17.97	1.3535937e-08
18.01	1.4770905e-08
18.04	1.6087727e-08
18.07	1.7495830e-08
18.11	1.9005014e-08
18.14	2.0625537e-08
18.18	2.2368201e-08
18.21	2.4244445e-08
18.24	2.6266423e-08
18.28	2.8447101e-08
18.31	3.0800350e-08
18.35	3.3341036e-08
18.38	3.6085128e-08
18.41	3.9049801e-08
18.45	4.2253547e-08
18.48	4.5716299e-08
18.52	4.9459556e-08
18.55	5.3506520e-08
18.59	5.7882242e-08
18.62	6.2613782e-08
18.65	6.7730377e-08
18.69	7.3263623e-08
18.72	7.9247674e-08
18.76	8.5719454e-08
18.79	9.2718882e-08
18.82	1.0028913e-07
18.86	1.0847687e-07
18.89	1.1733259e-07
18.93	1.2691089e-07
18.96	1.3727081e-07
18.99	1.4847624e-07
19.03	1.6059625e-07
19.06	1.7370557e-07
19.10	1.8788504e-07
19.13	2.0322209e-07
19.16	2.1981131e-07
19.20	2.3775501e-07
19.23	2.5716389e-07
19.27	2.7815769e-07
19.30	3.0086593e-07
19.33	3.2542878e-07
19.37	3.5199784e-07
19.40	3.8073715e-07
19.44	4.1182419e-07
19.47	4.4545095e-07
19.51	4.8182520e-07
19.54	5.2117171e-07
19.57	5.6373374e-07
19.61	6.0977448e-07
19.64	6.5957875e-07
19.68	7.1345476e-07
19.71	7.7173607e-07
19.74	8.3478367e-07
19.78	9.0298826e-07
19.81	9.7677273e-07
19.85	1.0565948e-06
19.88	1.1429501e-06
19.91	1.2363749e-06
19.95	1.3374500e-06
19.98	1.4468043e-06
20.02	1.5651186e-06
20.05	1.6931304e-06
20.08	1.8316381e-06
20.12	1.9815067e-06
20.15	2.1436733e-06
20.19	2.3191531e-06
20.22	2.5090460e-06
20.25	2.7145442e-06
20.29	2.9369398e-06
20.32	3.1776335e-06
20.36	3.4381440e-06
20.39	3.7201185e-06
20.42	4.0253436e-06
20.46	4.3557577e-06
20.49	4.7134647e-06
20.53	5.1007480e-06
20.56	5.5200876e-06
20.60	5.9741771e-06
20.63	6.4659428e-06
20.66	6.9985659e-06
20.70	7.5755055e-06
20.73	8.2005248e-06
20.77	8.8777193e-06
20.80	9.6115487e-06
20.83	1.0406872e-05
20.87	1.1268985e-05
20.90	1.2203666e-05
20.94	1.3217219e-05
20.97	1.4316534e-05
21.00	1.5509140e-05
21.04	1.6803273e-05
21.07	1.8207954e-05
21.11	1.9733069e-05
21.14	2.1389465e-05
21.17	2.3189057e-05
21.21	2.5144946e-05
21.24	2.7271560e-05
21.28	2.9584803e-05
21.31	3.2102240e-05
21.34	3.4843295e-05
21.38	3.7829484e-05
21.41	4.1084688e-05
21.45	4.4635455e-05
21.48	4.8511369e-05
21.52	5.2745457e-05
21.55	5.7374686e-05
21.58	6.2440533e-05
21.62	6.7989657e-05
21.65	7.4074699e-05
21.69	8.0755229e-05
21.72	8.8098872e-05
21.75	9.6182671e-05
21.79	1.0509472e-04
21.82	1.1493613e-04
21.86	1.2582348e-04
21.89	1.3789175e-04
21.92	1.5129803e-04
21.96	1.6622602e-04
21.99	1.8289182e-04
22.03	2.0155110e-04
22.06	2.2250835e-04
22.09	2.4612873e-04
22.13	2.7285345e-04
22.16	3.0322009e-04
22.20	3.3788949e-04
22.23	3.7768210e-04
22.26	4.2362770e-04
22.30	4.7703439e-04
22.33	5.3958644e-04
22.37	6.1348545e-04
22.40	7.0165906e-04
22.43	8.0807782e-04
22.47	9.3825121e-04
22.50	1.1000334e-03
22.54	1.3049933e-03
22.57	1.5708886e-03
22.61	1.9265411e-03
22.64	2.4227809e-03
22.67	3.1616806e-03
22.71	4.3889026e-03
22.74	6.8137562e-03
22.78	1.2703270e-02
22.81	2.9132131e-02
22.84	7.4245267e-02
22.88	1.7035630e-01
22.91	2.5913960e-01
22.95	2.4994182e-01
22.98	2.2062749e-01
23.01	1.9184855e-01
23.05	1.6590006e-01
23.08	1.4306819e-01
23.12	1.2318492e-01
23.15	1.0596115e-01
23.18	9.1087068e-02
23.22	7.8267007e-02
23.25	6.7231600e-02
23.29	5.7740933e-02
23.32	4.9584012e-02
23.35	4.2576677e-02
23.39	3.6558981e-02
23.42	3.1392463e-02
23.46	2.6957538e-02
23.49	2.3151099e-02
23.53	1.9884358e-02
23.56	1.7080926e-02
23.59	1.4675131e-02
23.63	1.2610549e-02
23.66	1.0838722e-02
23.70	9.3180463e-03
23.73	8.0128176e-03
23.76	6.8923980e-03
23.80	5.9305035e-03
23.83	5.1045884e-03
23.87	4.3953158e-03
23.90	3.7861021e-03
23.93	3.2627263e-03
23.97	2.8129940e-03
24.00	2.4264486e-03
24.04	2.0941238e-03
24.07	1.8083314e-03
24.10	1.5624785e-03
24.14	1.3509118e-03
24.17	1.1687831e-03
24.21	1.0119344e-03
24.24	8.7679969e-04
24.27	7.6031997e-04
24.31	6.5987126e-04
24.34	5.7320228e-04
24.38	4.9838135e-04
24.41	4.3375073e-04
24.44	3.7788757e-04
24.48	3.2957041e-04
24.51	2.8775050e-04
24.55	2.5152716e-04
24.58	2.2012672e-04
24.62	1.9288444e-04
24.65	1.6922903e-04
24.68	1.4866938e-04
24.72	1.3078314e-04
24.75	1.1520702e-04
24.79	1.0162839e-04
24.82	8.9778114e-05
24.85	7.9424428e-05
24.89	7.0367641e-05
24.92	6.2435623e-05
24.96	5.5479927e-05
24.99	4.9372465e-05
25.02	4.4002649e-05
25.06	3.9274944e-05
25.09	3.5106768e-05
25.13	3.1426684e-05
25.16	2.8172858e-05
25.19	2.5291719e-05
25.23	2.2736824e-05
25.26	2.0467875e-05
25.30	1.8449871e-05
25.33	1.6652387e-05
25.36	1.5048951e-05
25.40	1.3616501e-05
25.43	1.2334931e-05
25.47	1.1186691e-05
25.50	1.0156440e-05
25.54	9.2307590e-06
25.57	8.3978905e-06
25.60	7.6475217e-06
25.64	6.9705949e-06
25.67	6.3591439e-06
25.71	5.8061531e-06
25.74	5.3054353e-06
25.77	4.8515261e-06
25.81	4.4395923e-06
25.84	4.0653533e-06
25.88	3.7250116e-06
25.91	3.4151938e-06
25.94	3.1328986e-06
25.98	2.8754516e-06
26.01	2.6404664e-06
26.05	2.4258105e-06
26.08	2.2295753e-06
26.11	2.0500503e-06
26.15	1.8857001e-06
26.18	1.7351450e-06
26.22	1.5971431e-06
26.25	1.4705750e-06
26.28	1.3544309e-06
26.32	1.2477981e-06
26.35	1.1498512e-06
26.39	1.0598425e-06
26.42	9.7709403e-07
26.45	9.0099038e-07
26.49	8.3097232e-07
26.52	7.6653118e-07
26.56	7.0720375e-07
26.59	6.5256790e-07
26.63	6.0223861e-07
26.66	5.5586437e-07
26.69	5.1312403e-07
26.73	4.7372394e-07
26.76	4.3739543e-07
26.80	4.0389250e-07
26.83	3.7298974e-07
26.86	3.4448054e-07
26.90	3.1817537e-07
26.93	2.9390027e-07
26.97	2.7149555e-07
27.00	2.5081448e-07
