# NeutrinoAntineutrinoInteraction/NeutrinoAntineutrinoResonanceStrange interaction rates
# neutrino field: massive Cosmic Neutrino Background, T_CnuB = 1.94535456 K
# Produced with crpropa-data version: 60a1560e37035039ec25f414e0c42a2444bad49c
# log10(E/eV), 1/lambda [1/Mpc]
14.50	0.0000000e+00
14.53	0.0000000e+00
14.57	0.0000000e+00
14.60	0.0000000e+00
14.63	0.0000000e+00
14.67	0.0000000e+00
14.70	0.0000000e+00
14.74	0.0000000e+00
14.77	0.0000000e+00
14.80	0.0000000e+00
14.84	0.0000000e+00
14.87	0.0000000e+00
14.91	0.0000000e+00
14.94	0.0000000e+00
14.97	0.0000000e+00
15.01	0.0000000e+00
15.04	0.0000000e+00
15.08	0.0000000e+00
15.11	0.0000000e+00
15.14	0.0000000e+00
15.18	0.0000000e+00
15.21	0.0000000e+00
15.25	0.0000000e+00
15.28	0.0000000e+00
15.31	0.0000000e+00
15.35	0.0000000e+00
15.38	0.0000000e+00
15.42	0.0000000e+00
15.45	0.0000000e+00
15.48	0.0000000e+00
15.52	0.0000000e+00
15.55	0.0000000e+00
15.59	0.0000000e+00
15.62	0.0000000e+00
15.66	0.0000000e+00
15.69	0.0000000e+00
15.72	0.0000000e+00
15.76	0.0000000e+00
15.79	0.0000000e+00
15.83	0.0000000e+00
15.86	0.0000000e+00
15.89	0.0000000e+00
15.93	0.0000000e+00
15.96	0.0000000e+00
16.00	0.0000000e+00
16.03	0.0000000e+00
16.06	0.0000000e+00
16.10	0.0000000e+00
16.13	0.0000000e+00
16.17	0.0000000e+00
16.20	0.0000000e+00
16.23	0.0000000e+00
16.27	0.0000000e+00
16.30	0.0000000e+00
16.34	0.0000000e+00
16.37	0.0000000e+00
16.40	0.0000000e+00
16.44	0.0000000e+00
16.47	6.8729291e-272
16.51	3.9535661e-252
16.54	7.3135234e-234
16.58	5.6393493e-217
16.61	2.3039524e-201
16.64	6.2256150e-187
16.68	1.3658878e-173
16.71	2.9411522e-161
16.75	7.4067574e-150
16.78	2.5653520e-139
16.81	1.4196096e-129
16.85	1.4417322e-120
16.88	3.0545729e-112
16.92	1.5199588e-104
16.95	1.9820704e-97
16.98	7.4958513e-91
17.02	9.0289049e-85
17.05	3.7774466e-79
17.09	5.9472801e-74
17.12	3.7947898e-69
17.15	1.0509485e-64
17.19	1.3459852e-60
17.22	8.4535612e-57
17.26	2.7488198e-53
17.29	4.8658888e-50
17.32	4.9120048e-47
17.36	2.9518897e-44
17.39	1.0988968e-41
17.43	2.6291293e-39
17.46	4.1827062e-37
17.49	4.5665099e-35
17.53	3.5226245e-33
17.56	1.9725807e-31
17.60	8.2214783e-30
17.63	2.6101488e-28
17.67	6.4489199e-27
17.70	1.2648181e-25
17.73	2.0056631e-24
17.77	2.6154551e-23
17.80	2.8491007e-22
17.84	2.6304387e-21
17.87	2.0859508e-20
17.90	1.4383442e-19
17.94	8.7213057e-19
17.97	4.6978136e-18
18.01	2.2688050e-17
18.04	9.9040395e-17
18.07	3.9350866e-16
18.11	1.4309518e-15
18.14	4.7800004e-15
18.18	1.4682258e-14
18.21	4.1321416e-14
18.24	1.0525820e-13
18.28	2.3559939e-13
18.31	4.3832690e-13
18.35	6.5751446e-13
18.38	8.6813518e-13
18.41	1.0731521e-12
18.45	1.2754172e-12
18.48	1.4775348e-12
18.52	1.6819110e-12
18.55	1.8907973e-12
18.59	2.1063283e-12
18.62	2.3305569e-12
18.65	2.5654837e-12
18.69	2.8130855e-12
18.72	3.0753399e-12
18.76	3.3542492e-12
18.79	3.6518618e-12
18.82	3.9702934e-12
18.86	4.3117466e-12
18.89	4.6785308e-12
18.93	5.0730813e-12
18.96	5.4979788e-12
18.99	5.9559690e-12
19.03	6.4499827e-12
19.06	6.9831563e-12
19.10	7.5588540e-12
19.13	8.1806902e-12
19.16	8.8525534e-12
19.20	9.5786318e-12
19.23	1.0363440e-11
19.27	1.1211849e-11
19.30	1.2129115e-11
19.33	1.3120916e-11
19.37	1.4193383e-11
19.40	1.5353142e-11
19.44	1.6607354e-11
19.47	1.7963761e-11
19.51	1.9430730e-11
19.54	2.1017310e-11
19.57	2.2733286e-11
19.61	2.4589238e-11
19.64	2.6596610e-11
19.68	2.8767778e-11
19.71	3.1116128e-11
19.74	3.3656137e-11
19.78	3.6403467e-11
19.81	3.9375057e-11
19.85	4.2589230e-11
19.88	4.6065808e-11
19.91	4.9826230e-11
19.95	5.3893694e-11
19.98	5.8293289e-11
20.02	6.3052161e-11
20.05	6.8199676e-11
20.08	7.3767603e-11
20.12	7.9790312e-11
20.15	8.6304990e-11
20.19	9.3351869e-11
20.22	1.0097448e-10
20.25	1.0921992e-10
20.29	1.1813916e-10
20.32	1.2778734e-10
20.36	1.3822412e-10
20.39	1.4951409e-10
20.42	1.6172712e-10
20.46	1.7493884e-10
20.49	1.8923109e-10
20.53	2.0469246e-10
20.56	2.2141884e-10
20.60	2.3951401e-10
20.63	2.5909035e-10
20.66	2.8026947e-10
20.70	3.0318307e-10
20.73	3.2797376e-10
20.77	3.5479594e-10
20.80	3.8381683e-10
20.83	4.1521755e-10
20.87	4.4919427e-10
20.90	4.8595954e-10
20.94	5.2574362e-10
20.97	5.6879602e-10
21.00	6.1538718e-10
21.04	6.6581024e-10
21.07	7.2038298e-10
21.11	7.7945002e-10
21.14	8.4338511e-10
21.17	9.1259369e-10
21.21	9.8751573e-10
21.24	1.0686287e-09
21.28	1.1564510e-09
21.31	1.2515456e-09
21.34	1.3545241e-09
21.38	1.4660511e-09
21.41	1.5868490e-09
21.45	1.7177038e-09
21.48	1.8594702e-09
21.52	2.0130790e-09
21.55	2.1795439e-09
21.58	2.3599693e-09
21.62	2.5555595e-09
21.65	2.7676286e-09
21.69	2.9976112e-09
21.72	3.2470747e-09
21.75	3.5177331e-09
21.79	3.8114622e-09
21.82	4.1303166e-09
21.86	4.4765493e-09
21.89	4.8526332e-09
21.92	5.2612856e-09
21.96	5.7054965e-09
21.99	6.1885595e-09
22.03	6.7141083e-09
22.06	7.2861575e-09
22.09	7.9091499e-09
22.13	8.5880105e-09
22.16	9.3282088e-09
22.20	1.0135831e-08
22.23	1.1017665e-08
22.26	1.1981294e-08
22.30	1.3035218e-08
22.33	1.4188981e-08
22.37	1.5453333e-08
22.40	1.6840417e-08
22.43	1.8363993e-08
22.47	2.0039704e-08
22.50	2.1885398e-08
22.54	2.3921519e-08
22.57	2.6171578e-08
22.61	2.8662728e-08
22.64	3.1426485e-08
22.67	3.4499602e-08
22.71	3.7925181e-08
22.74	4.1754056e-08
22.78	4.6046563e-08
22.81	5.0874801e-08
22.84	5.6325559e-08
22.88	6.2504154e-08
22.91	6.9539509e-08
22.95	7.7590972e-08
22.98	8.6857596e-08
23.01	9.7591000e-08
23.05	1.1011349e-07
23.08	1.2484419e-07
23.12	1.4233754e-07
23.15	1.6334197e-07
23.18	1.8889259e-07
23.22	2.2046604e-07
23.25	2.6026120e-07
23.29	3.1176937e-07
23.32	3.8108865e-07
23.35	4.8026543e-07
23.39	6.3614346e-07
23.42	9.1344207e-07
23.46	1.4714625e-06
23.49	2.6899523e-06
23.53	5.4044727e-06
23.56	1.1202222e-05
23.59	2.2271971e-05
23.63	3.9007246e-05
23.66	5.3495466e-05
23.70	5.3434532e-05
23.73	4.7319744e-05
23.76	4.1159984e-05
23.80	3.5592869e-05
23.83	3.0693050e-05
23.87	2.6426247e-05
23.90	2.2730534e-05
23.93	1.9539298e-05
23.97	1.6788967e-05
24.00	1.4421648e-05
24.04	1.2385804e-05
24.07	1.0636124e-05
24.10	9.1330730e-06
24.14	7.8423209e-06
24.17	6.7341543e-06
24.21	5.7829141e-06
24.24	4.9664792e-06
24.27	4.2658017e-06
24.31	3.6644954e-06
24.34	3.1484737e-06
24.38	2.7056340e-06
24.41	2.3255826e-06
24.44	1.9993968e-06
24.48	1.7194187e-06
24.51	1.4790773e-06
24.55	1.2727357e-06
24.58	1.0955585e-06
24.62	9.4339859e-07
24.65	8.1269955e-07
24.68	7.0041148e-07
24.72	6.0391913e-07
24.75	5.2097994e-07
24.79	4.4967097e-07
24.82	3.8834333e-07
24.85	3.3558310e-07
24.89	2.9017780e-07
24.92	2.5108762e-07
24.96	2.1742081e-07
24.99	1.8841249e-07
25.02	1.6340660e-07
25.06	1.4184030e-07
25.09	1.2323072e-07
25.13	1.0716350e-07
25.16	9.3283068e-08
25.19	8.1284196e-08
25.23	7.0904863e-08
25.26	6.1920083e-08
25.30	5.4136630e-08
25.33	4.7388519e-08
25.36	4.1533128e-08
25.40	3.6447878e-08
25.43	3.2027386e-08
25.47	2.8181024e-08
25.50	2.4830828e-08
25.54	2.1909704e-08
25.57	1.9359888e-08
25.60	1.7131633e-08
25.64	1.5182071e-08
25.67	1.3474249e-08
25.71	1.1976296e-08
25.74	1.0660707e-08
25.77	9.5037353e-09
25.81	8.4848615e-09
25.84	7.5863480e-09
25.88	6.7928489e-09
25.91	6.0910785e-09
25.94	5.4695260e-09
25.98	4.9182101e-09
26.01	4.4284687e-09
26.05	3.9927776e-09
26.08	3.6045950e-09
26.11	3.2582275e-09
26.15	2.9487152e-09
26.18	2.6717326e-09
26.22	2.4235028e-09
26.25	2.2007247e-09
26.28	2.0005092e-09
26.32	1.8203247e-09
26.35	1.6579502e-09
26.39	1.5114346e-09
26.42	1.3790613e-09
26.45	1.2593184e-09
26.49	1.1508720e-09
26.52	1.0525438e-09
26.56	9.6329137e-10
26.59	8.8219115e-10
26.63	8.0842367e-10
26.66	7.4126072e-10
26.69	6.8005429e-10
26.73	6.2422679e-10
26.76	5.7326273e-10
26.80	5.2670127e-10
26.83	4.8412991e-10
26.86	4.4517883e-10
26.90	4.0951603e-10
26.93	3.7684302e-10
26.97	3.4689114e-10
27.00	3.1941817e-10
