# NeutrinoAntineutrinoInteraction/NeutrinoAntineutrinoWProduction interaction rates
# neutrino field: massive Cosmic Neutrino Background, T_CnuB = 1.94535456 K
# Produced with crpropa-data version: 34240bf825c959521ec71bc1e6d82591f4f17700
# log10(E/eV), 1/lambda [1/Mpc]
19.61	0.0000000e+00
19.64	0.0000000e+00
19.68	0.0000000e+00
19.71	0.0000000e+00
19.74	0.0000000e+00
19.78	0.0000000e+00
19.81	0.0000000e+00
19.85	0.0000000e+00
19.88	0.0000000e+00
19.91	0.0000000e+00
19.95	0.0000000e+00
19.98	0.0000000e+00
20.02	0.0000000e+00
20.05	0.0000000e+00
20.08	0.0000000e+00
20.12	0.0000000e+00
20.15	0.0000000e+00
20.19	0.0000000e+00
20.22	0.0000000e+00
20.25	0.0000000e+00
20.29	0.0000000e+00
20.32	0.0000000e+00
20.36	0.0000000e+00
20.39	0.0000000e+00
20.42	0.0000000e+00
20.46	0.0000000e+00
20.49	0.0000000e+00
20.53	0.0000000e+00
20.56	0.0000000e+00
20.60	0.0000000e+00
20.63	0.0000000e+00
20.66	0.0000000e+00
20.70	0.0000000e+00
20.73	0.0000000e+00
20.77	0.0000000e+00
20.80	0.0000000e+00
20.83	0.0000000e+00
20.87	0.0000000e+00
20.90	0.0000000e+00
20.94	0.0000000e+00
20.97	0.0000000e+00
21.00	0.0000000e+00
21.04	0.0000000e+00
21.07	0.0000000e+00
21.11	0.0000000e+00
21.14	0.0000000e+00
21.17	0.0000000e+00
21.21	0.0000000e+00
21.24	0.0000000e+00
21.28	0.0000000e+00
21.31	0.0000000e+00
21.34	0.0000000e+00
21.38	0.0000000e+00
21.41	0.0000000e+00
21.45	0.0000000e+00
21.48	0.0000000e+00
21.52	0.0000000e+00
21.55	0.0000000e+00
21.58	1.2480002e-272
21.62	4.9273302e-252
21.65	5.4268102e-233
21.69	2.1844942e-215
21.72	4.1259113e-199
21.75	4.6063921e-184
21.79	3.7637489e-170
21.82	2.7419158e-157
21.86	2.1377284e-145
21.89	2.1116958e-134
21.92	3.0894532e-124
21.96	7.7336964e-115
21.99	3.7853866e-106
22.03	4.0987240e-98
22.06	1.1004371e-90
22.09	8.1412812e-84
22.13	1.8298527e-77
22.16	1.3675178e-71
22.20	3.6939813e-66
22.23	3.8960924e-61
22.26	1.7232462e-56
22.30	3.4145446e-52
22.33	3.2219500e-48
22.37	1.5319710e-44
22.40	3.8675488e-41
22.43	5.4410666e-38
22.47	4.4610269e-35
22.50	2.2216557e-32
22.54	6.9832389e-30
22.57	1.4354312e-27
22.61	1.9939470e-25
22.64	1.9295266e-23
22.67	1.3378676e-21
22.71	6.8220107e-20
22.74	2.6207164e-18
22.78	7.7558434e-17
22.81	1.8051385e-15
22.84	3.3679474e-14
22.88	5.1270842e-13
22.91	6.4732312e-12
22.95	6.8812476e-11
22.98	6.2451733e-10
23.01	4.9011697e-09
23.05	3.3651751e-08
23.08	2.0430453e-07
23.12	1.1072558e-06
23.15	5.4019774e-06
23.18	2.3892443e-05
23.22	9.6326272e-05
23.25	3.5516991e-04
23.29	1.1976140e-03
23.32	3.6711135e-03
23.35	1.0048145e-02
23.39	2.3543176e-02
23.42	4.4129986e-02
23.46	6.6588939e-02
23.49	8.8060989e-02
23.53	1.0745197e-01
23.56	1.2432010e-01
23.59	1.3855527e-01
23.63	1.5022729e-01
23.66	1.5950238e-01
23.70	1.6659430e-01
23.73	1.7173504e-01
23.76	1.7515725e-01
23.80	1.7708397e-01
23.83	1.7772301e-01
23.87	1.7726418e-01
23.90	1.7587846e-01
23.93	1.7371813e-01
23.97	1.7091775e-01
24.00	1.6759538e-01
24.04	1.6385398e-01
24.07	1.5978294e-01
24.10	1.5545951e-01
24.14	1.5095011e-01
24.17	1.4631169e-01
24.21	1.4159279e-01
24.24	1.3683466e-01
24.27	1.3207214e-01
24.31	1.2733451e-01
24.34	1.2264620e-01
24.38	1.1802745e-01
24.41	1.1349487e-01
24.44	1.0906193e-01
24.48	1.0473936e-01
24.51	1.0053560e-01
24.55	9.6457035e-02
24.58	9.2508360e-02
24.62	8.8692778e-02
24.65	8.5012234e-02
24.68	8.1467603e-02
24.72	7.8058849e-02
24.75	7.4785171e-02
24.79	7.1645122e-02
24.82	6.8636719e-02
24.85	6.5757537e-02
24.89	6.3004790e-02
24.92	6.0375399e-02
24.96	5.7866054e-02
24.99	5.5473266e-02
25.02	5.3193416e-02
25.06	5.1022790e-02
25.09	4.8957613e-02
25.13	4.6994083e-02
25.16	4.5128390e-02
25.19	4.3356741e-02
25.23	4.1675377e-02
25.26	4.0080588e-02
25.30	3.8568726e-02
25.33	3.7136217e-02
25.36	3.5779563e-02
25.40	3.4495360e-02
25.43	3.3280294e-02
25.47	3.2131150e-02
25.50	3.1044814e-02
25.54	3.0018275e-02
25.57	2.9048627e-02
25.60	2.8133070e-02
25.64	2.7268908e-02
25.67	2.6453548e-02
25.71	2.5684504e-02
25.74	2.4959391e-02
25.77	2.4275923e-02
25.81	2.3631913e-02
25.84	2.3025272e-02
25.88	2.2454003e-02
25.91	2.1916201e-02
25.94	2.1410050e-02
25.98	2.0933817e-02
26.01	2.0485855e-02
26.05	2.0064595e-02
26.08	1.9668548e-02
26.11	1.9296296e-02
26.15	1.8946494e-02
26.18	1.8617866e-02
26.22	1.8309201e-02
26.25	1.8019351e-02
26.28	1.7747229e-02
26.32	1.7491804e-02
26.35	1.7252103e-02
26.39	1.7027202e-02
26.42	1.6816229e-02
26.45	1.6618360e-02
26.49	1.6432817e-02
26.52	1.6258864e-02
26.56	1.6095805e-02
26.59	1.5942986e-02
26.63	1.5799787e-02
26.66	1.5665626e-02
26.69	1.5539954e-02
26.73	1.5422251e-02
26.76	1.5312029e-02
26.80	1.5208830e-02
26.83	1.5112220e-02
26.86	1.5021792e-02
26.90	1.4937162e-02
26.93	1.4857969e-02
26.97	1.4783875e-02
27.00	1.4714561e-02
