# NeutrinoAntineutrinoInteraction/NeutrinoAntineutrinoWProduction interaction rates
# neutrino field: massive Cosmic Neutrino Background, T_CnuB = 1.94535456 K
# Produced with crpropa-data version: 34240bf825c959521ec71bc1e6d82591f4f17700
# log10(E/eV), 1/lambda [1/Mpc]
20.36	0.0000000e+00
20.39	0.0000000e+00
20.42	0.0000000e+00
20.46	0.0000000e+00
20.49	0.0000000e+00
20.53	0.0000000e+00
20.56	0.0000000e+00
20.60	0.0000000e+00
20.63	0.0000000e+00
20.66	0.0000000e+00
20.70	0.0000000e+00
20.73	0.0000000e+00
20.77	0.0000000e+00
20.80	0.0000000e+00
20.83	0.0000000e+00
20.87	0.0000000e+00
20.90	0.0000000e+00
20.94	0.0000000e+00
20.97	0.0000000e+00
21.00	0.0000000e+00
21.04	0.0000000e+00
21.07	0.0000000e+00
21.11	0.0000000e+00
21.14	0.0000000e+00
21.17	0.0000000e+00
21.21	0.0000000e+00
21.24	0.0000000e+00
21.28	0.0000000e+00
21.31	0.0000000e+00
21.34	0.0000000e+00
21.38	0.0000000e+00
21.41	0.0000000e+00
21.45	0.0000000e+00
21.48	0.0000000e+00
21.52	0.0000000e+00
21.55	0.0000000e+00
21.58	0.0000000e+00
21.62	0.0000000e+00
21.65	0.0000000e+00
21.69	0.0000000e+00
21.72	0.0000000e+00
21.75	0.0000000e+00
21.79	0.0000000e+00
21.82	0.0000000e+00
21.86	0.0000000e+00
21.89	0.0000000e+00
21.92	0.0000000e+00
21.96	0.0000000e+00
21.99	0.0000000e+00
22.03	0.0000000e+00
22.06	0.0000000e+00
22.09	0.0000000e+00
22.13	0.0000000e+00
22.16	0.0000000e+00
22.20	0.0000000e+00
22.23	0.0000000e+00
22.26	0.0000000e+00
22.30	9.0556576e-283
22.33	1.7315548e-261
22.37	8.5875022e-242
22.40	1.4606065e-223
22.43	1.1033977e-206
22.47	4.7035502e-191
22.50	1.4121513e-176
22.54	3.6665770e-163
22.57	9.9579489e-151
22.61	3.3741412e-139
22.64	1.6796322e-128
22.67	1.4293842e-118
22.71	2.3935854e-109
22.74	8.9871734e-101
22.78	8.5418781e-93
22.81	2.3004551e-85
22.84	1.9496936e-78
22.88	5.7336975e-72
22.91	6.4085021e-66
22.95	2.9635708e-60
22.98	6.1383704e-55
23.01	6.1328418e-50
23.05	3.1677560e-45
23.08	9.0259550e-41
23.12	1.5073715e-36
23.15	1.5612786e-32
23.18	1.0567942e-28
23.22	4.9025539e-25
23.25	1.6249367e-21
23.29	3.9745958e-18
23.32	7.2814749e-15
23.35	9.7047477e-12
23.39	7.7443041e-09
23.42	6.8246852e-07
23.46	2.3707199e-06
23.49	4.2648007e-06
23.53	6.1138109e-06
23.56	7.8084963e-06
23.59	9.3009873e-06
23.63	1.0575507e-05
23.66	1.1634009e-05
23.70	1.2488164e-05
23.73	1.3154677e-05
23.76	1.3652424e-05
23.80	1.4000762e-05
23.83	1.4218482e-05
23.87	1.4323259e-05
23.90	1.4331317e-05
23.93	1.4257355e-05
23.97	1.4114506e-05
24.00	1.3914416e-05
24.04	1.3667322e-05
24.07	1.3382178e-05
24.10	1.3066772e-05
24.14	1.2727849e-05
24.17	1.2371216e-05
24.21	1.2001844e-05
24.24	1.1623998e-05
24.27	1.1241304e-05
24.31	1.0856839e-05
24.34	1.0473190e-05
24.38	1.0092532e-05
24.41	9.7166663e-06
24.44	9.3470875e-06
24.48	8.9850037e-06
24.51	8.6313950e-06
24.55	8.2870331e-06
24.58	7.9525210e-06
24.62	7.6283040e-06
24.65	7.3147054e-06
24.68	7.0119313e-06
24.72	6.7201014e-06
24.75	6.4392507e-06
24.79	6.1693390e-06
24.82	5.9102719e-06
24.85	5.6619152e-06
24.89	5.4240886e-06
24.92	5.1965856e-06
24.96	4.9791673e-06
24.99	4.7715792e-06
25.02	4.5735460e-06
25.06	4.3847831e-06
25.09	4.2049904e-06
25.13	4.0338676e-06
25.16	3.8711080e-06
25.19	3.7164056e-06
25.23	3.5694533e-06
25.26	3.4299470e-06
25.30	3.2975857e-06
25.33	3.1720746e-06
25.36	3.0531195e-06
25.40	2.9404323e-06
25.43	2.8337348e-06
25.47	2.7327557e-06
25.50	2.6372320e-06
25.54	2.5469078e-06
25.57	2.4615366e-06
25.60	2.3808792e-06
25.64	2.3047063e-06
25.67	2.2327943e-06
25.71	2.1649304e-06
25.74	2.1009086e-06
25.77	2.0405333e-06
25.81	1.9836150e-06
25.84	1.9299742e-06
25.88	1.8794376e-06
25.91	1.8318417e-06
25.94	1.7870287e-06
25.98	1.7448465e-06
26.01	1.7051507e-06
26.05	1.6678060e-06
26.08	1.6326815e-06
26.11	1.5996548e-06
26.15	1.5686077e-06
26.18	1.5394295e-06
26.22	1.5120142e-06
26.25	1.4862615e-06
26.28	1.4620751e-06
26.32	1.4393653e-06
26.35	1.4180461e-06
26.39	1.3980370e-06
26.42	1.3792613e-06
26.45	1.3616469e-06
26.49	1.3451253e-06
26.52	1.3296329e-06
26.56	1.3151070e-06
26.59	1.3014890e-06
26.63	1.2887246e-06
26.66	1.2767622e-06
26.69	1.2655537e-06
26.73	1.2550529e-06
26.76	1.2452172e-06
26.80	1.2360057e-06
26.83	1.2273808e-06
26.86	1.2193055e-06
26.90	1.2117463e-06
26.93	1.2046708e-06
26.97	1.1980495e-06
27.00	1.1918537e-06
