# NeutrinoAntineutrinoInteraction/NeutrinoAntineutrinoWProduction interaction rates
# neutrino field: massive Cosmic Neutrino Background, T_CnuB = 1.94535456 K
# Produced with crpropa-data version: 34240bf825c959521ec71bc1e6d82591f4f17700
# log10(E/eV), 1/lambda [1/Mpc]
19.20	0.0000000e+00
19.23	0.0000000e+00
19.27	0.0000000e+00
19.30	0.0000000e+00
19.33	0.0000000e+00
19.37	0.0000000e+00
19.40	0.0000000e+00
19.44	0.0000000e+00
19.47	0.0000000e+00
19.51	0.0000000e+00
19.54	0.0000000e+00
19.57	0.0000000e+00
19.61	0.0000000e+00
19.64	0.0000000e+00
19.68	0.0000000e+00
19.71	0.0000000e+00
19.74	0.0000000e+00
19.78	0.0000000e+00
19.81	0.0000000e+00
19.85	0.0000000e+00
19.88	0.0000000e+00
19.91	0.0000000e+00
19.95	0.0000000e+00
19.98	0.0000000e+00
20.02	0.0000000e+00
20.05	0.0000000e+00
20.08	0.0000000e+00
20.12	0.0000000e+00
20.15	0.0000000e+00
20.19	0.0000000e+00
20.22	0.0000000e+00
20.25	0.0000000e+00
20.29	0.0000000e+00
20.32	0.0000000e+00
20.36	0.0000000e+00
20.39	0.0000000e+00
20.42	0.0000000e+00
20.46	0.0000000e+00
20.49	0.0000000e+00
20.53	0.0000000e+00
20.56	0.0000000e+00
20.60	0.0000000e+00
20.63	0.0000000e+00
20.66	0.0000000e+00
20.70	0.0000000e+00
20.73	0.0000000e+00
20.77	0.0000000e+00
20.80	0.0000000e+00
20.83	0.0000000e+00
20.87	0.0000000e+00
20.90	0.0000000e+00
20.94	0.0000000e+00
20.97	0.0000000e+00
21.00	0.0000000e+00
21.04	0.0000000e+00
21.07	0.0000000e+00
21.11	0.0000000e+00
21.14	0.0000000e+00
21.17	2.4659668e-270
21.21	9.7917195e-250
21.24	1.0822529e-230
21.28	4.3625963e-213
21.31	8.2338444e-197
21.34	9.1666605e-182
21.38	7.4526724e-168
21.41	5.3907584e-155
21.45	4.1638982e-143
21.48	4.0659041e-132
21.52	5.8665872e-122
21.55	1.4448982e-112
21.58	6.9412449e-104
21.62	7.3576749e-96
21.65	1.9286842e-88
21.69	1.3892403e-81
21.72	3.0311948e-75
21.75	2.1923090e-69
21.79	5.7124169e-64
21.82	5.7918501e-59
21.86	2.4536883e-54
21.89	4.6389331e-50
21.92	4.1595674e-46
21.96	1.8713270e-42
21.99	4.4495765e-39
22.03	5.8674069e-36
22.06	4.4858729e-33
22.09	2.0719448e-30
22.13	6.0055063e-28
22.16	1.1314235e-25
22.20	1.4312548e-23
22.23	1.2527718e-21
22.26	7.8010423e-20
22.30	3.5457736e-18
22.33	1.2046405e-16
22.37	3.1269725e-15
22.40	6.3288310e-14
22.43	1.0176609e-12
22.47	1.3228031e-11
22.50	1.4124185e-10
22.54	1.2573193e-09
22.57	9.4600502e-09
22.61	6.0926932e-08
22.64	3.3984425e-07
22.67	1.6596169e-06
22.71	7.1670502e-06
22.74	2.7624645e-05
22.78	9.5849974e-05
22.81	3.0175956e-04
22.84	8.6831844e-04
22.88	2.2992239e-03
22.91	5.6374307e-03
22.95	1.2873221e-02
22.98	2.7524404e-02
23.01	5.5375324e-02
23.05	1.0530834e-01
23.08	1.9010227e-01
23.12	3.2702444e-01
23.15	5.3802507e-01
23.18	8.4936693e-01
23.22	1.2905916e+00
23.25	1.8928247e+00
23.29	2.6865361e+00
23.32	3.6989726e+00
23.35	4.9515480e+00
23.39	6.4574998e+00
23.42	8.2200893e+00
23.46	1.0231559e+01
23.49	1.2472952e+01
23.53	1.4914808e+01
23.56	1.7518627e+01
23.59	2.0238926e+01
23.63	2.3025682e+01
23.66	2.5826898e+01
23.70	2.8591091e+01
23.73	3.1269512e+01
23.76	3.3817968e+01
23.80	3.6198180e+01
23.83	3.8378654e+01
23.87	4.0335083e+01
23.90	4.2050357e+01
23.93	4.3514235e+01
23.97	4.4722770e+01
24.00	4.5677570e+01
24.04	4.6384970e+01
24.07	4.6855162e+01
24.10	4.7101357e+01
24.14	4.7138984e+01
24.17	4.6984978e+01
24.21	4.6657149e+01
24.24	4.6173654e+01
24.27	4.5552550e+01
24.31	4.4811452e+01
24.34	4.3967262e+01
24.38	4.3035970e+01
24.41	4.2032522e+01
24.44	4.0970737e+01
24.48	3.9863264e+01
24.51	3.8721579e+01
24.55	3.7556003e+01
24.58	3.6375740e+01
24.62	3.5188933e+01
24.65	3.4002728e+01
24.68	3.2823342e+01
24.72	3.1656133e+01
24.75	3.0505679e+01
24.79	2.9375843e+01
24.82	2.8269846e+01
24.85	2.7190333e+01
24.89	2.6139432e+01
24.92	2.5118818e+01
24.96	2.4129759e+01
24.99	2.3173169e+01
25.02	2.2249652e+01
25.06	2.1359546e+01
25.09	2.0502951e+01
25.13	1.9679770e+01
25.16	1.8889735e+01
25.19	1.8132433e+01
25.23	1.7407330e+01
25.26	1.6713792e+01
25.30	1.6051101e+01
25.33	1.5418473e+01
25.36	1.4815073e+01
25.40	1.4240023e+01
25.43	1.3692418e+01
25.47	1.3171332e+01
25.50	1.2675826e+01
25.54	1.2204957e+01
25.57	1.1757782e+01
25.60	1.1333364e+01
25.64	1.0930775e+01
25.67	1.0549102e+01
25.71	1.0187449e+01
25.74	9.8449365e+00
25.77	9.5207094e+00
25.81	9.2139333e+00
25.84	8.9237985e+00
25.88	8.6495201e+00
25.91	8.3903389e+00
25.94	8.1455217e+00
25.98	7.9143617e+00
26.01	7.6961783e+00
26.05	7.4903174e+00
26.08	7.2961508e+00
26.11	7.1130761e+00
26.15	6.9405163e+00
26.18	6.7779191e+00
26.22	6.6247565e+00
26.25	6.4805243e+00
26.28	6.3447414e+00
26.32	6.2169488e+00
26.35	6.0967095e+00
26.39	5.9836071e+00
26.42	5.8772458e+00
26.45	5.7772492e+00
26.49	5.6832594e+00
26.52	5.5949369e+00
26.56	5.5119594e+00
26.59	5.4340213e+00
26.63	5.3608326e+00
26.66	5.2921190e+00
26.69	5.2276205e+00
26.73	5.1670909e+00
26.76	5.1102975e+00
26.80	5.0570201e+00
26.83	5.0070508e+00
26.86	4.9601928e+00
26.90	4.9162605e+00
26.93	4.8750786e+00
26.97	4.8364817e+00
27.00	4.8003137e+00
