# NeutrinoAntineutrinoInteraction/NeutrinoAntineutrinoWProduction interaction rates
# neutrino field: massive Cosmic Neutrino Background, T_CnuB = 1.94535456 K
# Produced with crpropa-data version: 34240bf825c959521ec71bc1e6d82591f4f17700
# log10(E/eV), 1/lambda [1/Mpc]
19.88	0.0000000e+00
19.91	0.0000000e+00
19.95	0.0000000e+00
19.98	0.0000000e+00
20.02	0.0000000e+00
20.05	0.0000000e+00
20.08	0.0000000e+00
20.12	0.0000000e+00
20.15	0.0000000e+00
20.19	0.0000000e+00
20.22	0.0000000e+00
20.25	0.0000000e+00
20.29	0.0000000e+00
20.32	0.0000000e+00
20.36	0.0000000e+00
20.39	0.0000000e+00
20.42	0.0000000e+00
20.46	0.0000000e+00
20.49	0.0000000e+00
20.53	0.0000000e+00
20.56	0.0000000e+00
20.60	0.0000000e+00
20.63	0.0000000e+00
20.66	0.0000000e+00
20.70	0.0000000e+00
20.73	0.0000000e+00
20.77	0.0000000e+00
20.80	0.0000000e+00
20.83	0.0000000e+00
20.87	0.0000000e+00
20.90	0.0000000e+00
20.94	0.0000000e+00
20.97	0.0000000e+00
21.00	0.0000000e+00
21.04	0.0000000e+00
21.07	0.0000000e+00
21.11	0.0000000e+00
21.14	0.0000000e+00
21.17	0.0000000e+00
21.21	0.0000000e+00
21.24	0.0000000e+00
21.28	0.0000000e+00
21.31	0.0000000e+00
21.34	0.0000000e+00
21.38	0.0000000e+00
21.41	0.0000000e+00
21.45	0.0000000e+00
21.48	0.0000000e+00
21.52	0.0000000e+00
21.55	0.0000000e+00
21.58	0.0000000e+00
21.62	0.0000000e+00
21.65	0.0000000e+00
21.69	0.0000000e+00
21.72	0.0000000e+00
21.75	0.0000000e+00
21.79	0.0000000e+00
21.82	2.8911778e-281
21.86	4.1271824e-260
21.89	1.4969897e-240
21.92	1.8209222e-222
21.96	9.6009457e-206
21.99	2.7818694e-190
22.03	5.5163439e-176
22.06	9.1701784e-163
22.09	1.5417238e-150
22.13	3.1181723e-139
22.16	8.9075139e-129
22.20	4.1690615e-119
22.23	3.6674904e-110
22.26	6.8849324e-102
22.30	3.1020455e-94
22.33	3.7394908e-87
22.37	1.3337081e-80
22.40	1.5445416e-74
22.43	6.3302618e-69
22.47	9.9434063e-64
22.50	6.4443012e-59
22.54	1.8450270e-54
22.57	2.4858766e-50
22.61	1.6712527e-46
22.64	5.9190619e-43
22.67	1.1612989e-39
22.71	1.3223587e-36
22.74	9.1248478e-34
22.78	3.9716001e-31
22.81	1.1316181e-28
22.84	2.1847048e-26
22.88	2.9507191e-24
22.91	2.8720151e-22
22.95	2.0707091e-20
22.98	1.1345000e-18
23.01	4.8361993e-17
23.05	1.6394619e-15
23.08	4.5094714e-14
23.12	1.0250758e-12
23.15	1.9578904e-11
23.18	3.1882055e-10
23.22	4.4800948e-09
23.25	5.4803262e-08
23.29	5.8560741e-07
23.32	5.4324622e-06
23.35	4.2547820e-05
23.39	2.5627723e-04
23.42	8.9866337e-04
23.46	1.7524459e-03
23.49	2.6195361e-03
23.53	3.4298019e-03
23.56	4.1524593e-03
23.59	4.7757202e-03
23.63	5.2980445e-03
23.66	5.7235318e-03
23.70	6.0592734e-03
23.73	6.3137701e-03
23.76	6.4959768e-03
23.80	6.6147314e-03
23.83	6.6784242e-03
23.87	6.6948216e-03
23.90	6.6709851e-03
23.93	6.6132530e-03
23.97	6.5272575e-03
24.00	6.4179643e-03
24.04	6.2897229e-03
24.07	6.1463226e-03
24.10	5.9910486e-03
24.14	5.8267367e-03
24.17	5.6558238e-03
24.21	5.4803958e-03
24.24	5.3022306e-03
24.27	5.1228368e-03
24.31	4.9434877e-03
24.34	4.7652518e-03
24.38	4.5890200e-03
24.41	4.4155289e-03
24.44	4.2453819e-03
24.48	4.0790668e-03
24.51	3.9169720e-03
24.55	3.7594002e-03
24.58	3.6065807e-03
24.62	3.4586793e-03
24.65	3.3158079e-03
24.68	3.1780323e-03
24.72	3.0453790e-03
24.75	2.9178412e-03
24.79	2.7953842e-03
24.82	2.6779494e-03
24.85	2.5654593e-03
24.89	2.4578197e-03
24.92	2.3549238e-03
24.96	2.2566538e-03
24.99	2.1628839e-03
25.02	2.0734816e-03
25.06	1.9883100e-03
25.09	1.9072285e-03
25.13	1.8300949e-03
25.16	1.7567657e-03
25.19	1.6870975e-03
25.23	1.6209477e-03
25.26	1.5581749e-03
25.30	1.4986398e-03
25.33	1.4422054e-03
25.36	1.3887375e-03
25.40	1.3381050e-03
25.43	1.2901801e-03
25.47	1.2448386e-03
25.50	1.2019602e-03
25.54	1.1614282e-03
25.57	1.1231298e-03
25.60	1.0869563e-03
25.64	1.0528028e-03
25.67	1.0205685e-03
25.71	9.9015634e-04
25.74	9.6147336e-04
25.77	9.3443035e-04
25.81	9.0894186e-04
25.84	8.8492617e-04
25.88	8.6230514e-04
25.91	8.4100419e-04
25.94	8.2095212e-04
25.98	8.0208101e-04
26.01	7.8432616e-04
26.05	7.6762604e-04
26.08	7.5192205e-04
26.11	7.3715856e-04
26.15	7.2328265e-04
26.18	7.1024411e-04
26.22	6.9799529e-04
26.25	6.8649098e-04
26.28	6.7568832e-04
26.32	6.6554673e-04
26.35	6.5602776e-04
26.39	6.4709505e-04
26.42	6.3871418e-04
26.45	6.3085262e-04
26.49	6.2347961e-04
26.52	6.1656612e-04
26.56	6.1008467e-04
26.59	6.0400932e-04
26.63	5.9831564e-04
26.66	5.9298055e-04
26.69	5.8798231e-04
26.73	5.8330042e-04
26.76	5.7891555e-04
26.80	5.7480951e-04
26.83	5.7096517e-04
26.86	5.6736637e-04
26.90	5.6399792e-04
26.93	5.6084552e-04
26.97	5.5789574e-04
27.00	5.5513592e-04
