# NeutrinoAntineutrinoInteraction/NeutrinoAntineutrinoWProduction interaction rates
# neutrino field: massive Cosmic Neutrino Background, T_CnuB = 1.94535456 K
# Produced with crpropa-data version: 34240bf825c959521ec71bc1e6d82591f4f17700
# log10(E/eV), 1/lambda [1/Mpc]
19.40	0.0000000e+00
19.44	0.0000000e+00
19.47	0.0000000e+00
19.51	0.0000000e+00
19.54	0.0000000e+00
19.57	0.0000000e+00
19.61	0.0000000e+00
19.64	0.0000000e+00
19.68	0.0000000e+00
19.71	0.0000000e+00
19.74	0.0000000e+00
19.78	0.0000000e+00
19.81	0.0000000e+00
19.85	0.0000000e+00
19.88	0.0000000e+00
19.91	0.0000000e+00
19.95	0.0000000e+00
19.98	0.0000000e+00
20.02	0.0000000e+00
20.05	0.0000000e+00
20.08	0.0000000e+00
20.12	0.0000000e+00
20.15	0.0000000e+00
20.19	0.0000000e+00
20.22	0.0000000e+00
20.25	0.0000000e+00
20.29	0.0000000e+00
20.32	0.0000000e+00
20.36	0.0000000e+00
20.39	0.0000000e+00
20.42	0.0000000e+00
20.46	0.0000000e+00
20.49	0.0000000e+00
20.53	0.0000000e+00
20.56	0.0000000e+00
20.60	0.0000000e+00
20.63	0.0000000e+00
20.66	0.0000000e+00
20.70	0.0000000e+00
20.73	0.0000000e+00
20.77	0.0000000e+00
20.80	0.0000000e+00
20.83	0.0000000e+00
20.87	0.0000000e+00
20.90	0.0000000e+00
20.94	0.0000000e+00
20.97	0.0000000e+00
21.00	0.0000000e+00
21.04	0.0000000e+00
21.07	0.0000000e+00
21.11	0.0000000e+00
21.14	0.0000000e+00
21.17	0.0000000e+00
21.21	0.0000000e+00
21.24	0.0000000e+00
21.28	0.0000000e+00
21.31	0.0000000e+00
21.34	2.3801193e-289
21.38	2.0988815e-267
21.41	4.0738694e-247
21.45	2.3231479e-228
21.48	5.0789759e-211
21.52	5.4445755e-195
21.55	3.5928367e-180
21.58	1.8011077e-166
21.62	8.3314831e-154
21.65	4.2566261e-142
21.69	2.8363412e-131
21.72	2.8743790e-121
21.75	5.1065720e-112
21.79	1.8137038e-103
21.82	1.4541259e-95
21.86	2.9444481e-88
21.89	1.6705530e-81
21.92	2.9231921e-75
21.96	1.7239964e-69
21.99	3.7198934e-64
22.03	3.1679950e-59
22.06	1.1422400e-54
22.09	1.8604155e-50
22.13	1.4533772e-46
22.16	5.7561764e-43
22.20	1.2165571e-39
22.23	1.4386315e-36
22.26	9.9450898e-34
22.30	4.1850232e-31
22.33	1.1129556e-28
22.37	1.9363430e-26
22.40	2.2756760e-24
22.43	1.8608552e-22
22.47	1.0881009e-20
22.50	4.6662080e-19
22.54	1.5022843e-17
22.57	3.7104074e-16
22.61	7.1721966e-15
22.64	1.1052699e-13
22.67	1.3813023e-12
22.71	1.4222367e-11
22.74	1.2242173e-10
22.78	8.9291584e-10
22.81	5.5878814e-09
22.84	3.0351379e-08
22.88	1.4462250e-07
22.91	6.1052186e-07
22.95	2.3042670e-06
22.98	7.8413326e-06
23.01	2.4246848e-05
23.05	6.8620887e-05
23.08	1.7893032e-04
23.12	4.3252439e-04
23.15	9.7478034e-04
23.18	2.0589980e-03
23.22	4.0960822e-03
23.25	7.7089520e-03
23.29	1.3782817e-02
23.32	2.3499638e-02
23.35	3.8344400e-02
23.39	6.0072992e-02
23.42	9.0636416e-02
23.46	1.3206289e-01
23.49	1.8630678e-01
23.53	2.5507956e-01
23.56	3.3968191e-01
23.59	4.4085679e-01
23.63	5.5868113e-01
23.66	6.9250846e-01
23.70	8.4096850e-01
23.73	1.0020226e+00
23.76	1.1730676e+00
23.80	1.3510755e+00
23.83	1.5327553e+00
23.87	1.7147196e+00
23.90	1.8936441e+00
23.93	2.0664076e+00
23.97	2.2302047e+00
24.00	2.3826279e+00
24.04	2.5217184e+00
24.07	2.6459869e+00
24.10	2.7544093e+00
24.14	2.8464023e+00
24.17	2.9217830e+00
24.21	2.9807201e+00
24.24	3.0236783e+00
24.27	3.0513629e+00
24.31	3.0646648e+00
24.34	3.0646097e+00
24.38	3.0523132e+00
24.41	3.0289403e+00
24.44	2.9956725e+00
24.48	2.9536803e+00
24.51	2.9041015e+00
24.55	2.8480246e+00
24.58	2.7864769e+00
24.62	2.7204166e+00
24.65	2.6507277e+00
24.68	2.5782181e+00
24.72	2.5036193e+00
24.75	2.4275883e+00
24.79	2.3507100e+00
24.82	2.2735010e+00
24.85	2.1964141e+00
24.89	2.1198424e+00
24.92	2.0441240e+00
24.96	1.9695474e+00
24.99	1.8963554e+00
25.02	1.8247498e+00
25.06	1.7548959e+00
25.09	1.6869261e+00
25.13	1.6209437e+00
25.16	1.5570267e+00
25.19	1.4952305e+00
25.23	1.4355906e+00
25.26	1.3781259e+00
25.30	1.3228403e+00
25.33	1.2697251e+00
25.36	1.2187611e+00
25.40	1.1699196e+00
25.43	1.1231647e+00
25.47	1.0784538e+00
25.50	1.0357394e+00
25.54	9.9496994e-01
25.57	9.5609032e-01
25.60	9.1904318e-01
25.64	8.8376929e-01
25.67	8.5020823e-01
25.71	8.1829889e-01
25.74	7.8797987e-01
25.77	7.5918990e-01
25.81	7.3186814e-01
25.84	7.0595445e-01
25.88	6.8138962e-01
25.91	6.5811555e-01
25.94	6.3607541e-01
25.98	6.1521379e-01
26.01	5.9547674e-01
26.05	5.7681192e-01
26.08	5.5916861e-01
26.11	5.4249775e-01
26.15	5.2675200e-01
26.18	5.1188571e-01
26.22	4.9785497e-01
26.25	4.8461755e-01
26.28	4.7213294e-01
26.32	4.6036228e-01
26.35	4.4926836e-01
26.39	4.3881556e-01
26.42	4.2896987e-01
26.45	4.1969877e-01
26.49	4.1097126e-01
26.52	4.0275778e-01
26.56	3.9503017e-01
26.59	3.8776161e-01
26.63	3.8092660e-01
26.66	3.7450091e-01
26.69	3.6846150e-01
26.73	3.6278651e-01
26.76	3.5745519e-01
26.80	3.5244787e-01
26.83	3.4774589e-01
26.86	3.4333158e-01
26.90	3.3918823e-01
26.93	3.3530000e-01
26.97	3.3165191e-01
27.00	3.2822979e-01
