# NeutrinoAntineutrinoInteraction/NeutrinoAntineutrinoWProduction interaction rates
# neutrino field: massive Cosmic Neutrino Background, T_CnuB = 1.94535456 K
# Produced with crpropa-data version: 34240bf825c959521ec71bc1e6d82591f4f17700
# log10(E/eV), 1/lambda [1/Mpc]
19.74	0.0000000e+00
19.78	0.0000000e+00
19.81	0.0000000e+00
19.85	0.0000000e+00
19.88	0.0000000e+00
19.91	0.0000000e+00
19.95	0.0000000e+00
19.98	0.0000000e+00
20.02	0.0000000e+00
20.05	0.0000000e+00
20.08	0.0000000e+00
20.12	0.0000000e+00
20.15	0.0000000e+00
20.19	0.0000000e+00
20.22	0.0000000e+00
20.25	0.0000000e+00
20.29	0.0000000e+00
20.32	0.0000000e+00
20.36	0.0000000e+00
20.39	0.0000000e+00
20.42	0.0000000e+00
20.46	0.0000000e+00
20.49	0.0000000e+00
20.53	0.0000000e+00
20.56	0.0000000e+00
20.60	0.0000000e+00
20.63	0.0000000e+00
20.66	0.0000000e+00
20.70	0.0000000e+00
20.73	0.0000000e+00
20.77	0.0000000e+00
20.80	0.0000000e+00
20.83	0.0000000e+00
20.87	0.0000000e+00
20.90	0.0000000e+00
20.94	0.0000000e+00
20.97	0.0000000e+00
21.00	0.0000000e+00
21.04	0.0000000e+00
21.07	0.0000000e+00
21.11	0.0000000e+00
21.14	0.0000000e+00
21.17	0.0000000e+00
21.21	0.0000000e+00
21.24	0.0000000e+00
21.28	0.0000000e+00
21.31	0.0000000e+00
21.34	0.0000000e+00
21.38	0.0000000e+00
21.41	0.0000000e+00
21.45	0.0000000e+00
21.48	0.0000000e+00
21.52	0.0000000e+00
21.55	0.0000000e+00
21.58	0.0000000e+00
21.62	0.0000000e+00
21.65	0.0000000e+00
21.69	5.2365480e-288
21.72	2.6688133e-266
21.75	3.1320193e-246
21.79	1.1252187e-227
21.82	1.6102619e-210
21.86	1.1709161e-194
21.89	5.4185134e-180
21.92	1.9649403e-166
21.96	6.7688362e-154
21.99	2.6464267e-142
22.03	1.3843746e-131
22.06	1.1281910e-121
22.09	1.6487760e-112
22.13	4.9216287e-104
22.16	3.3844918e-96
22.20	5.9931805e-89
22.23	3.0290908e-82
22.26	4.8063431e-76
22.30	2.6146902e-70
22.33	5.2907597e-65
22.37	4.2938687e-60
22.40	1.4986668e-55
22.43	2.3994818e-51
22.47	1.8707937e-47
22.50	7.5065181e-44
22.54	1.6314672e-40
22.57	2.0138104e-37
22.61	1.4750543e-34
22.64	6.6770762e-32
22.67	1.9395050e-29
22.71	3.7433034e-27
22.74	4.9579083e-25
22.78	4.6431302e-23
22.81	3.1610246e-21
22.84	1.6050972e-19
22.88	6.2253335e-18
22.91	1.8852973e-16
22.95	4.5499717e-15
22.98	8.9173604e-14
23.01	1.4441665e-12
23.05	1.9638114e-11
23.08	2.2753031e-10
23.12	2.2761111e-09
23.15	1.9892495e-08
23.18	1.5344163e-07
23.22	1.0531733e-06
23.25	6.4671590e-06
23.29	3.5571156e-05
23.32	1.7412102e-04
23.35	7.4116786e-04
23.39	2.5667159e-03
23.42	6.2526940e-03
23.46	1.0641595e-02
23.49	1.4966894e-02
23.53	1.8944104e-02
23.56	2.2451370e-02
23.59	2.5447571e-02
23.63	2.7935369e-02
23.66	2.9941317e-02
23.70	3.1504309e-02
23.73	3.2668662e-02
23.76	3.3479946e-02
23.80	3.3982517e-02
23.83	3.4218112e-02
23.87	3.4225125e-02
23.90	3.4038312e-02
23.93	3.3688764e-02
23.97	3.3204033e-02
24.00	3.2608358e-02
24.04	3.1922932e-02
24.07	3.1166187e-02
24.10	3.0354081e-02
24.14	2.9500366e-02
24.17	2.8616848e-02
24.21	2.7713616e-02
24.24	2.6799256e-02
24.27	2.5881039e-02
24.31	2.4965094e-02
24.34	2.4056550e-02
24.38	2.3159674e-02
24.41	2.2277980e-02
24.44	2.1414337e-02
24.48	2.0571051e-02
24.51	1.9749949e-02
24.55	1.8952438e-02
24.58	1.8179570e-02
24.62	1.7432092e-02
24.65	1.6710489e-02
24.68	1.6015020e-02
24.72	1.5345760e-02
24.75	1.4702619e-02
24.79	1.4085375e-02
24.82	1.3493691e-02
24.85	1.2927139e-02
24.89	1.2385212e-02
24.92	1.1867343e-02
24.96	1.1372913e-02
24.99	1.0901266e-02
25.02	1.0451714e-02
25.06	1.0023551e-02
25.09	9.6160520e-03
25.13	9.2284879e-03
25.16	8.8601243e-03
25.19	8.5102284e-03
25.23	8.1780723e-03
25.26	7.8629364e-03
25.30	7.5641119e-03
25.33	7.2809031e-03
25.36	7.0126288e-03
25.40	6.7586243e-03
25.43	6.5182426e-03
25.47	6.2908551e-03
25.50	6.0758526e-03
25.54	5.8726454e-03
25.57	5.6806641e-03
25.60	5.4993592e-03
25.64	5.3282017e-03
25.67	5.1666828e-03
25.71	5.0143137e-03
25.74	4.8706254e-03
25.77	4.7351685e-03
25.81	4.6075127e-03
25.84	4.4872466e-03
25.88	4.3739768e-03
25.91	4.2673282e-03
25.94	4.1669425e-03
25.98	4.0724783e-03
26.01	3.9836104e-03
26.05	3.9000297e-03
26.08	3.8214416e-03
26.11	3.7475667e-03
26.15	3.6781391e-03
26.18	3.6129068e-03
26.22	3.5516305e-03
26.25	3.4940833e-03
26.28	3.4400501e-03
26.32	3.3893274e-03
26.35	3.3417223e-03
26.39	3.2970524e-03
26.42	3.2551450e-03
26.45	3.2158370e-03
26.49	3.1789743e-03
26.52	3.1444112e-03
26.56	3.1120101e-03
26.59	3.0816410e-03
26.63	3.0531816e-03
26.66	3.0265162e-03
26.69	3.0015359e-03
26.73	2.9781380e-03
26.76	2.9562257e-03
26.80	2.9357080e-03
26.83	2.9164989e-03
26.86	2.8985177e-03
26.90	2.8816883e-03
26.93	2.8659392e-03
26.97	2.8512030e-03
27.00	2.8374166e-03
