# NeutrinoAntineutrinoInteraction/NeutrinoAntineutrinoWProduction interaction rates
# neutrino field: massive Cosmic Neutrino Background, T_CnuB = 1.94535456 K
# Produced with crpropa-data version: 34240bf825c959521ec71bc1e6d82591f4f17700
# log10(E/eV), 1/lambda [1/Mpc]
20.05	0.0000000e+00
20.08	0.0000000e+00
20.12	0.0000000e+00
20.15	0.0000000e+00
20.19	0.0000000e+00
20.22	0.0000000e+00
20.25	0.0000000e+00
20.29	0.0000000e+00
20.32	0.0000000e+00
20.36	0.0000000e+00
20.39	0.0000000e+00
20.42	0.0000000e+00
20.46	0.0000000e+00
20.49	0.0000000e+00
20.53	0.0000000e+00
20.56	0.0000000e+00
20.60	0.0000000e+00
20.63	0.0000000e+00
20.66	0.0000000e+00
20.70	0.0000000e+00
20.73	0.0000000e+00
20.77	0.0000000e+00
20.80	0.0000000e+00
20.83	0.0000000e+00
20.87	0.0000000e+00
20.90	0.0000000e+00
20.94	0.0000000e+00
20.97	0.0000000e+00
21.00	0.0000000e+00
21.04	0.0000000e+00
21.07	0.0000000e+00
21.11	0.0000000e+00
21.14	0.0000000e+00
21.17	0.0000000e+00
21.21	0.0000000e+00
21.24	0.0000000e+00
21.28	0.0000000e+00
21.31	0.0000000e+00
21.34	0.0000000e+00
21.38	0.0000000e+00
21.41	0.0000000e+00
21.45	0.0000000e+00
21.48	0.0000000e+00
21.52	0.0000000e+00
21.55	0.0000000e+00
21.58	0.0000000e+00
21.62	0.0000000e+00
21.65	0.0000000e+00
21.69	0.0000000e+00
21.72	0.0000000e+00
21.75	0.0000000e+00
21.79	0.0000000e+00
21.82	0.0000000e+00
21.86	0.0000000e+00
21.89	0.0000000e+00
21.92	0.0000000e+00
21.96	0.0000000e+00
21.99	7.8249802e-286
22.03	2.2294555e-264
22.06	1.5419920e-244
22.09	3.4306365e-226
22.13	3.1851296e-209
22.16	1.5699827e-193
22.20	5.1331236e-179
22.23	1.3678377e-165
22.26	3.5941307e-153
22.30	1.1107141e-141
22.33	4.7519903e-131
22.37	3.2729374e-121
22.40	4.1727628e-112
22.43	1.1206031e-103
22.47	7.1444409e-96
22.50	1.2079960e-88
22.54	6.0017432e-82
22.57	9.6349952e-76
22.61	5.4575956e-70
22.64	1.1834221e-64
22.67	1.0594830e-59
22.71	4.2005490e-55
22.74	7.8707496e-51
22.78	7.4034288e-47
22.81	3.6973529e-43
22.84	1.0327489e-39
22.88	1.6933708e-36
22.91	1.7048850e-33
22.95	1.0989820e-30
22.98	4.7156172e-28
23.01	1.3965540e-25
23.05	2.9522726e-23
23.08	4.5960416e-21
23.12	5.4231805e-19
23.15	4.9799678e-17
23.18	3.6443163e-15
23.22	2.1695456e-13
23.25	1.0680024e-11
23.29	4.3890516e-10
23.32	1.5009176e-08
23.35	4.1320440e-07
23.39	8.0232237e-06
23.42	6.0490834e-05
23.46	1.4558572e-04
23.49	2.3557896e-04
23.53	3.2132185e-04
23.56	3.9876932e-04
23.59	4.6623951e-04
23.63	5.2331120e-04
23.66	5.7025996e-04
23.70	6.0773830e-04
23.73	6.3658605e-04
23.76	6.5771534e-04
23.80	6.7204173e-04
23.83	6.8044354e-04
23.87	6.8373960e-04
23.90	6.8267808e-04
23.93	6.7793320e-04
23.97	6.7010577e-04
24.00	6.5972682e-04
24.04	6.4726238e-04
24.07	6.3311918e-04
24.10	6.1765037e-04
24.14	6.0116126e-04
24.17	5.8391456e-04
24.21	5.6613536e-04
24.24	5.4801591e-04
24.27	5.2971957e-04
24.31	5.1138451e-04
24.34	4.9312688e-04
24.38	4.7504382e-04
24.41	4.5721584e-04
24.44	4.3970918e-04
24.48	4.2257759e-04
24.51	4.0586415e-04
24.55	3.8960271e-04
24.58	3.7381923e-04
24.62	3.5853278e-04
24.65	3.4375668e-04
24.68	3.2949920e-04
24.72	3.1576443e-04
24.75	3.0255281e-04
24.79	2.8986169e-04
24.82	2.7768589e-04
24.85	2.6601815e-04
24.89	2.5484941e-04
24.92	2.4416919e-04
24.96	2.3396583e-04
24.99	2.2422675e-04
25.02	2.1493864e-04
25.06	2.0608766e-04
25.09	1.9765956e-04
25.13	1.8963985e-04
25.16	1.8201392e-04
25.19	1.7476711e-04
25.23	1.6788481e-04
25.26	1.6135255e-04
25.30	1.5515600e-04
25.33	1.4928112e-04
25.36	1.4371406e-04
25.40	1.3844130e-04
25.43	1.3344967e-04
25.47	1.2872637e-04
25.50	1.2425895e-04
25.54	1.2003536e-04
25.57	1.1604396e-04
25.60	1.1227348e-04
25.64	1.0871308e-04
25.67	1.0535231e-04
25.71	1.0218112e-04
25.74	9.9189869e-05
25.77	9.6369310e-05
25.81	9.3710578e-05
25.84	9.1205199e-05
25.88	8.8845059e-05
25.91	8.6622424e-05
25.94	8.4529897e-05
25.98	8.2560411e-05
26.01	8.0707239e-05
26.05	7.8963990e-05
26.08	7.7324569e-05
26.11	7.5783194e-05
26.15	7.4334356e-05
26.18	7.2972839e-05
26.22	7.1693680e-05
26.25	7.0492178e-05
26.28	6.9363863e-05
26.32	6.8304515e-05
26.35	6.7310127e-05
26.39	6.6376914e-05
26.42	6.5501289e-05
26.45	6.4679866e-05
26.49	6.3909441e-05
26.52	6.3186993e-05
26.56	6.2509649e-05
26.59	6.1874702e-05
26.63	6.1279605e-05
26.66	6.0721952e-05
26.69	6.0199477e-05
26.73	5.9710039e-05
26.76	5.9251627e-05
26.80	5.8822339e-05
26.83	5.8420393e-05
26.86	5.8044097e-05
26.90	5.7691868e-05
26.93	5.7362213e-05
26.97	5.7053731e-05
27.00	5.6765100e-05
