# NeutrinoAntineutrinoInteraction/NeutrinoAntineutrinoWProduction interaction rates
# neutrino field: massive Cosmic Neutrino Background, T_CnuB = 1.94535456 K
# Produced with crpropa-data version: 34240bf825c959521ec71bc1e6d82591f4f17700
# log10(E/eV), 1/lambda [1/Mpc]
19.40	0.0000000e+00
19.44	0.0000000e+00
19.47	0.0000000e+00
19.51	0.0000000e+00
19.54	0.0000000e+00
19.57	0.0000000e+00
19.61	0.0000000e+00
19.64	0.0000000e+00
19.68	0.0000000e+00
19.71	0.0000000e+00
19.74	0.0000000e+00
19.78	0.0000000e+00
19.81	0.0000000e+00
19.85	0.0000000e+00
19.88	0.0000000e+00
19.91	0.0000000e+00
19.95	0.0000000e+00
19.98	0.0000000e+00
20.02	0.0000000e+00
20.05	0.0000000e+00
20.08	0.0000000e+00
20.12	0.0000000e+00
20.15	0.0000000e+00
20.19	0.0000000e+00
20.22	0.0000000e+00
20.25	0.0000000e+00
20.29	0.0000000e+00
20.32	0.0000000e+00
20.36	0.0000000e+00
20.39	0.0000000e+00
20.42	0.0000000e+00
20.46	0.0000000e+00
20.49	0.0000000e+00
20.53	0.0000000e+00
20.56	0.0000000e+00
20.60	0.0000000e+00
20.63	0.0000000e+00
20.66	0.0000000e+00
20.70	0.0000000e+00
20.73	0.0000000e+00
20.77	0.0000000e+00
20.80	0.0000000e+00
20.83	0.0000000e+00
20.87	0.0000000e+00
20.90	0.0000000e+00
20.94	0.0000000e+00
20.97	0.0000000e+00
21.00	0.0000000e+00
21.04	0.0000000e+00
21.07	0.0000000e+00
21.11	0.0000000e+00
21.14	0.0000000e+00
21.17	0.0000000e+00
21.21	0.0000000e+00
21.24	0.0000000e+00
21.28	0.0000000e+00
21.31	0.0000000e+00
21.34	2.4994978e-289
21.38	2.2124743e-267
21.41	4.3127153e-247
21.45	2.4707152e-228
21.48	5.4285598e-211
21.52	5.8507063e-195
21.55	3.8833295e-180
21.58	1.9589810e-166
21.62	9.1233346e-154
21.65	4.6953858e-142
21.69	3.1534835e-131
21.72	3.2230986e-121
21.75	5.7789425e-112
21.79	2.0729494e-103
21.82	1.6798309e-95
21.86	3.4408986e-88
21.89	1.9766186e-81
21.92	3.5053690e-75
21.96	2.0973764e-69
21.99	4.5963884e-64
22.03	3.9804689e-59
22.06	1.4612508e-54
22.09	2.4265442e-50
22.13	1.9355383e-46
22.16	7.8393587e-43
22.20	1.6971705e-39
22.23	2.0594941e-36
22.26	1.4637247e-33
22.30	6.3454492e-31
22.33	1.7421465e-28
22.37	3.1362914e-26
22.40	3.8230942e-24
22.43	3.2508012e-22
22.47	1.9819107e-20
22.50	8.8867234e-19
22.54	3.0004070e-17
22.57	7.7956081e-16
22.61	1.5903476e-14
22.64	2.5953169e-13
22.67	3.4468369e-12
22.71	3.7852533e-11
22.74	3.4882052e-10
22.78	2.7342953e-09
22.81	1.8461936e-08
22.84	1.0862486e-07
22.88	5.6291206e-07
22.91	2.5946733e-06
22.95	1.0734476e-05
22.98	4.0191294e-05
23.01	1.3722050e-04
23.05	4.3014973e-04
23.08	1.2456877e-03
23.12	3.3508388e-03
23.15	8.4117863e-03
23.18	1.9782139e-02
23.22	4.3702603e-02
23.25	9.0817651e-02
23.29	1.7739599e-01
23.32	3.2445318e-01
23.35	5.5101702e-01
23.39	8.5748613e-01
23.42	1.2071214e+00
23.46	1.5490243e+00
23.49	1.8597042e+00
23.53	2.1305151e+00
23.56	2.3590508e+00
23.59	2.5461451e+00
23.63	2.6943458e+00
23.66	2.8070500e+00
23.70	2.8879934e+00
23.73	2.9409461e+00
23.76	2.9695361e+00
23.80	2.9771506e+00
23.83	2.9668885e+00
23.87	2.9415431e+00
23.90	2.9036047e+00
23.93	2.8552741e+00
23.97	2.7984829e+00
24.00	2.7349161e+00
24.04	2.6660363e+00
24.07	2.5931073e+00
24.10	2.5172159e+00
24.14	2.4392932e+00
24.17	2.3601331e+00
24.21	2.2804092e+00
24.24	2.2006905e+00
24.27	2.1214546e+00
24.31	2.0430999e+00
24.34	1.9659558e+00
24.38	1.8902921e+00
24.41	1.8163272e+00
24.44	1.7442349e+00
24.48	1.6741509e+00
24.51	1.6061779e+00
24.55	1.5403903e+00
24.58	1.4768383e+00
24.62	1.4155517e+00
24.65	1.3565426e+00
24.68	1.2998082e+00
24.72	1.2453334e+00
24.75	1.1930924e+00
24.79	1.1430507e+00
24.82	1.0951666e+00
24.85	1.0493927e+00
24.89	1.0056766e+00
24.92	9.6396241e-01
24.96	9.2419119e-01
24.99	8.8630202e-01
25.02	8.5023248e-01
25.06	8.1591921e-01
25.09	7.8329846e-01
25.13	7.5230641e-01
25.16	7.2287957e-01
25.19	6.9495509e-01
25.23	6.6847095e-01
25.26	6.4336621e-01
25.30	6.1958116e-01
25.33	5.9705750e-01
25.36	5.7573839e-01
25.40	5.5556859e-01
25.43	5.3649450e-01
25.47	5.1846422e-01
25.50	5.0142761e-01
25.54	4.8533626e-01
25.57	4.7014352e-01
25.60	4.5580453e-01
25.64	4.4227615e-01
25.67	4.2951698e-01
25.71	4.1748735e-01
25.74	4.0614924e-01
25.77	3.9546629e-01
25.81	3.8540374e-01
25.84	3.7592839e-01
25.88	3.6700858e-01
25.91	3.5861411e-01
25.94	3.5071621e-01
25.98	3.4328748e-01
26.01	3.3630189e-01
26.05	3.2973466e-01
26.08	3.2356226e-01
26.11	3.1776234e-01
26.15	3.1231372e-01
26.18	3.0719627e-01
26.22	3.0239095e-01
26.25	2.9787968e-01
26.28	2.9364539e-01
26.32	2.8967188e-01
26.35	2.8594384e-01
26.39	2.8244680e-01
26.42	2.7916707e-01
26.45	2.7609174e-01
26.49	2.7320858e-01
26.52	2.7050608e-01
26.56	2.6797336e-01
26.59	2.6560016e-01
26.63	2.6337680e-01
26.66	2.6129416e-01
26.69	2.5934365e-01
26.73	2.5751717e-01
26.76	2.5580710e-01
26.80	2.5420625e-01
26.83	2.5270787e-01
26.86	2.5130560e-01
26.90	2.4999346e-01
26.93	2.4876583e-01
26.97	2.4761741e-01
27.00	2.4654324e-01
