# NeutrinoAntineutrinoInteraction/NeutrinoAntineutrinoWProduction interaction rates
# neutrino field: massive Cosmic Neutrino Background, T_CnuB = 1.94535456 K
# Produced with crpropa-data version: 34240bf825c959521ec71bc1e6d82591f4f17700
# log10(E/eV), 1/lambda [1/Mpc]
19.74	0.0000000e+00
19.78	0.0000000e+00
19.81	0.0000000e+00
19.85	0.0000000e+00
19.88	0.0000000e+00
19.91	0.0000000e+00
19.95	0.0000000e+00
19.98	0.0000000e+00
20.02	0.0000000e+00
20.05	0.0000000e+00
20.08	0.0000000e+00
20.12	0.0000000e+00
20.15	0.0000000e+00
20.19	0.0000000e+00
20.22	0.0000000e+00
20.25	0.0000000e+00
20.29	0.0000000e+00
20.32	0.0000000e+00
20.36	0.0000000e+00
20.39	0.0000000e+00
20.42	0.0000000e+00
20.46	0.0000000e+00
20.49	0.0000000e+00
20.53	0.0000000e+00
20.56	0.0000000e+00
20.60	0.0000000e+00
20.63	0.0000000e+00
20.66	0.0000000e+00
20.70	0.0000000e+00
20.73	0.0000000e+00
20.77	0.0000000e+00
20.80	0.0000000e+00
20.83	0.0000000e+00
20.87	0.0000000e+00
20.90	0.0000000e+00
20.94	0.0000000e+00
20.97	0.0000000e+00
21.00	0.0000000e+00
21.04	0.0000000e+00
21.07	0.0000000e+00
21.11	0.0000000e+00
21.14	0.0000000e+00
21.17	0.0000000e+00
21.21	0.0000000e+00
21.24	0.0000000e+00
21.28	0.0000000e+00
21.31	0.0000000e+00
21.34	0.0000000e+00
21.38	0.0000000e+00
21.41	0.0000000e+00
21.45	0.0000000e+00
21.48	0.0000000e+00
21.52	0.0000000e+00
21.55	0.0000000e+00
21.58	0.0000000e+00
21.62	0.0000000e+00
21.65	0.0000000e+00
21.69	4.1545713e-288
21.72	2.0780361e-266
21.75	2.3898015e-246
21.79	8.3998344e-228
21.82	1.1739913e-210
21.86	8.3216053e-195
21.89	3.7461780e-180
21.92	1.3186496e-166
21.96	4.3988214e-154
21.99	1.6611745e-142
22.03	8.3704198e-132
22.06	6.5513070e-122
22.09	9.1658732e-113
22.13	2.6103447e-104
22.16	1.7063052e-96
22.20	2.8606982e-89
22.23	1.3630984e-82
22.26	2.0297469e-76
22.30	1.0311592e-70
22.33	1.9382645e-65
22.37	1.4530472e-60
22.40	4.6563305e-56
22.43	6.8006564e-52
22.47	4.8033632e-48
22.50	1.7331240e-44
22.54	3.3605438e-41
22.57	3.6697025e-38
22.61	2.3566980e-35
22.64	9.2644540e-33
22.67	2.3134346e-30
22.71	3.7973577e-28
22.74	4.2289859e-26
22.78	3.2902416e-24
22.81	1.8373996e-22
22.84	7.5513487e-21
22.88	2.3373923e-19
22.91	5.5668314e-18
22.95	1.0404862e-16
22.98	1.5543577e-15
23.01	1.8875024e-14
23.05	1.8924643e-13
23.08	1.5894291e-12
23.12	1.1332459e-11
23.15	6.9444077e-11
23.18	3.6993729e-10
23.22	1.7313407e-09
23.25	7.1884000e-09
23.29	2.6717213e-08
23.32	8.9634982e-08
23.35	2.7354975e-07
23.39	7.6482079e-07
23.42	1.9719968e-06
23.46	4.7175701e-06
23.49	1.0530255e-05
23.53	2.2045788e-05
23.56	4.3497610e-05
23.59	8.1243120e-05
23.63	1.4423507e-04
23.66	2.4432271e-04
23.70	3.9626443e-04
23.73	6.1735841e-04
23.76	9.2664897e-04
23.80	1.3437341e-03
23.83	1.8872701e-03
23.87	2.5733272e-03
23.90	3.4137843e-03
23.93	4.4149530e-03
23.97	5.5765946e-03
24.00	6.8914436e-03
24.04	8.3452827e-03
24.07	9.9175520e-03
24.10	1.1582410e-02
24.14	1.3310125e-02
24.17	1.5068653e-02
24.21	1.6825248e-02
24.24	1.8547981e-02
24.27	2.0207061e-02
24.31	2.1775880e-02
24.34	2.3231769e-02
24.38	2.4556436e-02
24.41	2.5736140e-02
24.44	2.6761612e-02
24.48	2.7627796e-02
24.51	2.8333444e-02
24.55	2.8880628e-02
24.58	2.9274208e-02
24.62	2.9521291e-02
24.65	2.9630704e-02
24.68	2.9612512e-02
24.72	2.9477590e-02
24.75	2.9237238e-02
24.79	2.8902879e-02
24.82	2.8485792e-02
24.85	2.7996914e-02
24.89	2.7446690e-02
24.92	2.6844956e-02
24.96	2.6200874e-02
24.99	2.5522885e-02
25.02	2.4818691e-02
25.06	2.4095258e-02
25.09	2.3358834e-02
25.13	2.2614976e-02
25.16	2.1868588e-02
25.19	2.1123959e-02
25.23	2.0384810e-02
25.26	1.9654339e-02
25.30	1.8935267e-02
25.33	1.8229881e-02
25.36	1.7540080e-02
25.40	1.6867413e-02
25.43	1.6213117e-02
25.47	1.5578156e-02
25.50	1.4963247e-02
25.54	1.4368898e-02
25.57	1.3795428e-02
25.60	1.3242997e-02
25.64	1.2711624e-02
25.67	1.2201210e-02
25.71	1.1711554e-02
25.74	1.1242369e-02
25.77	1.0793297e-02
25.81	1.0363920e-02
25.84	9.9537722e-03
25.88	9.5623485e-03
25.91	9.1891143e-03
25.94	8.8335115e-03
25.98	8.4949658e-03
26.01	8.1728918e-03
26.05	7.8666982e-03
26.08	7.5757916e-03
26.11	7.2995801e-03
26.15	7.0374765e-03
26.18	6.7889005e-03
26.22	6.5532813e-03
26.25	6.3300590e-03
26.28	6.1186862e-03
26.32	5.9186292e-03
26.35	5.7293688e-03
26.39	5.5504012e-03
26.42	5.3812384e-03
26.45	5.2214088e-03
26.49	5.0704568e-03
26.52	4.9279439e-03
26.56	4.7934477e-03
26.59	4.6665627e-03
26.63	4.5468994e-03
26.66	4.4340845e-03
26.69	4.3277607e-03
26.73	4.2275859e-03
26.76	4.1332333e-03
26.80	4.0443909e-03
26.83	3.9607610e-03
26.86	3.8820598e-03
26.90	3.8080170e-03
26.93	3.7383753e-03
26.97	3.6728900e-03
27.00	3.6113285e-03
