# NeutrinoAntineutrinoInteraction/NeutrinoAntineutrinoWProduction interaction rates
# neutrino field: massive Cosmic Neutrino Background, T_CnuB = 1.94535456 K
# Produced with crpropa-data version: 34240bf825c959521ec71bc1e6d82591f4f17700
# log10(E/eV), 1/lambda [1/Mpc]
20.36	0.0000000e+00
20.39	0.0000000e+00
20.42	0.0000000e+00
20.46	0.0000000e+00
20.49	0.0000000e+00
20.53	0.0000000e+00
20.56	0.0000000e+00
20.60	0.0000000e+00
20.63	0.0000000e+00
20.66	0.0000000e+00
20.70	0.0000000e+00
20.73	0.0000000e+00
20.77	0.0000000e+00
20.80	0.0000000e+00
20.83	0.0000000e+00
20.87	0.0000000e+00
20.90	0.0000000e+00
20.94	0.0000000e+00
20.97	0.0000000e+00
21.00	0.0000000e+00
21.04	0.0000000e+00
21.07	0.0000000e+00
21.11	0.0000000e+00
21.14	0.0000000e+00
21.17	0.0000000e+00
21.21	0.0000000e+00
21.24	0.0000000e+00
21.28	0.0000000e+00
21.31	0.0000000e+00
21.34	0.0000000e+00
21.38	0.0000000e+00
21.41	0.0000000e+00
21.45	0.0000000e+00
21.48	0.0000000e+00
21.52	0.0000000e+00
21.55	0.0000000e+00
21.58	0.0000000e+00
21.62	0.0000000e+00
21.65	0.0000000e+00
21.69	0.0000000e+00
21.72	0.0000000e+00
21.75	0.0000000e+00
21.79	0.0000000e+00
21.82	0.0000000e+00
21.86	0.0000000e+00
21.89	0.0000000e+00
21.92	0.0000000e+00
21.96	0.0000000e+00
21.99	0.0000000e+00
22.03	0.0000000e+00
22.06	0.0000000e+00
22.09	0.0000000e+00
22.13	0.0000000e+00
22.16	0.0000000e+00
22.20	0.0000000e+00
22.23	0.0000000e+00
22.26	0.0000000e+00
22.30	2.2686631e-284
22.33	3.2181206e-263
22.37	1.1559261e-243
22.40	1.3875598e-225
22.43	7.1941305e-209
22.47	2.0423004e-193
22.50	3.9529208e-179
22.54	6.3890340e-166
22.57	1.0401440e-153
22.61	2.0285129e-142
22.64	5.5628678e-132
22.67	2.4878328e-122
22.71	2.0809435e-113
22.74	3.6952847e-105
22.78	1.5662866e-97
22.81	1.7659807e-90
22.84	5.8547149e-84
22.88	6.2613798e-78
22.91	2.3533769e-72
22.95	3.3649976e-67
22.98	1.9696009e-62
23.01	5.0502111e-58
23.05	6.0395749e-54
23.08	3.5698812e-50
23.12	1.1003949e-46
23.15	1.8588412e-43
23.18	1.8016615e-40
23.22	1.0454137e-37
23.25	3.7770757e-35
23.29	8.8118998e-33
23.32	1.3729205e-30
23.35	1.4737005e-28
23.39	1.1217069e-26
23.42	6.2178750e-25
23.46	2.5728855e-23
23.49	8.1309164e-22
23.53	2.0043972e-20
23.56	3.9305359e-19
23.59	6.2431646e-18
23.63	8.1679202e-17
23.66	8.9389785e-16
23.70	8.3010452e-15
23.73	6.6276287e-14
23.76	4.6048389e-13
23.80	2.8151972e-12
23.83	1.5297332e-11
23.87	7.4554766e-11
23.90	3.2853111e-10
23.93	1.3179882e-09
23.97	4.8404791e-09
24.00	1.6336486e-08
24.04	5.0731452e-08
24.07	1.4453878e-07
24.10	3.7378338e-07
24.14	8.5485820e-07
24.17	1.6474062e-06
24.21	2.5898043e-06
24.24	3.5164176e-06
24.27	4.3654477e-06
24.31	5.1115236e-06
24.34	5.7465155e-06
24.38	6.2715107e-06
24.41	6.6925754e-06
24.44	7.0183164e-06
24.48	7.2584264e-06
24.51	7.4228128e-06
24.55	7.5210831e-06
24.58	7.5622553e-06
24.62	7.5546106e-06
24.65	7.5056354e-06
24.68	7.4220191e-06
24.72	7.3096851e-06
24.75	7.1738401e-06
24.79	7.0190336e-06
24.82	6.8492197e-06
24.85	6.6678194e-06
24.89	6.4777796e-06
24.92	6.2816278e-06
24.96	6.0815228e-06
24.99	5.8793005e-06
25.02	5.6765139e-06
25.06	5.4744703e-06
25.09	5.2742628e-06
25.13	5.0767989e-06
25.16	4.8828251e-06
25.19	4.6929489e-06
25.23	4.5076574e-06
25.26	4.3273345e-06
25.30	4.1522747e-06
25.33	3.9826960e-06
25.36	3.8187510e-06
25.40	3.6605363e-06
25.43	3.5081005e-06
25.47	3.3614521e-06
25.50	3.2205651e-06
25.54	3.0853850e-06
25.57	2.9558331e-06
25.60	2.8318110e-06
25.64	2.7132039e-06
25.67	2.5998839e-06
25.71	2.4917123e-06
25.74	2.3885427e-06
25.77	2.2902223e-06
25.81	2.1965938e-06
25.84	2.1074973e-06
25.88	2.0227710e-06
25.91	1.9422528e-06
25.94	1.8657810e-06
25.98	1.7931951e-06
26.01	1.7243366e-06
26.05	1.6590494e-06
26.08	1.5971804e-06
26.11	1.5385799e-06
26.15	1.4831020e-06
26.18	1.4306044e-06
26.22	1.3809492e-06
26.25	1.3340027e-06
26.28	1.2896356e-06
26.32	1.2477228e-06
26.35	1.2081441e-06
26.39	1.1707835e-06
26.42	1.1355294e-06
26.45	1.1022748e-06
26.49	1.0709169e-06
26.52	1.0413575e-06
26.56	1.0135023e-06
26.59	9.8726127e-07
26.63	9.6254829e-07
26.66	9.3928126e-07
26.69	9.1738186e-07
26.73	8.9677543e-07
26.76	8.7739088e-07
26.80	8.5916056e-07
26.83	8.4202016e-07
26.86	8.2590853e-07
26.90	8.1076760e-07
26.93	7.9654228e-07
26.97	7.8318027e-07
27.00	7.7063201e-07
