# NeutrinoAntineutrinoInteraction/NeutrinoAntineutrinoWProduction interaction rates
# neutrino field: massive Cosmic Neutrino Background, T_CnuB = 1.94535456 K
# Produced with crpropa-data version: 34240bf825c959521ec71bc1e6d82591f4f17700
# log10(E/eV), 1/lambda [1/Mpc]
19.61	0.0000000e+00
19.64	0.0000000e+00
19.68	0.0000000e+00
19.71	0.0000000e+00
19.74	0.0000000e+00
19.78	0.0000000e+00
19.81	0.0000000e+00
19.85	0.0000000e+00
19.88	0.0000000e+00
19.91	0.0000000e+00
19.95	0.0000000e+00
19.98	0.0000000e+00
20.02	0.0000000e+00
20.05	0.0000000e+00
20.08	0.0000000e+00
20.12	0.0000000e+00
20.15	0.0000000e+00
20.19	0.0000000e+00
20.22	0.0000000e+00
20.25	0.0000000e+00
20.29	0.0000000e+00
20.32	0.0000000e+00
20.36	0.0000000e+00
20.39	0.0000000e+00
20.42	0.0000000e+00
20.46	0.0000000e+00
20.49	0.0000000e+00
20.53	0.0000000e+00
20.56	0.0000000e+00
20.60	0.0000000e+00
20.63	0.0000000e+00
20.66	0.0000000e+00
20.70	0.0000000e+00
20.73	0.0000000e+00
20.77	0.0000000e+00
20.80	0.0000000e+00
20.83	0.0000000e+00
20.87	0.0000000e+00
20.90	0.0000000e+00
20.94	0.0000000e+00
20.97	0.0000000e+00
21.00	0.0000000e+00
21.04	0.0000000e+00
21.07	0.0000000e+00
21.11	0.0000000e+00
21.14	0.0000000e+00
21.17	0.0000000e+00
21.21	0.0000000e+00
21.24	0.0000000e+00
21.28	0.0000000e+00
21.31	0.0000000e+00
21.34	0.0000000e+00
21.38	0.0000000e+00
21.41	0.0000000e+00
21.45	0.0000000e+00
21.48	0.0000000e+00
21.52	0.0000000e+00
21.55	0.0000000e+00
21.58	1.0880625e-272
21.62	4.2484243e-252
21.65	4.6232839e-233
21.69	1.8370828e-215
21.72	3.4215186e-199
21.75	3.7626609e-184
21.79	3.0245860e-170
21.82	2.1649392e-157
21.86	1.6560817e-145
21.89	1.6026642e-134
21.92	2.2933411e-124
21.96	5.6051839e-115
21.99	2.6736880e-106
22.03	2.8155745e-98
22.06	7.3359337e-91
22.09	5.2545808e-84
22.13	1.1405770e-77
22.16	8.2097947e-72
22.20	2.1297427e-66
22.23	2.1505343e-61
22.26	9.0762073e-57
22.30	1.7099489e-52
22.33	1.5282973e-48
22.37	6.8550407e-45
22.40	1.6254654e-41
22.43	2.1379354e-38
22.47	1.6306789e-35
22.50	7.5153676e-33
22.54	2.1739215e-30
22.57	4.0879712e-28
22.61	5.1623708e-26
22.64	4.5113903e-24
22.67	2.8051081e-22
22.71	1.2732535e-20
22.74	4.3202905e-19
22.78	1.1201406e-17
22.81	2.2646609e-16
22.84	3.6378881e-15
22.88	4.7243346e-14
22.91	5.0400899e-13
22.95	4.4830936e-12
22.98	3.3706126e-11
23.01	2.1693606e-10
23.05	1.2092928e-09
23.08	5.9021315e-09
23.12	2.5474745e-08
23.15	9.8141318e-08
23.18	3.4036829e-07
23.22	1.0711121e-06
23.25	3.0809418e-06
23.29	8.1550952e-06
23.32	1.9988678e-05
23.35	4.5630586e-05
23.39	9.7535507e-05
23.42	1.9617624e-04
23.46	3.7298109e-04
23.49	6.7315205e-04
23.53	1.1577512e-03
23.56	1.9043794e-03
23.59	3.0058581e-03
23.63	4.5665676e-03
23.66	6.6964512e-03
23.70	9.5030972e-03
23.73	1.3082667e-02
23.76	1.7510682e-02
23.80	2.2833749e-02
23.83	2.9063218e-02
23.87	3.6171508e-02
23.90	4.4091493e-02
23.93	5.2718961e-02
23.97	6.1917797e-02
24.00	7.1527272e-02
24.04	8.1370650e-02
24.07	9.1264269e-02
24.10	1.0102632e-01
24.14	1.1048468e-01
24.17	1.1948335e-01
24.21	1.2788723e-01
24.24	1.3558520e-01
24.27	1.4249151e-01
24.31	1.4854586e-01
24.34	1.5371218e-01
24.38	1.5797661e-01
24.41	1.6134493e-01
24.44	1.6383957e-01
24.48	1.6549660e-01
24.51	1.6636269e-01
24.55	1.6649240e-01
24.58	1.6594554e-01
24.62	1.6478504e-01
24.65	1.6307501e-01
24.68	1.6087924e-01
24.72	1.5825993e-01
24.75	1.5527676e-01
24.79	1.5198620e-01
24.82	1.4844102e-01
24.85	1.4469001e-01
24.89	1.4077781e-01
24.92	1.3674496e-01
24.96	1.3262788e-01
24.99	1.2845906e-01
25.02	1.2426725e-01
25.06	1.2007768e-01
25.09	1.1591227e-01
25.13	1.1178996e-01
25.16	1.0772690e-01
25.19	1.0373671e-01
25.23	9.9830765e-02
25.26	9.6018399e-02
25.30	9.2307124e-02
25.33	8.8702841e-02
25.36	8.5210026e-02
25.40	8.1831903e-02
25.43	7.8570605e-02
25.47	7.5427310e-02
25.50	7.2402378e-02
25.54	6.9495460e-02
25.57	6.6705607e-02
25.60	6.4031360e-02
25.64	6.1470829e-02
25.67	5.9021771e-02
25.71	5.6681653e-02
25.74	5.4447704e-02
25.77	5.2316972e-02
25.81	5.0286360e-02
25.84	4.8352667e-02
25.88	4.6512623e-02
25.91	4.4762913e-02
25.94	4.3100204e-02
25.98	4.1521166e-02
26.01	4.0022489e-02
26.05	3.8600899e-02
26.08	3.7253169e-02
26.11	3.5976133e-02
26.15	3.4766689e-02
26.18	3.3621814e-02
26.22	3.2538562e-02
26.25	3.1514074e-02
26.28	3.0545578e-02
26.32	2.9630393e-02
26.35	2.8765930e-02
26.39	2.7949693e-02
26.42	2.7179278e-02
26.45	2.6452375e-02
26.49	2.5766766e-02
26.52	2.5120324e-02
26.56	2.4511012e-02
26.59	2.3936878e-02
26.63	2.3396059e-02
26.66	2.2886774e-02
26.69	2.2407324e-02
26.73	2.1956089e-02
26.76	2.1531524e-02
26.80	2.1132161e-02
26.83	2.0756600e-02
26.86	2.0403514e-02
26.90	2.0071638e-02
26.93	1.9759774e-02
26.97	1.9466783e-02
27.00	1.9191585e-02
