# NeutrinoAntineutrinoInteraction/NeutrinoAntineutrinoWProduction interaction rates
# neutrino field: massive Cosmic Neutrino Background, T_CnuB = 1.94535456 K
# Produced with crpropa-data version: 34240bf825c959521ec71bc1e6d82591f4f17700
# log10(E/eV), 1/lambda [1/Mpc]
19.40	0.0000000e+00
19.44	0.0000000e+00
19.47	0.0000000e+00
19.51	0.0000000e+00
19.54	0.0000000e+00
19.57	0.0000000e+00
19.61	0.0000000e+00
19.64	0.0000000e+00
19.68	0.0000000e+00
19.71	0.0000000e+00
19.74	0.0000000e+00
19.78	0.0000000e+00
19.81	0.0000000e+00
19.85	0.0000000e+00
19.88	0.0000000e+00
19.91	0.0000000e+00
19.95	0.0000000e+00
19.98	0.0000000e+00
20.02	0.0000000e+00
20.05	0.0000000e+00
20.08	0.0000000e+00
20.12	0.0000000e+00
20.15	0.0000000e+00
20.19	0.0000000e+00
20.22	0.0000000e+00
20.25	0.0000000e+00
20.29	0.0000000e+00
20.32	0.0000000e+00
20.36	0.0000000e+00
20.39	0.0000000e+00
20.42	0.0000000e+00
20.46	0.0000000e+00
20.49	0.0000000e+00
20.53	0.0000000e+00
20.56	0.0000000e+00
20.60	0.0000000e+00
20.63	0.0000000e+00
20.66	0.0000000e+00
20.70	0.0000000e+00
20.73	0.0000000e+00
20.77	0.0000000e+00
20.80	0.0000000e+00
20.83	0.0000000e+00
20.87	0.0000000e+00
20.90	0.0000000e+00
20.94	0.0000000e+00
20.97	0.0000000e+00
21.00	0.0000000e+00
21.04	0.0000000e+00
21.07	0.0000000e+00
21.11	0.0000000e+00
21.14	0.0000000e+00
21.17	0.0000000e+00
21.21	0.0000000e+00
21.24	0.0000000e+00
21.28	0.0000000e+00
21.31	0.0000000e+00
21.34	2.3839094e-289
21.38	2.1021568e-267
21.41	4.0807419e-247
21.45	2.3273844e-228
21.48	5.0889874e-211
21.52	5.4561758e-195
21.55	3.6011104e-180
21.58	1.8055903e-166
21.62	8.3538919e-154
21.65	4.2689980e-142
21.69	2.8452490e-131
21.72	2.8841327e-121
21.75	5.1252928e-112
21.79	1.8208866e-103
21.82	1.4603462e-95
21.86	2.9580519e-88
21.89	1.6788880e-81
21.92	2.9389407e-75
21.96	1.7340241e-69
21.99	3.7432501e-64
22.03	3.1894641e-59
22.06	1.1505933e-54
22.09	1.8750949e-50
22.13	1.4657477e-46
22.16	5.8090166e-43
22.20	1.2285987e-39
22.23	1.4539818e-36
22.26	1.0059450e-33
22.30	4.2368725e-31
22.33	1.1278070e-28
22.37	1.9641643e-26
22.40	2.3108692e-24
22.43	1.8918186e-22
22.47	1.1075733e-20
22.50	4.7559795e-19
22.54	1.5333406e-17
22.57	3.7927882e-16
22.61	7.3431319e-15
22.64	1.1335301e-13
22.67	1.4191690e-12
22.71	1.4640119e-11
22.74	1.2627190e-10
22.78	9.2296162e-10
22.81	5.7888949e-09
22.84	3.1517632e-08
22.88	1.5055302e-07
22.91	6.3721384e-07
22.95	2.4115641e-06
22.98	8.2297909e-06
23.01	2.5523293e-05
23.05	7.2454912e-05
23.08	1.8952674e-04
23.12	4.5963568e-04
23.15	1.0393544e-03
23.18	2.2029188e-03
23.22	4.3976670e-03
23.25	8.3057328e-03
23.29	1.4902472e-02
23.32	2.5498655e-02
23.35	4.1752213e-02
23.39	6.5637114e-02
23.42	9.9361947e-02
23.46	1.4523814e-01
23.49	2.0550606e-01
23.53	2.8213492e-01
23.56	3.7661770e-01
23.59	4.8978467e-01
23.63	6.2165749e-01
23.66	7.7136176e-01
23.70	9.3710855e-01
23.73	1.1162478e+00
23.76	1.3053881e+00
23.80	1.5005715e+00
23.83	1.6974845e+00
23.87	1.8916877e+00
23.90	2.0788438e+00
23.93	2.2549253e+00
23.97	2.4163904e+00
24.00	2.5603172e+00
24.04	2.6844912e+00
24.07	2.7874489e+00
24.10	2.8684803e+00
24.14	2.9275993e+00
24.17	2.9654952e+00
24.21	2.9835045e+00
24.24	2.9835651e+00
24.27	2.9678712e+00
24.31	2.9386109e+00
24.34	2.8978585e+00
24.38	2.8475241e+00
24.41	2.7893333e+00
24.44	2.7248241e+00
24.48	2.6553530e+00
24.51	2.5821060e+00
24.55	2.5061128e+00
24.58	2.4282613e+00
24.62	2.3493127e+00
24.65	2.2699153e+00
24.68	2.1906180e+00
24.72	2.1118823e+00
24.75	2.0340931e+00
24.79	1.9575686e+00
24.82	1.8825693e+00
24.85	1.8093052e+00
24.89	1.7379429e+00
24.92	1.6686116e+00
24.96	1.6014084e+00
24.99	1.5364026e+00
25.02	1.4736398e+00
25.06	1.4131459e+00
25.09	1.3549291e+00
25.13	1.2989835e+00
25.16	1.2452911e+00
25.19	1.1938236e+00
25.23	1.1445442e+00
25.26	1.0974093e+00
25.30	1.0523697e+00
25.33	1.0093718e+00
25.36	9.6835825e-01
25.40	9.2926934e-01
25.43	8.9204328e-01
25.47	8.5661701e-01
25.50	8.2292673e-01
25.54	7.9090835e-01
25.57	7.6049787e-01
25.60	7.3163174e-01
25.64	7.0424710e-01
25.67	6.7828208e-01
25.71	6.5367592e-01
25.74	6.3036920e-01
25.77	6.0830393e-01
25.81	5.8742365e-01
25.84	5.6767355e-01
25.88	5.4900050e-01
25.91	5.3135310e-01
25.94	5.1468169e-01
25.98	4.9893842e-01
26.01	4.8407718e-01
26.05	4.7005366e-01
26.08	4.5682529e-01
26.11	4.4435125e-01
26.15	4.3259240e-01
26.18	4.2151131e-01
26.22	4.1107215e-01
26.25	4.0124073e-01
26.28	3.9198438e-01
26.32	3.8327196e-01
26.35	3.7507379e-01
26.39	3.6736159e-01
26.42	3.6010848e-01
26.45	3.5328887e-01
26.49	3.4687845e-01
26.52	3.4085414e-01
26.56	3.3519402e-01
26.59	3.2987730e-01
26.63	3.2488427e-01
26.66	3.2019627e-01
26.69	3.1579558e-01
26.73	3.1166548e-01
26.76	3.0779010e-01
26.80	3.0415447e-01
26.83	3.0074442e-01
26.86	2.9754655e-01
26.90	2.9454822e-01
26.93	2.9173749e-01
26.97	2.8910309e-01
27.00	2.8663438e-01
