# NeutrinoAntineutrinoInteraction/NeutrinoAntineutrinoWProduction interaction rates
# neutrino field: massive Cosmic Neutrino Background, T_CnuB = 1.94535456 K
# Produced with crpropa-data version: 34240bf825c959521ec71bc1e6d82591f4f17700
# log10(E/eV), 1/lambda [1/Mpc]
19.13	0.0000000e+00
19.16	0.0000000e+00
19.20	0.0000000e+00
19.23	0.0000000e+00
19.27	0.0000000e+00
19.30	0.0000000e+00
19.33	0.0000000e+00
19.37	0.0000000e+00
19.40	0.0000000e+00
19.44	0.0000000e+00
19.47	0.0000000e+00
19.51	0.0000000e+00
19.54	0.0000000e+00
19.57	0.0000000e+00
19.61	0.0000000e+00
19.64	0.0000000e+00
19.68	0.0000000e+00
19.71	0.0000000e+00
19.74	0.0000000e+00
19.78	0.0000000e+00
19.81	0.0000000e+00
19.85	0.0000000e+00
19.88	0.0000000e+00
19.91	0.0000000e+00
19.95	0.0000000e+00
19.98	0.0000000e+00
20.02	0.0000000e+00
20.05	0.0000000e+00
20.08	0.0000000e+00
20.12	0.0000000e+00
20.15	0.0000000e+00
20.19	0.0000000e+00
20.22	0.0000000e+00
20.25	0.0000000e+00
20.29	0.0000000e+00
20.32	0.0000000e+00
20.36	0.0000000e+00
20.39	0.0000000e+00
20.42	0.0000000e+00
20.46	0.0000000e+00
20.49	0.0000000e+00
20.53	0.0000000e+00
20.56	0.0000000e+00
20.60	0.0000000e+00
20.63	0.0000000e+00
20.66	0.0000000e+00
20.70	0.0000000e+00
20.73	0.0000000e+00
20.77	0.0000000e+00
20.80	0.0000000e+00
20.83	0.0000000e+00
20.87	0.0000000e+00
20.90	0.0000000e+00
20.94	0.0000000e+00
20.97	0.0000000e+00
21.00	0.0000000e+00
21.04	0.0000000e+00
21.07	1.8312781e-274
21.11	1.6491183e-253
21.14	3.8867772e-234
21.17	3.1560270e-216
21.21	1.1383406e-199
21.24	2.3068804e-184
21.28	3.2639404e-170
21.31	3.9413888e-157
21.34	4.8909326e-145
21.38	7.4051017e-134
21.41	1.6032609e-123
21.45	5.7484101e-114
21.48	3.9092208e-105
21.52	5.7162991e-97
21.55	2.0183458e-89
21.58	1.9156054e-82
21.62	5.3964400e-76
21.65	4.9455272e-70
21.69	1.6048415e-64
21.72	1.9943444e-59
21.75	1.0204321e-54
21.79	2.2986802e-50
21.82	2.4254037e-46
21.86	1.2693249e-42
21.89	3.4740962e-39
21.92	5.2222101e-36
21.96	4.5109767e-33
21.99	2.3349031e-30
22.03	7.5276140e-28
22.06	1.5666694e-25
22.09	2.1757001e-23
22.13	2.0787851e-21
22.16	1.4057076e-19
22.20	6.9058224e-18
22.23	2.5250789e-16
22.26	7.0272620e-15
22.30	1.5196006e-13
22.33	2.6026055e-12
22.37	3.5933546e-11
22.40	4.0653940e-10
22.43	3.8262926e-09
22.47	3.0380361e-08
22.50	2.0613617e-07
22.54	1.2096074e-06
22.57	6.2065845e-06
22.61	2.8132183e-05
22.64	1.1370603e-04
22.67	4.1339611e-04
22.71	1.3628088e-03
22.74	4.1039493e-03
22.78	1.1366568e-02
22.81	2.9137014e-02
22.84	6.9527839e-02
22.88	1.5526578e-01
22.91	3.2606878e-01
22.95	6.4683020e-01
22.98	1.2169603e+00
23.01	2.1795016e+00
23.05	3.7278442e+00
23.08	6.1071555e+00
23.12	9.6071485e+00
23.15	1.4542676e+01
23.18	2.1219031e+01
23.22	2.9880088e+01
23.25	4.0640277e+01
23.29	5.3407002e+01
23.32	6.7809887e+01
23.35	8.3166963e+01
23.39	9.8531143e+01
23.42	1.1286893e+02
23.46	1.2544686e+02
23.49	1.3602383e+02
23.53	1.4459828e+02
23.56	1.5127669e+02
23.59	1.5621760e+02
23.63	1.5960123e+02
23.66	1.6161215e+02
23.70	1.6242929e+02
23.73	1.6222043e+02
23.76	1.6113944e+02
23.80	1.5932525e+02
23.83	1.5690179e+02
23.87	1.5397864e+02
23.90	1.5065196e+02
23.93	1.4700561e+02
23.97	1.4311235e+02
24.00	1.3903495e+02
24.04	1.3482737e+02
24.07	1.3053572e+02
24.10	1.2619927e+02
24.14	1.2185124e+02
24.17	1.1751963e+02
24.21	1.1322783e+02
24.24	1.0899529e+02
24.27	1.0483798e+02
24.31	1.0076890e+02
24.34	9.6798471e+01
24.38	9.2934899e+01
24.41	8.9184471e+01
24.44	8.5551832e+01
24.48	8.2040225e+01
24.51	7.8651688e+01
24.55	7.5387239e+01
24.58	7.2247029e+01
24.62	6.9230474e+01
24.65	6.6336377e+01
24.68	6.3563028e+01
24.72	6.0908290e+01
24.75	5.8369681e+01
24.79	5.5944437e+01
24.82	5.3629570e+01
24.85	5.1421919e+01
24.89	4.9318194e+01
24.92	4.7315011e+01
24.96	4.5408928e+01
24.99	4.3596466e+01
25.02	4.1874141e+01
25.06	4.0238477e+01
25.09	3.8686027e+01
25.13	3.7213388e+01
25.16	3.5817209e+01
25.19	3.4494205e+01
25.23	3.3241165e+01
25.26	3.2054956e+01
25.30	3.0932529e+01
25.33	2.9870928e+01
25.36	2.8867285e+01
25.40	2.7918827e+01
25.43	2.7022880e+01
25.47	2.6176861e+01
25.50	2.5378288e+01
25.54	2.4624772e+01
25.57	2.3914020e+01
25.60	2.3243833e+01
25.64	2.2612105e+01
25.67	2.2016818e+01
25.71	2.1456046e+01
25.74	2.0927946e+01
25.77	2.0430760e+01
25.81	1.9962813e+01
25.84	1.9522507e+01
25.88	1.9108321e+01
25.91	1.8718808e+01
25.94	1.8352591e+01
25.98	1.8008364e+01
26.01	1.7684884e+01
26.05	1.7380973e+01
26.08	1.7095512e+01
26.11	1.6827442e+01
26.15	1.6575759e+01
26.18	1.6339510e+01
26.22	1.6117796e+01
26.25	1.5909765e+01
26.28	1.5714611e+01
26.32	1.5531573e+01
26.35	1.5359930e+01
26.39	1.5199003e+01
26.42	1.5048151e+01
26.45	1.4906767e+01
26.49	1.4774281e+01
26.52	1.4650152e+01
26.56	1.4533873e+01
26.59	1.4424966e+01
26.63	1.4322978e+01
26.66	1.4227485e+01
26.69	1.4138087e+01
26.73	1.4054406e+01
26.76	1.3976090e+01
26.80	1.3902804e+01
26.83	1.3834234e+01
26.86	1.3770086e+01
26.90	1.3710082e+01
26.93	1.3653963e+01
26.97	1.3601482e+01
27.00	1.3552412e+01
