# NeutrinoAntineutrinoInteraction/NeutrinoAntineutrinoWProduction interaction rates
# neutrino field: massive Cosmic Neutrino Background, T_CnuB = 1.94535456 K
# Produced with crpropa-data version: 34240bf825c959521ec71bc1e6d82591f4f17700
# log10(E/eV), 1/lambda [1/Mpc]
20.05	0.0000000e+00
20.08	0.0000000e+00
20.12	0.0000000e+00
20.15	0.0000000e+00
20.19	0.0000000e+00
20.22	0.0000000e+00
20.25	0.0000000e+00
20.29	0.0000000e+00
20.32	0.0000000e+00
20.36	0.0000000e+00
20.39	0.0000000e+00
20.42	0.0000000e+00
20.46	0.0000000e+00
20.49	0.0000000e+00
20.53	0.0000000e+00
20.56	0.0000000e+00
20.60	0.0000000e+00
20.63	0.0000000e+00
20.66	0.0000000e+00
20.70	0.0000000e+00
20.73	0.0000000e+00
20.77	0.0000000e+00
20.80	0.0000000e+00
20.83	0.0000000e+00
20.87	0.0000000e+00
20.90	0.0000000e+00
20.94	0.0000000e+00
20.97	0.0000000e+00
21.00	0.0000000e+00
21.04	0.0000000e+00
21.07	0.0000000e+00
21.11	0.0000000e+00
21.14	0.0000000e+00
21.17	0.0000000e+00
21.21	0.0000000e+00
21.24	0.0000000e+00
21.28	0.0000000e+00
21.31	0.0000000e+00
21.34	0.0000000e+00
21.38	0.0000000e+00
21.41	0.0000000e+00
21.45	0.0000000e+00
21.48	0.0000000e+00
21.52	0.0000000e+00
21.55	0.0000000e+00
21.58	0.0000000e+00
21.62	0.0000000e+00
21.65	0.0000000e+00
21.69	0.0000000e+00
21.72	0.0000000e+00
21.75	0.0000000e+00
21.79	0.0000000e+00
21.82	0.0000000e+00
21.86	0.0000000e+00
21.89	0.0000000e+00
21.92	0.0000000e+00
21.96	0.0000000e+00
21.99	3.0635693e-286
22.03	8.0901259e-265
22.06	5.1546607e-245
22.09	1.0495282e-226
22.13	8.8544733e-210
22.16	3.9356732e-194
22.20	1.1508168e-179
22.23	2.7182606e-166
22.26	6.2706614e-154
22.30	1.6838090e-142
22.33	6.1901160e-132
22.37	3.6197945e-122
22.40	3.8679891e-113
22.43	8.5860836e-105
22.47	4.4576301e-97
22.50	6.0397315e-90
22.54	2.3634685e-83
22.57	2.9335512e-77
22.61	1.2594243e-71
22.64	2.0261390e-66
22.67	1.3153609e-61
22.71	3.6900514e-57
22.74	4.7656441e-53
22.78	3.0041953e-49
22.81	9.7577596e-46
22.84	1.7167713e-42
22.88	1.7135660e-39
22.91	1.0127108e-36
22.95	3.6866771e-34
22.98	8.5747816e-32
23.01	1.3180285e-29
23.05	1.3813644e-27
23.08	1.0160556e-25
23.12	5.3870345e-24
23.15	2.1102173e-22
23.18	6.2483090e-21
23.22	1.4283027e-19
23.25	2.5702374e-18
23.29	3.7072728e-17
23.32	4.3581883e-16
23.35	4.2405539e-15
23.39	3.4641273e-14
23.42	2.4073646e-13
23.46	1.4406440e-12
23.49	7.5080772e-12
23.53	3.4433340e-11
23.56	1.4030964e-10
23.59	5.1252813e-10
23.63	1.6921612e-09
23.66	5.0881707e-09
23.70	1.4032344e-08
23.73	3.5724760e-08
23.76	8.4467116e-08
23.80	1.8650767e-07
23.83	3.8656746e-07
23.87	7.5567228e-07
23.90	1.3993452e-06
23.93	2.4646657e-06
23.97	4.1443587e-06
24.00	6.6760960e-06
24.04	1.0335659e-05
24.07	1.5423460e-05
24.10	2.2245001e-05
24.14	3.1086946e-05
24.17	4.2191319e-05
24.21	5.5730809e-05
24.24	7.1788119e-05
24.27	9.0341812e-05
24.31	1.1126025e-04
24.34	1.3430419e-04
24.38	1.5913755e-04
24.41	1.8534501e-04
24.44	2.1245436e-04
24.48	2.3996140e-04
24.51	2.6735501e-04
24.55	2.9414047e-04
24.58	3.1985943e-04
24.62	3.4410556e-04
24.65	3.6653550e-04
24.68	3.8687504e-04
24.72	4.0492108e-04
24.75	4.2053995e-04
24.79	4.3366285e-04
24.82	4.4427933e-04
24.85	4.5242951e-04
24.89	4.5819566e-04
24.92	4.6169374e-04
24.96	4.6306537e-04
24.99	4.6247033e-04
25.02	4.6007999e-04
25.06	4.5607157e-04
25.09	4.5062340e-04
25.13	4.4391104e-04
25.16	4.3610430e-04
25.19	4.2736487e-04
25.23	4.1784483e-04
25.26	4.0768550e-04
25.30	3.9701687e-04
25.33	3.8595742e-04
25.36	3.7461411e-04
25.40	3.6308279e-04
25.43	3.5144855e-04
25.47	3.3978639e-04
25.50	3.2816183e-04
25.54	3.1663164e-04
25.57	3.0524449e-04
25.60	2.9404175e-04
25.64	2.8305813e-04
25.67	2.7232235e-04
25.71	2.6185776e-04
25.74	2.5168298e-04
25.77	2.4181238e-04
25.81	2.3225661e-04
25.84	2.2302310e-04
25.88	2.1411640e-04
25.91	2.0553862e-04
25.94	1.9728974e-04
25.98	1.8936793e-04
26.01	1.8176982e-04
26.05	1.7449072e-04
26.08	1.6752487e-04
26.11	1.6086561e-04
26.15	1.5450555e-04
26.18	1.4843671e-04
26.22	1.4265068e-04
26.25	1.3713869e-04
26.28	1.3189172e-04
26.32	1.2690061e-04
26.35	1.2215612e-04
26.39	1.1764897e-04
26.42	1.1336991e-04
26.45	1.0930980e-04
26.49	1.0545959e-04
26.52	1.0181038e-04
26.56	9.8353450e-05
26.59	9.5080292e-05
26.63	9.1982598e-05
26.66	8.9052294e-05
26.69	8.6281548e-05
26.73	8.3662777e-05
26.76	8.1188652e-05
26.80	7.8852100e-05
26.83	7.6646309e-05
26.86	7.4564724e-05
26.90	7.2601048e-05
26.93	7.0749239e-05
26.97	6.9003505e-05
27.00	6.7358300e-05
