# NeutrinoAntineutrinoInteraction/NeutrinoAntineutrinoWProduction interaction rates
# neutrino field: massive Cosmic Neutrino Background, T_CnuB = 1.94535456 K
# Produced with crpropa-data version: 34240bf825c959521ec71bc1e6d82591f4f17700
# log10(E/eV), 1/lambda [1/Mpc]
19.20	0.0000000e+00
19.23	0.0000000e+00
19.27	0.0000000e+00
19.30	0.0000000e+00
19.33	0.0000000e+00
19.37	0.0000000e+00
19.40	0.0000000e+00
19.44	0.0000000e+00
19.47	0.0000000e+00
19.51	0.0000000e+00
19.54	0.0000000e+00
19.57	0.0000000e+00
19.61	0.0000000e+00
19.64	0.0000000e+00
19.68	0.0000000e+00
19.71	0.0000000e+00
19.74	0.0000000e+00
19.78	0.0000000e+00
19.81	0.0000000e+00
19.85	0.0000000e+00
19.88	0.0000000e+00
19.91	0.0000000e+00
19.95	0.0000000e+00
19.98	0.0000000e+00
20.02	0.0000000e+00
20.05	0.0000000e+00
20.08	0.0000000e+00
20.12	0.0000000e+00
20.15	0.0000000e+00
20.19	0.0000000e+00
20.22	0.0000000e+00
20.25	0.0000000e+00
20.29	0.0000000e+00
20.32	0.0000000e+00
20.36	0.0000000e+00
20.39	0.0000000e+00
20.42	0.0000000e+00
20.46	0.0000000e+00
20.49	0.0000000e+00
20.53	0.0000000e+00
20.56	0.0000000e+00
20.60	0.0000000e+00
20.63	0.0000000e+00
20.66	0.0000000e+00
20.70	0.0000000e+00
20.73	0.0000000e+00
20.77	0.0000000e+00
20.80	0.0000000e+00
20.83	0.0000000e+00
20.87	0.0000000e+00
20.90	0.0000000e+00
20.94	0.0000000e+00
20.97	0.0000000e+00
21.00	0.0000000e+00
21.04	0.0000000e+00
21.07	0.0000000e+00
21.11	0.0000000e+00
21.14	0.0000000e+00
21.17	2.5179933e-270
21.21	1.0015221e-249
21.24	1.1089796e-230
21.28	4.4791603e-213
21.31	8.4718773e-197
21.34	9.4533898e-182
21.38	7.7049112e-168
21.41	5.5881834e-155
21.45	4.3289117e-143
21.48	4.2402690e-132
21.52	6.1388492e-122
21.55	1.5174681e-112
21.58	7.3185502e-104
21.62	7.7905411e-96
21.65	2.0514999e-88
21.69	1.4849980e-81
21.72	3.2573671e-75
21.75	2.3693948e-69
21.79	6.2119765e-64
21.82	6.3402550e-59
21.86	2.7052549e-54
21.89	5.1539679e-50
21.92	4.6597044e-46
21.96	2.1150253e-42
21.99	5.0772383e-39
22.03	6.7640129e-36
22.06	5.2285458e-33
22.09	2.4436283e-30
22.13	7.1729625e-28
22.16	1.3698014e-25
22.20	1.7581159e-23
22.23	1.5629289e-21
22.26	9.8950842e-20
22.30	4.5778877e-18
22.33	1.5849348e-16
22.37	4.1977379e-15
22.40	8.6798887e-14
22.43	1.4278394e-12
22.47	1.9013688e-11
22.50	2.0828631e-10
22.54	1.9051112e-09
22.57	1.4750772e-08
22.61	9.7917695e-08
22.64	5.6384229e-07
22.67	2.8471715e-06
22.71	1.2734389e-05
22.74	5.0917293e-05
22.78	1.8356009e-04
22.81	6.0135410e-04
22.84	1.8032854e-03
22.88	4.9827734e-03
22.91	1.2764487e-02
22.95	3.0485278e-02
22.98	6.8225639e-02
23.01	1.4374300e-01
23.05	2.8629777e-01
23.08	5.4106728e-01
23.12	9.7339633e-01
23.15	1.6715342e+00
23.18	2.7457716e+00
23.22	4.3210710e+00
23.25	6.5195951e+00
23.29	9.4296827e+00
23.32	1.3060627e+01
23.35	1.7291514e+01
23.39	2.1840489e+01
23.42	2.6305716e+01
23.46	3.0353996e+01
23.49	3.3854273e+01
23.53	3.6775770e+01
23.56	3.9132779e+01
23.59	4.0962380e+01
23.63	4.2312538e+01
23.66	4.3235263e+01
23.70	4.3782620e+01
23.73	4.4004430e+01
23.76	4.3947028e+01
23.80	4.3652673e+01
23.83	4.3159365e+01
23.87	4.2500911e+01
23.90	4.1707134e+01
23.93	4.0804164e+01
23.97	3.9814757e+01
24.00	3.8758634e+01
24.04	3.7652804e+01
24.07	3.6511868e+01
24.10	3.5348306e+01
24.14	3.4172736e+01
24.17	3.2994143e+01
24.21	3.1820092e+01
24.24	3.0656908e+01
24.27	2.9509839e+01
24.31	2.8383206e+01
24.34	2.7280517e+01
24.38	2.6204589e+01
24.41	2.5157635e+01
24.44	2.4141353e+01
24.48	2.3156998e+01
24.51	2.2205443e+01
24.55	2.1287239e+01
24.58	2.0402658e+01
24.62	1.9551740e+01
24.65	1.8734325e+01
24.68	1.7950089e+01
24.72	1.7198567e+01
24.75	1.6479180e+01
24.79	1.5791256e+01
24.82	1.5134046e+01
24.85	1.4506741e+01
24.89	1.3908484e+01
24.92	1.3338385e+01
24.96	1.2795527e+01
24.99	1.2278977e+01
25.02	1.1787794e+01
25.06	1.1321034e+01
25.09	1.0877755e+01
25.13	1.0457023e+01
25.16	1.0057918e+01
25.19	9.6795309e+00
25.23	9.3209724e+00
25.26	8.9813724e+00
25.30	8.6598823e+00
25.33	8.3556765e+00
25.36	8.0679535e+00
25.40	7.7959367e+00
25.43	7.5388752e+00
25.47	7.2960437e+00
25.50	7.0667432e+00
25.54	6.8503005e+00
25.57	6.6460688e+00
25.60	6.4534268e+00
25.64	6.2717784e+00
25.67	6.1005530e+00
25.71	5.9392040e+00
25.74	5.7872091e+00
25.77	5.6440692e+00
25.81	5.5093080e+00
25.84	5.3824712e+00
25.88	5.2631261e+00
25.91	5.1508604e+00
25.94	5.0452819e+00
25.98	4.9460177e+00
26.01	4.8527134e+00
26.05	4.7650325e+00
26.08	4.6826554e+00
26.11	4.6052793e+00
26.15	4.5326168e+00
26.18	4.4643958e+00
26.22	4.4003584e+00
26.25	4.3402606e+00
26.28	4.2838716e+00
26.32	4.2309729e+00
26.35	4.1813581e+00
26.39	4.1348323e+00
26.42	4.0912110e+00
26.45	4.0503204e+00
26.49	4.0119964e+00
26.52	3.9760839e+00
26.56	3.9424370e+00
26.59	3.9109178e+00
26.63	3.8813967e+00
26.66	3.8537512e+00
26.69	3.8278662e+00
26.73	3.8036333e+00
26.76	3.7809503e+00
26.80	3.7597212e+00
26.83	3.7398556e+00
26.86	3.7212685e+00
26.90	3.7038799e+00
26.93	3.6876148e+00
26.97	3.6724025e+00
27.00	3.6581766e+00
