# NeutrinoAntineutrinoInteraction/NeutrinoAntineutrinoWProduction interaction rates
# neutrino field: massive Cosmic Neutrino Background, T_CnuB = 1.94535456 K
# Produced with crpropa-data version: 34240bf825c959521ec71bc1e6d82591f4f17700
# log10(E/eV), 1/lambda [1/Mpc]
19.74	0.0000000e+00
19.78	0.0000000e+00
19.81	0.0000000e+00
19.85	0.0000000e+00
19.88	0.0000000e+00
19.91	0.0000000e+00
19.95	0.0000000e+00
19.98	0.0000000e+00
20.02	0.0000000e+00
20.05	0.0000000e+00
20.08	0.0000000e+00
20.12	0.0000000e+00
20.15	0.0000000e+00
20.19	0.0000000e+00
20.22	0.0000000e+00
20.25	0.0000000e+00
20.29	0.0000000e+00
20.32	0.0000000e+00
20.36	0.0000000e+00
20.39	0.0000000e+00
20.42	0.0000000e+00
20.46	0.0000000e+00
20.49	0.0000000e+00
20.53	0.0000000e+00
20.56	0.0000000e+00
20.60	0.0000000e+00
20.63	0.0000000e+00
20.66	0.0000000e+00
20.70	0.0000000e+00
20.73	0.0000000e+00
20.77	0.0000000e+00
20.80	0.0000000e+00
20.83	0.0000000e+00
20.87	0.0000000e+00
20.90	0.0000000e+00
20.94	0.0000000e+00
20.97	0.0000000e+00
21.00	0.0000000e+00
21.04	0.0000000e+00
21.07	0.0000000e+00
21.11	0.0000000e+00
21.14	0.0000000e+00
21.17	0.0000000e+00
21.21	0.0000000e+00
21.24	0.0000000e+00
21.28	0.0000000e+00
21.31	0.0000000e+00
21.34	0.0000000e+00
21.38	0.0000000e+00
21.41	0.0000000e+00
21.45	0.0000000e+00
21.48	0.0000000e+00
21.52	0.0000000e+00
21.55	0.0000000e+00
21.58	0.0000000e+00
21.62	0.0000000e+00
21.65	0.0000000e+00
21.69	4.1831152e-288
21.72	2.0934752e-266
21.75	2.4090002e-246
21.79	8.4727987e-228
21.82	1.1850174e-210
21.86	8.4061080e-195
21.89	3.7873067e-180
21.92	1.3343014e-166
21.96	4.4552675e-154
21.99	1.6842185e-142
22.03	8.4959414e-132
22.06	6.6575029e-122
22.09	9.3264714e-113
22.13	2.6597790e-104
22.16	1.7412294e-96
22.20	2.9239765e-89
22.23	1.3956816e-82
22.26	2.0821746e-76
22.30	1.0599373e-70
22.33	1.9967073e-65
22.37	1.5003775e-60
22.40	4.8201638e-56
22.43	7.0590975e-52
22.47	5.0004955e-48
22.50	1.8099290e-44
22.54	3.5213334e-41
22.57	3.8592438e-38
22.61	2.4880790e-35
22.64	9.8218060e-33
22.67	2.4635991e-30
22.71	4.0632490e-28
22.74	4.5483433e-26
22.78	3.5581486e-24
22.81	1.9986736e-22
22.84	8.2656309e-21
22.88	2.5755866e-19
22.91	6.1778030e-18
22.95	1.1634309e-16
22.98	1.7520180e-15
23.01	2.1457115e-14
23.05	2.1708408e-13
23.08	1.8407079e-12
23.12	1.3256965e-11
23.15	8.2104892e-11
23.18	4.4230011e-10
23.22	2.0944494e-09
23.25	8.8036253e-09
23.29	3.3143943e-08
23.32	1.1269684e-07
23.35	3.4875639e-07
23.39	9.8927580e-07
23.42	2.5890594e-06
23.46	6.2895634e-06
23.49	1.4261744e-05
23.53	3.0340865e-05
23.56	6.0846901e-05
23.59	1.1552881e-04
23.63	2.0850383e-04
23.66	3.5899930e-04
23.70	5.9166268e-04
23.73	9.3620056e-04
23.76	1.4261480e-03
23.80	2.0966535e-03
23.83	2.9812850e-03
23.87	4.1080009e-03
23.90	5.4945848e-03
23.93	7.1439902e-03
23.97	9.0401964e-03
24.00	1.1145308e-02
24.04	1.3398731e-02
24.07	1.5719254e-02
24.10	1.8010733e-02
24.14	2.0171672e-02
24.17	2.2108721e-02
24.21	2.3755839e-02
24.24	2.5092995e-02
24.27	2.6129812e-02
24.31	2.6888207e-02
24.34	2.7395392e-02
24.38	2.7680241e-02
24.41	2.7771264e-02
24.44	2.7695484e-02
24.48	2.7477856e-02
24.51	2.7141014e-02
24.55	2.6705218e-02
24.58	2.6188422e-02
24.62	2.5606405e-02
24.65	2.4972944e-02
24.68	2.4299999e-02
24.72	2.3597894e-02
24.75	2.2875500e-02
24.79	2.2140403e-02
24.82	2.1399053e-02
24.85	2.0656910e-02
24.89	1.9918563e-02
24.92	1.9187847e-02
24.96	1.8467939e-02
24.99	1.7761447e-02
25.02	1.7070485e-02
25.06	1.6396742e-02
25.09	1.5741538e-02
25.13	1.5105879e-02
25.16	1.4490499e-02
25.19	1.3895901e-02
25.23	1.3322388e-02
25.26	1.2770098e-02
25.30	1.2239023e-02
25.33	1.1729037e-02
25.36	1.1239910e-02
25.40	1.0771333e-02
25.43	1.0322922e-02
25.47	9.8942419e-03
25.50	9.4848081e-03
25.54	9.0941018e-03
25.57	8.7215761e-03
25.60	8.3666637e-03
25.64	8.0287829e-03
25.67	7.7073429e-03
25.71	7.4017485e-03
25.74	7.1114036e-03
25.77	6.8357151e-03
25.81	6.5740953e-03
25.84	6.3259642e-03
25.88	6.0907519e-03
25.91	5.8678998e-03
25.94	5.6568622e-03
25.98	5.4571072e-03
26.01	5.2681178e-03
26.05	5.0893922e-03
26.08	4.9204446e-03
26.11	4.7608054e-03
26.15	4.6100213e-03
26.18	4.4676556e-03
26.22	4.3332881e-03
26.25	4.2065149e-03
26.28	4.0869482e-03
26.32	3.9742165e-03
26.35	3.8679637e-03
26.39	3.7678492e-03
26.42	3.6735475e-03
26.45	3.5847476e-03
26.49	3.5011528e-03
26.52	3.4224804e-03
26.56	3.3484608e-03
26.59	3.2788375e-03
26.63	3.2133665e-03
26.66	3.1518156e-03
26.69	3.0939645e-03
26.73	3.0396039e-03
26.76	2.9885352e-03
26.80	2.9405699e-03
26.83	2.8955295e-03
26.86	2.8532448e-03
26.90	2.8135557e-03
26.93	2.7763106e-03
26.97	2.7413659e-03
27.00	2.7085861e-03
