# NeutrinoAntineutrinoInteraction/NeutrinoAntineutrinoWProduction interaction rates
# neutrino field: massive Cosmic Neutrino Background, T_CnuB = 1.94535456 K
# Produced with crpropa-data version: 34240bf825c959521ec71bc1e6d82591f4f17700
# log10(E/eV), 1/lambda [1/Mpc]
20.36	0.0000000e+00
20.39	0.0000000e+00
20.42	0.0000000e+00
20.46	0.0000000e+00
20.49	0.0000000e+00
20.53	0.0000000e+00
20.56	0.0000000e+00
20.60	0.0000000e+00
20.63	0.0000000e+00
20.66	0.0000000e+00
20.70	0.0000000e+00
20.73	0.0000000e+00
20.77	0.0000000e+00
20.80	0.0000000e+00
20.83	0.0000000e+00
20.87	0.0000000e+00
20.90	0.0000000e+00
20.94	0.0000000e+00
20.97	0.0000000e+00
21.00	0.0000000e+00
21.04	0.0000000e+00
21.07	0.0000000e+00
21.11	0.0000000e+00
21.14	0.0000000e+00
21.17	0.0000000e+00
21.21	0.0000000e+00
21.24	0.0000000e+00
21.28	0.0000000e+00
21.31	0.0000000e+00
21.34	0.0000000e+00
21.38	0.0000000e+00
21.41	0.0000000e+00
21.45	0.0000000e+00
21.48	0.0000000e+00
21.52	0.0000000e+00
21.55	0.0000000e+00
21.58	0.0000000e+00
21.62	0.0000000e+00
21.65	0.0000000e+00
21.69	0.0000000e+00
21.72	0.0000000e+00
21.75	0.0000000e+00
21.79	0.0000000e+00
21.82	0.0000000e+00
21.86	0.0000000e+00
21.89	0.0000000e+00
21.92	0.0000000e+00
21.96	0.0000000e+00
21.99	0.0000000e+00
22.03	0.0000000e+00
22.06	0.0000000e+00
22.09	0.0000000e+00
22.13	0.0000000e+00
22.16	0.0000000e+00
22.20	0.0000000e+00
22.23	0.0000000e+00
22.26	0.0000000e+00
22.30	2.0274859e-284
22.33	2.8499466e-263
22.37	1.0136627e-243
22.40	1.2039306e-225
22.43	6.1708464e-209
22.47	1.7302310e-193
22.50	3.3043858e-179
22.54	5.2642030e-166
22.57	8.4375493e-154
22.61	1.6180355e-142
22.64	4.3572955e-132
22.67	1.9108368e-122
22.71	1.5648596e-113
22.74	2.7161476e-105
22.78	1.1232859e-97
22.81	1.2333426e-90
22.84	3.9736105e-84
22.88	4.1206746e-78
22.91	1.4982181e-72
22.95	2.0670233e-67
22.98	1.1642017e-62
23.01	2.8640271e-58
23.05	3.2759007e-54
23.08	1.8457805e-50
23.12	5.4040948e-47
23.15	8.6378739e-44
23.18	7.8897072e-41
23.22	4.2955415e-38
23.25	1.4495308e-35
23.29	3.1431125e-33
23.32	4.5279677e-31
23.35	4.4694311e-29
23.39	3.1102152e-27
23.42	1.5666322e-25
23.46	5.8528458e-24
23.49	1.6587336e-22
23.53	3.6411887e-21
23.56	6.3114789e-20
23.59	8.7937382e-19
23.63	1.0011971e-17
23.66	9.4575524e-17
23.70	7.5172914e-16
23.73	5.0935017e-15
23.76	2.9775997e-14
23.80	1.5185843e-13
23.83	6.8264906e-13
23.87	2.7306639e-12
23.90	9.8054070e-12
23.93	3.1865145e-11
23.97	9.4423258e-11
24.00	2.5690257e-10
24.04	6.4590726e-10
24.07	1.5095915e-09
24.10	3.2977428e-09
24.14	6.7677227e-09
24.17	1.3109022e-08
24.21	2.4070163e-08
24.24	4.2063433e-08
24.27	7.0218348e-08
24.31	1.1235619e-07
24.34	1.7286626e-07
24.38	2.5647867e-07
24.41	3.6794559e-07
24.44	5.1165959e-07
24.48	6.9125003e-07
24.51	9.0920455e-07
24.55	1.1665608e-06
24.58	1.4627044e-06
24.62	1.7952968e-06
24.65	2.1603370e-06
24.68	2.5523497e-06
24.72	2.9646744e-06
24.75	3.3898237e-06
24.79	3.8198753e-06
24.82	4.2468611e-06
24.85	4.6631246e-06
24.89	5.0616224e-06
24.92	5.4361572e-06
24.96	5.7815361e-06
24.99	6.0936565e-06
25.02	6.3695258e-06
25.06	6.6072273e-06
25.09	6.8058430e-06
25.13	6.9653480e-06
25.16	7.0864862e-06
25.19	7.1706381e-06
25.23	7.2196900e-06
25.26	7.2359086e-06
25.30	7.2218270e-06
25.33	7.1801435e-06
25.36	7.1136347e-06
25.40	7.0250838e-06
25.43	6.9172221e-06
25.47	6.7926840e-06
25.50	6.6539731e-06
25.54	6.5034388e-06
25.57	6.3432607e-06
25.60	6.1754406e-06
25.64	6.0017999e-06
25.67	5.8239813e-06
25.71	5.6434540e-06
25.74	5.4615213e-06
25.77	5.2793300e-06
25.81	5.0978807e-06
25.84	4.9180387e-06
25.88	4.7405454e-06
25.91	4.5660292e-06
25.94	4.3950163e-06
25.98	4.2279412e-06
26.01	4.0651561e-06
26.05	3.9069403e-06
26.08	3.7535083e-06
26.11	3.6050180e-06
26.15	3.4615774e-06
26.18	3.3232512e-06
26.22	3.1900664e-06
26.25	3.0620179e-06
26.28	2.9390727e-06
26.32	2.8211745e-06
26.35	2.7082473e-06
26.39	2.6001985e-06
26.42	2.4969219e-06
26.45	2.3983004e-06
26.49	2.3042083e-06
26.52	2.2145127e-06
26.56	2.1290762e-06
26.59	2.0477574e-06
26.63	1.9704128e-06
26.66	1.8968977e-06
26.69	1.8270674e-06
26.73	1.7607776e-06
26.76	1.6978855e-06
26.80	1.6382500e-06
26.83	1.5817327e-06
26.86	1.5281979e-06
26.90	1.4775129e-06
26.93	1.4295486e-06
26.97	1.3841795e-06
27.00	1.3412837e-06
