# NeutrinoAntineutrinoInteraction/NeutrinoAntineutrinoWProduction interaction rates
# neutrino field: massive Cosmic Neutrino Background, T_CnuB = 1.94535456 K
# Produced with crpropa-data version: 34240bf825c959521ec71bc1e6d82591f4f17700
# log10(E/eV), 1/lambda [1/Mpc]
20.83	0.0000000e+00
20.87	0.0000000e+00
20.90	0.0000000e+00
20.94	0.0000000e+00
20.97	0.0000000e+00
21.00	0.0000000e+00
21.04	0.0000000e+00
21.07	0.0000000e+00
21.11	0.0000000e+00
21.14	0.0000000e+00
21.17	0.0000000e+00
21.21	0.0000000e+00
21.24	0.0000000e+00
21.28	0.0000000e+00
21.31	0.0000000e+00
21.34	0.0000000e+00
21.38	0.0000000e+00
21.41	0.0000000e+00
21.45	0.0000000e+00
21.48	0.0000000e+00
21.52	0.0000000e+00
21.55	0.0000000e+00
21.58	0.0000000e+00
21.62	0.0000000e+00
21.65	0.0000000e+00
21.69	0.0000000e+00
21.72	0.0000000e+00
21.75	0.0000000e+00
21.79	0.0000000e+00
21.82	0.0000000e+00
21.86	0.0000000e+00
21.89	0.0000000e+00
21.92	0.0000000e+00
21.96	0.0000000e+00
21.99	0.0000000e+00
22.03	0.0000000e+00
22.06	0.0000000e+00
22.09	0.0000000e+00
22.13	0.0000000e+00
22.16	0.0000000e+00
22.20	0.0000000e+00
22.23	0.0000000e+00
22.26	0.0000000e+00
22.30	0.0000000e+00
22.33	0.0000000e+00
22.37	0.0000000e+00
22.40	0.0000000e+00
22.43	0.0000000e+00
22.47	0.0000000e+00
22.50	0.0000000e+00
22.54	0.0000000e+00
22.57	0.0000000e+00
22.61	0.0000000e+00
22.64	0.0000000e+00
22.67	0.0000000e+00
22.71	0.0000000e+00
22.74	0.0000000e+00
22.78	1.5165921e-272
22.81	3.4626948e-250
22.84	2.4956589e-229
22.88	7.6269123e-210
22.91	1.3018530e-191
22.95	1.6058197e-174
22.98	1.8218511e-158
23.01	2.3838582e-143
23.05	4.4499285e-129
23.08	1.4477326e-115
23.12	9.9153273e-103
23.15	1.7087228e-90
23.18	8.7688603e-79
23.22	1.5704507e-67
23.25	1.1380672e-56
23.29	3.8155827e-46
23.32	6.6068089e-36
23.35	6.2171540e-26
23.39	2.5969706e-16
23.42	8.1773701e-10
23.46	4.4428277e-09
23.49	8.7575481e-09
23.53	1.3055978e-08
23.56	1.7040321e-08
23.59	2.0577226e-08
23.63	2.3617383e-08
23.66	2.6158265e-08
23.70	2.8222573e-08
23.73	2.9846959e-08
23.76	3.1073825e-08
23.80	3.1947874e-08
23.83	3.2512517e-08
23.87	3.2809354e-08
23.90	3.2875885e-08
23.93	3.2746834e-08
23.97	3.2453011e-08
24.00	3.2022075e-08
24.04	3.1478159e-08
24.07	3.0842600e-08
24.10	3.0133872e-08
24.14	2.9368273e-08
24.17	2.8559469e-08
24.21	2.7718752e-08
24.24	2.6856314e-08
24.27	2.5980786e-08
24.31	2.5099580e-08
24.34	2.4218839e-08
24.38	2.3343869e-08
24.41	2.2478943e-08
24.44	2.1627837e-08
24.48	2.0793253e-08
24.51	1.9977619e-08
24.55	1.9182719e-08
24.58	1.8410163e-08
24.62	1.7660951e-08
24.65	1.6936039e-08
24.68	1.6235869e-08
24.72	1.5560952e-08
24.75	1.4911430e-08
24.79	1.4287015e-08
24.82	1.3687371e-08
24.85	1.3112345e-08
24.89	1.2561452e-08
24.92	1.2034356e-08
24.96	1.1530441e-08
24.99	1.1049246e-08
25.02	1.0590099e-08
25.06	1.0152446e-08
25.09	9.7354488e-09
25.13	9.3384887e-09
25.16	8.9608295e-09
25.19	8.6018196e-09
25.23	8.2607373e-09
25.26	7.9369210e-09
25.30	7.6296867e-09
25.33	7.3384410e-09
25.36	7.0624145e-09
25.40	6.8008552e-09
25.43	6.5531363e-09
25.47	6.3186304e-09
25.50	6.0967515e-09
25.54	5.8868996e-09
25.57	5.6885329e-09
25.60	5.5010882e-09
25.64	5.3240823e-09
25.67	5.1569377e-09
25.71	4.9991853e-09
25.74	4.8503258e-09
25.77	4.7099412e-09
25.81	4.5775679e-09
25.84	4.4528297e-09
25.88	4.3353036e-09
25.91	4.2246671e-09
25.94	4.1205496e-09
25.98	4.0225328e-09
26.01	3.9302519e-09
26.05	3.8434283e-09
26.08	3.7617316e-09
26.11	3.6849121e-09
26.15	3.6126712e-09
26.18	3.5447863e-09
26.22	3.4810005e-09
26.25	3.4210980e-09
26.28	3.3648134e-09
26.32	3.3119597e-09
26.35	3.2623255e-09
26.39	3.2157406e-09
26.42	3.1720214e-09
26.45	3.1310144e-09
26.49	3.0925672e-09
26.52	3.0565705e-09
26.56	3.0228241e-09
26.59	2.9911693e-09
26.63	2.9614849e-09
26.66	2.9336488e-09
26.69	2.9075577e-09
26.73	2.8830995e-09
26.76	2.8601879e-09
26.80	2.8387235e-09
26.83	2.8186416e-09
26.86	2.7998218e-09
26.90	2.7822019e-09
26.93	2.7656931e-09
26.97	2.7502470e-09
27.00	2.7357822e-09
