# NeutrinoAntineutrinoInteraction/NeutrinoAntineutrinoWProduction interaction rates
# neutrino field: massive Cosmic Neutrino Background, T_CnuB = 1.94535456 K
# Produced with crpropa-data version: 34240bf825c959521ec71bc1e6d82591f4f17700
# log10(E/eV), 1/lambda [1/Mpc]
19.51	0.0000000e+00
19.54	0.0000000e+00
19.57	0.0000000e+00
19.61	0.0000000e+00
19.64	0.0000000e+00
19.68	0.0000000e+00
19.71	0.0000000e+00
19.74	0.0000000e+00
19.78	0.0000000e+00
19.81	0.0000000e+00
19.85	0.0000000e+00
19.88	0.0000000e+00
19.91	0.0000000e+00
19.95	0.0000000e+00
19.98	0.0000000e+00
20.02	0.0000000e+00
20.05	0.0000000e+00
20.08	0.0000000e+00
20.12	0.0000000e+00
20.15	0.0000000e+00
20.19	0.0000000e+00
20.22	0.0000000e+00
20.25	0.0000000e+00
20.29	0.0000000e+00
20.32	0.0000000e+00
20.36	0.0000000e+00
20.39	0.0000000e+00
20.42	0.0000000e+00
20.46	0.0000000e+00
20.49	0.0000000e+00
20.53	0.0000000e+00
20.56	0.0000000e+00
20.60	0.0000000e+00
20.63	0.0000000e+00
20.66	0.0000000e+00
20.70	0.0000000e+00
20.73	0.0000000e+00
20.77	0.0000000e+00
20.80	0.0000000e+00
20.83	0.0000000e+00
20.87	0.0000000e+00
20.90	0.0000000e+00
20.94	0.0000000e+00
20.97	0.0000000e+00
21.00	0.0000000e+00
21.04	0.0000000e+00
21.07	0.0000000e+00
21.11	0.0000000e+00
21.14	0.0000000e+00
21.17	0.0000000e+00
21.21	0.0000000e+00
21.24	0.0000000e+00
21.28	0.0000000e+00
21.31	0.0000000e+00
21.34	0.0000000e+00
21.38	0.0000000e+00
21.41	0.0000000e+00
21.45	1.3024108e-283
21.48	3.8875752e-262
21.52	2.7767156e-242
21.55	6.2898813e-224
21.58	5.8630214e-207
21.62	2.8611930e-191
21.65	9.1329500e-177
21.69	2.3426806e-163
21.72	5.8413268e-151
21.75	1.6882318e-139
21.79	6.6548515e-129
21.82	4.1587876e-119
21.86	4.7350940e-110
21.89	1.1170746e-101
21.92	6.1500171e-94
21.96	8.8199982e-87
21.99	3.6476952e-80
22.03	4.7792582e-74
22.06	2.1639830e-68
22.09	3.6695750e-63
22.13	2.5103597e-58
22.16	7.4212175e-54
22.20	1.0102963e-49
22.23	6.7173267e-46
22.26	2.3032405e-42
22.30	4.2827670e-39
22.33	4.5243851e-36
22.37	2.8348915e-33
22.40	1.0963411e-30
22.43	2.7150786e-28
22.47	4.4549621e-26
22.50	4.9982786e-24
22.54	3.9480044e-22
22.57	2.2554552e-20
22.61	9.5550447e-19
22.64	3.0718843e-17
22.67	7.6565265e-16
22.71	1.5090359e-14
22.74	2.3952454e-13
22.78	3.1140632e-12
22.81	3.3683800e-11
22.84	3.0754169e-10
22.88	2.4019713e-09
22.91	1.6246277e-08
22.95	9.6245456e-08
22.98	5.0462025e-07
23.01	2.3639722e-06
23.05	9.9810854e-06
23.08	3.8279704e-05
23.12	1.3428836e-04
23.15	4.3352322e-04
23.18	1.2943901e-03
23.22	3.5877221e-03
23.25	9.2500752e-03
23.29	2.2170690e-02
23.32	4.9153458e-02
23.35	9.9546274e-02
23.39	1.7985122e-01
23.42	2.8167137e-01
23.46	3.8563982e-01
23.49	4.8224518e-01
23.53	5.6785094e-01
23.56	6.4116726e-01
23.59	7.0211627e-01
23.63	7.5127209e-01
23.66	7.8954709e-01
23.70	8.1800696e-01
23.73	8.3776017e-01
23.76	8.4989244e-01
23.80	8.5542939e-01
23.83	8.5531695e-01
23.87	8.5041298e-01
23.90	8.4148578e-01
23.93	8.2921691e-01
23.97	8.1420636e-01
24.00	7.9697899e-01
24.04	7.7799145e-01
24.07	7.5763916e-01
24.10	7.3626302e-01
24.14	7.1415563e-01
24.17	6.9156710e-01
24.21	6.6871026e-01
24.24	6.4576533e-01
24.27	6.2288413e-01
24.31	6.0019374e-01
24.34	5.7779980e-01
24.38	5.5578933e-01
24.41	5.3423325e-01
24.44	5.1318860e-01
24.48	4.9270044e-01
24.51	4.7280348e-01
24.55	4.5352362e-01
24.58	4.3487912e-01
24.62	4.1688180e-01
24.65	3.9953790e-01
24.68	3.8284901e-01
24.72	3.6681272e-01
24.75	3.5142330e-01
24.79	3.3667220e-01
24.82	3.2254860e-01
24.85	3.0903973e-01
24.89	2.9613133e-01
24.92	2.8380786e-01
24.96	2.7205287e-01
24.99	2.6084915e-01
25.02	2.5017896e-01
25.06	2.4002425e-01
25.09	2.3036672e-01
25.13	2.2118803e-01
25.16	2.1246986e-01
25.19	2.0419403e-01
25.23	1.9634256e-01
25.26	1.8889775e-01
25.30	1.8184221e-01
25.33	1.7515896e-01
25.36	1.6883141e-01
25.40	1.6284340e-01
25.43	1.5717925e-01
25.47	1.5182376e-01
25.50	1.4676222e-01
25.54	1.4198043e-01
25.57	1.3746467e-01
25.60	1.3320177e-01
25.64	1.2917903e-01
25.67	1.2538425e-01
25.71	1.2180576e-01
25.74	1.1843233e-01
25.77	1.1525326e-01
25.81	1.1225827e-01
25.84	1.0943757e-01
25.88	1.0678181e-01
25.91	1.0428204e-01
25.94	1.0192978e-01
25.98	9.9716912e-02
26.01	9.7635731e-02
26.05	9.5678904e-02
26.08	9.3839462e-02
26.11	9.2110786e-02
26.15	9.0486592e-02
26.18	8.8960919e-02
26.22	8.7528115e-02
26.25	8.6182824e-02
26.28	8.4919972e-02
26.32	8.3734755e-02
26.35	8.2622629e-02
26.39	8.1579295e-02
26.42	8.0600688e-02
26.45	7.9682967e-02
26.49	7.8822505e-02
26.52	7.8015876e-02
26.56	7.7259845e-02
26.59	7.6551362e-02
26.63	7.5887547e-02
26.66	7.5265689e-02
26.69	7.4683230e-02
26.73	7.4137759e-02
26.76	7.3627007e-02
26.80	7.3148836e-02
26.83	7.2701235e-02
26.86	7.2282310e-02
26.90	7.1890279e-02
26.93	7.1523467e-02
26.97	7.1180298e-02
27.00	7.0859291e-02
