# NeutrinoAntineutrinoInteraction/NeutrinoAntineutrinoWProduction interaction rates
# neutrino field: massive Cosmic Neutrino Background, T_CnuB = 1.94535456 K
# Produced with crpropa-data version: 34240bf825c959521ec71bc1e6d82591f4f17700
# log10(E/eV), 1/lambda [1/Mpc]
19.88	0.0000000e+00
19.91	0.0000000e+00
19.95	0.0000000e+00
19.98	0.0000000e+00
20.02	0.0000000e+00
20.05	0.0000000e+00
20.08	0.0000000e+00
20.12	0.0000000e+00
20.15	0.0000000e+00
20.19	0.0000000e+00
20.22	0.0000000e+00
20.25	0.0000000e+00
20.29	0.0000000e+00
20.32	0.0000000e+00
20.36	0.0000000e+00
20.39	0.0000000e+00
20.42	0.0000000e+00
20.46	0.0000000e+00
20.49	0.0000000e+00
20.53	0.0000000e+00
20.56	0.0000000e+00
20.60	0.0000000e+00
20.63	0.0000000e+00
20.66	0.0000000e+00
20.70	0.0000000e+00
20.73	0.0000000e+00
20.77	0.0000000e+00
20.80	0.0000000e+00
20.83	0.0000000e+00
20.87	0.0000000e+00
20.90	0.0000000e+00
20.94	0.0000000e+00
20.97	0.0000000e+00
21.00	0.0000000e+00
21.04	0.0000000e+00
21.07	0.0000000e+00
21.11	0.0000000e+00
21.14	0.0000000e+00
21.17	0.0000000e+00
21.21	0.0000000e+00
21.24	0.0000000e+00
21.28	0.0000000e+00
21.31	0.0000000e+00
21.34	0.0000000e+00
21.38	0.0000000e+00
21.41	0.0000000e+00
21.45	0.0000000e+00
21.48	0.0000000e+00
21.52	0.0000000e+00
21.55	0.0000000e+00
21.58	0.0000000e+00
21.62	0.0000000e+00
21.65	0.0000000e+00
21.69	0.0000000e+00
21.72	0.0000000e+00
21.75	0.0000000e+00
21.79	0.0000000e+00
21.82	1.9191204e-281
21.86	2.6501268e-260
21.89	9.2738368e-241
21.92	1.0852012e-222
21.96	5.4873592e-206
21.99	1.5197182e-190
22.03	2.8700356e-176
22.06	4.5262011e-163
22.09	7.1888919e-151
22.13	1.3673923e-139
22.16	3.6557324e-129
22.20	1.5929651e-119
22.23	1.2972950e-110
22.26	2.2409763e-102
22.30	9.2304110e-95
22.33	1.0101270e-87
22.37	3.2459655e-81
22.40	3.3596184e-75
22.43	1.2199722e-69
22.47	1.6821269e-64
22.50	9.4746249e-60
22.54	2.3324438e-55
22.57	2.6714338e-51
22.61	1.5081810e-47
22.64	4.4272924e-44
22.67	7.0998535e-41
22.71	6.5105934e-38
22.74	3.5611494e-35
22.78	1.2081320e-32
22.81	2.6355500e-30
22.84	3.8225860e-28
22.88	3.8016870e-26
22.91	2.6676103e-24
22.95	1.3559859e-22
22.98	5.1164759e-21
23.01	1.4657749e-19
23.05	3.2553923e-18
23.08	5.7141972e-17
23.12	8.0698865e-16
23.15	9.3218068e-15
23.18	8.9427863e-14
23.22	7.2261199e-13
23.25	4.9825729e-12
23.29	2.9671979e-11
23.32	1.5431751e-10
23.35	7.0814756e-10
23.39	2.8946479e-09
23.42	1.0632590e-08
23.46	3.5380889e-08
23.49	1.0745534e-07
23.53	2.9992135e-07
23.56	7.7421606e-07
23.59	1.8592098e-06
23.63	4.1757742e-06
23.66	8.8150826e-06
23.70	1.7569248e-05
23.73	3.3197175e-05
23.76	5.9688117e-05
23.80	1.0246352e-04
23.83	1.6843840e-04
23.87	2.6585085e-04
23.90	4.0376577e-04
23.93	5.9117053e-04
23.97	8.3561288e-04
24.00	1.1413987e-03
24.04	1.5074953e-03
24.07	1.9255042e-03
24.10	2.3783865e-03
24.14	2.8409615e-03
24.17	3.2833901e-03
24.21	3.6794268e-03
24.24	4.0169475e-03
24.27	4.2939486e-03
24.31	4.5127018e-03
24.34	4.6775343e-03
24.38	4.7936976e-03
24.41	4.8667288e-03
24.44	4.9020845e-03
24.48	4.9049338e-03
24.51	4.8800509e-03
24.55	4.8317674e-03
24.58	4.7639626e-03
24.62	4.6800766e-03
24.65	4.5831353e-03
24.68	4.4757832e-03
24.72	4.3603184e-03
24.75	4.2387275e-03
24.79	4.1127199e-03
24.82	3.9837595e-03
24.85	3.8530942e-03
24.89	3.7217824e-03
24.92	3.5907168e-03
24.96	3.4606456e-03
24.99	3.3321918e-03
25.02	3.2058691e-03
25.06	3.0820972e-03
25.09	2.9612140e-03
25.13	2.8434872e-03
25.16	2.7291240e-03
25.19	2.6182795e-03
25.23	2.5110642e-03
25.26	2.4075505e-03
25.30	2.3077782e-03
25.33	2.2117596e-03
25.36	2.1194837e-03
25.40	2.0309196e-03
25.43	1.9460204e-03
25.47	1.8647252e-03
25.50	1.7869621e-03
25.54	1.7126501e-03
25.57	1.6417008e-03
25.60	1.5740202e-03
25.64	1.5095101e-03
25.67	1.4480690e-03
25.71	1.3895934e-03
25.74	1.3339784e-03
25.77	1.2811189e-03
25.81	1.2309096e-03
25.84	1.1832461e-03
25.88	1.1380253e-03
25.91	1.0951452e-03
25.94	1.0545062e-03
25.98	1.0160103e-03
26.01	9.7956236e-04
26.05	9.4506935e-04
26.08	9.1244109e-04
26.11	8.8159014e-04
26.15	8.5243187e-04
26.18	8.2488451e-04
26.22	7.9886924e-04
26.25	7.7431010e-04
26.28	7.5113407e-04
26.32	7.2927100e-04
26.35	7.0865358e-04
26.39	6.8921732e-04
26.42	6.7090045e-04
26.45	6.5364394e-04
26.49	6.3739133e-04
26.52	6.2208876e-04
26.56	6.0768485e-04
26.59	5.9413059e-04
26.63	5.8137936e-04
26.66	5.6938674e-04
26.69	5.5811052e-04
26.73	5.4751056e-04
26.76	5.3754873e-04
26.80	5.2818886e-04
26.83	5.1939660e-04
26.86	5.1113941e-04
26.90	5.0338644e-04
26.93	4.9610845e-04
26.97	4.8927779e-04
27.00	4.8286828e-04
