# NeutrinoAntineutrinoInteraction/NeutrinoAntineutrinoWProduction interaction rates
# neutrino field: massive Cosmic Neutrino Background, T_CnuB = 1.94535456 K
# Produced with crpropa-data version: 34240bf825c959521ec71bc1e6d82591f4f17700
# log10(E/eV), 1/lambda [1/Mpc]
19.20	0.0000000e+00
19.23	0.0000000e+00
19.27	0.0000000e+00
19.30	0.0000000e+00
19.33	0.0000000e+00
19.37	0.0000000e+00
19.40	0.0000000e+00
19.44	0.0000000e+00
19.47	0.0000000e+00
19.51	0.0000000e+00
19.54	0.0000000e+00
19.57	0.0000000e+00
19.61	0.0000000e+00
19.64	0.0000000e+00
19.68	0.0000000e+00
19.71	0.0000000e+00
19.74	0.0000000e+00
19.78	0.0000000e+00
19.81	0.0000000e+00
19.85	0.0000000e+00
19.88	0.0000000e+00
19.91	0.0000000e+00
19.95	0.0000000e+00
19.98	0.0000000e+00
20.02	0.0000000e+00
20.05	0.0000000e+00
20.08	0.0000000e+00
20.12	0.0000000e+00
20.15	0.0000000e+00
20.19	0.0000000e+00
20.22	0.0000000e+00
20.25	0.0000000e+00
20.29	0.0000000e+00
20.32	0.0000000e+00
20.36	0.0000000e+00
20.39	0.0000000e+00
20.42	0.0000000e+00
20.46	0.0000000e+00
20.49	0.0000000e+00
20.53	0.0000000e+00
20.56	0.0000000e+00
20.60	0.0000000e+00
20.63	0.0000000e+00
20.66	0.0000000e+00
20.70	0.0000000e+00
20.73	0.0000000e+00
20.77	0.0000000e+00
20.80	0.0000000e+00
20.83	0.0000000e+00
20.87	0.0000000e+00
20.90	0.0000000e+00
20.94	0.0000000e+00
20.97	0.0000000e+00
21.00	0.0000000e+00
21.04	0.0000000e+00
21.07	0.0000000e+00
21.11	0.0000000e+00
21.14	0.0000000e+00
21.17	2.4674904e-270
21.21	9.7982594e-250
21.24	1.0830343e-230
21.28	4.3660007e-213
21.31	8.2407894e-197
21.34	9.1750169e-182
21.38	7.4600148e-168
21.41	5.3964977e-155
21.45	4.1686884e-143
21.48	4.0709581e-132
21.52	5.8744658e-122
21.55	1.4469945e-112
21.58	6.9521228e-104
21.62	7.3701288e-96
21.65	1.9322098e-88
21.69	1.3919825e-81
21.72	3.0376549e-75
21.75	2.1973529e-69
21.79	5.7266025e-64
21.82	5.8073720e-59
21.86	2.4607835e-54
21.89	4.6534043e-50
21.92	4.1735628e-46
21.96	1.8781165e-42
21.99	4.4669809e-39
22.03	5.8921426e-36
22.06	4.5062499e-33
22.09	2.0820830e-30
22.13	6.0371499e-28
22.16	1.1378410e-25
22.20	1.4399906e-23
22.23	1.2609966e-21
22.26	7.8561099e-20
22.30	3.5726733e-18
22.33	1.2144574e-16
22.37	3.1543314e-15
22.40	6.3882484e-14
22.43	1.0279069e-12
22.47	1.3370764e-11
22.50	1.4287408e-10
22.54	1.2728695e-09
22.57	9.5851698e-09
22.61	6.1787973e-08
22.64	3.4497164e-07
22.67	1.6863237e-06
22.71	7.2899420e-06
22.74	2.8128830e-05
22.78	9.7709961e-05
22.81	3.0797809e-04
22.84	8.8729714e-04
22.88	2.3524529e-03
22.91	5.7754727e-03
22.95	1.3206131e-02
22.98	2.8274939e-02
23.01	5.6964770e-02
23.05	1.0848436e-01
23.08	1.9611486e-01
23.12	3.3784906e-01
23.15	5.5662167e-01
23.18	8.7995069e-01
23.22	1.3388787e+00
23.25	1.9662063e+00
23.29	2.7941288e+00
23.32	3.8514971e+00
23.35	5.1609998e+00
23.39	6.7365939e+00
23.42	8.5814894e+00
23.46	1.0686927e+01
23.49	1.3031884e+01
23.53	1.5583741e+01
23.56	1.8299811e+01
23.59	2.1129570e+01
23.63	2.4017338e+01
23.66	2.6905172e+01
23.70	2.9735691e+01
23.73	3.2454655e+01
23.76	3.5013101e+01
23.80	3.7368975e+01
23.83	3.9488199e+01
23.87	4.1345195e+01
23.90	4.2922934e+01
23.93	4.4212572e+01
23.97	4.5212785e+01
24.00	4.5928884e+01
24.04	4.6371805e+01
24.07	4.6557061e+01
24.10	4.6503695e+01
24.14	4.6233317e+01
24.17	4.5769264e+01
24.21	4.5136009e+01
24.24	4.4358668e+01
24.27	4.3461496e+01
24.31	4.2466878e+01
24.34	4.1395007e+01
24.38	4.0263816e+01
24.41	3.9089059e+01
24.44	3.7884440e+01
24.48	3.6661787e+01
24.51	3.5431233e+01
24.55	3.4201390e+01
24.58	3.2979530e+01
24.62	3.1771737e+01
24.65	3.0583053e+01
24.68	2.9417617e+01
24.72	2.8278776e+01
24.75	2.7169192e+01
24.79	2.6090937e+01
24.82	2.5045573e+01
24.85	2.4034225e+01
24.89	2.3057641e+01
24.92	2.2116253e+01
24.96	2.1210219e+01
24.99	2.0339467e+01
25.02	1.9503734e+01
25.06	1.8702592e+01
25.09	1.7935484e+01
25.13	1.7201738e+01
25.16	1.6500597e+01
25.19	1.5831229e+01
25.23	1.5192749e+01
25.26	1.4584229e+01
25.30	1.4004708e+01
25.33	1.3453209e+01
25.36	1.2928738e+01
25.40	1.2430298e+01
25.43	1.1956893e+01
25.47	1.1507535e+01
25.50	1.1081244e+01
25.54	1.0677057e+01
25.57	1.0294027e+01
25.60	9.9312305e+00
25.64	9.5877627e+00
25.67	9.2627448e+00
25.71	8.9553230e+00
25.74	8.6646698e+00
25.77	8.3899846e+00
25.81	8.1304941e+00
25.84	7.8854528e+00
25.88	7.6541428e+00
25.91	7.4358740e+00
25.94	7.2299833e+00
25.98	7.0358351e+00
26.01	6.8528200e+00
26.05	6.6803549e+00
26.08	6.5178823e+00
26.11	6.3648694e+00
26.15	6.2208078e+00
26.18	6.0852126e+00
26.22	5.9576215e+00
26.25	5.8375947e+00
26.28	5.7247132e+00
26.32	5.6185789e+00
26.35	5.5188134e+00
26.39	5.4250573e+00
26.42	5.3369693e+00
26.45	5.2542260e+00
26.49	5.1765206e+00
26.52	5.1035622e+00
26.56	5.0350756e+00
26.59	4.9708000e+00
26.63	4.9104889e+00
26.66	4.8539089e+00
26.69	4.8008396e+00
26.73	4.7510725e+00
26.76	4.7044108e+00
26.80	4.6606686e+00
26.83	4.6196706e+00
26.86	4.5812511e+00
26.90	4.5452541e+00
26.93	4.5115325e+00
26.97	4.4799474e+00
27.00	4.4503682e+00
