# NeutrinoAntineutrinoInteraction/NeutrinoAntineutrinoWProduction interaction rates
# neutrino field: massive Cosmic Neutrino Background, T_CnuB = 1.94535456 K
# Produced with crpropa-data version: 34240bf825c959521ec71bc1e6d82591f4f17700
# log10(E/eV), 1/lambda [1/Mpc]
20.05	0.0000000e+00
20.08	0.0000000e+00
20.12	0.0000000e+00
20.15	0.0000000e+00
20.19	0.0000000e+00
20.22	0.0000000e+00
20.25	0.0000000e+00
20.29	0.0000000e+00
20.32	0.0000000e+00
20.36	0.0000000e+00
20.39	0.0000000e+00
20.42	0.0000000e+00
20.46	0.0000000e+00
20.49	0.0000000e+00
20.53	0.0000000e+00
20.56	0.0000000e+00
20.60	0.0000000e+00
20.63	0.0000000e+00
20.66	0.0000000e+00
20.70	0.0000000e+00
20.73	0.0000000e+00
20.77	0.0000000e+00
20.80	0.0000000e+00
20.83	0.0000000e+00
20.87	0.0000000e+00
20.90	0.0000000e+00
20.94	0.0000000e+00
20.97	0.0000000e+00
21.00	0.0000000e+00
21.04	0.0000000e+00
21.07	0.0000000e+00
21.11	0.0000000e+00
21.14	0.0000000e+00
21.17	0.0000000e+00
21.21	0.0000000e+00
21.24	0.0000000e+00
21.28	0.0000000e+00
21.31	0.0000000e+00
21.34	0.0000000e+00
21.38	0.0000000e+00
21.41	0.0000000e+00
21.45	0.0000000e+00
21.48	0.0000000e+00
21.52	0.0000000e+00
21.55	0.0000000e+00
21.58	0.0000000e+00
21.62	0.0000000e+00
21.65	0.0000000e+00
21.69	0.0000000e+00
21.72	0.0000000e+00
21.75	0.0000000e+00
21.79	0.0000000e+00
21.82	0.0000000e+00
21.86	0.0000000e+00
21.89	0.0000000e+00
21.92	0.0000000e+00
21.96	0.0000000e+00
21.99	3.1497487e-286
22.03	8.3364168e-265
22.06	5.3244965e-245
22.09	1.0869549e-226
22.13	9.1962404e-210
22.16	4.1001076e-194
22.20	1.2028658e-179
22.23	2.8513551e-166
22.26	6.6030731e-154
22.30	1.7804549e-142
22.33	6.5748441e-132
22.37	3.8634312e-122
22.40	4.1499509e-113
22.43	9.2640249e-105
22.47	4.8389084e-97
22.50	6.5994242e-90
22.54	2.6007875e-83
22.57	3.2527698e-77
22.61	1.4079645e-71
22.64	2.2851922e-66
22.67	1.4977034e-61
22.71	4.2447788e-57
22.74	5.5427129e-53
22.78	3.5356294e-49
22.81	1.1630829e-45
22.84	2.0744592e-42
22.88	2.1011747e-39
22.91	1.2614814e-36
22.95	4.6704551e-34
22.98	1.1061170e-31
23.01	1.7334588e-29
23.05	1.8547999e-27
23.08	1.3948550e-25
23.12	7.5725270e-24
23.15	3.0422069e-22
23.18	9.2537994e-21
23.22	2.1768759e-19
23.25	4.0386482e-18
23.29	6.0171798e-17
23.32	7.3211202e-16
23.35	7.3877761e-15
23.39	6.2721618e-14
23.42	4.5397588e-13
23.46	2.8357516e-12
23.49	1.5460593e-11
23.53	7.4341767e-11
23.56	3.1832048e-10
23.59	1.2245353e-09
23.63	4.2667639e-09
23.66	1.3567719e-08
23.70	3.9644975e-08
23.73	1.0712251e-07
23.76	2.6920335e-07
23.80	6.3248287e-07
23.83	1.3957764e-06
23.87	2.9052103e-06
23.90	5.7237795e-06
23.93	1.0705522e-05
23.97	1.9050635e-05
24.00	3.2296282e-05
24.04	5.2167901e-05
24.07	8.0186444e-05
24.10	1.1694047e-04
24.14	1.6110679e-04
24.17	2.0881377e-04
24.21	2.5487679e-04
24.24	2.9625860e-04
24.27	3.3193048e-04
24.31	3.6167622e-04
24.34	3.8568510e-04
24.38	4.0435510e-04
24.41	4.1818303e-04
24.44	4.2770043e-04
24.48	4.3343575e-04
24.51	4.3589270e-04
24.55	4.3553860e-04
24.58	4.3279893e-04
24.62	4.2805587e-04
24.65	4.2164914e-04
24.68	4.1387826e-04
24.72	4.0500553e-04
24.75	3.9525936e-04
24.79	3.8483764e-04
24.82	3.7391104e-04
24.85	3.6262606e-04
24.89	3.5110797e-04
24.92	3.3946332e-04
24.96	3.2778234e-04
24.99	3.1614098e-04
25.02	3.0460281e-04
25.06	2.9322061e-04
25.09	2.8203783e-04
25.13	2.7108983e-04
25.16	2.6040499e-04
25.19	2.5000570e-04
25.23	2.3990913e-04
25.26	2.3012805e-04
25.30	2.2067139e-04
25.33	2.1154483e-04
25.36	2.0275129e-04
25.40	1.9429133e-04
25.43	1.8616351e-04
25.47	1.7836476e-04
25.50	1.7089056e-04
25.54	1.6373528e-04
25.57	1.5689233e-04
25.60	1.5035433e-04
25.64	1.4411333e-04
25.67	1.3816088e-04
25.71	1.3248816e-04
25.74	1.2708614e-04
25.77	1.2194557e-04
25.81	1.1705714e-04
25.84	1.1241149e-04
25.88	1.0799930e-04
25.91	1.0381131e-04
25.94	9.9838367e-05
25.98	9.6071480e-05
26.01	9.2501814e-05
26.05	8.9120732e-05
26.08	8.5919808e-05
26.11	8.2890844e-05
26.15	8.0025877e-05
26.18	7.7317194e-05
26.22	7.4757330e-05
26.25	7.2339081e-05
26.28	7.0055496e-05
26.32	6.7899886e-05
26.35	6.5865818e-05
26.39	6.3947114e-05
26.42	6.2137849e-05
26.45	6.0432346e-05
26.49	5.8825169e-05
26.52	5.7311123e-05
26.56	5.5885243e-05
26.59	5.4542790e-05
26.63	5.3279244e-05
26.66	5.2090298e-05
26.69	5.0971851e-05
26.73	4.9919999e-05
26.76	4.8931032e-05
26.80	4.8001421e-05
26.83	4.7127817e-05
26.86	4.6307041e-05
26.90	4.5536075e-05
26.93	4.4812060e-05
26.97	4.4132287e-05
27.00	4.3494188e-05
