# NeutrinoAntineutrinoInteraction/NeutrinoAntineutrinoWProduction interaction rates
# neutrino field: massive Cosmic Neutrino Background, T_CnuB = 1.94535456 K
# Produced with crpropa-data version: 34240bf825c959521ec71bc1e6d82591f4f17700
# log10(E/eV), 1/lambda [1/Mpc]
19.61	0.0000000e+00
19.64	0.0000000e+00
19.68	0.0000000e+00
19.71	0.0000000e+00
19.74	0.0000000e+00
19.78	0.0000000e+00
19.81	0.0000000e+00
19.85	0.0000000e+00
19.88	0.0000000e+00
19.91	0.0000000e+00
19.95	0.0000000e+00
19.98	0.0000000e+00
20.02	0.0000000e+00
20.05	0.0000000e+00
20.08	0.0000000e+00
20.12	0.0000000e+00
20.15	0.0000000e+00
20.19	0.0000000e+00
20.22	0.0000000e+00
20.25	0.0000000e+00
20.29	0.0000000e+00
20.32	0.0000000e+00
20.36	0.0000000e+00
20.39	0.0000000e+00
20.42	0.0000000e+00
20.46	0.0000000e+00
20.49	0.0000000e+00
20.53	0.0000000e+00
20.56	0.0000000e+00
20.60	0.0000000e+00
20.63	0.0000000e+00
20.66	0.0000000e+00
20.70	0.0000000e+00
20.73	0.0000000e+00
20.77	0.0000000e+00
20.80	0.0000000e+00
20.83	0.0000000e+00
20.87	0.0000000e+00
20.90	0.0000000e+00
20.94	0.0000000e+00
20.97	0.0000000e+00
21.00	0.0000000e+00
21.04	0.0000000e+00
21.07	0.0000000e+00
21.11	0.0000000e+00
21.14	0.0000000e+00
21.17	0.0000000e+00
21.21	0.0000000e+00
21.24	0.0000000e+00
21.28	0.0000000e+00
21.31	0.0000000e+00
21.34	0.0000000e+00
21.38	0.0000000e+00
21.41	0.0000000e+00
21.45	0.0000000e+00
21.48	0.0000000e+00
21.52	0.0000000e+00
21.55	0.0000000e+00
21.58	1.0924861e-272
21.62	4.2670979e-252
21.65	4.6452536e-233
21.69	1.8465203e-215
21.72	3.4405202e-199
21.75	3.7852494e-184
21.79	3.0442133e-170
21.82	2.1801244e-157
21.86	1.6686365e-145
21.89	1.6157954e-134
21.92	2.3136475e-124
21.96	5.6588165e-115
21.99	2.7013314e-106
22.03	2.8470271e-98
22.06	7.4244690e-91
22.09	5.3230871e-84
22.13	1.1566391e-77
22.16	8.3346632e-72
22.20	2.1647242e-66
22.23	2.1886754e-61
22.26	9.2499988e-57
22.30	1.7452933e-52
22.33	1.5623923e-48
22.37	7.0200713e-45
22.40	1.6676860e-41
22.43	2.1978382e-38
22.47	1.6799547e-35
22.50	7.7602340e-33
22.54	2.2502750e-30
22.57	4.2427044e-28
22.61	5.3728894e-26
22.64	4.7095353e-24
22.67	2.9377586e-22
22.71	1.3380580e-20
22.74	4.5568645e-19
22.78	1.1861051e-17
22.81	2.4080218e-16
22.84	3.8853217e-15
22.88	5.0694049e-14
22.91	5.4352037e-13
22.95	4.8600752e-12
22.98	3.6744435e-11
23.01	2.3788379e-10
23.05	1.3342894e-09
23.08	6.5546499e-09
23.12	2.8484567e-08
23.15	1.1052166e-07
23.18	3.8616689e-07
23.22	1.2246804e-06
23.25	3.5510740e-06
23.29	9.4779258e-06
23.32	2.3430798e-05
23.35	5.3960648e-05
23.39	1.1638237e-04
23.42	2.3623397e-04
23.46	4.5331666e-04
23.49	8.2579014e-04
23.53	1.4335299e-03
23.56	2.3797891e-03
23.59	3.7902194e-03
23.63	5.8085225e-03
23.66	8.5884121e-03
23.70	1.2282096e-02
23.73	1.7026045e-02
23.76	2.2925325e-02
23.80	3.0038098e-02
23.83	3.8362094e-02
23.87	4.7824771e-02
23.90	5.8278691e-02
23.93	6.9503147e-02
23.97	8.1212587e-02
24.00	9.3071670e-02
24.04	1.0471612e-01
24.07	1.1577788e-01
24.10	1.2591272e-01
24.14	1.3482805e-01
24.17	1.4231005e-01
24.21	1.4825522e-01
24.24	1.5269476e-01
24.27	1.5573895e-01
24.31	1.5752751e-01
24.34	1.5820870e-01
24.38	1.5792861e-01
24.41	1.5682538e-01
24.44	1.5502630e-01
24.48	1.5264658e-01
24.51	1.4978916e-01
24.55	1.4654505e-01
24.58	1.4299414e-01
24.62	1.3920600e-01
24.65	1.3524092e-01
24.68	1.3115081e-01
24.72	1.2698018e-01
24.75	1.2276694e-01
24.79	1.1854325e-01
24.82	1.1433619e-01
24.85	1.1016843e-01
24.89	1.0605880e-01
24.92	1.0202277e-01
24.96	9.8072938e-02
24.99	9.4219381e-02
25.02	9.0470031e-02
25.06	8.6830959e-02
25.09	8.3306641e-02
25.13	7.9900187e-02
25.16	7.6613540e-02
25.19	7.3447652e-02
25.23	7.0402631e-02
25.26	6.7477877e-02
25.30	6.4672193e-02
25.33	6.1983884e-02
25.36	5.9410848e-02
25.40	5.6950644e-02
25.43	5.4600562e-02
25.47	5.2357676e-02
25.50	5.0218895e-02
25.54	4.8181005e-02
25.57	4.6240701e-02
25.60	4.4394623e-02
25.64	4.2639383e-02
25.67	4.0971581e-02
25.71	3.9387835e-02
25.74	3.7884787e-02
25.77	3.6459125e-02
25.81	3.5107590e-02
25.84	3.3826988e-02
25.88	3.2614194e-02
25.91	3.1466166e-02
25.94	3.0379941e-02
25.98	2.9352647e-02
26.01	2.8381499e-02
26.05	2.7463807e-02
26.08	2.6596972e-02
26.11	2.5778490e-02
26.15	2.5005952e-02
26.18	2.4277040e-02
26.22	2.3589531e-02
26.25	2.2941293e-02
26.28	2.2330283e-02
26.32	2.1754546e-02
26.35	2.1212213e-02
26.39	2.0701501e-02
26.42	2.0220705e-02
26.45	1.9768201e-02
26.49	1.9342443e-02
26.52	1.8941957e-02
26.56	1.8565342e-02
26.59	1.8211264e-02
26.63	1.7878457e-02
26.66	1.7565720e-02
26.69	1.7271911e-02
26.73	1.6995947e-02
26.76	1.6736803e-02
26.80	1.6493507e-02
26.83	1.6265138e-02
26.86	1.6050824e-02
26.90	1.5849742e-02
26.93	1.5661112e-02
26.97	1.5484197e-02
27.00	1.5318300e-02
