# NeutrinoAntineutrinoInteraction/NeutrinoAntineutrinoWProduction interaction rates
# neutrino field: massive Cosmic Neutrino Background, T_CnuB = 1.94535456 K
# Produced with crpropa-data version: 34240bf825c959521ec71bc1e6d82591f4f17700
# log10(E/eV), 1/lambda [1/Mpc]
19.33	0.0000000e+00
19.37	0.0000000e+00
19.40	0.0000000e+00
19.44	0.0000000e+00
19.47	0.0000000e+00
19.51	0.0000000e+00
19.54	0.0000000e+00
19.57	0.0000000e+00
19.61	0.0000000e+00
19.64	0.0000000e+00
19.68	0.0000000e+00
19.71	0.0000000e+00
19.74	0.0000000e+00
19.78	0.0000000e+00
19.81	0.0000000e+00
19.85	0.0000000e+00
19.88	0.0000000e+00
19.91	0.0000000e+00
19.95	0.0000000e+00
19.98	0.0000000e+00
20.02	0.0000000e+00
20.05	0.0000000e+00
20.08	0.0000000e+00
20.12	0.0000000e+00
20.15	0.0000000e+00
20.19	0.0000000e+00
20.22	0.0000000e+00
20.25	0.0000000e+00
20.29	0.0000000e+00
20.32	0.0000000e+00
20.36	0.0000000e+00
20.39	0.0000000e+00
20.42	0.0000000e+00
20.46	0.0000000e+00
20.49	0.0000000e+00
20.53	0.0000000e+00
20.56	0.0000000e+00
20.60	0.0000000e+00
20.63	0.0000000e+00
20.66	0.0000000e+00
20.70	0.0000000e+00
20.73	0.0000000e+00
20.77	0.0000000e+00
20.80	0.0000000e+00
20.83	0.0000000e+00
20.87	0.0000000e+00
20.90	0.0000000e+00
20.94	0.0000000e+00
20.97	0.0000000e+00
21.00	0.0000000e+00
21.04	0.0000000e+00
21.07	0.0000000e+00
21.11	0.0000000e+00
21.14	0.0000000e+00
21.17	0.0000000e+00
21.21	0.0000000e+00
21.24	0.0000000e+00
21.28	2.0420693e-283
21.31	6.9452578e-262
21.34	5.5915561e-242
21.38	1.4133867e-223
21.41	1.4563875e-206
21.45	7.7880426e-191
21.48	2.7017965e-176
21.52	7.4743568e-163
21.55	1.9955107e-150
21.58	6.1334368e-139
21.62	2.5547819e-128
21.65	1.6768354e-118
21.69	1.9936989e-109
21.72	4.8847129e-101
21.75	2.7783264e-93
21.79	4.0958298e-86
21.82	1.7328240e-79
21.86	2.3116530e-73
21.89	1.0608699e-67
21.92	1.8152460e-62
21.96	1.2475769e-57
21.99	3.6892943e-53
22.03	5.0025824e-49
22.06	3.2988771e-45
22.09	1.1170624e-41
22.13	2.0425114e-38
22.16	2.1125937e-35
22.20	1.2903194e-32
22.23	4.8424496e-30
22.26	1.1584419e-27
22.30	1.8275756e-25
22.33	1.9620313e-23
22.37	1.4756194e-21
22.40	7.9861486e-20
22.43	3.1883947e-18
22.47	9.6082000e-17
22.50	2.2323320e-15
22.54	4.0779185e-14
22.57	5.9642335e-13
22.61	7.1020871e-12
22.64	6.9929749e-11
22.67	5.7756895e-10
22.71	4.0547405e-09
22.74	2.4493836e-08
22.78	1.2876583e-07
22.81	5.9530404e-07
22.84	2.4438383e-06
22.88	8.9884587e-06
22.91	2.9865340e-05
22.95	9.0331292e-05
22.98	2.5047584e-04
23.01	6.4089482e-04
23.05	1.5223801e-03
23.08	3.3759705e-03
23.12	7.0251207e-03
23.15	1.3783489e-02
23.18	2.5611096e-02
23.22	4.5251040e-02
23.25	7.6312051e-02
23.29	1.2326208e-01
23.32	1.9130632e-01
23.35	2.8613895e-01
23.39	4.1357822e-01
23.42	5.7911533e-01
23.46	7.8742432e-01
23.49	1.0418891e+00
23.53	1.3442043e+00
23.56	1.6940964e+00
23.59	2.0891984e+00
23.63	2.5250879e+00
23.66	2.9954831e+00
23.70	3.4925696e+00
23.73	4.0074214e+00
23.76	4.5304722e+00
23.80	5.0519940e+00
23.83	5.5625435e+00
23.87	6.0533465e+00
23.90	6.5166021e+00
23.93	6.9456959e+00
23.97	7.3353244e+00
24.00	7.6815362e+00
24.04	7.9817046e+00
24.07	8.2344438e+00
24.10	8.4394874e+00
24.14	8.5975403e+00
24.17	8.7101201e+00
24.21	8.7793961e+00
24.24	8.8080344e+00
24.27	8.7990562e+00
24.31	8.7557102e+00
24.34	8.6813634e+00
24.38	8.5794091e+00
24.41	8.4531923e+00
24.44	8.3059513e+00
24.48	8.1407737e+00
24.51	7.9605644e+00
24.55	7.7680255e+00
24.58	7.5656443e+00
24.62	7.3556884e+00
24.65	7.1402070e+00
24.68	6.9210365e+00
24.72	6.6998088e+00
24.75	6.4779627e+00
24.79	6.2567558e+00
24.82	6.0372783e+00
24.85	5.8204660e+00
24.89	5.6071144e+00
24.92	5.3978913e+00
24.96	5.1933503e+00
24.99	4.9939421e+00
25.02	4.8000260e+00
25.06	4.6118806e+00
25.09	4.4297129e+00
25.13	4.2536677e+00
25.16	4.0838350e+00
25.19	3.9202578e+00
25.23	3.7629383e+00
25.26	3.6118435e+00
25.30	3.4669112e+00
25.33	3.3280537e+00
25.36	3.1951627e+00
25.40	3.0681124e+00
25.43	2.9467631e+00
25.47	2.8309638e+00
25.50	2.7205546e+00
25.54	2.6153693e+00
25.57	2.5152367e+00
25.60	2.4199826e+00
25.64	2.3294311e+00
25.67	2.2434059e+00
25.71	2.1617311e+00
25.74	2.0842323e+00
25.77	2.0107374e+00
25.81	1.9410769e+00
25.84	1.8750849e+00
25.88	1.8125990e+00
25.91	1.7534610e+00
25.94	1.6975169e+00
25.98	1.6446177e+00
26.01	1.5946185e+00
26.05	1.5473798e+00
26.08	1.5027667e+00
26.11	1.4606493e+00
26.15	1.4209025e+00
26.18	1.3834063e+00
26.22	1.3480453e+00
26.25	1.3147092e+00
26.28	1.2832922e+00
26.32	1.2536930e+00
26.35	1.2258149e+00
26.39	1.1995657e+00
26.42	1.1748572e+00
26.45	1.1516056e+00
26.49	1.1297308e+00
26.52	1.1091568e+00
26.56	1.0898112e+00
26.59	1.0716252e+00
26.63	1.0545334e+00
26.66	1.0384739e+00
26.69	1.0233877e+00
26.73	1.0092191e+00
26.76	9.9591528e-01
26.80	9.8342602e-01
26.83	9.7170393e-01
26.86	9.6070415e-01
26.90	9.5038423e-01
26.93	9.4070402e-01
26.97	9.3162560e-01
27.00	9.2311314e-01
