# NeutrinoAntineutrinoInteraction/NeutrinoAntineutrinoWProduction interaction rates
# neutrino field: massive Cosmic Neutrino Background, T_CnuB = 1.94535456 K
# Produced with crpropa-data version: 34240bf825c959521ec71bc1e6d82591f4f17700
# log10(E/eV), 1/lambda [1/Mpc]
19.51	0.0000000e+00
19.54	0.0000000e+00
19.57	0.0000000e+00
19.61	0.0000000e+00
19.64	0.0000000e+00
19.68	0.0000000e+00
19.71	0.0000000e+00
19.74	0.0000000e+00
19.78	0.0000000e+00
19.81	0.0000000e+00
19.85	0.0000000e+00
19.88	0.0000000e+00
19.91	0.0000000e+00
19.95	0.0000000e+00
19.98	0.0000000e+00
20.02	0.0000000e+00
20.05	0.0000000e+00
20.08	0.0000000e+00
20.12	0.0000000e+00
20.15	0.0000000e+00
20.19	0.0000000e+00
20.22	0.0000000e+00
20.25	0.0000000e+00
20.29	0.0000000e+00
20.32	0.0000000e+00
20.36	0.0000000e+00
20.39	0.0000000e+00
20.42	0.0000000e+00
20.46	0.0000000e+00
20.49	0.0000000e+00
20.53	0.0000000e+00
20.56	0.0000000e+00
20.60	0.0000000e+00
20.63	0.0000000e+00
20.66	0.0000000e+00
20.70	0.0000000e+00
20.73	0.0000000e+00
20.77	0.0000000e+00
20.80	0.0000000e+00
20.83	0.0000000e+00
20.87	0.0000000e+00
20.90	0.0000000e+00
20.94	0.0000000e+00
20.97	0.0000000e+00
21.00	0.0000000e+00
21.04	0.0000000e+00
21.07	0.0000000e+00
21.11	0.0000000e+00
21.14	0.0000000e+00
21.17	0.0000000e+00
21.21	0.0000000e+00
21.24	0.0000000e+00
21.28	0.0000000e+00
21.31	0.0000000e+00
21.34	0.0000000e+00
21.38	0.0000000e+00
21.41	0.0000000e+00
21.45	1.2066472e-283
21.48	3.5795174e-262
21.52	2.5396541e-242
21.55	5.7115000e-224
21.58	5.2825364e-207
21.62	2.5562918e-191
21.65	8.0858261e-177
21.69	2.0538154e-163
21.72	5.0670512e-151
21.75	1.4477898e-139
21.79	5.6369921e-129
21.82	3.4760594e-119
21.86	3.9012501e-110
21.89	9.0619322e-102
21.92	4.9062545e-94
21.96	6.9104987e-87
21.99	2.8029566e-80
22.03	3.5963340e-74
22.06	1.5920322e-68
22.09	2.6348628e-63
22.13	1.7559579e-58
22.16	5.0468852e-54
22.20	6.6656219e-50
22.23	4.2898432e-46
22.26	1.4202966e-42
22.30	2.5434881e-39
22.33	2.5806345e-36
22.37	1.5484004e-33
22.40	5.7162254e-31
22.43	1.3468381e-28
22.47	2.0951322e-26
22.50	2.2202273e-24
22.54	1.6498596e-22
22.57	8.8304889e-21
22.61	3.4894585e-19
22.64	1.0416049e-17
22.67	2.3988649e-16
22.71	4.3466946e-15
22.74	6.3097860e-14
22.78	7.4615862e-13
22.81	7.2999440e-12
22.84	5.9935459e-11
22.88	4.1846554e-10
22.91	2.5150672e-09
22.95	1.3159989e-08
22.98	6.0577213e-08
23.01	2.4768535e-07
23.05	9.0761487e-07
23.08	3.0053397e-06
23.12	9.0612088e-06
23.15	2.5051812e-05
23.18	6.3926547e-05
23.22	1.5147022e-04
23.25	3.3511536e-04
23.29	6.9585162e-04
23.32	1.3625708e-03
23.35	2.5271424e-03
23.39	4.4575006e-03
23.42	7.5053744e-03
23.46	1.2105312e-02
23.49	1.8762470e-02
23.53	2.8028200e-02
23.56	4.0464427e-02
23.59	5.6599839e-02
23.63	7.6882488e-02
23.66	1.0163425e-01
23.70	1.3101256e-01
23.73	1.6498399e-01
23.76	2.0331266e-01
23.80	2.4556448e-01
23.83	2.9112659e-01
23.87	3.3923929e-01
23.90	3.8903705e-01
23.93	4.3959408e-01
23.97	4.8997054e-01
24.00	5.3925555e-01
24.04	5.8660405e-01
24.07	6.3126591e-01
24.10	6.7260625e-01
24.14	7.1011710e-01
24.17	7.4342122e-01
24.21	7.7226912e-01
24.24	7.9653093e-01
24.27	8.1618444e-01
24.31	8.3130081e-01
24.34	8.4202917e-01
24.38	8.4858108e-01
24.41	8.5121564e-01
24.44	8.5022577e-01
24.48	8.4592599e-01
24.51	8.3864191e-01
24.55	8.2870139e-01
24.58	8.1642742e-01
24.62	8.0213249e-01
24.65	7.8611439e-01
24.68	7.6865320e-01
24.72	7.5000932e-01
24.75	7.3042237e-01
24.79	7.1011074e-01
24.82	6.8927173e-01
24.85	6.6808208e-01
24.89	6.4669884e-01
24.92	6.2526040e-01
24.96	6.0388771e-01
24.99	5.8268556e-01
25.02	5.6174390e-01
25.06	5.4113914e-01
25.09	5.2093542e-01
25.13	5.0118586e-01
25.16	4.8193368e-01
25.19	4.6321332e-01
25.23	4.4505143e-01
25.26	4.2746781e-01
25.30	4.1047624e-01
25.33	3.9408526e-01
25.36	3.7829886e-01
25.40	3.6311712e-01
25.43	3.4853677e-01
25.47	3.3455168e-01
25.50	3.2115331e-01
25.54	3.0833113e-01
25.57	2.9607292e-01
25.60	2.8436515e-01
25.64	2.7319318e-01
25.67	2.6254155e-01
25.71	2.5239416e-01
25.74	2.4273447e-01
25.77	2.3354563e-01
25.81	2.2481063e-01
25.84	2.1651245e-01
25.88	2.0863408e-01
25.91	2.0115868e-01
25.94	1.9406963e-01
25.98	1.8735056e-01
26.01	1.8098543e-01
26.05	1.7495859e-01
26.08	1.6925474e-01
26.11	1.6385905e-01
26.15	1.5875708e-01
26.18	1.5393491e-01
26.22	1.4937902e-01
26.25	1.4507641e-01
26.28	1.4101455e-01
26.32	1.3718136e-01
26.35	1.3356527e-01
26.39	1.3015514e-01
26.42	1.2694031e-01
26.45	1.2391059e-01
26.49	1.2105620e-01
26.52	1.1836782e-01
26.56	1.1583654e-01
26.59	1.1345387e-01
26.63	1.1121170e-01
26.66	1.0910232e-01
26.69	1.0711839e-01
26.73	1.0525293e-01
26.76	1.0349930e-01
26.80	1.0185121e-01
26.83	1.0030266e-01
26.86	9.8847979e-02
26.90	9.7481788e-02
26.93	9.6198985e-02
26.97	9.4994738e-02
27.00	9.3864473e-02
