# NeutrinoAntineutrinoInteraction/NeutrinoAntineutrinoWProduction interaction rates
# neutrino field: massive Cosmic Neutrino Background, T_CnuB = 1.94535456 K
# Produced with crpropa-data version: 34240bf825c959521ec71bc1e6d82591f4f17700
# log10(E/eV), 1/lambda [1/Mpc]
19.88	0.0000000e+00
19.91	0.0000000e+00
19.95	0.0000000e+00
19.98	0.0000000e+00
20.02	0.0000000e+00
20.05	0.0000000e+00
20.08	0.0000000e+00
20.12	0.0000000e+00
20.15	0.0000000e+00
20.19	0.0000000e+00
20.22	0.0000000e+00
20.25	0.0000000e+00
20.29	0.0000000e+00
20.32	0.0000000e+00
20.36	0.0000000e+00
20.39	0.0000000e+00
20.42	0.0000000e+00
20.46	0.0000000e+00
20.49	0.0000000e+00
20.53	0.0000000e+00
20.56	0.0000000e+00
20.60	0.0000000e+00
20.63	0.0000000e+00
20.66	0.0000000e+00
20.70	0.0000000e+00
20.73	0.0000000e+00
20.77	0.0000000e+00
20.80	0.0000000e+00
20.83	0.0000000e+00
20.87	0.0000000e+00
20.90	0.0000000e+00
20.94	0.0000000e+00
20.97	0.0000000e+00
21.00	0.0000000e+00
21.04	0.0000000e+00
21.07	0.0000000e+00
21.11	0.0000000e+00
21.14	0.0000000e+00
21.17	0.0000000e+00
21.21	0.0000000e+00
21.24	0.0000000e+00
21.28	0.0000000e+00
21.31	0.0000000e+00
21.34	0.0000000e+00
21.38	0.0000000e+00
21.41	0.0000000e+00
21.45	0.0000000e+00
21.48	0.0000000e+00
21.52	0.0000000e+00
21.55	0.0000000e+00
21.58	0.0000000e+00
21.62	0.0000000e+00
21.65	0.0000000e+00
21.69	0.0000000e+00
21.72	0.0000000e+00
21.75	0.0000000e+00
21.79	0.0000000e+00
21.82	1.8952939e-281
21.86	2.6145778e-260
21.89	9.1394409e-241
21.92	1.0682124e-222
21.96	5.3945701e-206
21.99	1.4919638e-190
22.03	2.8134326e-176
22.06	4.4298148e-163
22.09	7.0236144e-151
22.13	1.3334571e-139
22.16	3.5578127e-129
22.20	1.5469219e-119
22.23	1.2568392e-110
22.26	2.1655926e-102
22.30	8.8955484e-95
22.33	9.7061517e-88
22.37	3.1091002e-81
22.40	3.2069594e-75
22.43	1.1602492e-69
22.47	1.5934366e-64
22.50	8.9367736e-60
22.54	2.1899354e-55
22.57	2.4958282e-51
22.61	1.4015619e-47
22.64	4.0908441e-44
22.67	6.5201239e-41
22.71	5.9396727e-38
22.74	3.2259581e-35
22.78	1.0861441e-32
22.81	2.3502449e-30
22.84	3.3792326e-28
22.88	3.3295982e-26
22.91	2.3132006e-24
22.95	1.1633951e-22
22.98	4.3402484e-21
23.01	1.2284505e-19
23.05	2.6933972e-18
23.08	4.6634149e-17
23.12	6.4908066e-16
23.15	7.3829630e-15
23.18	6.9679820e-14
23.22	5.5339555e-13
23.25	3.7468250e-12
23.29	2.1888228e-11
23.32	1.1155867e-10
23.35	5.0119082e-10
23.39	2.0037085e-09
23.42	7.1913527e-09
23.46	2.3359105e-08
23.49	6.9187875e-08
23.53	1.8816741e-07
23.56	4.7291623e-07
23.59	1.1049020e-06
23.63	2.4129181e-06
23.66	4.9503993e-06
23.70	9.5862650e-06
23.73	1.7597400e-05
23.76	3.0744876e-05
23.80	5.1312684e-05
23.83	8.2088855e-05
23.87	1.2627488e-04
23.90	1.8731970e-04
23.93	2.6868707e-04
23.97	3.7357715e-04
24.00	5.0463232e-04
24.04	6.6366135e-04
24.07	8.5141504e-04
24.10	1.0674395e-03
24.14	1.3100236e-03
24.17	1.5762450e-03
24.21	1.8621076e-03
24.24	2.1627519e-03
24.27	2.4727175e-03
24.31	2.7862283e-03
24.34	3.0974759e-03
24.38	3.4008805e-03
24.41	3.6913100e-03
24.44	3.9642501e-03
24.48	4.2159189e-03
24.51	4.4433295e-03
24.55	4.6443044e-03
24.58	4.8174498e-03
24.62	4.9621002e-03
24.65	5.0782402e-03
24.68	5.1664147e-03
24.72	5.2276321e-03
24.75	5.2632691e-03
24.79	5.2749793e-03
24.82	5.2646102e-03
24.85	5.2341290e-03
24.89	5.1855602e-03
24.92	5.1209327e-03
24.96	5.0422371e-03
24.99	4.9513937e-03
25.02	4.8502271e-03
25.06	4.7404492e-03
25.09	4.6236486e-03
25.13	4.5012837e-03
25.16	4.3746819e-03
25.19	4.2450399e-03
25.23	4.1134282e-03
25.26	3.9807964e-03
25.30	3.8479799e-03
25.33	3.7157077e-03
25.36	3.5846100e-03
25.40	3.4552270e-03
25.43	3.3280163e-03
25.47	3.2033614e-03
25.50	3.0815784e-03
25.54	2.9629239e-03
25.57	2.8476014e-03
25.60	2.7357669e-03
25.64	2.6275354e-03
25.67	2.5229855e-03
25.71	2.4221640e-03
25.74	2.3250907e-03
25.77	2.2317617e-03
25.81	2.1421529e-03
25.84	2.0562230e-03
25.88	1.9739167e-03
25.91	1.8951664e-03
25.94	1.8198947e-03
25.98	1.7480161e-03
26.01	1.6794389e-03
26.05	1.6140663e-03
26.08	1.5517981e-03
26.11	1.4925312e-03
26.15	1.4361609e-03
26.18	1.3825819e-03
26.22	1.3316885e-03
26.25	1.2833757e-03
26.28	1.2375392e-03
26.32	1.1940764e-03
26.35	1.1528862e-03
26.39	1.1138698e-03
26.42	1.0769304e-03
26.45	1.0419739e-03
26.49	1.0089089e-03
26.52	9.7764654e-04
26.56	9.4810099e-04
26.59	9.2018924e-04
26.63	8.9383123e-04
26.66	8.6894986e-04
26.69	8.4547096e-04
26.73	8.2332330e-04
26.76	8.0243853e-04
26.80	7.8275117e-04
26.83	7.6419851e-04
26.86	7.4672061e-04
26.90	7.3026018e-04
26.93	7.1476253e-04
26.97	7.0017552e-04
27.00	6.8644945e-04
