# NeutrinoAntineutrinoInteraction/NeutrinoiAntineutrinojElectronAntitau interaction rates
# neutrino field: massive Cosmic Neutrino Background, T_CnuB = 1.94535456 K
# Produced with crpropa-data version: 60a1560e37035039ec25f414e0c42a2444bad49c
# log10(E/eV), 1/lambda [1/Mpc]
15.96	0.0000000e+00
16.00	0.0000000e+00
16.03	0.0000000e+00
16.06	0.0000000e+00
16.10	0.0000000e+00
16.13	0.0000000e+00
16.17	0.0000000e+00
16.20	0.0000000e+00
16.23	0.0000000e+00
16.27	0.0000000e+00
16.30	0.0000000e+00
16.34	0.0000000e+00
16.37	0.0000000e+00
16.40	0.0000000e+00
16.44	0.0000000e+00
16.47	0.0000000e+00
16.51	0.0000000e+00
16.54	0.0000000e+00
16.58	0.0000000e+00
16.61	0.0000000e+00
16.64	0.0000000e+00
16.68	0.0000000e+00
16.71	0.0000000e+00
16.75	0.0000000e+00
16.78	0.0000000e+00
16.81	0.0000000e+00
16.85	0.0000000e+00
16.88	0.0000000e+00
16.92	0.0000000e+00
16.95	0.0000000e+00
16.98	0.0000000e+00
17.02	0.0000000e+00
17.05	0.0000000e+00
17.09	0.0000000e+00
17.12	0.0000000e+00
17.15	0.0000000e+00
17.19	0.0000000e+00
17.22	0.0000000e+00
17.26	0.0000000e+00
17.29	0.0000000e+00
17.32	0.0000000e+00
17.36	0.0000000e+00
17.39	0.0000000e+00
17.43	0.0000000e+00
17.46	0.0000000e+00
17.49	0.0000000e+00
17.53	0.0000000e+00
17.56	0.0000000e+00
17.60	0.0000000e+00
17.63	0.0000000e+00
17.67	0.0000000e+00
17.70	0.0000000e+00
17.73	0.0000000e+00
17.77	0.0000000e+00
17.80	0.0000000e+00
17.84	0.0000000e+00
17.87	0.0000000e+00
17.90	0.0000000e+00
17.94	1.0331133e-265
17.97	5.9265908e-246
18.01	1.0920937e-227
18.04	8.3787014e-211
18.07	3.4018861e-195
18.11	9.1242127e-181
18.14	1.9844706e-167
18.18	4.2304985e-155
18.21	1.0532945e-143
18.24	3.6015676e-133
18.28	1.9646285e-123
18.31	1.9636870e-114
18.35	4.0877592e-106
18.38	1.9949991e-98
18.41	2.5467664e-91
18.45	9.4098626e-85
18.48	1.1050165e-78
18.52	4.4970121e-73
18.55	6.8705896e-68
18.59	4.2432988e-63
18.62	1.1343728e-58
18.65	1.3983450e-54
18.69	8.4269936e-51
18.72	2.6206582e-47
18.76	4.4211746e-44
18.79	4.2376865e-41
18.82	2.4084957e-38
18.86	8.4440865e-36
18.89	1.8941767e-33
18.93	2.8120667e-31
18.96	2.8506217e-29
18.99	2.0310122e-27
19.03	1.0446006e-25
19.06	3.9754443e-24
19.10	1.1453660e-22
19.13	2.5515577e-21
19.16	4.4818584e-20
19.20	6.3205289e-19
19.23	7.2769939e-18
19.27	6.9465427e-17
19.30	5.5771627e-16
19.33	3.8161756e-15
19.37	2.2528065e-14
19.40	1.1604051e-13
19.44	5.2701683e-13
19.47	2.1309040e-12
19.51	7.7393556e-12
19.54	2.5458261e-11
19.57	7.6426319e-11
19.61	2.1086269e-10
19.64	5.3816340e-10
19.68	1.2781444e-09
19.71	2.8404280e-09
19.74	5.9363333e-09
19.78	1.1721752e-08
19.81	2.1960463e-08
19.85	3.9186179e-08
19.88	6.6830154e-08
19.91	1.0927137e-07
19.95	1.7176002e-07
19.98	2.6016385e-07
20.02	3.8049250e-07
20.05	5.3817308e-07
20.08	7.3708854e-07
20.12	9.7846844e-07
20.15	1.2598551e-06
20.19	1.5745586e-06
20.22	1.9121966e-06
20.25	2.2609874e-06
20.29	2.6129419e-06
20.32	2.9692892e-06
20.36	3.3339015e-06
20.39	3.7104699e-06
20.42	4.1025478e-06
20.46	4.5136032e-06
20.49	4.9470659e-06
20.53	5.4063712e-06
20.56	5.8949992e-06
20.60	6.4165133e-06
20.63	6.9745951e-06
20.66	7.5730788e-06
20.70	8.2159848e-06
20.73	8.9075529e-06
20.77	9.6522747e-06
20.80	1.0454928e-05
20.83	1.1320610e-05
20.87	1.2254772e-05
20.90	1.3263260e-05
20.94	1.4352346e-05
20.97	1.5528774e-05
21.00	1.6799803e-05
21.04	1.8173244e-05
21.07	1.9657520e-05
21.11	2.1261705e-05
21.14	2.2995588e-05
21.17	2.4869725e-05
21.21	2.6895502e-05
21.24	2.9085207e-05
21.28	3.1452091e-05
21.31	3.4010455e-05
21.34	3.6775723e-05
21.38	3.9764535e-05
21.41	4.2994834e-05
21.45	4.6485974e-05
21.48	5.0258819e-05
21.52	5.4335858e-05
21.55	5.8741329e-05
21.58	6.3501346e-05
21.62	6.8644034e-05
21.65	7.4199676e-05
21.69	8.0200871e-05
21.72	8.6682689e-05
21.75	9.3682851e-05
21.79	1.0124191e-04
21.82	1.0940342e-04
21.86	1.1821420e-04
21.89	1.2772445e-04
21.92	1.3798804e-04
21.96	1.4906274e-04
21.99	1.6101038e-04
22.03	1.7389719e-04
22.06	1.8779396e-04
22.09	2.0277637e-04
22.13	2.1892516e-04
22.16	2.3632646e-04
22.20	2.5507200e-04
22.23	2.7525937e-04
22.26	2.9699224e-04
22.30	3.2038061e-04
22.33	3.4554101e-04
22.37	3.7259666e-04
22.40	4.0167767e-04
22.43	4.3292110e-04
22.47	4.6647112e-04
22.50	5.0247894e-04
22.54	5.4110285e-04
22.57	5.8250810e-04
22.61	6.2686669e-04
22.64	6.7435715e-04
22.67	7.2516416e-04
22.71	7.7947805e-04
22.74	8.3749426e-04
22.78	8.9941261e-04
22.81	9.6543642e-04
22.84	1.0357716e-03
22.88	1.1106254e-03
22.91	1.1902053e-03
22.95	1.2747173e-03
22.98	1.3643648e-03
23.01	1.4593463e-03
23.05	1.5598540e-03
23.08	1.6660718e-03
23.12	1.7781729e-03
23.15	1.8963180e-03
23.18	2.0206529e-03
23.22	2.1513065e-03
23.25	2.2883882e-03
23.29	2.4319862e-03
23.32	2.5821649e-03
23.35	2.7389634e-03
23.39	2.9023935e-03
23.42	3.0724379e-03
23.46	3.2490493e-03
23.49	3.4321487e-03
23.53	3.6216251e-03
23.56	3.8173351e-03
23.59	4.0191021e-03
23.63	4.2267173e-03
23.66	4.4399402e-03
23.70	4.6584991e-03
23.73	4.8820930e-03
23.76	5.1103930e-03
23.80	5.3430446e-03
23.83	5.5796696e-03
23.87	5.8198689e-03
23.90	6.0632255e-03
23.93	6.3093069e-03
23.97	6.5576687e-03
24.00	6.8078575e-03
24.04	7.0594144e-03
24.07	7.3118777e-03
24.10	7.5647863e-03
24.14	7.8176831e-03
24.17	8.0701174e-03
24.21	8.3216476e-03
24.24	8.5718445e-03
24.27	8.8202929e-03
24.31	9.0665941e-03
24.34	9.3103675e-03
24.38	9.5512527e-03
24.41	9.7889104e-03
24.44	1.0023024e-02
24.48	1.0253299e-02
24.51	1.0479467e-02
24.55	1.0701282e-02
24.58	1.0918524e-02
24.62	1.1130994e-02
24.65	1.1338523e-02
24.68	1.1540960e-02
24.72	1.1738180e-02
24.75	1.1930082e-02
24.79	1.2116583e-02
24.82	1.2297623e-02
24.85	1.2473163e-02
24.89	1.2643181e-02
24.92	1.2807672e-02
24.96	1.2966651e-02
24.99	1.3120143e-02
25.02	1.3268193e-02
25.06	1.3410855e-02
25.09	1.3548197e-02
25.13	1.3680296e-02
25.16	1.3807241e-02
25.19	1.3929128e-02
25.23	1.4046060e-02
25.26	1.4158148e-02
25.30	1.4265509e-02
25.33	1.4368261e-02
25.36	1.4466532e-02
25.40	1.4560447e-02
25.43	1.4650137e-02
25.47	1.4735734e-02
25.50	1.4817370e-02
25.54	1.4895179e-02
25.57	1.4969295e-02
25.60	1.5039848e-02
25.64	1.5106972e-02
25.67	1.5170795e-02
25.71	1.5231448e-02
25.74	1.5289056e-02
25.77	1.5343742e-02
25.81	1.5395630e-02
25.84	1.5444838e-02
25.88	1.5491481e-02
25.91	1.5535673e-02
25.94	1.5577524e-02
25.98	1.5617139e-02
26.01	1.5654623e-02
26.05	1.5690074e-02
26.08	1.5723591e-02
26.11	1.5755265e-02
26.15	1.5785186e-02
26.18	1.5813442e-02
26.22	1.5840114e-02
26.25	1.5865283e-02
26.28	1.5889026e-02
26.32	1.5911415e-02
26.35	1.5932521e-02
26.39	1.5952411e-02
26.42	1.5971149e-02
26.45	1.5988797e-02
26.49	1.6005413e-02
26.52	1.6021054e-02
26.56	1.6035771e-02
26.59	1.6049617e-02
26.63	1.6062639e-02
26.66	1.6074883e-02
26.69	1.6086392e-02
26.73	1.6097209e-02
26.76	1.6107372e-02
26.80	1.6116919e-02
26.83	1.6125885e-02
26.86	1.6134303e-02
26.90	1.6142205e-02
26.93	1.6149621e-02
26.97	1.6156581e-02
27.00	1.6163109e-02
