# NeutrinoAntineutrinoInteraction/NeutrinoiAntineutrinojElectronAntitau interaction rates
# neutrino field: massive Cosmic Neutrino Background, T_CnuB = 1.94535456 K
# Produced with crpropa-data version: 60a1560e37035039ec25f414e0c42a2444bad49c
# log10(E/eV), 1/lambda [1/Mpc]
15.72	0.0000000e+00
15.76	0.0000000e+00
15.79	0.0000000e+00
15.83	0.0000000e+00
15.86	0.0000000e+00
15.89	0.0000000e+00
15.93	0.0000000e+00
15.96	0.0000000e+00
16.00	0.0000000e+00
16.03	0.0000000e+00
16.06	0.0000000e+00
16.10	0.0000000e+00
16.13	0.0000000e+00
16.17	0.0000000e+00
16.20	0.0000000e+00
16.23	0.0000000e+00
16.27	0.0000000e+00
16.30	0.0000000e+00
16.34	0.0000000e+00
16.37	0.0000000e+00
16.40	0.0000000e+00
16.44	0.0000000e+00
16.47	0.0000000e+00
16.51	0.0000000e+00
16.54	0.0000000e+00
16.58	0.0000000e+00
16.61	0.0000000e+00
16.64	0.0000000e+00
16.68	0.0000000e+00
16.71	0.0000000e+00
16.75	0.0000000e+00
16.78	0.0000000e+00
16.81	0.0000000e+00
16.85	0.0000000e+00
16.88	0.0000000e+00
16.92	0.0000000e+00
16.95	0.0000000e+00
16.98	0.0000000e+00
17.02	0.0000000e+00
17.05	0.0000000e+00
17.09	0.0000000e+00
17.12	0.0000000e+00
17.15	0.0000000e+00
17.19	0.0000000e+00
17.22	0.0000000e+00
17.26	0.0000000e+00
17.29	0.0000000e+00
17.32	0.0000000e+00
17.36	0.0000000e+00
17.39	0.0000000e+00
17.43	0.0000000e+00
17.46	0.0000000e+00
17.49	0.0000000e+00
17.53	0.0000000e+00
17.56	0.0000000e+00
17.60	0.0000000e+00
17.63	0.0000000e+00
17.67	3.4143621e-278
17.70	2.2736738e-257
17.73	4.0483944e-238
17.77	2.5333835e-220
17.80	7.1739321e-204
17.84	1.1613139e-188
17.87	1.3339015e-174
17.90	1.3275502e-161
17.94	1.3770898e-149
17.97	1.7662100e-138
18.01	3.2800920e-128
18.04	1.0207531e-118
18.07	6.0925143e-110
18.11	7.9021917e-102
18.14	2.4999150e-94
18.18	2.1463834e-87
18.21	5.5205570e-81
18.24	4.6603280e-75
18.28	1.4050500e-69
18.31	1.6358266e-64
18.35	7.9055991e-60
18.38	1.6955566e-55
18.41	1.7168097e-51
18.45	8.6897217e-48
18.48	2.3181763e-44
18.52	3.4230187e-41
18.55	2.9273324e-38
18.59	1.5119769e-35
18.62	4.9032348e-33
18.65	1.0348681e-30
18.69	1.4695804e-28
18.72	1.4480289e-26
18.76	1.0186261e-24
18.79	5.2525123e-23
18.82	2.0344452e-21
18.86	6.0544810e-20
18.89	1.4136950e-18
18.93	2.6405891e-17
18.96	4.0169849e-16
18.99	5.0600317e-15
19.03	5.3592934e-14
19.06	4.8404966e-13
19.10	3.7768608e-12
19.13	2.5762112e-11
19.16	1.5528091e-10
19.20	8.3509104e-10
19.23	4.0411542e-09
19.27	1.7722392e-08
19.30	7.0818848e-08
19.33	2.5867554e-07
19.37	8.6330742e-07
19.40	2.6146433e-06
19.44	7.0429435e-06
19.47	1.6083533e-05
19.51	2.8790940e-05
19.54	4.1412032e-05
19.57	5.3571138e-05
19.61	6.5447112e-05
19.64	7.7201941e-05
19.68	8.8983945e-05
19.71	1.0093055e-04
19.74	1.1317076e-04
19.78	1.2582728e-04
19.81	1.3901847e-04
19.85	1.5286007e-04
19.88	1.6746674e-04
19.91	1.8295352e-04
19.95	1.9943714e-04
19.98	2.1703728e-04
20.02	2.3587774e-04
20.05	2.5608760e-04
20.08	2.7780230e-04
20.12	3.0116481e-04
20.15	3.2632669e-04
20.19	3.5344921e-04
20.22	3.8270453e-04
20.25	4.1427689e-04
20.29	4.4836380e-04
20.32	4.8517739e-04
20.36	5.2494572e-04
20.39	5.6791426e-04
20.42	6.1434741e-04
20.46	6.6453010e-04
20.49	7.1876956e-04
20.53	7.7739712e-04
20.56	8.4077025e-04
20.60	9.0927462e-04
20.63	9.8332640e-04
20.66	1.0633746e-03
20.70	1.1499040e-03
20.73	1.2434372e-03
20.77	1.3445386e-03
20.80	1.4538168e-03
20.83	1.5719282e-03
20.87	1.6995811e-03
20.90	1.8375388e-03
20.94	1.9866245e-03
20.97	2.1477254e-03
21.00	2.3217974e-03
21.04	2.5098703e-03
21.07	2.7130530e-03
21.11	2.9325393e-03
21.14	3.1696138e-03
21.17	3.4256583e-03
21.21	3.7021587e-03
21.24	4.0007114e-03
21.28	4.3230316e-03
21.31	4.6709603e-03
21.34	5.0464728e-03
21.38	5.4516869e-03
21.41	5.8888718e-03
21.45	6.3604565e-03
21.48	6.8690397e-03
21.52	7.4173986e-03
21.55	8.0084985e-03
21.58	8.6455022e-03
21.62	9.3317795e-03
21.65	1.0070916e-02
21.69	1.0866722e-02
21.72	1.1723243e-02
21.75	1.2644762e-02
21.79	1.3635812e-02
21.82	1.4701180e-02
21.86	1.5845909e-02
21.89	1.7075304e-02
21.92	1.8394930e-02
21.96	1.9810615e-02
21.99	2.1328440e-02
22.03	2.2954736e-02
22.06	2.4696072e-02
22.09	2.6559241e-02
22.13	2.8551243e-02
22.16	3.0679259e-02
22.20	3.2950625e-02
22.23	3.5372800e-02
22.26	3.7953323e-02
22.30	4.0699776e-02
22.33	4.3619726e-02
22.37	4.6720674e-02
22.40	5.0009991e-02
22.43	5.3494853e-02
22.47	5.7182166e-02
22.50	6.1078492e-02
22.54	6.5189970e-02
22.57	6.9522229e-02
22.61	7.4080308e-02
22.64	7.8868564e-02
22.67	8.3890600e-02
22.71	8.9149169e-02
22.74	9.4646109e-02
22.78	1.0038226e-01
22.81	1.0635742e-01
22.84	1.1257025e-01
22.88	1.1901829e-01
22.91	1.2569784e-01
22.95	1.3260403e-01
22.98	1.3973076e-01
23.01	1.4707070e-01
23.05	1.5461534e-01
23.08	1.6235501e-01
23.12	1.7027893e-01
23.15	1.7837527e-01
23.18	1.8663125e-01
23.22	1.9503318e-01
23.25	2.0356659e-01
23.29	2.1221633e-01
23.32	2.2096669e-01
23.35	2.2980148e-01
23.39	2.3870420e-01
23.42	2.4765811e-01
23.46	2.5664641e-01
23.49	2.6565228e-01
23.53	2.7465908e-01
23.56	2.8365039e-01
23.59	2.9261016e-01
23.63	3.0152275e-01
23.66	3.1037308e-01
23.70	3.1914669e-01
23.73	3.2782977e-01
23.76	3.3640927e-01
23.80	3.4487291e-01
23.83	3.5320925e-01
23.87	3.6140771e-01
23.90	3.6945858e-01
23.93	3.7735304e-01
23.97	3.8508317e-01
24.00	3.9264195e-01
24.04	4.0002324e-01
24.07	4.0722175e-01
24.10	4.1423306e-01
24.14	4.2105356e-01
24.17	4.2768041e-01
24.21	4.3411154e-01
24.24	4.4034560e-01
24.27	4.4638189e-01
24.31	4.5222038e-01
24.34	4.5786161e-01
24.38	4.6330668e-01
24.41	4.6855720e-01
24.44	4.7361525e-01
24.48	4.7848331e-01
24.51	4.8316426e-01
24.55	4.8766132e-01
24.58	4.9197801e-01
24.62	4.9611810e-01
24.65	5.0008562e-01
24.68	5.0388478e-01
24.72	5.0751995e-01
24.75	5.1099563e-01
24.79	5.1431643e-01
24.82	5.1748703e-01
24.85	5.2051219e-01
24.89	5.2339666e-01
24.92	5.2614524e-01
24.96	5.2876270e-01
24.99	5.3125381e-01
25.02	5.3362327e-01
25.06	5.3587574e-01
25.09	5.3801582e-01
25.13	5.4004802e-01
25.16	5.4197678e-01
25.19	5.4380643e-01
25.23	5.4554123e-01
25.26	5.4718529e-01
25.30	5.4874265e-01
25.33	5.5021722e-01
25.36	5.5161278e-01
25.40	5.5293299e-01
25.43	5.5418142e-01
25.47	5.5536148e-01
25.50	5.5647649e-01
25.54	5.5752963e-01
25.57	5.5852396e-01
25.60	5.5946242e-01
25.64	5.6034786e-01
25.67	5.6118298e-01
25.71	5.6197038e-01
25.74	5.6271253e-01
25.77	5.6341184e-01
25.81	5.6407055e-01
25.84	5.6469086e-01
25.88	5.6527482e-01
25.91	5.6582443e-01
25.94	5.6634154e-01
25.98	5.6682796e-01
26.01	5.6728538e-01
26.05	5.6771542e-01
26.08	5.6811962e-01
26.11	5.6849944e-01
26.15	5.6885627e-01
26.18	5.6919142e-01
26.22	5.6950613e-01
26.25	5.6980160e-01
26.28	5.7007894e-01
26.32	5.7033920e-01
26.35	5.7058338e-01
26.39	5.7081244e-01
26.42	5.7102727e-01
26.45	5.7122871e-01
26.49	5.7141758e-01
26.52	5.7159462e-01
26.56	5.7176054e-01
26.59	5.7191601e-01
26.63	5.7206166e-01
26.66	5.7219809e-01
26.69	5.7232587e-01
26.73	5.7244552e-01
26.76	5.7255754e-01
26.80	5.7266241e-01
26.83	5.7276057e-01
26.86	5.7285243e-01
26.90	5.7293839e-01
26.93	5.7301881e-01
26.97	5.7309404e-01
27.00	5.7316440e-01
