# NeutrinoAntineutrinoInteraction/NeutrinoiAntineutrinojElectronAntitau interaction rates
# neutrino field: massive Cosmic Neutrino Background, T_CnuB = 1.94535456 K
# Produced with crpropa-data version: 60a1560e37035039ec25f414e0c42a2444bad49c
# log10(E/eV), 1/lambda [1/Mpc]
16.92	0.0000000e+00
16.95	0.0000000e+00
16.98	0.0000000e+00
17.02	0.0000000e+00
17.05	0.0000000e+00
17.09	0.0000000e+00
17.12	0.0000000e+00
17.15	0.0000000e+00
17.19	0.0000000e+00
17.22	0.0000000e+00
17.26	0.0000000e+00
17.29	0.0000000e+00
17.32	0.0000000e+00
17.36	0.0000000e+00
17.39	0.0000000e+00
17.43	0.0000000e+00
17.46	0.0000000e+00
17.49	0.0000000e+00
17.53	0.0000000e+00
17.56	0.0000000e+00
17.60	0.0000000e+00
17.63	0.0000000e+00
17.67	0.0000000e+00
17.70	0.0000000e+00
17.73	0.0000000e+00
17.77	0.0000000e+00
17.80	0.0000000e+00
17.84	0.0000000e+00
17.87	0.0000000e+00
17.90	0.0000000e+00
17.94	0.0000000e+00
17.97	0.0000000e+00
18.01	0.0000000e+00
18.04	0.0000000e+00
18.07	0.0000000e+00
18.11	0.0000000e+00
18.14	0.0000000e+00
18.18	0.0000000e+00
18.21	0.0000000e+00
18.24	0.0000000e+00
18.28	0.0000000e+00
18.31	0.0000000e+00
18.35	0.0000000e+00
18.38	0.0000000e+00
18.41	0.0000000e+00
18.45	0.0000000e+00
18.48	0.0000000e+00
18.52	0.0000000e+00
18.55	0.0000000e+00
18.59	0.0000000e+00
18.62	0.0000000e+00
18.65	0.0000000e+00
18.69	0.0000000e+00
18.72	0.0000000e+00
18.76	0.0000000e+00
18.79	0.0000000e+00
18.82	0.0000000e+00
18.86	2.3666325e-278
18.89	9.0013635e-256
18.93	1.0327276e-234
18.96	4.8163012e-215
18.99	1.2062116e-196
19.03	2.1045586e-179
19.06	3.2641224e-163
19.10	5.6559344e-148
19.13	1.3572008e-133
19.16	5.5206116e-120
19.20	4.6061196e-107
19.23	9.4379982e-95
19.27	5.6296125e-83
19.30	1.1474432e-71
19.33	9.2825017e-61
19.37	3.4159259e-50
19.40	6.4113369e-40
19.44	6.5367235e-30
19.47	3.1560925e-20
19.51	7.3114625e-13
19.54	3.2891264e-12
19.57	5.6930221e-12
19.61	7.9829186e-12
19.64	1.0194501e-11
19.68	1.2359912e-11
19.71	1.4508285e-11
19.74	1.6666323e-11
19.78	1.8858726e-11
19.81	2.1108947e-11
19.85	2.3439128e-11
19.88	2.5870978e-11
19.91	2.8425473e-11
19.95	3.1123877e-11
19.98	3.3987306e-11
20.02	3.7037761e-11
20.05	4.0296182e-11
20.08	4.3785661e-11
20.12	4.7529621e-11
20.15	5.1553445e-11
20.19	5.5883131e-11
20.22	6.0547173e-11
20.25	6.5575026e-11
20.29	7.0999400e-11
20.32	7.6853739e-11
20.36	8.3174681e-11
20.39	9.0001078e-11
20.42	9.7375642e-11
20.46	1.0534357e-10
20.49	1.1395433e-10
20.53	1.2326078e-10
20.56	1.3332075e-10
20.60	1.4419756e-10
20.63	1.5595511e-10
20.66	1.6866404e-10
20.70	1.8240126e-10
20.73	1.9725031e-10
20.77	2.1330053e-10
20.80	2.3064957e-10
20.83	2.4940140e-10
20.87	2.6967044e-10
20.90	2.9157825e-10
20.94	3.1525548e-10
20.97	3.4084190e-10
21.00	3.6849223e-10
21.04	3.9836887e-10
21.07	4.3065224e-10
21.11	4.6553120e-10
21.14	5.0321664e-10
21.17	5.4393213e-10
21.21	5.8791979e-10
21.24	6.3542198e-10
21.28	6.8671910e-10
21.31	7.4210149e-10
21.34	8.0189329e-10
21.38	8.6642971e-10
21.41	9.3608458e-10
21.45	1.0112452e-09
21.48	1.0923460e-09
21.52	1.1798242e-09
21.55	1.2741647e-09
21.58	1.3758761e-09
21.62	1.4855152e-09
21.65	1.6036645e-09
21.69	1.7309564e-09
21.72	1.8680572e-09
21.75	2.0156889e-09
21.79	2.1746279e-09
21.82	2.3456240e-09
21.86	2.5295125e-09
21.89	2.7271774e-09
21.92	2.9395585e-09
21.96	3.1676320e-09
21.99	3.4124408e-09
22.03	3.6750565e-09
22.06	3.9566333e-09
22.09	4.2583323e-09
22.13	4.5813663e-09
22.16	4.9269696e-09
22.20	5.2964707e-09
22.23	5.6911700e-09
22.26	6.1124734e-09
22.30	6.5617333e-09
22.33	7.0404239e-09
22.37	7.5499924e-09
22.40	8.0918280e-09
22.43	8.6671634e-09
22.47	9.2774281e-09
22.50	9.9238690e-09
22.54	1.0607843e-08
22.57	1.1330477e-08
22.61	1.2092999e-08
22.64	1.2896378e-08
22.67	1.3741706e-08
22.71	1.4629578e-08
22.74	1.5560704e-08
22.78	1.6535504e-08
22.81	1.7554382e-08
22.84	1.8617432e-08
22.88	1.9724677e-08
22.91	2.0875872e-08
22.95	2.2070726e-08
22.98	2.3308719e-08
23.01	2.4588394e-08
23.05	2.5908595e-08
23.08	2.7267899e-08
23.12	2.8664753e-08
23.15	3.0097271e-08
23.18	3.1563540e-08
23.22	3.3061269e-08
23.25	3.4588338e-08
23.29	3.6141962e-08
23.32	3.7719469e-08
23.35	3.9317837e-08
23.39	4.0934408e-08
23.42	4.2565947e-08
23.46	4.4209754e-08
23.49	4.5862518e-08
23.53	4.7521691e-08
23.56	4.9184441e-08
23.59	5.0847221e-08
23.63	5.2506230e-08
23.66	5.4158945e-08
23.70	5.5802045e-08
23.73	5.7433253e-08
23.76	5.9049478e-08
23.80	6.0648740e-08
23.83	6.2228340e-08
23.87	6.3786793e-08
23.90	6.5320965e-08
23.93	6.6829300e-08
23.97	6.8309733e-08
24.00	6.9761029e-08
24.04	7.1181598e-08
24.07	7.2570504e-08
24.10	7.3926736e-08
24.14	7.5250187e-08
24.17	7.6539889e-08
24.21	7.7793778e-08
24.24	7.9011435e-08
24.27	8.0192418e-08
24.31	8.1336703e-08
24.34	8.2444013e-08
24.38	8.3514718e-08
24.41	8.4548754e-08
24.44	8.5547102e-08
24.48	8.6509254e-08
24.51	8.7435851e-08
24.55	8.8326919e-08
24.58	8.9183648e-08
24.62	9.0006146e-08
24.65	9.0795878e-08
24.68	9.1553113e-08
24.72	9.2279793e-08
24.75	9.2977046e-08
24.79	9.3644303e-08
24.82	9.4281346e-08
24.85	9.4889868e-08
24.89	9.5469988e-08
24.92	9.6023474e-08
24.96	9.6550509e-08
24.99	9.7052913e-08
25.02	9.7531164e-08
25.06	9.7987051e-08
25.09	9.8419917e-08
25.13	9.8831266e-08
25.16	9.9221534e-08
25.19	9.9592096e-08
25.23	9.9943570e-08
25.26	1.0027723e-07
25.30	1.0059403e-07
25.33	1.0089603e-07
25.36	1.0118281e-07
25.40	1.0145376e-07
25.43	1.0170972e-07
25.47	1.0195128e-07
25.50	1.0217936e-07
25.54	1.0239441e-07
25.57	1.0259749e-07
25.60	1.0278898e-07
25.64	1.0297039e-07
25.67	1.0314104e-07
25.71	1.0330193e-07
25.74	1.0345302e-07
25.77	1.0359556e-07
25.81	1.0372944e-07
25.84	1.0385602e-07
25.88	1.0397525e-07
25.91	1.0408900e-07
25.94	1.0419765e-07
25.98	1.0429987e-07
26.01	1.0439512e-07
26.05	1.0448467e-07
26.08	1.0456802e-07
26.11	1.0464646e-07
26.15	1.0471951e-07
26.18	1.0478847e-07
26.22	1.0485329e-07
26.25	1.0491475e-07
26.28	1.0497172e-07
26.32	1.0502511e-07
26.35	1.0507471e-07
26.39	1.0512126e-07
26.42	1.0516479e-07
26.45	1.0520595e-07
26.49	1.0524517e-07
26.52	1.0528404e-07
26.56	1.0532075e-07
26.59	1.0535460e-07
26.63	1.0538587e-07
26.66	1.0541459e-07
26.69	1.0544120e-07
26.73	1.0546558e-07
26.76	1.0548834e-07
26.80	1.0550941e-07
26.83	1.0552977e-07
26.86	1.0554816e-07
26.90	1.0556526e-07
26.93	1.0558062e-07
26.97	1.0559512e-07
27.00	1.0560822e-07
