# NeutrinoAntineutrinoInteraction/NeutrinoiAntineutrinojElectronAntitau interaction rates
# neutrino field: massive Cosmic Neutrino Background, T_CnuB = 1.94535456 K
# Produced with crpropa-data version: 60a1560e37035039ec25f414e0c42a2444bad49c
# log10(E/eV), 1/lambda [1/Mpc]
15.59	0.0000000e+00
15.62	0.0000000e+00
15.66	0.0000000e+00
15.69	0.0000000e+00
15.72	0.0000000e+00
15.76	0.0000000e+00
15.79	0.0000000e+00
15.83	0.0000000e+00
15.86	0.0000000e+00
15.89	0.0000000e+00
15.93	0.0000000e+00
15.96	0.0000000e+00
16.00	0.0000000e+00
16.03	0.0000000e+00
16.06	0.0000000e+00
16.10	0.0000000e+00
16.13	0.0000000e+00
16.17	0.0000000e+00
16.20	0.0000000e+00
16.23	0.0000000e+00
16.27	0.0000000e+00
16.30	0.0000000e+00
16.34	0.0000000e+00
16.37	0.0000000e+00
16.40	0.0000000e+00
16.44	0.0000000e+00
16.47	0.0000000e+00
16.51	0.0000000e+00
16.54	0.0000000e+00
16.58	0.0000000e+00
16.61	0.0000000e+00
16.64	0.0000000e+00
16.68	0.0000000e+00
16.71	0.0000000e+00
16.75	0.0000000e+00
16.78	0.0000000e+00
16.81	0.0000000e+00
16.85	0.0000000e+00
16.88	0.0000000e+00
16.92	0.0000000e+00
16.95	0.0000000e+00
16.98	0.0000000e+00
17.02	0.0000000e+00
17.05	0.0000000e+00
17.09	0.0000000e+00
17.12	0.0000000e+00
17.15	0.0000000e+00
17.19	0.0000000e+00
17.22	0.0000000e+00
17.26	0.0000000e+00
17.29	0.0000000e+00
17.32	0.0000000e+00
17.36	0.0000000e+00
17.39	0.0000000e+00
17.43	0.0000000e+00
17.46	0.0000000e+00
17.49	0.0000000e+00
17.53	0.0000000e+00
17.56	1.2586067e-267
17.60	1.4762043e-247
17.63	5.2685825e-229
17.67	7.4466936e-212
17.70	5.3180673e-196
17.73	2.4037052e-181
17.77	8.4680279e-168
17.80	2.8188428e-155
17.84	1.0593819e-143
17.87	5.2990828e-133
17.90	4.1076798e-123
17.94	5.6798383e-114
17.97	1.5955319e-105
18.01	1.0269050e-97
18.04	1.6923708e-90
18.07	7.9148703e-84
18.11	1.1551805e-77
18.14	5.7447965e-72
18.18	1.0558459e-66
18.21	7.7312234e-62
18.24	2.4175628e-57
18.28	3.4425017e-53
18.31	2.3687495e-49
18.35	8.3205059e-46
18.38	1.5696586e-42
18.41	1.6667199e-39
18.45	1.0403089e-36
18.48	3.9730492e-34
18.52	9.6350442e-32
18.55	1.5354775e-29
18.59	1.6598257e-27
18.62	1.2532627e-25
18.65	6.7913228e-24
18.69	2.7082212e-22
18.72	8.1338544e-21
18.76	1.8797413e-19
18.79	3.4095371e-18
18.82	4.9436409e-17
18.86	5.8279027e-16
18.89	5.6741114e-15
18.93	4.6291193e-14
18.96	3.2072719e-13
18.99	1.9107113e-12
19.03	9.9005065e-12
19.06	4.5095244e-11
19.10	1.8233842e-10
19.13	6.6045650e-10
19.16	2.1611204e-09
19.20	6.4381416e-09
19.23	1.7587973e-08
19.27	4.4354685e-08
19.30	1.0389915e-07
19.33	2.2736074e-07
19.37	4.6724959e-07
19.40	9.0623748e-07
19.44	1.6663556e-06
19.47	2.9171171e-06
19.51	4.8808349e-06
19.54	7.8335337e-06
19.57	1.2100375e-05
19.61	1.8045350e-05
19.64	2.6055951e-05
19.68	3.6524402e-05
19.71	4.9827651e-05
19.74	6.6308530e-05
19.78	8.6260314e-05
19.81	1.0991641e-04
19.85	1.3744616e-04
19.88	1.6895682e-04
19.91	2.0450134e-04
19.95	2.4409046e-04
19.98	2.8770793e-04
20.02	3.3532693e-04
20.05	3.8692647e-04
20.08	4.4250639e-04
20.12	5.0210027e-04
20.15	5.6578567e-04
20.19	6.3369181e-04
20.22	7.0600468e-04
20.25	7.8297018e-04
20.29	8.6489551e-04
20.32	9.5214953e-04
20.36	1.0451624e-03
20.39	1.1444252e-03
20.42	1.2504891e-03
20.46	1.3639654e-03
20.49	1.4855260e-03
20.53	1.6159042e-03
20.56	1.7558965e-03
20.60	1.9063651e-03
20.63	2.0682408e-03
20.66	2.2425273e-03
20.70	2.4303057e-03
20.73	2.6327397e-03
20.77	2.8510820e-03
20.80	3.0866811e-03
20.83	3.3409884e-03
20.87	3.6155668e-03
20.90	3.9120996e-03
20.94	4.2323999e-03
20.97	4.5784214e-03
21.00	4.9522692e-03
21.04	5.3562124e-03
21.07	5.7926966e-03
21.11	6.2643580e-03
21.14	6.7740382e-03
21.17	7.3248001e-03
21.21	7.9199450e-03
21.24	8.5630305e-03
21.28	9.2578898e-03
21.31	1.0008653e-02
21.34	1.0819767e-02
21.38	1.1696021e-02
21.41	1.2642572e-02
21.45	1.3664967e-02
21.48	1.4769173e-02
21.52	1.5961608e-02
21.55	1.7249168e-02
21.58	1.8639264e-02
21.62	2.0139849e-02
21.65	2.1759463e-02
21.69	2.3507260e-02
21.72	2.5393055e-02
21.75	2.7427356e-02
21.79	2.9621411e-02
21.82	3.1987246e-02
21.86	3.4537711e-02
21.89	3.7286520e-02
21.92	4.0248293e-02
21.96	4.3438604e-02
21.99	4.6874021e-02
22.03	5.0572143e-02
22.06	5.4551644e-02
22.09	5.8832310e-02
22.13	6.3435066e-02
22.16	6.8382011e-02
22.20	7.3696438e-02
22.23	7.9402851e-02
22.26	8.5526975e-02
22.30	9.2095760e-02
22.33	9.9137364e-02
22.37	1.0668114e-01
22.40	1.1475760e-01
22.43	1.2339835e-01
22.47	1.3263608e-01
22.50	1.4250439e-01
22.54	1.5303780e-01
22.57	1.6427155e-01
22.61	1.7624147e-01
22.64	1.8898389e-01
22.67	2.0253535e-01
22.71	2.1693250e-01
22.74	2.3221178e-01
22.78	2.4840927e-01
22.81	2.6556032e-01
22.84	2.8369935e-01
22.88	3.0285951e-01
22.91	3.2307237e-01
22.95	3.4436757e-01
22.98	3.6677253e-01
23.01	3.9031207e-01
23.05	4.1500808e-01
23.08	4.4087920e-01
23.12	4.6794048e-01
23.15	4.9620309e-01
23.18	5.2567399e-01
23.22	5.5635573e-01
23.25	5.8824614e-01
23.29	6.2133818e-01
23.32	6.5561976e-01
23.35	6.9107365e-01
23.39	7.2767734e-01
23.42	7.6540308e-01
23.46	8.0421788e-01
23.49	8.4408355e-01
23.53	8.8495690e-01
23.56	9.2678982e-01
23.59	9.6952957e-01
23.63	1.0131190e+00
23.66	1.0574970e+00
23.70	1.1025986e+00
23.73	1.1483554e+00
23.76	1.1946964e+00
23.80	1.2415477e+00
23.83	1.2888337e+00
23.87	1.3364769e+00
23.90	1.3843989e+00
23.93	1.4325207e+00
23.97	1.4807630e+00
24.00	1.5290468e+00
24.04	1.5772941e+00
24.07	1.6254276e+00
24.10	1.6733722e+00
24.14	1.7210542e+00
24.17	1.7684025e+00
24.21	1.8153487e+00
24.24	1.8618272e+00
24.27	1.9077757e+00
24.31	1.9531350e+00
24.34	1.9978500e+00
24.38	2.0418688e+00
24.41	2.0851438e+00
24.44	2.1276309e+00
24.48	2.1692904e+00
24.51	2.2100863e+00
24.55	2.2499867e+00
24.58	2.2889635e+00
24.62	2.3269928e+00
24.65	2.3640540e+00
24.68	2.4001307e+00
24.72	2.4352098e+00
24.75	2.4692815e+00
24.79	2.5023397e+00
24.82	2.5343809e+00
24.85	2.5654049e+00
24.89	2.5954143e+00
24.92	2.6244140e+00
24.96	2.6524115e+00
24.99	2.6794166e+00
25.02	2.7054410e+00
25.06	2.7304983e+00
25.09	2.7546038e+00
25.13	2.7777744e+00
25.16	2.8000281e+00
25.19	2.8213844e+00
25.23	2.8418636e+00
25.26	2.8614870e+00
25.30	2.8802764e+00
25.33	2.8982546e+00
25.36	2.9154446e+00
25.40	2.9318698e+00
25.43	2.9475538e+00
25.47	2.9625205e+00
25.50	2.9767937e+00
25.54	2.9903972e+00
25.57	3.0033549e+00
25.60	3.0156901e+00
25.64	3.0274262e+00
25.67	3.0385861e+00
25.71	3.0491925e+00
25.74	3.0592676e+00
25.77	3.0688331e+00
25.81	3.0779103e+00
25.84	3.0865200e+00
25.88	3.0946825e+00
25.91	3.1024174e+00
25.94	3.1097439e+00
25.98	3.1166806e+00
26.01	3.1232454e+00
26.05	3.1294557e+00
26.08	3.1353283e+00
26.11	3.1408794e+00
26.15	3.1461247e+00
26.18	3.1510790e+00
26.22	3.1557570e+00
26.25	3.1601724e+00
26.28	3.1643386e+00
26.32	3.1682682e+00
26.35	3.1719736e+00
26.39	3.1754665e+00
26.42	3.1787579e+00
26.45	3.1818586e+00
26.49	3.1847788e+00
26.52	3.1875282e+00
26.56	3.1901160e+00
26.59	3.1925512e+00
26.63	3.1948420e+00
26.66	3.1969965e+00
26.69	3.1990223e+00
26.73	3.2009266e+00
26.76	3.2027163e+00
26.80	3.2043978e+00
26.83	3.2059774e+00
26.86	3.2074608e+00
26.90	3.2088537e+00
26.93	3.2101613e+00
26.97	3.2113885e+00
27.00	3.2125400e+00
