# NeutrinoAntineutrinoInteraction/NeutrinoiAntineutrinojElectronAntitau interaction rates
# neutrino field: massive Cosmic Neutrino Background, T_CnuB = 1.94535456 K
# Produced with crpropa-data version: 60a1560e37035039ec25f414e0c42a2444bad49c
# log10(E/eV), 1/lambda [1/Mpc]
15.48	0.0000000e+00
15.52	0.0000000e+00
15.55	0.0000000e+00
15.59	0.0000000e+00
15.62	0.0000000e+00
15.66	0.0000000e+00
15.69	0.0000000e+00
15.72	0.0000000e+00
15.76	0.0000000e+00
15.79	0.0000000e+00
15.83	0.0000000e+00
15.86	0.0000000e+00
15.89	0.0000000e+00
15.93	0.0000000e+00
15.96	0.0000000e+00
16.00	0.0000000e+00
16.03	0.0000000e+00
16.06	0.0000000e+00
16.10	0.0000000e+00
16.13	0.0000000e+00
16.17	0.0000000e+00
16.20	0.0000000e+00
16.23	0.0000000e+00
16.27	0.0000000e+00
16.30	0.0000000e+00
16.34	0.0000000e+00
16.37	0.0000000e+00
16.40	0.0000000e+00
16.44	0.0000000e+00
16.47	0.0000000e+00
16.51	0.0000000e+00
16.54	0.0000000e+00
16.58	0.0000000e+00
16.61	0.0000000e+00
16.64	0.0000000e+00
16.68	0.0000000e+00
16.71	0.0000000e+00
16.75	0.0000000e+00
16.78	0.0000000e+00
16.81	0.0000000e+00
16.85	0.0000000e+00
16.88	0.0000000e+00
16.92	0.0000000e+00
16.95	0.0000000e+00
16.98	0.0000000e+00
17.02	0.0000000e+00
17.05	0.0000000e+00
17.09	0.0000000e+00
17.12	0.0000000e+00
17.15	0.0000000e+00
17.19	0.0000000e+00
17.22	0.0000000e+00
17.26	0.0000000e+00
17.29	0.0000000e+00
17.32	0.0000000e+00
17.36	0.0000000e+00
17.39	0.0000000e+00
17.43	0.0000000e+00
17.46	6.7112613e-273
17.49	2.1884474e-252
17.53	2.0115963e-233
17.56	6.8230521e-216
17.60	1.0954382e-199
17.63	1.0479730e-184
17.67	7.3910478e-171
17.70	4.6786907e-158
17.73	3.1888057e-146
17.77	2.7687318e-135
17.80	3.5779726e-125
17.84	7.9461544e-116
17.87	3.4641148e-107
17.90	3.3522826e-99
17.94	8.0681674e-92
17.97	5.3647182e-85
18.01	1.0860965e-78
18.04	7.3243802e-73
18.07	1.7879104e-67
18.11	1.7059507e-62
18.14	6.8311506e-58
18.18	1.2259307e-53
18.21	1.0477878e-49
18.24	4.5115090e-46
18.28	1.0308183e-42
18.31	1.3113801e-39
18.35	9.7110794e-37
18.38	4.3616977e-34
18.41	1.2342677e-31
18.45	2.2793270e-29
18.48	2.8377867e-27
18.52	2.4547212e-25
18.55	1.5169394e-23
18.59	6.8717399e-22
18.62	2.3369478e-20
18.65	6.0994652e-19
18.69	1.2469660e-17
18.72	2.0348558e-16
18.76	2.6971811e-15
18.79	2.9511802e-14
18.82	2.7056633e-13
18.86	2.1073503e-12
18.89	1.4122804e-11
18.93	8.2401919e-11
18.96	4.2315510e-10
18.99	1.9317401e-09
19.03	7.9117831e-09
19.06	2.9317889e-08
19.10	9.9051183e-08
19.13	3.0724131e-07
19.16	8.8045381e-07
19.20	2.3438831e-06
19.23	5.8239877e-06
19.27	1.3558775e-05
19.30	2.9655809e-05
19.33	6.1010242e-05
19.37	1.1793631e-04
19.40	2.1326752e-04
19.44	3.5745547e-04
19.47	5.4753799e-04
19.51	7.5762735e-04
19.54	9.6351998e-04
19.57	1.1652857e-03
19.61	1.3656251e-03
19.64	1.5670175e-03
19.68	1.7717676e-03
19.71	1.9820455e-03
19.74	2.1999226e-03
19.78	2.4274038e-03
19.81	2.6664556e-03
19.85	2.9190326e-03
19.88	3.1871015e-03
19.91	3.4726630e-03
19.95	3.7777733e-03
19.98	4.1045634e-03
20.02	4.4552591e-03
20.05	4.8321996e-03
20.08	5.2378565e-03
20.12	5.6748527e-03
20.15	6.1459817e-03
20.19	6.6542270e-03
20.22	7.2027833e-03
20.25	7.7950767e-03
20.29	8.4347882e-03
20.32	9.1258760e-03
20.36	9.8726016e-03
20.39	1.0679555e-02
20.42	1.1551684e-02
20.46	1.2494322e-02
20.49	1.3513225e-02
20.53	1.4614598e-02
20.56	1.5805139e-02
20.60	1.7092074e-02
20.63	1.8483200e-02
20.66	1.9986932e-02
20.70	2.1612346e-02
20.73	2.3369238e-02
20.77	2.5268171e-02
20.80	2.7320540e-02
20.83	2.9538633e-02
20.87	3.1935699e-02
20.90	3.4526018e-02
20.94	3.7324979e-02
20.97	4.0349162e-02
21.00	4.3616423e-02
21.04	4.7145989e-02
21.07	5.0958551e-02
21.11	5.5076370e-02
21.14	5.9523387e-02
21.17	6.4325335e-02
21.21	6.9509861e-02
21.24	7.5106651e-02
21.28	8.1147563e-02
21.31	8.7666765e-02
21.34	9.4700876e-02
21.38	1.0228911e-01
21.41	1.1047344e-01
21.45	1.1929873e-01
21.48	1.2881292e-01
21.52	1.3906714e-01
21.55	1.5011592e-01
21.58	1.6201732e-01
21.62	1.7483304e-01
21.65	1.8862865e-01
21.69	2.0347366e-01
21.72	2.1944163e-01
21.75	2.3661035e-01
21.79	2.5506184e-01
21.82	2.7488246e-01
21.86	2.9616294e-01
21.89	3.1899836e-01
21.92	3.4348809e-01
21.96	3.6973575e-01
21.99	3.9784903e-01
22.03	4.2793948e-01
22.06	4.6012228e-01
22.09	4.9451584e-01
22.13	5.3124146e-01
22.16	5.7042276e-01
22.20	6.1218512e-01
22.23	6.5665500e-01
22.26	7.0395915e-01
22.30	7.5422375e-01
22.33	8.0757342e-01
22.37	8.6413019e-01
22.40	9.2401232e-01
22.43	9.8733311e-01
22.47	1.0541996e+00
22.50	1.1247111e+00
22.54	1.1989582e+00
22.57	1.2770206e+00
22.61	1.3589668e+00
22.64	1.4448515e+00
22.67	1.5347153e+00
22.71	1.6285829e+00
22.74	1.7264620e+00
22.78	1.8283426e+00
22.81	1.9341956e+00
22.84	2.0439727e+00
22.88	2.1576054e+00
22.91	2.2750052e+00
22.95	2.3960629e+00
22.98	2.5206497e+00
23.01	2.6486167e+00
23.05	2.7797962e+00
23.08	2.9140021e+00
23.12	3.0510315e+00
23.15	3.1906657e+00
23.18	3.3326716e+00
23.22	3.4768036e+00
23.25	3.6228054e+00
23.29	3.7704114e+00
23.32	3.9193492e+00
23.35	4.0693415e+00
23.39	4.2201078e+00
23.42	4.3713665e+00
23.46	4.5228372e+00
23.49	4.6742421e+00
23.53	4.8253080e+00
23.56	4.9757680e+00
23.59	5.1253630e+00
23.63	5.2738433e+00
23.66	5.4209693e+00
23.70	5.5665135e+00
23.73	5.7102605e+00
23.76	5.8520085e+00
23.80	5.9915696e+00
23.83	6.1287703e+00
23.87	6.2634518e+00
23.90	6.3954703e+00
23.93	6.5246970e+00
23.97	6.6510179e+00
24.00	6.7743338e+00
24.04	6.8945598e+00
24.07	7.0116250e+00
24.10	7.1254723e+00
24.14	7.2360575e+00
24.17	7.3433488e+00
24.21	7.4473262e+00
24.24	7.5479809e+00
24.27	7.6453148e+00
24.31	7.7393392e+00
24.34	7.8300747e+00
24.38	7.9175501e+00
24.41	8.0018021e+00
24.44	8.0828739e+00
24.48	8.1608152e+00
24.51	8.2356813e+00
24.55	8.3075323e+00
24.58	8.3764325e+00
24.62	8.4424503e+00
24.65	8.5056567e+00
24.68	8.5661258e+00
24.72	8.6239337e+00
24.75	8.6791579e+00
24.79	8.7318775e+00
24.82	8.7821721e+00
24.85	8.8301219e+00
24.89	8.8758073e+00
24.92	8.9193083e+00
24.96	8.9607046e+00
24.99	9.0000752e+00
25.02	9.0374981e+00
25.06	9.0730500e+00
25.09	9.1068066e+00
25.13	9.1388419e+00
25.16	9.1692285e+00
25.19	9.1980370e+00
25.23	9.2253365e+00
25.26	9.2511941e+00
25.30	9.2756750e+00
25.33	9.2988424e+00
25.36	9.3207575e+00
25.40	9.3414794e+00
25.43	9.3610652e+00
25.47	9.3795700e+00
25.50	9.3970468e+00
25.54	9.4135467e+00
25.57	9.4291187e+00
25.60	9.4438098e+00
25.64	9.4576653e+00
25.67	9.4707282e+00
25.71	9.4830400e+00
25.74	9.4946402e+00
25.77	9.5055667e+00
25.81	9.5158554e+00
25.84	9.5255409e+00
25.88	9.5346559e+00
25.91	9.5432317e+00
25.94	9.5512981e+00
25.98	9.5588833e+00
26.01	9.5660141e+00
26.05	9.5727162e+00
26.08	9.5790139e+00
26.11	9.5849300e+00
26.15	9.5904866e+00
26.18	9.5957042e+00
26.22	9.6006024e+00
26.25	9.6052000e+00
26.28	9.6095143e+00
26.32	9.6135620e+00
26.35	9.6173589e+00
26.39	9.6209197e+00
26.42	9.6242586e+00
26.45	9.6273889e+00
26.49	9.6303229e+00
26.52	9.6330727e+00
26.56	9.6356492e+00
26.59	9.6380629e+00
26.63	9.6403239e+00
26.66	9.6424413e+00
26.69	9.6444241e+00
26.73	9.6462804e+00
26.76	9.6480181e+00
26.80	9.6496446e+00
26.83	9.6511667e+00
26.86	9.6525910e+00
26.90	9.6539235e+00
26.93	9.6551699e+00
26.97	9.6563358e+00
27.00	9.6574261e+00
