# NeutrinoAntineutrinoInteraction/NeutrinoiAntineutrinojElectronAntitau interaction rates
# neutrino field: massive Cosmic Neutrino Background, T_CnuB = 1.94535456 K
# Produced with crpropa-data version: 60a1560e37035039ec25f414e0c42a2444bad49c
# log10(E/eV), 1/lambda [1/Mpc]
15.21	0.0000000e+00
15.25	0.0000000e+00
15.28	0.0000000e+00
15.31	0.0000000e+00
15.35	0.0000000e+00
15.38	0.0000000e+00
15.42	0.0000000e+00
15.45	0.0000000e+00
15.48	0.0000000e+00
15.52	0.0000000e+00
15.55	0.0000000e+00
15.59	0.0000000e+00
15.62	0.0000000e+00
15.66	0.0000000e+00
15.69	0.0000000e+00
15.72	0.0000000e+00
15.76	0.0000000e+00
15.79	0.0000000e+00
15.83	0.0000000e+00
15.86	0.0000000e+00
15.89	0.0000000e+00
15.93	0.0000000e+00
15.96	0.0000000e+00
16.00	0.0000000e+00
16.03	0.0000000e+00
16.06	0.0000000e+00
16.10	0.0000000e+00
16.13	0.0000000e+00
16.17	0.0000000e+00
16.20	0.0000000e+00
16.23	0.0000000e+00
16.27	0.0000000e+00
16.30	0.0000000e+00
16.34	0.0000000e+00
16.37	0.0000000e+00
16.40	0.0000000e+00
16.44	0.0000000e+00
16.47	0.0000000e+00
16.51	0.0000000e+00
16.54	0.0000000e+00
16.58	0.0000000e+00
16.61	0.0000000e+00
16.64	0.0000000e+00
16.68	0.0000000e+00
16.71	0.0000000e+00
16.75	0.0000000e+00
16.78	0.0000000e+00
16.81	0.0000000e+00
16.85	0.0000000e+00
16.88	0.0000000e+00
16.92	0.0000000e+00
16.95	0.0000000e+00
16.98	0.0000000e+00
17.02	0.0000000e+00
17.05	0.0000000e+00
17.09	0.0000000e+00
17.12	0.0000000e+00
17.15	4.3815098e-280
17.19	6.7144123e-259
17.22	2.5791662e-239
17.26	3.2795723e-221
17.29	1.7852280e-204
17.32	5.2766196e-189
17.36	1.0550210e-174
17.39	1.7484997e-161
17.43	2.8984556e-149
17.46	5.7174952e-138
17.49	1.5759156e-127
17.53	7.0410233e-118
17.56	5.8497444e-109
17.60	1.0260317e-100
17.63	4.2724139e-93
17.67	4.7075544e-86
17.70	1.5173752e-79
17.73	1.5698051e-73
17.77	5.6792958e-68
17.80	7.7780515e-63
17.84	4.3391927e-58
17.87	1.0552169e-53
17.90	1.1909182e-49
17.94	6.6098201e-46
17.97	1.9033880e-42
18.01	2.9881536e-39
18.04	2.6773324e-36
18.07	1.4282747e-33
18.11	4.7177076e-31
18.14	1.0004104e-28
18.18	1.4082714e-26
18.21	1.3573535e-24
18.24	9.2177039e-23
18.28	4.5286019e-21
18.31	1.6494531e-19
18.35	4.5558867e-18
18.38	9.7441939e-17
18.41	1.6453495e-15
18.45	2.2329384e-14
18.48	2.4761931e-13
18.52	2.2783698e-12
18.55	1.7641662e-11
18.59	1.1646961e-10
18.62	6.6358943e-10
18.65	3.2996044e-09
18.69	1.4467636e-08
18.72	5.6476507e-08
18.76	1.9802635e-07
18.79	6.2881979e-07
18.82	1.8221128e-06
18.86	4.8520228e-06
18.89	1.1950749e-05
18.93	2.7391079e-05
18.96	5.8747376e-05
18.99	1.1851629e-04
19.03	2.2597345e-04
19.06	4.0902818e-04
19.10	7.0574929e-04
19.13	1.1652067e-03
19.16	1.8473247e-03
19.20	2.8215742e-03
19.23	4.1645120e-03
19.27	5.9563746e-03
19.30	8.2770965e-03
19.33	1.1202226e-02
19.37	1.4799233e-02
19.40	1.9124636e-02
19.44	2.4222264e-02
19.47	3.0122792e-02
19.51	3.6844542e-02
19.54	4.4395378e-02
19.57	5.2775431e-02
19.61	6.1980322e-02
19.64	7.2004571e-02
19.68	8.2844889e-02
19.71	9.4503140e-02
19.74	1.0698882e-01
19.78	1.2032099e-01
19.81	1.3452971e-01
19.85	1.4965689e-01
19.88	1.6575690e-01
19.91	1.8289669e-01
19.95	2.0115587e-01
19.98	2.2062659e-01
20.02	2.4141344e-01
20.05	2.6363335e-01
20.08	2.8741560e-01
20.12	3.1290192e-01
20.15	3.4024676e-01
20.19	3.6961766e-01
20.22	4.0119581e-01
20.25	4.3517676e-01
20.29	4.7177125e-01
20.32	5.1120623e-01
20.36	5.5372601e-01
20.39	5.9959355e-01
20.42	6.4909191e-01
20.46	7.0252581e-01
20.49	7.6022339e-01
20.53	8.2253806e-01
20.56	8.8985055e-01
20.60	9.6257110e-01
20.63	1.0411418e+00
20.66	1.1260392e+00
20.70	1.2177769e+00
20.73	1.3169085e+00
20.77	1.4240307e+00
20.80	1.5397869e+00
20.83	1.6648703e+00
20.87	1.8000279e+00
20.90	1.9460647e+00
20.94	2.1038478e+00
20.97	2.2743109e+00
21.00	2.4584595e+00
21.04	2.6573757e+00
21.07	2.8722241e+00
21.11	3.1042569e+00
21.14	3.3548206e+00
21.17	3.6253624e+00
21.21	3.9174364e+00
21.24	4.2327112e+00
21.28	4.5729770e+00
21.31	4.9401535e+00
21.34	5.3362975e+00
21.38	5.7636115e+00
21.41	6.2244518e+00
21.45	6.7213375e+00
21.48	7.2569590e+00
21.52	7.8341869e+00
21.55	8.4560809e+00
21.58	9.1258986e+00
21.62	9.8471040e+00
21.65	1.0623376e+01
21.69	1.1458616e+01
21.72	1.2356955e+01
21.75	1.3322761e+01
21.79	1.4360643e+01
21.82	1.5475458e+01
21.86	1.6672311e+01
21.89	1.7956557e+01
21.92	1.9333804e+01
21.96	2.0809905e+01
21.99	2.2390958e+01
22.03	2.4083293e+01
22.06	2.5893467e+01
22.09	2.7828245e+01
22.13	2.9894583e+01
22.16	3.2099611e+01
22.20	3.4450600e+01
22.23	3.6954939e+01
22.26	3.9620096e+01
22.30	4.2453582e+01
22.33	4.5462906e+01
22.37	4.8655529e+01
22.40	5.2038811e+01
22.43	5.5619953e+01
22.47	5.9405943e+01
22.50	6.3403488e+01
22.54	6.7618947e+01
22.57	7.2058270e+01
22.61	7.6726921e+01
22.64	8.1629814e+01
22.67	8.6771241e+01
22.71	9.2154804e+01
22.74	9.7783349e+01
22.78	1.0365890e+02
22.81	1.0978262e+02
22.84	1.1615473e+02
22.88	1.2277448e+02
22.91	1.2964010e+02
22.95	1.3674878e+02
22.98	1.4409667e+02
23.01	1.5167880e+02
23.05	1.5948914e+02
23.08	1.6752059e+02
23.12	1.7576500e+02
23.15	1.8421319e+02
23.18	1.9285498e+02
23.22	2.0167927e+02
23.25	2.1067407e+02
23.29	2.1982658e+02
23.32	2.2912325e+02
23.35	2.3854988e+02
23.39	2.4809169e+02
23.42	2.5773342e+02
23.46	2.6745941e+02
23.49	2.7725371e+02
23.53	2.8710018e+02
23.56	2.9698256e+02
23.59	3.0688462e+02
23.63	3.1679019e+02
23.66	3.2668330e+02
23.70	3.3654825e+02
23.73	3.4636966e+02
23.76	3.5613262e+02
23.80	3.6582270e+02
23.83	3.7542601e+02
23.87	3.8492932e+02
23.90	3.9432003e+02
23.93	4.0358627e+02
23.97	4.1271691e+02
24.00	4.2170159e+02
24.04	4.3053077e+02
24.07	4.3919569e+02
24.10	4.4768841e+02
24.14	4.5600183e+02
24.17	4.6412964e+02
24.21	4.7206636e+02
24.24	4.7980728e+02
24.27	4.8734846e+02
24.31	4.9468673e+02
24.34	5.0181963e+02
24.38	5.0874539e+02
24.41	5.1546291e+02
24.44	5.2197172e+02
24.48	5.2827193e+02
24.51	5.3436423e+02
24.55	5.4024981e+02
24.58	5.4593036e+02
24.62	5.5140800e+02
24.65	5.5668525e+02
24.68	5.6176504e+02
24.72	5.6665060e+02
24.75	5.7134547e+02
24.79	5.7585344e+02
24.82	5.8017857e+02
24.85	5.8432509e+02
24.89	5.8829741e+02
24.92	5.9210007e+02
24.96	5.9573775e+02
24.99	5.9921520e+02
25.02	6.0253725e+02
25.06	6.0570875e+02
25.09	6.0873461e+02
25.13	6.1161971e+02
25.16	6.1436894e+02
25.19	6.1698715e+02
25.23	6.1947916e+02
25.26	6.2184972e+02
25.30	6.2410352e+02
25.33	6.2624519e+02
25.36	6.2827924e+02
25.40	6.3021012e+02
25.43	6.3204215e+02
25.47	6.3377958e+02
25.50	6.3542651e+02
25.54	6.3698697e+02
25.57	6.3846482e+02
25.60	6.3986386e+02
25.64	6.4118773e+02
25.67	6.4243995e+02
25.71	6.4362394e+02
25.74	6.4474297e+02
25.77	6.4580022e+02
25.81	6.4679873e+02
25.84	6.4774143e+02
25.88	6.4863112e+02
25.91	6.4947050e+02
25.94	6.5026215e+02
25.98	6.5100855e+02
26.01	6.5171206e+02
26.05	6.5237495e+02
26.08	6.5299936e+02
26.11	6.5358737e+02
26.15	6.5414094e+02
26.18	6.5466194e+02
26.22	6.5515215e+02
26.25	6.5561328e+02
26.28	6.5604693e+02
26.32	6.5645464e+02
26.35	6.5683787e+02
26.39	6.5719801e+02
26.42	6.5753636e+02
26.45	6.5785417e+02
26.49	6.5815262e+02
26.52	6.5843283e+02
26.56	6.5869586e+02
26.59	6.5894271e+02
26.63	6.5917433e+02
26.66	6.5939162e+02
26.69	6.5959542e+02
26.73	6.5978653e+02
26.76	6.5996572e+02
26.80	6.6013369e+02
26.83	6.6029112e+02
26.86	6.6043865e+02
26.90	6.6057687e+02
26.93	6.6070636e+02
26.97	6.6082763e+02
27.00	6.6094121e+02
