# NeutrinoAntineutrinoInteraction/NeutrinoiAntineutrinojElectronAntitau interaction rates
# neutrino field: massive Cosmic Neutrino Background, T_CnuB = 1.94535456 K
# Produced with crpropa-data version: 60a1560e37035039ec25f414e0c42a2444bad49c
# log10(E/eV), 1/lambda [1/Mpc]
15.83	0.0000000e+00
15.86	0.0000000e+00
15.89	0.0000000e+00
15.93	0.0000000e+00
15.96	0.0000000e+00
16.00	0.0000000e+00
16.03	0.0000000e+00
16.06	0.0000000e+00
16.10	0.0000000e+00
16.13	0.0000000e+00
16.17	0.0000000e+00
16.20	0.0000000e+00
16.23	0.0000000e+00
16.27	0.0000000e+00
16.30	0.0000000e+00
16.34	0.0000000e+00
16.37	0.0000000e+00
16.40	0.0000000e+00
16.44	0.0000000e+00
16.47	0.0000000e+00
16.51	0.0000000e+00
16.54	0.0000000e+00
16.58	0.0000000e+00
16.61	0.0000000e+00
16.64	0.0000000e+00
16.68	0.0000000e+00
16.71	0.0000000e+00
16.75	0.0000000e+00
16.78	0.0000000e+00
16.81	0.0000000e+00
16.85	0.0000000e+00
16.88	0.0000000e+00
16.92	0.0000000e+00
16.95	0.0000000e+00
16.98	0.0000000e+00
17.02	0.0000000e+00
17.05	0.0000000e+00
17.09	0.0000000e+00
17.12	0.0000000e+00
17.15	0.0000000e+00
17.19	0.0000000e+00
17.22	0.0000000e+00
17.26	0.0000000e+00
17.29	0.0000000e+00
17.32	0.0000000e+00
17.36	0.0000000e+00
17.39	0.0000000e+00
17.43	0.0000000e+00
17.46	0.0000000e+00
17.49	0.0000000e+00
17.53	0.0000000e+00
17.56	0.0000000e+00
17.60	0.0000000e+00
17.63	0.0000000e+00
17.67	0.0000000e+00
17.70	0.0000000e+00
17.73	0.0000000e+00
17.77	0.0000000e+00
17.80	6.8087660e-272
17.84	1.3018633e-251
17.87	7.3002931e-233
17.90	1.5668692e-215
17.94	1.6464857e-199
17.97	1.0635672e-184
18.01	5.2124894e-171
18.04	2.3544810e-158
18.07	1.1733746e-146
18.11	7.6189943e-136
18.14	7.5172135e-126
18.18	1.2991378e-116
18.21	4.4851356e-108
18.24	3.4929667e-100
18.28	6.8660468e-93
18.31	3.7794303e-86
18.35	6.4130357e-80
18.38	3.6659164e-74
18.41	7.6636875e-69
18.45	6.3211255e-64
18.48	2.2066367e-59
18.52	3.4787755e-55
18.55	2.6298740e-51
18.59	1.0077322e-47
18.62	2.0602918e-44
18.65	2.3565569e-41
18.69	1.5755488e-38
18.72	6.4120070e-36
18.76	1.6490750e-33
18.79	2.7747260e-31
18.82	3.1538973e-29
18.86	2.4945283e-27
18.89	1.4110384e-25
18.93	5.8546159e-24
18.96	1.8240562e-22
18.99	4.3607708e-21
19.03	8.1615083e-20
19.06	1.2181534e-18
19.10	1.4750107e-17
19.13	1.4720678e-16
19.16	1.2287426e-15
19.20	8.6951589e-15
19.23	5.2822529e-14
19.27	2.7868866e-13
19.30	1.2907260e-12
19.33	5.2999434e-12
19.37	1.9472265e-11
19.40	6.4559176e-11
19.44	1.9467449e-10
19.47	5.3781021e-10
19.51	1.3703855e-09
19.54	3.2408447e-09
19.57	7.1545657e-09
19.61	1.4823154e-08
19.64	2.8965555e-08
19.68	5.3629058e-08
19.71	9.4480520e-08
19.74	1.5900806e-07
19.78	2.5657606e-07
19.81	3.9829266e-07
19.85	5.9667694e-07
19.88	8.6514601e-07
19.91	1.2173736e-06
19.95	1.6665943e-06
19.98	2.2249373e-06
20.02	2.9028695e-06
20.05	3.7088095e-06
20.08	4.6489517e-06
20.12	5.7273086e-06
20.15	6.9459549e-06
20.19	8.3054327e-06
20.22	9.8052687e-06
20.25	1.1444545e-05
20.29	1.3222472e-05
20.32	1.5138920e-05
20.36	1.7194877e-05
20.39	1.9392821e-05
20.42	2.1736997e-05
20.46	2.4233611e-05
20.49	2.6890937e-05
20.53	2.9719387e-05
20.56	3.2731513e-05
20.60	3.5942009e-05
20.63	3.9367686e-05
20.66	4.3027455e-05
20.70	4.6942321e-05
20.73	5.1135390e-05
20.77	5.5631904e-05
20.80	6.0459294e-05
20.83	6.5647265e-05
20.87	7.1227898e-05
20.90	7.7235787e-05
20.94	8.3708199e-05
20.97	9.0685255e-05
21.00	9.8210139e-05
21.04	1.0632934e-04
21.07	1.1509288e-04
21.11	1.2455466e-04
21.14	1.3477269e-04
21.17	1.4580946e-04
21.21	1.5773233e-04
21.24	1.7061384e-04
21.28	1.8453222e-04
21.31	1.9957176e-04
21.34	2.1582331e-04
21.38	2.3338482e-04
21.41	2.5236187e-04
21.45	2.7286824e-04
21.48	2.9502655e-04
21.52	3.1896895e-04
21.55	3.4483778e-04
21.58	3.7278635e-04
21.62	4.0297979e-04
21.65	4.3559581e-04
21.69	4.7082568e-04
21.72	5.0887515e-04
21.75	5.4996549e-04
21.79	5.9433450e-04
21.82	6.4223770e-04
21.86	6.9394945e-04
21.89	7.4976418e-04
21.92	8.0999772e-04
21.96	8.7498856e-04
21.99	9.4509927e-04
22.03	1.0207179e-03
22.06	1.1022595e-03
22.09	1.1901674e-03
22.13	1.2849151e-03
22.16	1.3870071e-03
22.20	1.4969812e-03
22.23	1.6154095e-03
22.26	1.7428998e-03
22.30	1.8800973e-03
22.33	2.0276853e-03
22.37	2.1863872e-03
22.40	2.3569668e-03
22.43	2.5402294e-03
22.47	2.7370225e-03
22.50	2.9482360e-03
22.54	3.1748025e-03
22.57	3.4176968e-03
22.61	3.6779351e-03
22.64	3.9565745e-03
22.67	4.2547107e-03
22.71	4.5734762e-03
22.74	4.9140376e-03
22.78	5.2775920e-03
22.81	5.6653632e-03
22.84	6.0785969e-03
22.88	6.5185551e-03
22.91	6.9865101e-03
22.95	7.4837372e-03
22.98	8.0115070e-03
23.01	8.5710774e-03
23.05	9.1636835e-03
23.08	9.7905286e-03
23.12	1.0452773e-02
23.15	1.1151524e-02
23.18	1.1887824e-02
23.22	1.2662637e-02
23.25	1.3476841e-02
23.29	1.4331212e-02
23.32	1.5226416e-02
23.35	1.6162993e-02
23.39	1.7141350e-02
23.42	1.8161752e-02
23.46	1.9224306e-02
23.49	2.0328961e-02
23.53	2.1475494e-02
23.56	2.2663508e-02
23.59	2.3892428e-02
23.63	2.5161493e-02
23.66	2.6469764e-02
23.70	2.7816114e-02
23.73	2.9199240e-02
23.76	3.0617659e-02
23.80	3.2069720e-02
23.83	3.3553608e-02
23.87	3.5067354e-02
23.90	3.6608845e-02
23.93	3.8175838e-02
23.97	3.9765970e-02
24.00	4.1376775e-02
24.04	4.3005696e-02
24.07	4.4650106e-02
24.10	4.6307317e-02
24.14	4.7974603e-02
24.17	4.9649212e-02
24.21	5.1328386e-02
24.24	5.3009373e-02
24.27	5.4689448e-02
24.31	5.6365922e-02
24.34	5.8036162e-02
24.38	5.9697601e-02
24.41	6.1347749e-02
24.44	6.2984211e-02
24.48	6.4604688e-02
24.51	6.6206995e-02
24.55	6.7789061e-02
24.58	6.9348941e-02
24.62	7.0884820e-02
24.65	7.2395015e-02
24.68	7.3877979e-02
24.72	7.5332305e-02
24.75	7.6756724e-02
24.79	7.8150106e-02
24.82	7.9511458e-02
24.85	8.0839923e-02
24.89	8.2134775e-02
24.92	8.3395419e-02
24.96	8.4621383e-02
24.99	8.5812317e-02
25.02	8.6967983e-02
25.06	8.8088255e-02
25.09	8.9173108e-02
25.13	9.0222618e-02
25.16	9.1236947e-02
25.19	9.2216347e-02
25.23	9.3161144e-02
25.26	9.4071739e-02
25.30	9.4948598e-02
25.33	9.5792245e-02
25.36	9.6603261e-02
25.40	9.7382270e-02
25.43	9.8129941e-02
25.47	9.8846978e-02
25.50	9.9534119e-02
25.54	1.0019212e-01
25.57	1.0082178e-01
25.60	1.0142388e-01
25.64	1.0199925e-01
25.67	1.0254870e-01
25.71	1.0307307e-01
25.74	1.0357318e-01
25.77	1.0404987e-01
25.81	1.0450395e-01
25.84	1.0493626e-01
25.88	1.0534761e-01
25.91	1.0573879e-01
25.94	1.0611059e-01
25.98	1.0646379e-01
26.01	1.0679915e-01
26.05	1.0711741e-01
26.08	1.0741929e-01
26.11	1.0770552e-01
26.15	1.0797677e-01
26.18	1.0823371e-01
26.22	1.0847699e-01
26.25	1.0870725e-01
26.28	1.0892508e-01
26.32	1.0913108e-01
26.35	1.0932581e-01
26.39	1.0950982e-01
26.42	1.0968363e-01
26.45	1.0984776e-01
26.49	1.1000268e-01
26.52	1.1014886e-01
26.56	1.1028675e-01
26.59	1.1041678e-01
26.63	1.1053935e-01
26.66	1.1065486e-01
26.69	1.1076368e-01
26.73	1.1086617e-01
26.76	1.1096267e-01
26.80	1.1105350e-01
26.83	1.1113898e-01
26.86	1.1121939e-01
26.90	1.1129502e-01
26.93	1.1136613e-01
26.97	1.1143298e-01
27.00	1.1149581e-01
