# NeutrinoAntineutrinoInteraction/NeutrinoAntineutrinoResonanceDown interaction rates
# neutrino field: massive Cosmic Neutrino Background, T_CnuB = 1.94535456 K
# Produced with crpropa-data version: 60a1560e37035039ec25f414e0c42a2444bad49c
# log10(E/eV), 1/lambda [1/Mpc]
11.06	0.0000000e+00
11.09	0.0000000e+00
11.12	0.0000000e+00
11.16	0.0000000e+00
11.19	0.0000000e+00
11.23	0.0000000e+00
11.26	0.0000000e+00
11.29	0.0000000e+00
11.33	0.0000000e+00
11.36	0.0000000e+00
11.40	0.0000000e+00
11.43	0.0000000e+00
11.46	0.0000000e+00
11.50	0.0000000e+00
11.53	0.0000000e+00
11.57	0.0000000e+00
11.60	0.0000000e+00
11.64	0.0000000e+00
11.67	0.0000000e+00
11.70	0.0000000e+00
11.74	0.0000000e+00
11.77	0.0000000e+00
11.81	0.0000000e+00
11.84	0.0000000e+00
11.87	0.0000000e+00
11.91	0.0000000e+00
11.94	0.0000000e+00
11.98	0.0000000e+00
12.01	0.0000000e+00
12.04	0.0000000e+00
12.08	0.0000000e+00
12.11	0.0000000e+00
12.15	0.0000000e+00
12.18	0.0000000e+00
12.21	0.0000000e+00
12.25	0.0000000e+00
12.28	0.0000000e+00
12.32	0.0000000e+00
12.35	0.0000000e+00
12.38	0.0000000e+00
12.42	0.0000000e+00
12.45	0.0000000e+00
12.49	0.0000000e+00
12.52	0.0000000e+00
12.56	0.0000000e+00
12.59	0.0000000e+00
12.62	0.0000000e+00
12.66	0.0000000e+00
12.69	0.0000000e+00
12.73	0.0000000e+00
12.76	0.0000000e+00
12.79	0.0000000e+00
12.83	0.0000000e+00
12.86	0.0000000e+00
12.90	0.0000000e+00
12.93	0.0000000e+00
12.96	0.0000000e+00
13.00	0.0000000e+00
13.03	6.0958664e-270
13.07	4.7078260e-250
13.10	1.1429695e-231
13.13	1.1326093e-214
13.17	5.8318409e-199
13.20	1.9505302e-184
13.24	5.2089719e-171
13.27	1.3442368e-158
13.30	3.9989641e-147
13.34	1.6144101e-136
13.37	1.0284443e-126
13.41	1.1885478e-117
13.44	2.8348187e-109
13.47	1.5721375e-101
13.51	2.2635754e-94
13.54	9.3694639e-88
13.58	1.2251574e-81
13.61	5.5218727e-76
13.65	9.2984154e-71
13.68	6.3028427e-66
13.71	1.8425156e-61
13.75	2.4758515e-57
13.78	1.6221383e-53
13.82	5.4725417e-50
13.85	9.9985859e-47
13.88	1.0365819e-43
13.92	6.3669658e-41
13.95	2.4114014e-38
13.99	5.8433368e-36
14.02	9.3746081e-34
14.05	1.0277397e-31
14.09	7.9279740e-30
14.12	4.4213301e-28
14.16	1.8278494e-26
14.19	5.7332085e-25
14.22	1.3939477e-23
14.26	2.6798599e-22
14.29	4.1492994e-21
14.33	5.2627909e-20
14.36	5.5547120e-19
14.39	4.9501552e-18
14.43	3.7749612e-17
14.46	2.4941046e-16
14.50	1.4440137e-15
14.53	7.4032826e-15
14.57	3.3933453e-14
14.60	1.4026829e-13
14.63	5.2701108e-13
14.67	1.8122701e-12
14.70	5.7380712e-12
14.74	1.6809925e-11
14.77	4.5723384e-11
14.80	1.1565461e-10
14.84	2.7165292e-10
14.87	5.8861894e-10
14.91	1.1584531e-09
14.94	2.0134440e-09
14.97	3.0033069e-09
15.01	3.9672249e-09
15.04	4.9054258e-09
15.08	5.8309666e-09
15.11	6.7557692e-09
15.14	7.6908473e-09
15.18	8.6465052e-09
15.21	9.6325140e-09
15.25	1.0658267e-08
15.28	1.1732920e-08
15.31	1.2865516e-08
15.35	1.4065105e-08
15.38	1.5340845e-08
15.42	1.6702109e-08
15.45	1.8158572e-08
15.48	1.9720309e-08
15.52	2.1397884e-08
15.55	2.3202435e-08
15.59	2.5145762e-08
15.62	2.7240423e-08
15.66	2.9499820e-08
15.69	3.1938295e-08
15.72	3.4571230e-08
15.76	3.7415152e-08
15.79	4.0487841e-08
15.83	4.3808444e-08
15.86	4.7397604e-08
15.89	5.1277585e-08
15.93	5.5472421e-08
15.96	6.0008062e-08
16.00	6.4912536e-08
16.03	7.0216131e-08
16.06	7.5951575e-08
16.10	8.2154246e-08
16.13	8.8862389e-08
16.17	9.6117352e-08
16.20	1.0396384e-07
16.23	1.1245021e-07
16.27	1.2162872e-07
16.30	1.3155592e-07
16.34	1.4229295e-07
16.37	1.5390593e-07
16.40	1.6646637e-07
16.44	1.8005163e-07
16.47	1.9474536e-07
16.51	2.1063802e-07
16.54	2.2782748e-07
16.58	2.4641957e-07
16.61	2.6652877e-07
16.64	2.8827889e-07
16.68	3.1180385e-07
16.71	3.3724849e-07
16.75	3.6476947e-07
16.78	3.9453623e-07
16.81	4.2673204e-07
16.85	4.6155513e-07
16.88	4.9921989e-07
16.92	5.3995823e-07
16.95	5.8402096e-07
16.98	6.3167938e-07
17.02	6.8322690e-07
17.05	7.3898090e-07
17.09	7.9928465e-07
17.12	8.6450942e-07
17.15	9.3505679e-07
17.19	1.0113611e-06
17.22	1.0938922e-06
17.26	1.1831582e-06
17.29	1.2797086e-06
17.32	1.3841380e-06
17.36	1.4970893e-06
17.39	1.6192579e-06
17.43	1.7513960e-06
17.46	1.8943172e-06
17.49	2.0489015e-06
17.53	2.2161006e-06
17.56	2.3969439e-06
17.60	2.5925450e-06
17.63	2.8041082e-06
17.67	3.0329360e-06
17.70	3.2804374e-06
17.73	3.5481363e-06
17.77	3.8376810e-06
17.80	4.1508541e-06
17.84	4.4895842e-06
17.87	4.8559567e-06
17.90	5.2522276e-06
17.94	5.6808369e-06
17.97	6.1444236e-06
18.01	6.6458424e-06
18.04	7.1881808e-06
18.07	7.7747782e-06
18.11	8.4092468e-06
18.14	9.0954934e-06
18.18	9.8377439e-06
18.21	1.0640569e-05
18.24	1.1508913e-05
18.28	1.2448123e-05
18.31	1.3463982e-05
18.35	1.4562747e-05
18.38	1.5751185e-05
18.41	1.7036615e-05
18.45	1.8426953e-05
18.48	1.9930763e-05
18.52	2.1557307e-05
18.55	2.3316603e-05
18.59	2.5219488e-05
18.62	2.7277684e-05
18.65	2.9503870e-05
18.69	3.1911758e-05
18.72	3.4516185e-05
18.76	3.7333195e-05
18.79	4.0380144e-05
18.82	4.3675809e-05
18.86	4.7240497e-05
18.89	5.1096175e-05
18.93	5.5266605e-05
18.96	5.9777494e-05
18.99	6.4656646e-05
19.03	6.9934140e-05
19.06	7.5642514e-05
19.10	8.1816965e-05
19.13	8.8495571e-05
19.16	9.5719523e-05
19.20	1.0353338e-04
19.23	1.1198536e-04
19.27	1.2112760e-04
19.30	1.3101653e-04
19.33	1.4171320e-04
19.37	1.5328364e-04
19.40	1.6579932e-04
19.44	1.7933754e-04
19.47	1.9398196e-04
19.51	2.0982309e-04
19.54	2.2695886e-04
19.57	2.4549526e-04
19.61	2.6554697e-04
19.64	2.8723810e-04
19.68	3.1070296e-04
19.71	3.3608693e-04
19.74	3.6354734e-04
19.78	3.9325448e-04
19.81	4.2539269e-04
19.85	4.6016153e-04
19.88	4.9777703e-04
19.91	5.3847309e-04
19.95	5.8250297e-04
19.98	6.3014092e-04
20.02	6.8168392e-04
20.05	7.3745366e-04
20.08	7.9779856e-04
20.12	8.6309608e-04
20.15	9.3375520e-04
20.19	1.0102191e-03
20.22	1.0929681e-03
20.25	1.1825227e-03
20.29	1.2794475e-03
20.32	1.3843544e-03
20.36	1.4979073e-03
20.39	1.6208263e-03
20.42	1.7538928e-03
20.46	1.8979547e-03
20.49	2.0539329e-03
20.53	2.2228272e-03
20.56	2.4057238e-03
20.60	2.6038031e-03
20.63	2.8183483e-03
20.66	3.0507550e-03
20.70	3.3025417e-03
20.73	3.5753613e-03
20.77	3.8710141e-03
20.80	4.1914619e-03
20.83	4.5388437e-03
20.87	4.9154932e-03
20.90	5.3239585e-03
20.94	5.7670236e-03
20.97	6.2477327e-03
21.00	6.7694173e-03
21.04	7.3357270e-03
21.07	7.9506633e-03
21.11	8.6186187e-03
21.14	9.3444198e-03
21.17	1.0133377e-02
21.21	1.0991342e-02
21.24	1.1924768e-02
21.28	1.2940787e-02
21.31	1.4047290e-02
21.34	1.5253028e-02
21.38	1.6567716e-02
21.41	1.8002169e-02
21.45	1.9568443e-02
21.48	2.1280017e-02
21.52	2.3151991e-02
21.55	2.5201327e-02
21.58	2.7447129e-02
21.62	2.9910982e-02
21.65	3.2617344e-02
21.69	3.5594030e-02
21.72	3.8872779e-02
21.75	4.2489950e-02
21.79	4.6487369e-02
21.82	5.0913361e-02
21.86	5.5824024e-02
21.89	6.1284812e-02
21.92	6.7372514e-02
21.96	7.4177750e-02
21.99	8.1808147e-02
22.03	9.0392413e-02
22.06	1.0008563e-01
22.09	1.1107619e-01
22.13	1.2359506e-01
22.16	1.3792816e-01
22.20	1.5443345e-01
22.23	1.7356463e-01
22.26	1.9590492e-01
22.30	2.2221627e-01
22.33	2.5351341e-01
22.37	2.9118040e-01
22.40	3.3716641e-01
22.43	3.9434814e-01
22.47	4.6728210e-01
22.50	5.6392954e-01
22.54	6.9981925e-01
22.57	9.0807950e-01
22.61	1.2626281e+00
22.64	1.9281794e+00
22.67	3.2583489e+00
22.71	5.9641102e+00
22.74	1.1342868e+01
22.78	2.1423099e+01
22.81	3.8492049e+01
22.84	6.2726907e+01
22.88	8.6815195e+01
22.91	9.4617147e+01
22.95	8.5731409e+01
22.98	7.4848478e+01
23.01	6.4810196e+01
23.05	5.5923735e+01
23.08	4.8166688e+01
23.12	4.1439710e+01
23.15	3.5626948e+01
23.18	3.0615119e+01
23.22	2.6300009e+01
23.25	2.2588375e+01
23.29	1.9398011e+01
23.32	1.6657070e+01
23.35	1.4303097e+01
23.39	1.2281997e+01
23.42	1.0547031e+01
23.46	9.0578925e+00
23.49	7.7798634e+00
23.53	6.6830720e+00
23.56	5.7418345e+00
23.59	4.9340818e+00
23.63	4.2408592e+00
23.66	3.6458932e+00
23.70	3.1352163e+00
23.73	2.6968434e+00
23.76	2.3204918e+00
23.80	1.9973413e+00
23.83	1.7198268e+00
23.87	1.4814606e+00
23.90	1.2766788e+00
23.93	1.1007105e+00
23.97	9.4946466e-01
24.00	8.1943327e-01
24.04	7.0760828e-01
24.07	6.1141029e-01
24.10	5.2862736e-01
24.14	4.5736262e-01
24.17	3.9598926e-01
24.21	3.4311200e-01
24.24	2.9753401e-01
24.27	2.5822859e-01
24.31	2.2431490e-01
24.34	1.9503714e-01
24.38	1.6974668e-01
24.41	1.4788680e-01
24.44	1.2897959e-01
24.48	1.1261469e-01
24.51	9.8439695e-02
24.55	8.6151875e-02
24.58	7.5491138e-02
24.62	6.6233947e-02
24.65	5.8188136e-02
24.68	5.1188451e-02
24.72	4.5092739e-02
24.75	3.9778672e-02
24.79	3.5140943e-02
24.82	3.1088862e-02
24.85	2.7544289e-02
24.89	2.4439872e-02
24.92	2.1717523e-02
24.96	1.9327120e-02
24.99	1.7225390e-02
25.02	1.5374949e-02
25.06	1.3743481e-02
25.09	1.2303032e-02
25.13	1.1029405e-02
25.16	9.9016372e-03
25.19	8.9015532e-03
25.23	8.0133828e-03
25.26	7.2234295e-03
25.30	6.5197866e-03
25.33	5.8920939e-03
25.36	5.3313269e-03
25.40	4.8296167e-03
25.43	4.3800944e-03
25.47	3.9767568e-03
25.50	3.6143515e-03
25.54	3.2882770e-03
25.57	2.9944971e-03
25.60	2.7294665e-03
25.64	2.4900674e-03
25.67	2.2735537e-03
25.71	2.0775038e-03
25.74	1.8997788e-03
25.77	1.7384869e-03
25.81	1.5919523e-03
25.84	1.4586888e-03
25.88	1.3373757e-03
25.91	1.2268381e-03
25.94	1.1260292e-03
25.98	1.0340149e-03
26.01	9.4996014e-04
26.05	8.7311789e-04
26.08	8.0281844e-04
26.11	7.3846075e-04
26.15	6.7950458e-04
26.18	6.2546373e-04
26.22	5.7590000e-04
26.25	5.3041797e-04
26.28	4.8866034e-04
26.32	4.5030390e-04
26.35	4.1505591e-04
26.39	3.8265092e-04
26.42	3.5284795e-04
26.45	3.2542804e-04
26.49	3.0019201e-04
26.52	2.7695849e-04
26.56	2.5556219e-04
26.59	2.3585235e-04
26.63	2.1769132e-04
26.66	2.0095335e-04
26.69	1.8552345e-04
26.73	1.7129641e-04
26.76	1.5817590e-04
26.80	1.4607365e-04
26.83	1.3490875e-04
26.86	1.2460698e-04
26.90	1.1510023e-04
26.93	1.0632595e-04
26.97	9.8226685e-05
27.00	9.0749628e-05
