# NeutrinoAntineutrinoInteraction/NeutrinoAntineutrinoResonanceDown interaction rates
# neutrino field: massive Cosmic Neutrino Background, T_CnuB = 1.94535456 K
# Produced with crpropa-data version: 60a1560e37035039ec25f414e0c42a2444bad49c
# log10(E/eV), 1/lambda [1/Mpc]
11.06	0.0000000e+00
11.09	0.0000000e+00
11.12	0.0000000e+00
11.16	0.0000000e+00
11.19	0.0000000e+00
11.23	0.0000000e+00
11.26	0.0000000e+00
11.29	0.0000000e+00
11.33	0.0000000e+00
11.36	0.0000000e+00
11.40	0.0000000e+00
11.43	0.0000000e+00
11.46	0.0000000e+00
11.50	0.0000000e+00
11.53	0.0000000e+00
11.57	0.0000000e+00
11.60	0.0000000e+00
11.64	0.0000000e+00
11.67	0.0000000e+00
11.70	0.0000000e+00
11.74	0.0000000e+00
11.77	0.0000000e+00
11.81	0.0000000e+00
11.84	0.0000000e+00
11.87	0.0000000e+00
11.91	0.0000000e+00
11.94	0.0000000e+00
11.98	0.0000000e+00
12.01	0.0000000e+00
12.04	0.0000000e+00
12.08	0.0000000e+00
12.11	0.0000000e+00
12.15	0.0000000e+00
12.18	0.0000000e+00
12.21	0.0000000e+00
12.25	0.0000000e+00
12.28	0.0000000e+00
12.32	0.0000000e+00
12.35	0.0000000e+00
12.38	0.0000000e+00
12.42	0.0000000e+00
12.45	0.0000000e+00
12.49	0.0000000e+00
12.52	0.0000000e+00
12.56	0.0000000e+00
12.59	0.0000000e+00
12.62	0.0000000e+00
12.66	0.0000000e+00
12.69	0.0000000e+00
12.73	0.0000000e+00
12.76	0.0000000e+00
12.79	0.0000000e+00
12.83	0.0000000e+00
12.86	0.0000000e+00
12.90	0.0000000e+00
12.93	0.0000000e+00
12.96	0.0000000e+00
13.00	0.0000000e+00
13.03	5.6136046e-270
13.07	4.3065341e-250
13.10	1.0380276e-231
13.13	1.0206328e-214
13.17	5.2112126e-199
13.20	1.7271765e-184
13.24	4.5674232e-171
13.27	1.1662450e-158
13.30	3.4299624e-147
13.34	1.3676916e-136
13.37	8.5972908e-127
13.41	9.7936684e-118
13.44	2.2998961e-109
13.47	1.2542854e-101
13.51	1.7735861e-94
13.54	7.1996137e-88
13.58	9.2185655e-82
13.61	4.0618683e-76
13.65	6.6750634e-71
13.68	4.4073104e-66
13.71	1.2524605e-61
13.75	1.6325102e-57
13.78	1.0351292e-53
13.82	3.3713080e-50
13.85	5.9306831e-47
13.88	5.9034197e-44
13.92	3.4710660e-41
13.95	1.2544181e-38
13.99	2.8906833e-36
14.02	4.3943320e-34
14.05	4.5473923e-32
14.09	3.2977971e-30
14.12	1.7216366e-28
14.16	6.6328520e-27
14.19	1.9296263e-25
14.22	4.3299403e-24
14.26	7.6428245e-23
14.29	1.0806245e-21
14.33	1.2446211e-20
14.36	1.1860008e-19
14.39	9.4853988e-19
14.43	6.4523479e-18
14.46	3.7792655e-17
14.50	1.9277924e-16
14.53	8.6545076e-16
14.57	3.4528529e-15
14.60	1.2353104e-14
14.63	3.9962573e-14
14.67	1.1780336e-13
14.70	3.1870396e-13
14.74	7.9654713e-13
14.77	1.8504867e-12
14.80	4.0185634e-12
14.84	8.2005790e-12
14.87	1.5802203e-11
14.91	2.8883217e-11
14.94	5.0285164e-11
14.97	8.3710332e-11
15.01	1.3372679e-10
15.04	2.0568339e-10
15.08	3.0553249e-10
15.11	4.3957371e-10
15.14	6.1414589e-10
15.18	8.3530331e-10
15.21	1.1085155e-09
15.25	1.4384260e-09
15.28	1.8286963e-09
15.31	2.2819496e-09
15.35	2.7998159e-09
15.38	3.3830657e-09
15.42	4.0318144e-09
15.45	4.7457720e-09
15.48	5.5245104e-09
15.52	6.3677271e-09
15.55	7.2754854e-09
15.59	8.2484179e-09
15.62	9.2878890e-09
15.66	1.0396113e-08
15.69	1.1576235e-08
15.72	1.2832377e-08
15.76	1.4169659e-08
15.79	1.5594205e-08
15.83	1.7113136e-08
15.86	1.8734564e-08
15.89	2.0467583e-08
15.93	2.2322272e-08
15.96	2.4309701e-08
16.00	2.6441950e-08
16.03	2.8732145e-08
16.06	3.1194495e-08
16.10	3.3844351e-08
16.13	3.6698278e-08
16.17	3.9774129e-08
16.20	4.3091146e-08
16.23	4.6670060e-08
16.27	5.0533213e-08
16.30	5.4704686e-08
16.34	5.9210444e-08
16.37	6.4078494e-08
16.40	6.9339054e-08
16.44	7.5024736e-08
16.47	8.1170752e-08
16.51	8.7815128e-08
16.54	9.4998940e-08
16.58	1.0276657e-07
16.61	1.1116596e-07
16.64	1.2024896e-07
16.68	1.3007159e-07
16.71	1.4069442e-07
16.75	1.5218293e-07
16.78	1.6460792e-07
16.81	1.7804596e-07
16.85	1.9257983e-07
16.88	2.0829906e-07
16.92	2.2530048e-07
16.95	2.4368879e-07
16.98	2.6357724e-07
17.02	2.8508830e-07
17.05	3.0835443e-07
17.09	3.3351891e-07
17.12	3.6073668e-07
17.15	3.9017532e-07
17.19	4.2201610e-07
17.22	4.5645507e-07
17.26	4.9370428e-07
17.29	5.3399305e-07
17.32	5.7756947e-07
17.36	6.2470181e-07
17.39	6.7568027e-07
17.43	7.3081873e-07
17.46	7.9045667e-07
17.49	8.5496126e-07
17.53	9.2472966e-07
17.56	1.0001914e-06
17.60	1.0818112e-06
17.63	1.1700914e-06
17.67	1.2655757e-06
17.70	1.3688519e-06
17.73	1.4805559e-06
17.77	1.6013755e-06
17.80	1.7320544e-06
17.84	1.8733974e-06
17.87	2.0262747e-06
17.90	2.1916275e-06
17.94	2.3704739e-06
17.97	2.5639151e-06
18.01	2.7731421e-06
18.04	2.9994431e-06
18.07	3.2442116e-06
18.11	3.5089546e-06
18.14	3.7953022e-06
18.18	4.1050175e-06
18.21	4.4400075e-06
18.24	4.8023349e-06
18.28	5.1942306e-06
18.31	5.6181078e-06
18.35	6.0765764e-06
18.38	6.5724595e-06
18.41	7.1088106e-06
18.45	7.6889324e-06
18.48	8.3163971e-06
18.52	8.9950685e-06
18.55	9.7291260e-06
18.59	1.0523090e-05
18.62	1.1381849e-05
18.65	1.2310693e-05
18.69	1.3315341e-05
18.72	1.4401981e-05
18.76	1.5577305e-05
18.79	1.6848551e-05
18.82	1.8223550e-05
18.86	1.9710769e-05
18.89	2.1319370e-05
18.93	2.3059261e-05
18.96	2.4941159e-05
18.99	2.6976658e-05
19.03	2.9178296e-05
19.06	3.1559637e-05
19.10	3.4135353e-05
19.13	3.6921313e-05
19.16	3.9934685e-05
19.20	4.3194037e-05
19.23	4.6719455e-05
19.27	5.0532666e-05
19.30	5.4657174e-05
19.33	5.9118402e-05
19.37	6.3943854e-05
19.40	6.9163280e-05
19.44	7.4808864e-05
19.47	8.0915421e-05
19.51	8.7520615e-05
19.54	9.4665191e-05
19.57	1.0239323e-04
19.61	1.1075241e-04
19.64	1.1979434e-04
19.68	1.2957482e-04
19.71	1.4015424e-04
19.74	1.5159794e-04
19.78	1.6397662e-04
19.81	1.7736675e-04
19.85	1.9185110e-04
19.88	2.0751923e-04
19.91	2.2446803e-04
19.95	2.4280239e-04
19.98	2.6263577e-04
20.02	2.8409101e-04
20.05	3.0730101e-04
20.08	3.3240965e-04
20.12	3.5957266e-04
20.15	3.8895858e-04
20.19	4.2074990e-04
20.22	4.5514417e-04
20.25	4.9235527e-04
20.29	5.3261479e-04
20.32	5.7617351e-04
20.36	6.2330303e-04
20.39	6.7429751e-04
20.42	7.2947559e-04
20.46	7.8918245e-04
20.49	8.5379212e-04
20.53	9.2370988e-04
20.56	9.9937500e-04
20.60	1.0812636e-03
20.63	1.1698920e-03
20.66	1.2658199e-03
20.70	1.3696544e-03
20.73	1.4820544e-03
20.77	1.6037344e-03
20.80	1.7354703e-03
20.83	1.8781044e-03
20.87	2.0325514e-03
20.90	2.1998051e-03
20.94	2.3809456e-03
20.97	2.5771471e-03
21.00	2.7896868e-03
21.04	3.0199546e-03
21.07	3.2694634e-03
21.11	3.5398615e-03
21.14	3.8329451e-03
21.17	4.1506731e-03
21.21	4.4951832e-03
21.24	4.8688100e-03
21.28	5.2741048e-03
21.31	5.7138585e-03
21.34	6.1911262e-03
21.38	6.7092560e-03
21.41	7.2719208e-03
21.45	7.8831543e-03
21.48	8.5473916e-03
21.52	9.2695160e-03
21.55	1.0054912e-02
21.58	1.0909524e-02
21.62	1.1839928e-02
21.65	1.2853412e-02
21.69	1.3958063e-02
21.72	1.5162880e-02
21.75	1.6477897e-02
21.79	1.7914325e-02
21.82	1.9484730e-02
21.86	2.1203230e-02
21.89	2.3085739e-02
21.92	2.5150254e-02
21.96	2.7417200e-02
21.99	2.9909850e-02
22.03	3.2654837e-02
22.06	3.5682777e-02
22.09	3.9029052e-02
22.13	4.2734782e-02
22.16	4.6848054e-02
22.20	5.1425509e-02
22.23	5.6534388e-02
22.26	6.2255253e-02
22.30	6.8685659e-02
22.33	7.5945292e-02
22.37	8.4183539e-02
22.40	9.3591596e-02
22.43	1.0442423e-01
22.47	1.1704340e-01
22.50	1.3201090e-01
22.54	1.5028479e-01
22.57	1.7361343e-01
22.61	2.0526294e-01
22.64	2.5122968e-01
22.67	3.2203968e-01
22.71	4.3508452e-01
22.74	6.1718693e-01
22.78	9.0678556e-01
22.81	1.3548913e+00
22.84	2.0239298e+00
22.88	2.9838346e+00
22.91	4.3052868e+00
22.95	6.0506819e+00
22.98	8.2640647e+00
23.01	1.0961686e+01
23.05	1.4124899e+01
23.08	1.7696787e+01
23.12	2.1583284e+01
23.15	2.5658806e+01
23.18	2.9775633e+01
23.22	3.3775772e+01
23.25	3.7503689e+01
23.29	4.0818311e+01
23.32	4.3602947e+01
23.35	4.5772184e+01
23.39	4.7275345e+01
23.42	4.8096587e+01
23.46	4.8252100e+01
23.49	4.7785173e+01
23.53	4.6759961e+01
23.56	4.5254788e+01
23.59	4.3355674e+01
23.63	4.1150614e+01
23.66	3.8724881e+01
23.70	3.6157522e+01
23.73	3.3518994e+01
23.76	3.0869837e+01
23.80	2.8260209e+01
23.83	2.5730077e+01
23.87	2.3309879e+01
23.90	2.1021490e+01
23.93	1.8879338e+01
23.97	1.6891580e+01
24.00	1.5061247e+01
24.04	1.3387301e+01
24.07	1.1865596e+01
24.10	1.0489702e+01
24.14	9.2516023e+00
24.17	8.1422721e+00
24.21	7.1521409e+00
24.24	6.2714544e+00
24.27	5.4905510e+00
24.31	4.8000648e+00
24.34	4.1910685e+00
24.38	3.6551680e+00
24.41	3.1845584e+00
24.44	2.7720504e+00
24.48	2.4110742e+00
24.51	2.0956665e+00
24.55	1.8204467e+00
24.58	1.5805848e+00
24.62	1.3717642e+00
24.65	1.1901428e+00
24.68	1.0323124e+00
24.72	8.9525956e-01
24.75	7.7632683e-01
24.79	6.7317683e-01
24.82	5.8375813e-01
24.85	5.0627387e-01
24.89	4.3915299e-01
24.92	3.8102406e-01
24.96	3.3069163e-01
24.99	2.8711504e-01
25.02	2.4938936e-01
25.06	2.1672859e-01
25.09	1.8845062e-01
25.13	1.6396398e-01
25.16	1.4275623e-01
25.19	1.2438364e-01
25.23	1.0846222e-01
25.26	9.4659831e-02
25.30	8.2689335e-02
25.33	7.2302559e-02
25.36	6.3285090e-02
25.40	5.5451721e-02
25.43	4.8642505e-02
25.47	4.2719329e-02
25.50	3.7562945e-02
25.54	3.3070392e-02
25.57	2.9152774e-02
25.60	2.5733332e-02
25.64	2.2745781e-02
25.67	2.0132867e-02
25.71	1.7845132e-02
25.74	1.5839839e-02
25.77	1.4080045e-02
25.81	1.2533808e-02
25.84	1.1173498e-02
25.88	9.9752028e-03
25.91	8.9182194e-03
25.94	7.9846119e-03
25.98	7.1588333e-03
26.01	6.4273988e-03
26.05	5.7786034e-03
26.08	5.2022802e-03
26.11	4.6895909e-03
26.15	4.2328456e-03
26.18	3.8253478e-03
26.22	3.4612605e-03
26.25	3.1354909e-03
26.28	2.8435905e-03
26.32	2.5816700e-03
26.35	2.3463245e-03
26.39	2.1345701e-03
26.42	1.9437883e-03
26.45	1.7716787e-03
26.49	1.6162174e-03
26.52	1.4756216e-03
26.56	1.3483187e-03
26.59	1.2329196e-03
26.63	1.1281952e-03
26.66	1.0330572e-03
26.69	9.4653961e-04
26.73	8.6778456e-04
26.76	7.9602858e-04
26.80	7.3059144e-04
26.83	6.7086609e-04
26.86	6.1631006e-04
26.90	5.6643783e-04
26.93	5.2081428e-04
26.97	4.7904887e-04
27.00	4.4079060e-04
