# NeutrinoAntineutrinoInteraction/NeutrinoAntineutrinoResonanceDown interaction rates
# neutrino field: massive Cosmic Neutrino Background, T_CnuB = 1.94535456 K
# Produced with crpropa-data version: 60a1560e37035039ec25f414e0c42a2444bad49c
# log10(E/eV), 1/lambda [1/Mpc]
11.19	0.0000000e+00
11.23	0.0000000e+00
11.26	0.0000000e+00
11.29	0.0000000e+00
11.33	0.0000000e+00
11.36	0.0000000e+00
11.40	0.0000000e+00
11.43	0.0000000e+00
11.46	0.0000000e+00
11.50	0.0000000e+00
11.53	0.0000000e+00
11.57	0.0000000e+00
11.60	0.0000000e+00
11.64	0.0000000e+00
11.67	0.0000000e+00
11.70	0.0000000e+00
11.74	0.0000000e+00
11.77	0.0000000e+00
11.81	0.0000000e+00
11.84	0.0000000e+00
11.87	0.0000000e+00
11.91	0.0000000e+00
11.94	0.0000000e+00
11.98	0.0000000e+00
12.01	0.0000000e+00
12.04	0.0000000e+00
12.08	0.0000000e+00
12.11	0.0000000e+00
12.15	0.0000000e+00
12.18	0.0000000e+00
12.21	0.0000000e+00
12.25	0.0000000e+00
12.28	0.0000000e+00
12.32	0.0000000e+00
12.35	0.0000000e+00
12.38	0.0000000e+00
12.42	0.0000000e+00
12.45	0.0000000e+00
12.49	0.0000000e+00
12.52	0.0000000e+00
12.56	0.0000000e+00
12.59	0.0000000e+00
12.62	0.0000000e+00
12.66	0.0000000e+00
12.69	0.0000000e+00
12.73	0.0000000e+00
12.76	0.0000000e+00
12.79	0.0000000e+00
12.83	0.0000000e+00
12.86	0.0000000e+00
12.90	0.0000000e+00
12.93	0.0000000e+00
12.96	0.0000000e+00
13.00	0.0000000e+00
13.03	0.0000000e+00
13.07	0.0000000e+00
13.10	0.0000000e+00
13.13	0.0000000e+00
13.17	6.9541458e-260
13.20	8.1436784e-241
13.24	3.4528878e-223
13.27	6.8087277e-207
13.30	7.8705313e-192
13.34	6.6060962e-178
13.37	4.9070917e-165
13.41	3.8734163e-153
13.44	3.8478037e-142
13.47	5.6246618e-132
13.51	1.3980957e-122
13.54	6.7544398e-114
13.58	7.1767665e-106
13.61	1.8801008e-98
13.65	1.3496719e-91
13.68	2.9274579e-85
13.71	2.0998530e-79
13.75	5.4148279e-74
13.78	5.4225580e-69
13.82	2.2648778e-64
13.85	4.2146878e-60
13.88	3.7141837e-56
13.92	1.6399755e-52
13.95	3.8224186e-49
13.99	4.9352434e-46
14.02	3.6907237e-43
14.05	1.6659045e-40
14.09	4.7149521e-38
14.12	8.6675847e-36
14.16	1.0692117e-33
14.19	9.1213387e-32
14.22	5.5332601e-30
14.26	2.4491642e-28
14.29	8.1005207e-27
14.33	2.0465908e-25
14.36	4.0310366e-24
14.39	6.3073793e-23
14.43	7.9779455e-22
14.46	8.2896779e-21
14.50	7.1822001e-20
14.53	5.2605771e-19
14.57	3.2991262e-18
14.60	1.7925557e-17
14.63	8.5307945e-17
14.67	3.5919460e-16
14.70	1.3506614e-15
14.74	4.5749860e-15
14.77	1.4071173e-14
14.80	3.9589533e-14
14.84	1.0259206e-13
14.87	2.4642437e-13
14.91	5.5187372e-13
14.94	1.1586259e-12
14.97	2.2918255e-12
15.01	4.2912213e-12
15.04	7.6386855e-12
15.08	1.2978785e-11
15.11	2.1127042e-11
15.14	3.3061760e-11
15.18	4.9897630e-11
15.21	7.2842295e-11
15.25	1.0314003e-10
15.28	1.4200887e-10
15.31	1.9057885e-10
15.35	2.4983860e-10
15.38	3.2059658e-10
15.42	4.0346079e-10
15.45	4.9883845e-10
15.48	6.0695447e-10
15.52	7.2788559e-10
15.55	8.6160563e-10
15.59	1.0080369e-09
15.62	1.1671026e-09
15.66	1.3387762e-09
15.69	1.5231252e-09
15.72	1.7203461e-09
15.76	1.9307923e-09
15.79	2.1549924e-09
15.83	2.3936629e-09
15.86	2.6477140e-09
15.89	2.9182520e-09
15.93	3.2065791e-09
15.96	3.5141918e-09
16.00	3.8427797e-09
16.03	4.1942243e-09
16.06	4.5706002e-09
16.10	4.9741779e-09
16.13	5.4074284e-09
16.17	5.8730312e-09
16.20	6.3738837e-09
16.23	6.9131133e-09
16.27	7.4940929e-09
16.30	8.1204573e-09
16.34	8.7961231e-09
16.37	9.5253106e-09
16.40	1.0312569e-08
16.44	1.1162801e-08
16.47	1.2081295e-08
16.51	1.3073756e-08
16.54	1.4146341e-08
16.58	1.5305695e-08
16.61	1.6558994e-08
16.64	1.7913990e-08
16.68	1.9379054e-08
16.71	2.0963236e-08
16.75	2.2676312e-08
16.78	2.4528852e-08
16.81	2.6532280e-08
16.85	2.8698949e-08
16.88	3.1042212e-08
16.92	3.3576509e-08
16.95	3.6317455e-08
16.98	3.9281934e-08
17.02	4.2488209e-08
17.05	4.5956025e-08
17.09	4.9706740e-08
17.12	5.3763452e-08
17.15	5.8151143e-08
17.19	6.2896830e-08
17.22	6.8029735e-08
17.26	7.3581464e-08
17.29	7.9586200e-08
17.32	8.6080915e-08
17.36	9.3105599e-08
17.39	1.0070350e-07
17.43	1.0892141e-07
17.46	1.1780991e-07
17.49	1.2742373e-07
17.53	1.3782207e-07
17.56	1.4906894e-07
17.60	1.6123360e-07
17.63	1.7439094e-07
17.67	1.8862196e-07
17.70	2.0401429e-07
17.73	2.2066270e-07
17.77	2.3866969e-07
17.80	2.5814612e-07
17.84	2.7921191e-07
17.87	3.0199676e-07
17.90	3.2664097e-07
17.94	3.5329625e-07
17.97	3.8212673e-07
18.01	4.1330992e-07
18.04	4.4703781e-07
18.07	4.8351806e-07
18.11	5.2297530e-07
18.14	5.6565246e-07
18.18	6.1181231e-07
18.21	6.6173906e-07
18.24	7.1574012e-07
18.28	7.7414800e-07
18.31	8.3732232e-07
18.35	9.0565207e-07
18.38	9.7955798e-07
18.41	1.0594951e-06
18.45	1.1459557e-06
18.48	1.2394721e-06
18.52	1.3406202e-06
18.55	1.4500227e-06
18.59	1.5683535e-06
18.62	1.6963410e-06
18.65	1.8347736e-06
18.69	1.9845035e-06
18.72	2.1464530e-06
18.76	2.3216193e-06
18.79	2.5110811e-06
18.82	2.7160053e-06
18.86	2.9376538e-06
18.89	3.1773919e-06
18.93	3.4366960e-06
18.96	3.7171632e-06
18.99	4.0205209e-06
19.03	4.3486378e-06
19.06	4.7035350e-06
19.10	5.0873985e-06
19.13	5.5025932e-06
19.16	5.9516769e-06
19.20	6.4374162e-06
19.23	6.9628040e-06
19.27	7.5310774e-06
19.30	8.1457382e-06
19.33	8.8105741e-06
19.37	9.5296824e-06
19.40	1.0307495e-05
19.44	1.1148807e-05
19.47	1.2058804e-05
19.51	1.3043096e-05
19.54	1.4107753e-05
19.57	1.5259339e-05
19.61	1.6504956e-05
19.64	1.7852289e-05
19.68	1.9309649e-05
19.71	2.0886027e-05
19.74	2.2591153e-05
19.78	2.4435551e-05
19.81	2.6430607e-05
19.85	2.8588642e-05
19.88	3.0922984e-05
19.91	3.3448056e-05
19.95	3.6179462e-05
19.98	3.9134088e-05
20.02	4.2330205e-05
20.05	4.5787585e-05
20.08	4.9527623e-05
20.12	5.3573475e-05
20.15	5.7950200e-05
20.19	6.2684921e-05
20.22	6.7806995e-05
20.25	7.3348198e-05
20.29	7.9342928e-05
20.32	8.5828424e-05
20.36	9.2845002e-05
20.39	1.0043631e-04
20.42	1.0864963e-04
20.46	1.1753613e-04
20.49	1.2715126e-04
20.53	1.3755507e-04
20.56	1.4881260e-04
20.60	1.6099433e-04
20.63	1.7417663e-04
20.66	1.8844225e-04
20.70	2.0388089e-04
20.73	2.2058980e-04
20.77	2.3867441e-04
20.80	2.5824908e-04
20.83	2.7943785e-04
20.87	3.0237529e-04
20.90	3.2720748e-04
20.94	3.5409295e-04
20.97	3.8320389e-04
21.00	4.1472731e-04
21.04	4.4886644e-04
21.07	4.8584218e-04
21.11	5.2589474e-04
21.14	5.6928548e-04
21.17	6.1629884e-04
21.21	6.6724460e-04
21.24	7.2246029e-04
21.28	7.8231387e-04
21.31	8.4720680e-04
21.34	9.1757732e-04
21.38	9.9390421e-04
21.41	1.0767110e-03
21.45	1.1665704e-03
21.48	1.2641101e-03
21.52	1.3700180e-03
21.55	1.4850493e-03
21.58	1.6100338e-03
21.62	1.7458848e-03
21.65	1.8936083e-03
21.69	2.0543146e-03
21.72	2.2292307e-03
21.75	2.4197149e-03
21.79	2.6272739e-03
21.82	2.8535822e-03
21.86	3.1005046e-03
21.89	3.3701230e-03
21.92	3.6647673e-03
21.96	3.9870522e-03
21.99	4.3399204e-03
22.03	4.7266945e-03
22.06	5.1511394e-03
22.09	5.6175363e-03
22.13	6.1307746e-03
22.16	6.6964629e-03
22.20	7.3210664e-03
22.23	8.0120783e-03
22.26	8.7782356e-03
22.30	9.6297940e-03
22.33	1.0578882e-02
22.37	1.1639967e-02
22.40	1.2830477e-02
22.43	1.4171654e-02
22.47	1.5689785e-02
22.50	1.7418073e-02
22.54	1.9399833e-02
22.57	2.1694587e-02
22.61	2.4390778e-02
22.64	2.7632945e-02
22.67	3.1677924e-02
22.71	3.7003013e-02
22.74	4.4495420e-02
22.78	5.5749580e-02
22.81	7.3479142e-02
22.84	1.0200913e-01
22.88	1.4775650e-01
22.91	2.1955163e-01
22.95	3.2862467e-01
22.98	4.8810216e-01
23.01	7.1193936e-01
23.05	1.0133377e+00
23.08	1.4028332e+00
23.12	1.8863495e+00
23.15	2.4635559e+00
23.18	3.1268390e+00
23.22	3.8611035e+00
23.25	4.6444711e+00
23.29	5.4497995e+00
23.32	6.2468132e+00
23.35	7.0045551e+00
23.39	7.6938376e+00
23.42	8.2894020e+00
23.46	8.7715595e+00
23.49	9.1271857e+00
23.53	9.3500389e+00
23.56	9.4404612e+00
23.59	9.4045875e+00
23.63	9.2532242e+00
23.66	9.0005623e+00
23.70	8.6628768e+00
23.73	8.2573280e+00
23.76	7.8009446e+00
23.80	7.3098286e+00
23.83	6.7985904e+00
23.87	6.2799983e+00
23.90	5.7648139e+00
23.93	5.2617740e+00
23.97	4.7776820e+00
24.00	4.3175724e+00
24.04	3.8849189e+00
24.07	3.4818612e+00
24.10	3.1094327e+00
24.14	2.7677773e+00
24.17	2.4563459e+00
24.21	2.1740707e+00
24.24	1.9195126e+00
24.27	1.6909859e+00
24.31	1.4866583e+00
24.34	1.3046307e+00
24.38	1.1429990e+00
24.41	9.9989988e-01
24.44	8.7354419e-01
24.48	7.6223949e-01
24.51	6.6440427e-01
24.55	5.7857567e-01
24.58	5.0341213e-01
24.62	4.3769224e-01
24.65	3.8031102e-01
24.68	3.3027423e-01
24.72	2.8669155e-01
24.75	2.4876908e-01
24.79	2.1580148e-01
24.82	1.8716422e-01
24.85	1.6230586e-01
24.89	1.4074083e-01
24.92	1.2204253e-01
24.96	1.0583697e-01
24.99	9.1796868e-02
25.02	7.9636349e-02
25.06	6.9106047e-02
25.09	5.9988750e-02
25.13	5.2095489e-02
25.16	4.5262042e-02
25.19	3.9345836e-02
25.23	3.4223202e-02
25.26	2.9786951e-02
25.30	2.5944243e-02
25.33	2.2614718e-02
25.36	1.9728849e-02
25.40	1.7226519e-02
25.43	1.5055758e-02
25.47	1.3171662e-02
25.50	1.1535438e-02
25.54	1.0113584e-02
25.57	8.8771648e-03
25.60	7.8012006e-03
25.64	6.8641219e-03
25.67	6.0473058e-03
25.71	5.3346729e-03
25.74	4.7123381e-03
25.77	4.1683100e-03
25.81	3.6922305e-03
25.84	3.2751500e-03
25.88	2.9093340e-03
25.91	2.5880958e-03
25.94	2.3056524e-03
25.98	2.0570002e-03
26.01	1.8378081e-03
26.05	1.6443247e-03
26.08	1.4732995e-03
26.11	1.3219137e-03
26.15	1.1877216e-03
26.18	1.0685994e-03
26.22	9.6270162e-04
26.25	8.6842331e-04
26.28	7.8436734e-04
26.32	7.0931649e-04
26.35	6.4220917e-04
26.39	5.8211864e-04
26.42	5.2823500e-04
26.45	4.7984963e-04
26.49	4.3634188e-04
26.52	3.9716740e-04
26.56	3.6184826e-04
26.59	3.2996423e-04
26.63	3.0114538e-04
26.66	2.7506560e-04
26.69	2.5143699e-04
26.73	2.3000507e-04
26.76	2.1054454e-04
26.80	1.9285567e-04
26.83	1.7676113e-04
26.86	1.6210323e-04
26.90	1.4874159e-04
26.93	1.3655100e-04
26.97	1.2541965e-04
27.00	1.1524754e-04
