# NeutrinoAntineutrinoInteraction/NeutrinoAntineutrinoResonanceDown interaction rates
# neutrino field: massive Cosmic Neutrino Background, T_CnuB = 1.94535456 K
# Produced with crpropa-data version: 60a1560e37035039ec25f414e0c42a2444bad49c
# log10(E/eV), 1/lambda [1/Mpc]
10.78	0.0000000e+00
10.82	0.0000000e+00
10.85	0.0000000e+00
10.89	0.0000000e+00
10.92	0.0000000e+00
10.95	0.0000000e+00
10.99	0.0000000e+00
11.02	0.0000000e+00
11.06	0.0000000e+00
11.09	0.0000000e+00
11.12	0.0000000e+00
11.16	0.0000000e+00
11.19	0.0000000e+00
11.23	0.0000000e+00
11.26	0.0000000e+00
11.29	0.0000000e+00
11.33	0.0000000e+00
11.36	0.0000000e+00
11.40	0.0000000e+00
11.43	0.0000000e+00
11.46	0.0000000e+00
11.50	0.0000000e+00
11.53	0.0000000e+00
11.57	0.0000000e+00
11.60	0.0000000e+00
11.64	0.0000000e+00
11.67	0.0000000e+00
11.70	0.0000000e+00
11.74	0.0000000e+00
11.77	0.0000000e+00
11.81	0.0000000e+00
11.84	0.0000000e+00
11.87	0.0000000e+00
11.91	0.0000000e+00
11.94	0.0000000e+00
11.98	0.0000000e+00
12.01	0.0000000e+00
12.04	0.0000000e+00
12.08	0.0000000e+00
12.11	0.0000000e+00
12.15	0.0000000e+00
12.18	0.0000000e+00
12.21	0.0000000e+00
12.25	0.0000000e+00
12.28	0.0000000e+00
12.32	0.0000000e+00
12.35	0.0000000e+00
12.38	0.0000000e+00
12.42	0.0000000e+00
12.45	0.0000000e+00
12.49	0.0000000e+00
12.52	0.0000000e+00
12.56	0.0000000e+00
12.59	0.0000000e+00
12.62	0.0000000e+00
12.66	0.0000000e+00
12.69	0.0000000e+00
12.73	0.0000000e+00
12.76	1.6022207e-257
12.79	1.9057394e-238
12.83	8.1974614e-221
12.86	1.6381174e-204
12.90	1.9170305e-189
12.93	1.6274679e-175
12.96	1.2216910e-162
13.00	9.7376965e-151
13.03	9.7607026e-140
13.07	1.4387190e-129
13.10	3.6037562e-120
13.13	1.7534558e-111
13.17	1.8753761e-103
13.20	4.9428725e-96
13.24	3.5683391e-89
13.27	7.7800808e-83
13.30	5.6074796e-77
13.34	1.4524174e-71
13.37	1.4604730e-66
13.41	6.1232514e-62
13.44	1.1434742e-57
13.47	1.0109577e-53
13.51	4.4772290e-50
13.54	1.0464398e-46
13.58	1.3545584e-43
13.61	1.0153829e-40
13.65	4.5932475e-38
13.68	1.3026467e-35
13.71	2.3991681e-33
13.75	2.9646817e-31
13.78	2.5331912e-29
13.82	1.5389800e-27
13.85	6.8212468e-26
13.88	2.2589566e-24
13.92	5.7139117e-23
13.95	1.1266485e-21
13.99	1.7646327e-20
14.02	2.2340727e-19
14.05	2.3233488e-18
14.09	2.0145437e-17
14.12	1.4766210e-16
14.16	9.2667412e-16
14.19	5.0381488e-15
14.22	2.3990400e-14
14.26	1.0106679e-13
14.29	3.8022286e-13
14.33	1.2884818e-12
14.36	3.9646106e-12
14.39	1.1158823e-11
14.43	2.8927214e-11
14.46	6.9505542e-11
14.50	1.5570670e-10
14.53	3.2698845e-10
14.57	6.4696798e-10
14.60	1.2116730e-09
14.63	2.1573383e-09
14.67	3.6662426e-09
14.70	5.9690666e-09
14.74	9.3426005e-09
14.77	1.4102294e-08
14.80	2.0589981e-08
14.84	2.9157943e-08
14.87	4.0151116e-08
14.91	5.3889590e-08
14.94	7.0653485e-08
14.97	9.0671945e-08
15.01	1.1411738e-07
15.04	1.4110532e-07
15.08	1.7169967e-07
15.11	2.0592231e-07
15.14	2.4376594e-07
15.18	2.8520858e-07
15.21	3.3022846e-07
15.25	3.7881799e-07
15.28	4.3099610e-07
15.31	4.8681829e-07
15.35	5.4638435e-07
15.38	6.0984376e-07
15.42	6.7739910e-07
15.45	7.4930783e-07
15.48	8.2588292e-07
15.52	9.0749283e-07
15.55	9.9456103e-07
15.59	1.0875656e-06
15.62	1.1870390e-06
15.66	1.2935684e-06
15.69	1.4077964e-06
15.72	1.5304223e-06
15.76	1.6622045e-06
15.79	1.8039630e-06
15.83	1.9565830e-06
15.86	2.1210191e-06
15.89	2.2983002e-06
15.93	2.4895346e-06
15.96	2.6959170e-06
16.00	2.9187348e-06
16.03	3.1593758e-06
16.06	3.4193367e-06
16.10	3.7002322e-06
16.13	4.0038048e-06
16.17	4.3319354e-06
16.20	4.6866550e-06
16.23	5.0701573e-06
16.27	5.4848123e-06
16.30	5.9331806e-06
16.34	6.4180297e-06
16.37	6.9423508e-06
16.40	7.5093776e-06
16.44	8.1226058e-06
16.47	8.7858152e-06
16.51	9.5030926e-06
16.54	1.0278857e-05
16.58	1.1117888e-05
16.61	1.2025354e-05
16.64	1.3006843e-05
16.68	1.4068401e-05
16.71	1.5216565e-05
16.75	1.6458404e-05
16.78	1.7801567e-05
16.81	1.9254323e-05
16.85	2.0825618e-05
16.88	2.2525127e-05
16.92	2.4363314e-05
16.95	2.6351496e-05
16.98	2.8501916e-05
17.02	3.0827813e-05
17.05	3.3343508e-05
17.09	3.6064490e-05
17.12	3.9007511e-05
17.15	4.2190693e-05
17.19	4.5633632e-05
17.22	4.9357527e-05
17.26	5.3385307e-05
17.29	5.7741768e-05
17.32	6.2453734e-05
17.36	6.7550216e-05
17.39	7.3062593e-05
17.43	7.9024803e-05
17.46	8.5473556e-05
17.49	9.2448556e-05
17.53	9.9992749e-05
17.56	1.0815258e-04
17.60	1.1697830e-04
17.63	1.2652424e-04
17.67	1.3684918e-04
17.70	1.4801668e-04
17.73	1.6009551e-04
17.77	1.7316005e-04
17.80	1.8729072e-04
17.84	2.0257453e-04
17.87	2.1910560e-04
17.90	2.3698570e-04
17.94	2.5632494e-04
17.97	2.7724238e-04
18.01	2.9986684e-04
18.04	3.2433761e-04
18.07	3.5080537e-04
18.11	3.7943311e-04
18.14	4.1039710e-04
18.18	4.4388802e-04
18.21	4.8011209e-04
18.24	5.1929238e-04
18.28	5.6167016e-04
18.31	6.0750640e-04
18.35	6.5708337e-04
18.38	7.1070638e-04
18.41	7.6870567e-04
18.45	8.3143843e-04
18.48	8.9929102e-04
18.52	9.7268135e-04
18.55	1.0520614e-03
18.59	1.1379202e-03
18.62	1.2307865e-03
18.65	1.3312323e-03
18.69	1.4398764e-03
18.72	1.5573882e-03
18.76	1.6844914e-03
18.79	1.8219693e-03
18.82	1.9706688e-03
18.86	2.1315061e-03
18.89	2.3054723e-03
18.93	2.4936395e-03
18.96	2.6971673e-03
18.99	2.9173101e-03
19.03	3.1554249e-03
19.06	3.4129795e-03
19.10	3.6915617e-03
19.13	3.9928893e-03
19.16	4.3188204e-03
19.20	4.6713651e-03
19.23	5.0526980e-03
19.27	5.4651715e-03
19.30	5.9113308e-03
19.33	6.3939290e-03
19.37	6.9159451e-03
19.40	7.4806018e-03
19.44	8.0913859e-03
19.47	8.7520700e-03
19.51	9.4667359e-03
19.54	1.0239800e-02
19.57	1.1076042e-02
19.61	1.1980632e-02
19.64	1.2959167e-02
19.68	1.4017702e-02
19.71	1.5162791e-02
19.74	1.6401526e-02
19.78	1.7741583e-02
19.81	1.9191273e-02
19.85	2.0759587e-02
19.88	2.2456262e-02
19.91	2.4291837e-02
19.95	2.6277723e-02
19.98	2.8426275e-02
20.02	3.0750870e-02
20.05	3.3265996e-02
20.08	3.5987343e-02
20.12	3.8931907e-02
20.15	4.2118098e-02
20.19	4.5565862e-02
20.22	4.9296813e-02
20.25	5.3334373e-02
20.29	5.7703930e-02
20.32	6.2433006e-02
20.36	6.7551443e-02
20.39	7.3091605e-02
20.42	7.9088598e-02
20.46	8.5580512e-02
20.49	9.2608686e-02
20.53	1.0021799e-01
20.56	1.0845716e-01
20.60	1.1737913e-01
20.63	1.2704140e-01
20.66	1.3750650e-01
20.70	1.4884242e-01
20.73	1.6112313e-01
20.77	1.7442912e-01
20.80	1.8884807e-01
20.83	2.0447551e-01
20.87	2.2141558e-01
20.90	2.3978189e-01
20.94	2.5969848e-01
20.97	2.8130085e-01
21.00	3.0473714e-01
21.04	3.3016950e-01
21.07	3.5777550e-01
21.11	3.8774986e-01
21.14	4.2030630e-01
21.17	4.5567968e-01
21.21	4.9412843e-01
21.24	5.3593728e-01
21.28	5.8142043e-01
21.31	6.3092512e-01
21.34	6.8483577e-01
21.38	7.4357875e-01
21.41	8.0762791e-01
21.45	8.7751101e-01
21.48	9.5381718e-01
21.52	1.0372057e+00
21.55	1.1284166e+00
21.58	1.2282824e+00
21.62	1.3377435e+00
21.65	1.4578651e+00
21.69	1.5898587e+00
21.72	1.7351077e+00
21.75	1.8951991e+00
21.79	2.0719622e+00
21.82	2.2675171e+00
21.86	2.4843357e+00
21.89	2.7253196e+00
21.92	2.9939000e+00
21.96	3.2941697e+00
21.99	3.6310586e+00
22.03	4.0105759e+00
22.06	4.4401562e+00
22.09	4.9291899e+00
22.13	5.4899249e+00
22.16	6.1391866e+00
22.20	6.9019659e+00
22.23	7.8190866e+00
22.26	8.9630678e+00
22.30	1.0468665e+01
22.33	1.2586383e+01
22.37	1.5766510e+01
22.40	2.0775622e+01
22.43	2.8835875e+01
22.47	4.1761162e+01
22.50	6.2048448e+01
22.54	9.2874437e+01
22.57	1.3795377e+02
22.61	2.0123741e+02
22.64	2.8646521e+02
22.67	3.9662487e+02
22.71	5.3340062e+02
22.74	6.9670756e+02
22.78	8.8439981e+02
22.81	1.0922128e+03
22.84	1.3139599e+03
22.88	1.5419619e+03
22.91	1.7676495e+03
22.95	1.9822570e+03
22.98	2.1775169e+03
23.01	2.3462717e+03
23.05	2.4829388e+03
23.08	2.5837938e+03
23.12	2.6470606e+03
23.15	2.6728281e+03
23.18	2.6628267e+03
23.22	2.6201106e+03
23.25	2.5486942e+03
23.29	2.4531837e+03
23.32	2.3384372e+03
23.35	2.2092766e+03
23.39	2.0702625e+03
23.42	1.9255336e+03
23.46	1.7787077e+03
23.49	1.6328341e+03
23.53	1.4903890e+03
23.56	1.3533011e+03
23.59	1.2229979e+03
23.63	1.1004648e+03
23.66	9.8630904e+02
23.70	8.8082461e+02
23.73	7.8405319e+02
23.76	6.9584014e+02
23.80	6.1588362e+02
23.83	5.4377665e+02
23.87	4.7904216e+02
23.90	4.2116151e+02
23.93	3.6959708e+02
23.97	3.2380970e+02
24.00	2.8327177e+02
24.04	2.4747660e+02
24.07	2.1594489e+02
24.10	1.8822872e+02
24.14	1.6391375e+02
24.17	1.4262000e+02
24.21	1.2400150e+02
24.24	1.0774526e+02
24.27	9.3569628e+01
24.31	8.1222417e+01
24.34	7.0478726e+01
24.38	6.1138751e+01
24.41	5.3025564e+01
24.44	4.5982953e+01
24.48	3.9873358e+01
24.51	3.4575926e+01
24.55	2.9984704e+01
24.58	2.6006978e+01
24.62	2.2561755e+01
24.65	1.9578390e+01
24.68	1.6995346e+01
24.72	1.4759086e+01
24.75	1.2823084e+01
24.79	1.1146949e+01
24.82	9.6956443e+00
24.85	8.4388010e+00
24.89	7.3501170e+00
24.92	6.4068247e+00
24.96	5.5892270e+00
24.99	4.8802910e+00
25.02	4.2652935e+00
25.06	3.7315122e+00
25.09	3.2679567e+00
25.13	2.8651347e+00
25.16	2.5148493e+00
25.19	2.2100228e+00
25.23	1.9445443e+00
25.26	1.7131376e+00
25.30	1.5112472e+00
25.33	1.3349392e+00
25.36	1.1808164e+00
25.40	1.0459439e+00
25.43	9.2778640e-01
25.47	8.2415249e-01
25.50	7.3314777e-01
25.54	6.5313382e-01
25.57	5.8269307e-01
25.60	5.2059843e-01
25.64	4.6578714e-01
25.67	4.1733825e-01
25.71	3.7445318e-01
25.74	3.3643904e-01
25.77	3.0269414e-01
25.81	2.7269566e-01
25.84	2.4598889e-01
25.88	2.2217802e-01
25.91	2.0091819e-01
25.94	1.8190868e-01
25.98	1.6488693e-01
26.01	1.4962348e-01
26.05	1.3591760e-01
26.08	1.2359345e-01
26.11	1.1249683e-01
26.15	1.0249234e-01
26.18	9.3460923e-02
26.22	8.5297792e-02
26.25	7.7910559e-02
26.28	7.1217669e-02
26.32	6.5147028e-02
26.35	5.9634815e-02
26.39	5.4624448e-02
26.42	5.0065694e-02
26.45	4.5913887e-02
26.49	4.2129255e-02
26.52	3.8676332e-02
26.56	3.5523445e-02
26.59	3.2642265e-02
26.63	3.0007422e-02
26.66	2.7596160e-02
26.69	2.5388040e-02
26.73	2.3364680e-02
26.76	2.1509523e-02
26.80	1.9807641e-02
26.83	1.8245551e-02
26.86	1.6811066e-02
26.90	1.5493154e-02
26.93	1.4281817e-02
26.97	1.3167986e-02
27.00	1.2143423e-02
