# NeutrinoAntineutrinoInteraction/NeutrinoAntineutrinoResonanceDown interaction rates
# neutrino field: massive Cosmic Neutrino Background, T_CnuB = 1.94535456 K
# Produced with crpropa-data version: 60a1560e37035039ec25f414e0c42a2444bad49c
# log10(E/eV), 1/lambda [1/Mpc]
11.60	0.0000000e+00
11.64	0.0000000e+00
11.67	0.0000000e+00
11.70	0.0000000e+00
11.74	0.0000000e+00
11.77	0.0000000e+00
11.81	0.0000000e+00
11.84	0.0000000e+00
11.87	0.0000000e+00
11.91	0.0000000e+00
11.94	0.0000000e+00
11.98	0.0000000e+00
12.01	0.0000000e+00
12.04	0.0000000e+00
12.08	0.0000000e+00
12.11	0.0000000e+00
12.15	0.0000000e+00
12.18	0.0000000e+00
12.21	0.0000000e+00
12.25	0.0000000e+00
12.28	0.0000000e+00
12.32	0.0000000e+00
12.35	0.0000000e+00
12.38	0.0000000e+00
12.42	0.0000000e+00
12.45	0.0000000e+00
12.49	0.0000000e+00
12.52	0.0000000e+00
12.56	0.0000000e+00
12.59	0.0000000e+00
12.62	0.0000000e+00
12.66	0.0000000e+00
12.69	0.0000000e+00
12.73	0.0000000e+00
12.76	0.0000000e+00
12.79	0.0000000e+00
12.83	0.0000000e+00
12.86	0.0000000e+00
12.90	0.0000000e+00
12.93	0.0000000e+00
12.96	0.0000000e+00
13.00	0.0000000e+00
13.03	0.0000000e+00
13.07	0.0000000e+00
13.10	0.0000000e+00
13.13	0.0000000e+00
13.17	0.0000000e+00
13.20	0.0000000e+00
13.24	0.0000000e+00
13.27	0.0000000e+00
13.30	0.0000000e+00
13.34	0.0000000e+00
13.37	0.0000000e+00
13.41	0.0000000e+00
13.44	0.0000000e+00
13.47	0.0000000e+00
13.51	0.0000000e+00
13.54	0.0000000e+00
13.58	1.3105732e-272
13.61	9.0482789e-253
13.65	1.9792164e-234
13.68	1.7797455e-217
13.71	8.3704648e-202
13.75	2.5725765e-187
13.78	6.3477477e-174
13.82	1.5211264e-161
13.85	4.2211600e-150
13.88	1.5961778e-139
13.92	9.5597434e-130
13.95	1.0421542e-120
13.99	2.3517352e-112
14.02	1.2372396e-104
14.05	1.6938414e-97
14.09	6.6802087e-91
14.12	8.3372421e-85
14.16	3.5917811e-79
14.19	5.7882571e-74
14.22	3.7583912e-69
14.26	1.0531905e-64
14.29	1.3572180e-60
14.33	8.5298061e-57
14.36	2.7603479e-53
14.39	4.8365534e-50
14.43	4.8064717e-47
14.46	2.8280561e-44
14.50	1.0251109e-41
14.53	2.3748038e-39
14.57	3.6375783e-37
14.60	3.8016289e-35
14.63	2.7907435e-33
14.67	1.4782070e-31
14.70	5.7917767e-30
14.74	1.7176523e-28
14.77	3.9385997e-27
14.80	7.1215511e-26
14.84	1.0340348e-24
14.87	1.2261160e-23
14.91	1.2059310e-22
14.94	9.9806208e-22
14.97	7.0439293e-21
15.01	4.2917618e-20
15.04	2.2832550e-19
15.08	1.0718383e-18
15.11	4.4829839e-18
15.14	1.6855742e-17
15.18	5.7444087e-17
15.21	1.7879144e-16
15.25	5.1176314e-16
15.28	1.3557286e-15
15.31	3.3432835e-15
15.35	7.7151991e-15
15.38	1.6739222e-14
15.42	3.4287611e-14
15.45	6.6542158e-14
15.48	1.2270798e-13
15.52	2.1547058e-13
15.55	3.6070493e-13
15.59	5.7564528e-13
15.62	8.7449070e-13
15.66	1.2608335e-12
15.69	1.7187927e-12
15.72	2.2108878e-12
15.76	2.7006975e-12
15.79	3.1855631e-12
15.83	3.6715927e-12
15.86	4.1644575e-12
15.89	4.6694817e-12
15.93	5.1917321e-12
15.96	5.7360969e-12
16.00	6.3073580e-12
16.03	6.9102549e-12
16.06	7.5495446e-12
16.10	8.2300562e-12
16.13	8.9567430e-12
16.17	9.7347319e-12
16.20	1.0569370e-11
16.23	1.1466274e-11
16.27	1.2431373e-11
16.30	1.3470957e-11
16.34	1.4591725e-11
16.37	1.5800832e-11
16.40	1.7105938e-11
16.44	1.8515267e-11
16.47	2.0037653e-11
16.51	2.1682605e-11
16.54	2.3460368e-11
16.58	2.5381985e-11
16.61	2.7459372e-11
16.64	2.9705393e-11
16.68	3.2133937e-11
16.71	3.4760009e-11
16.75	3.7599823e-11
16.78	4.0670902e-11
16.81	4.3992185e-11
16.85	4.7584151e-11
16.88	5.1468938e-11
16.92	5.5670484e-11
16.95	6.0214675e-11
16.98	6.5129504e-11
17.02	7.0445243e-11
17.05	7.6194630e-11
17.09	8.2413073e-11
17.12	8.9138865e-11
17.15	9.6413423e-11
17.19	1.0428154e-10
17.22	1.1279166e-10
17.26	1.2199619e-10
17.29	1.3195180e-10
17.32	1.4271978e-10
17.36	1.5436644e-10
17.39	1.6696348e-10
17.43	1.8058847e-10
17.46	1.9532528e-10
17.49	2.1126466e-10
17.53	2.2850474e-10
17.56	2.4715166e-10
17.60	2.6732024e-10
17.63	2.8913464e-10
17.67	3.1272917e-10
17.70	3.3824911e-10
17.73	3.6585157e-10
17.77	3.9570650e-10
17.80	4.2799770e-10
17.84	4.6292400e-10
17.87	5.0070043e-10
17.90	5.4155957e-10
17.94	5.8575299e-10
17.97	6.3355278e-10
18.01	6.8525324e-10
18.04	7.4117269e-10
18.07	8.0165541e-10
18.11	8.6707380e-10
18.14	9.3783064e-10
18.18	1.0143616e-09
18.21	1.0971378e-09
18.24	1.1866689e-09
18.28	1.2835063e-09
18.31	1.3882461e-09
18.35	1.5015332e-09
18.38	1.6240651e-09
18.41	1.7565963e-09
18.45	1.8999428e-09
18.48	2.0549873e-09
18.52	2.2226843e-09
18.55	2.4040664e-09
18.59	2.6002505e-09
18.62	2.8124445e-09
18.65	3.0419550e-09
18.69	3.2901952e-09
18.72	3.5586936e-09
18.76	3.8491037e-09
18.79	4.1632135e-09
18.82	4.5029574e-09
18.86	4.8704275e-09
18.89	5.2678865e-09
18.93	5.6977820e-09
18.96	6.1627615e-09
18.99	6.6656884e-09
19.03	7.2096598e-09
19.06	7.7980259e-09
19.10	8.4344102e-09
19.13	9.1227320e-09
19.16	9.8672308e-09
19.20	1.0672492e-08
19.23	1.1543475e-08
19.27	1.2485546e-08
19.30	1.3504507e-08
19.33	1.4606635e-08
19.37	1.5798719e-08
19.40	1.7088104e-08
19.44	1.8482734e-08
19.47	1.9991200e-08
19.51	2.1622798e-08
19.54	2.3387582e-08
19.57	2.5296427e-08
19.61	2.7361097e-08
19.64	2.9594318e-08
19.68	3.2009855e-08
19.71	3.4622600e-08
19.74	3.7448660e-08
19.78	4.0505461e-08
19.81	4.3811854e-08
19.85	4.7388230e-08
19.88	5.1256649e-08
19.91	5.5440979e-08
19.95	5.9967037e-08
19.98	6.4862756e-08
20.02	7.0158356e-08
20.05	7.5886531e-08
20.08	8.2082657e-08
20.12	8.8785005e-08
20.15	9.6034986e-08
20.19	1.0387741e-07
20.22	1.1236076e-07
20.25	1.2153749e-07
20.29	1.3146439e-07
20.32	1.4220289e-07
20.36	1.5381949e-07
20.39	1.6638613e-07
20.42	1.7998071e-07
20.46	1.9468752e-07
20.49	2.1059781e-07
20.53	2.2781038e-07
20.56	2.4643214e-07
20.60	2.6657889e-07
20.63	2.8837598e-07
20.66	3.1195916e-07
20.70	3.3747543e-07
20.73	3.6508401e-07
20.77	3.9495736e-07
20.80	4.2728230e-07
20.83	4.6226126e-07
20.87	5.0011356e-07
20.90	5.4107692e-07
20.94	5.8540900e-07
20.97	6.3338912e-07
21.00	6.8532017e-07
21.04	7.4153063e-07
21.07	8.0237687e-07
21.11	8.6824550e-07
21.14	9.3955616e-07
21.17	1.0167644e-06
21.21	1.1003649e-06
21.24	1.1908951e-06
21.28	1.2889389e-06
21.31	1.3951312e-06
21.34	1.5101621e-06
21.38	1.6347829e-06
21.41	1.7698111e-06
21.45	1.9161370e-06
21.48	2.0747307e-06
21.52	2.2466499e-06
21.55	2.4330486e-06
21.58	2.6351864e-06
21.62	2.8544397e-06
21.65	3.0923131e-06
21.69	3.3504534e-06
21.72	3.6306641e-06
21.75	3.9349225e-06
21.79	4.2653989e-06
21.82	4.6244777e-06
21.86	5.0147824e-06
21.89	5.4392024e-06
21.92	5.9009254e-06
21.96	6.4034728e-06
21.99	6.9507412e-06
22.03	7.5470498e-06
22.06	8.1971951e-06
22.09	8.9065142e-06
22.13	9.6809586e-06
22.16	1.0527180e-05
22.20	1.1452630e-05
22.23	1.2465679e-05
22.26	1.3575757e-05
22.30	1.4793517e-05
22.33	1.6131035e-05
22.37	1.7602043e-05
22.40	1.9222221e-05
22.43	2.1009538e-05
22.47	2.2984675e-05
22.50	2.5171548e-05
22.54	2.7597947e-05
22.57	3.0296340e-05
22.61	3.3304878e-05
22.64	3.6668674e-05
22.67	4.0441446e-05
22.71	4.4687642e-05
22.74	4.9485234e-05
22.78	5.4929437e-05
22.81	6.1137761e-05
22.84	6.8256983e-05
22.88	7.6473089e-05
22.91	8.6026004e-05
22.95	9.7232944e-05
22.98	1.1052911e-04
23.01	1.2654675e-04
23.05	1.4628191e-04
23.08	1.7145697e-04
23.12	2.0529177e-04
23.15	2.5405488e-04
23.18	3.2995443e-04
23.22	4.5606801e-04
23.25	6.7395502e-04
23.29	1.0541394e-03
23.32	1.7085698e-03
23.35	2.8022565e-03
23.39	4.5583978e-03
23.42	7.2473030e-03
23.46	1.1144301e-02
23.49	1.6436361e-02
23.53	2.3055746e-02
23.56	3.0437540e-02
23.59	3.7277152e-02
23.63	4.1562658e-02
23.66	4.1428354e-02
23.70	3.7334374e-02
23.73	3.2497229e-02
23.76	2.8090757e-02
23.80	2.4214372e-02
23.83	2.0842150e-02
23.87	1.7923684e-02
23.90	1.5405154e-02
23.93	1.3235581e-02
23.97	1.1368777e-02
24.00	9.7637699e-03
24.04	8.3846241e-03
24.07	7.2000384e-03
24.10	6.1828668e-03
24.14	5.3096354e-03
24.17	4.5600880e-03
24.21	3.9167704e-03
24.24	3.3646603e-03
24.27	2.8908383e-03
24.31	2.4842016e-03
24.34	2.1352130e-03
24.38	1.8356833e-03
24.41	1.5785833e-03
24.44	1.3578809e-03
24.48	1.1684008e-03
24.51	1.0057033e-03
24.55	8.6598052e-04
24.58	7.4596649e-04
24.62	6.4286053e-04
24.65	5.5426090e-04
24.68	4.7810811e-04
24.72	4.1263612e-04
24.75	3.5633060e-04
24.79	3.0789295e-04
24.82	2.6620958e-04
24.85	2.3032551e-04
24.89	1.9942169e-04
24.92	1.7279566e-04
24.96	1.4984484e-04
24.99	1.3005232e-04
25.02	1.1297462e-04
25.06	9.8231192e-05
25.09	8.5495465e-05
25.13	7.4487137e-05
25.16	6.4965577e-05
25.19	5.6724171e-05
25.23	4.9585479e-05
25.26	4.3397079e-05
25.30	3.8028008e-05
25.33	3.3365713e-05
25.36	2.9313433e-05
25.40	2.5787959e-05
25.43	2.2717711e-05
25.47	2.0041095e-05
25.50	1.7705083e-05
25.54	1.5664008e-05
25.57	1.3878525e-05
25.60	1.2314716e-05
25.64	1.0943331e-05
25.67	9.7391304e-06
25.71	8.6803218e-06
25.74	7.7480799e-06
25.77	6.9261308e-06
25.81	6.2003969e-06
25.84	5.5586920e-06
25.88	4.9904589e-06
25.91	4.4865443e-06
25.94	4.0390058e-06
25.98	3.6409451e-06
26.01	3.2863653e-06
26.05	2.9700484e-06
26.08	2.6874489e-06
26.11	2.4346033e-06
26.15	2.2080519e-06
26.18	2.0047706e-06
26.22	1.8221138e-06
26.25	1.6577634e-06
26.28	1.5096862e-06
26.32	1.3760961e-06
26.35	1.2554226e-06
26.39	1.1462821e-06
26.42	1.0474545e-06
26.45	9.5786223e-07
26.49	8.7655211e-07
26.52	8.0267982e-07
26.56	7.3549640e-07
26.59	6.7433643e-07
26.63	6.1860787e-07
26.66	5.6778319e-07
26.69	5.2139161e-07
26.73	4.7901240e-07
26.76	4.4026901e-07
26.80	4.0482394e-07
26.83	3.7237425e-07
26.86	3.4264766e-07
26.90	3.1539911e-07
26.93	2.9040773e-07
26.97	2.6747420e-07
27.00	2.4641841e-07
