# NeutrinoAntineutrinoInteraction/NeutrinoAntineutrinoResonanceDown interaction rates
# neutrino field: massive Cosmic Neutrino Background, T_CnuB = 1.94535456 K
# Produced with crpropa-data version: 60a1560e37035039ec25f414e0c42a2444bad49c
# log10(E/eV), 1/lambda [1/Mpc]
11.19	0.0000000e+00
11.23	0.0000000e+00
11.26	0.0000000e+00
11.29	0.0000000e+00
11.33	0.0000000e+00
11.36	0.0000000e+00
11.40	0.0000000e+00
11.43	0.0000000e+00
11.46	0.0000000e+00
11.50	0.0000000e+00
11.53	0.0000000e+00
11.57	0.0000000e+00
11.60	0.0000000e+00
11.64	0.0000000e+00
11.67	0.0000000e+00
11.70	0.0000000e+00
11.74	0.0000000e+00
11.77	0.0000000e+00
11.81	0.0000000e+00
11.84	0.0000000e+00
11.87	0.0000000e+00
11.91	0.0000000e+00
11.94	0.0000000e+00
11.98	0.0000000e+00
12.01	0.0000000e+00
12.04	0.0000000e+00
12.08	0.0000000e+00
12.11	0.0000000e+00
12.15	0.0000000e+00
12.18	0.0000000e+00
12.21	0.0000000e+00
12.25	0.0000000e+00
12.28	0.0000000e+00
12.32	0.0000000e+00
12.35	0.0000000e+00
12.38	0.0000000e+00
12.42	0.0000000e+00
12.45	0.0000000e+00
12.49	0.0000000e+00
12.52	0.0000000e+00
12.56	0.0000000e+00
12.59	0.0000000e+00
12.62	0.0000000e+00
12.66	0.0000000e+00
12.69	0.0000000e+00
12.73	0.0000000e+00
12.76	0.0000000e+00
12.79	0.0000000e+00
12.83	0.0000000e+00
12.86	0.0000000e+00
12.90	0.0000000e+00
12.93	0.0000000e+00
12.96	0.0000000e+00
13.00	0.0000000e+00
13.03	0.0000000e+00
13.07	0.0000000e+00
13.10	0.0000000e+00
13.13	0.0000000e+00
13.17	8.0634092e-260
13.20	9.5565649e-241
13.24	4.1047646e-223
13.27	8.2081955e-207
13.30	9.6327125e-192
13.34	8.2182128e-178
13.37	6.2131354e-165
13.41	4.9985651e-153
13.44	5.0685815e-142
13.47	7.5753202e-132
13.51	1.9285720e-122
13.54	9.5610249e-114
13.58	1.0445869e-105
13.61	2.8200000e-98
13.65	2.0910847e-91
13.68	4.6968783e-85
13.71	3.4983580e-79
13.75	9.3947499e-74
13.78	9.8285872e-69
13.82	4.3030611e-64
13.85	8.4237975e-60
13.88	7.8395325e-56
13.92	3.6706232e-52
13.95	9.1123627e-49
13.99	1.2590299e-45
14.02	1.0126380e-42
14.05	4.9423225e-40
14.09	1.5211366e-37
14.12	3.0593210e-35
14.16	4.1553973e-33
14.19	3.9298838e-31
14.22	2.6619092e-29
14.26	1.3255953e-27
14.29	4.9722083e-26
14.33	1.4366304e-24
14.36	3.2644639e-23
14.39	5.9469163e-22
14.43	8.8410047e-21
14.46	1.0903704e-19
14.50	1.1326455e-18
14.53	1.0049141e-17
14.57	7.7135152e-17
14.60	5.1827378e-16
14.63	3.0808484e-15
14.67	1.6357627e-14
14.70	7.8220650e-14
14.74	3.3922427e-13
14.77	1.3411636e-12
14.80	4.8476521e-12
14.84	1.6003564e-11
14.87	4.7873814e-11
14.91	1.2688534e-10
14.94	2.8277824e-10
14.97	4.9060550e-10
15.01	6.9390344e-10
15.04	8.9008523e-10
15.08	1.0820123e-09
15.11	1.2722798e-09
15.14	1.4632674e-09
15.18	1.6571838e-09
15.21	1.8561058e-09
15.25	2.0620127e-09
15.28	2.2768173e-09
15.31	2.5023935e-09
15.35	2.7406014e-09
15.38	2.9933107e-09
15.42	3.2624214e-09
15.45	3.5498850e-09
15.48	3.8577228e-09
15.52	4.1880452e-09
15.55	4.5430699e-09
15.59	4.9251399e-09
15.62	5.3367417e-09
15.66	5.7805243e-09
15.69	6.2593181e-09
15.72	6.7761550e-09
15.76	7.3342886e-09
15.79	7.9372166e-09
15.83	8.5887035e-09
15.86	9.2928052e-09
15.89	1.0053895e-08
15.93	1.0876691e-08
15.96	1.1766287e-08
16.00	1.2728185e-08
16.03	1.3768326e-08
16.06	1.4893133e-08
16.10	1.6109545e-08
16.13	1.7425064e-08
16.17	1.8847800e-08
16.20	2.0386522e-08
16.23	2.2050713e-08
16.27	2.3850623e-08
16.30	2.5797342e-08
16.34	2.7902859e-08
16.37	3.0180141e-08
16.40	3.2643214e-08
16.44	3.5307245e-08
16.47	3.8188639e-08
16.51	4.1305137e-08
16.54	4.4675929e-08
16.58	4.8321770e-08
16.61	5.2265108e-08
16.64	5.6530222e-08
16.68	6.1143372e-08
16.71	6.6132963e-08
16.75	7.1529714e-08
16.78	7.7366853e-08
16.81	8.3680317e-08
16.85	9.0508979e-08
16.88	9.7894881e-08
16.92	1.0588350e-07
16.95	1.1452401e-07
16.98	1.2386962e-07
17.02	1.3397787e-07
17.05	1.4491100e-07
17.09	1.5673630e-07
17.12	1.6952660e-07
17.15	1.8336064e-07
17.19	1.9832359e-07
17.22	2.1450758e-07
17.26	2.3201225e-07
17.29	2.5094537e-07
17.32	2.7142352e-07
17.36	2.9357278e-07
17.39	3.1752951e-07
17.43	3.4344122e-07
17.46	3.7146744e-07
17.49	4.0178073e-07
17.53	4.3456773e-07
17.56	4.7003031e-07
17.60	5.0838681e-07
17.63	5.4987341e-07
17.67	5.9474553e-07
17.70	6.4327945e-07
17.73	6.9577400e-07
17.77	7.5255239e-07
17.80	8.1396423e-07
17.84	8.8038763e-07
17.87	9.5223159e-07
17.90	1.0299385e-06
17.94	1.1139867e-06
17.97	1.2048939e-06
18.01	1.3032198e-06
18.04	1.4095697e-06
18.07	1.5245986e-06
18.11	1.6490148e-06
18.14	1.7835844e-06
18.18	1.9291360e-06
18.21	2.0865660e-06
18.24	2.2568437e-06
18.28	2.4410179e-06
18.31	2.6402225e-06
18.35	2.8556845e-06
18.38	3.0887307e-06
18.41	3.3407963e-06
18.45	3.6134337e-06
18.48	3.9083222e-06
18.52	4.2272778e-06
18.55	4.5722652e-06
18.59	4.9454092e-06
18.62	5.3490084e-06
18.65	5.7855488e-06
18.69	6.2577195e-06
18.72	6.7684295e-06
18.76	7.3208250e-06
18.79	7.9183094e-06
18.82	8.5645642e-06
18.86	9.2635713e-06
18.89	1.0019638e-05
18.93	1.0837424e-05
18.96	1.1721969e-05
18.99	1.2678726e-05
19.03	1.3713591e-05
19.06	1.4832946e-05
19.10	1.6043690e-05
19.13	1.7353291e-05
19.16	1.8769824e-05
19.20	2.0302025e-05
19.23	2.1959348e-05
19.27	2.3752017e-05
19.30	2.5691094e-05
19.33	2.7788547e-05
19.37	3.0057325e-05
19.40	3.2511436e-05
19.44	3.5166036e-05
19.47	3.8037524e-05
19.51	4.1143644e-05
19.54	4.4503594e-05
19.57	4.8138150e-05
19.61	5.2069792e-05
19.64	5.6322848e-05
19.68	6.0923643e-05
19.71	6.5900670e-05
19.74	7.1284764e-05
19.78	7.7109302e-05
19.81	8.3410408e-05
19.85	9.0227189e-05
19.88	9.7601977e-05
19.91	1.0558060e-04
19.95	1.1421269e-04
19.98	1.2355196e-04
20.02	1.3365660e-04
20.05	1.4458962e-04
20.08	1.5641927e-04
20.12	1.6921947e-04
20.15	1.8307031e-04
20.19	1.9805857e-04
20.22	2.1427828e-04
20.25	2.3183136e-04
20.29	2.5082829e-04
20.32	2.7138885e-04
20.36	2.9364293e-04
20.39	3.1773139e-04
20.42	3.4380710e-04
20.46	3.7203588e-04
20.49	4.0259775e-04
20.53	4.3568817e-04
20.56	4.7151940e-04
20.60	5.1032205e-04
20.63	5.5234674e-04
20.66	5.9786596e-04
20.70	6.4717608e-04
20.73	7.0059959e-04
20.77	7.5848760e-04
20.80	8.2122252e-04
20.83	8.8922116e-04
20.87	9.6293800e-04
20.90	1.0428690e-03
20.94	1.1295558e-03
20.97	1.2235901e-03
21.00	1.3256192e-03
21.04	1.4363516e-03
21.07	1.5565635e-03
21.11	1.6871062e-03
21.14	1.8289145e-03
21.17	1.9830155e-03
21.21	2.1505400e-03
21.24	2.3327338e-03
21.28	2.5309718e-03
21.31	2.7467735e-03
21.34	2.9818213e-03
21.38	3.2379806e-03
21.41	3.5173240e-03
21.45	3.8221590e-03
21.48	4.1550595e-03
21.52	4.5189040e-03
21.55	4.9169187e-03
21.58	5.3527293e-03
21.62	5.8304219e-03
21.65	6.3546149e-03
21.69	6.9305448e-03
21.72	7.5641694e-03
21.75	8.2622917e-03
21.79	9.0327094e-03
21.82	9.8843975e-03
21.86	1.0827732e-02
21.89	1.1874766e-02
21.92	1.3039571e-02
21.96	1.4338664e-02
21.99	1.5791551e-02
22.03	1.7421409e-02
22.06	1.9255971e-02
22.09	2.1328664e-02
22.13	2.3680110e-02
22.16	2.6360115e-02
22.20	2.9430334e-02
22.23	3.2967925e-02
22.26	3.7070596e-02
22.30	4.1863751e-02
22.33	4.7510781e-02
22.37	5.4228284e-02
22.40	6.2309192e-02
22.43	7.2159210e-02
22.47	8.4357008e-02
22.50	9.9760761e-02
22.54	1.1971693e-01
22.57	1.4652685e-01
22.61	1.8463094e-01
22.64	2.4386179e-01
22.67	3.4851114e-01
22.71	5.6154774e-01
22.74	1.0434410e+00
22.78	2.1721888e+00
22.81	4.7031646e+00
22.84	9.6439403e+00
22.88	1.6643797e+01
22.91	2.0706108e+01
22.95	1.9237828e+01
22.98	1.6878887e+01
23.01	1.4644372e+01
23.05	1.2649580e+01
23.08	1.0901720e+01
23.12	9.3828733e+00
23.15	8.0688365e+00
23.18	6.9349641e+00
23.22	5.9581926e+00
23.25	5.1177067e+00
23.29	4.3950639e+00
23.32	3.7740956e+00
23.35	3.2407184e+00
23.39	2.7827170e+00
23.42	2.3895274e+00
23.46	2.0520320e+00
23.49	1.7623736e+00
23.53	1.5137889e+00
23.56	1.3004609e+00
23.59	1.1173898e+00
23.63	9.6028075e-01
23.66	8.2544570e-01
23.70	7.0971885e-01
23.73	6.1038337e-01
23.76	5.2510823e-01
23.80	4.5189376e-01
23.83	3.8902477e-01
23.87	3.3503025e-01
23.90	2.8864868e-01
23.93	2.4879828e-01
23.97	2.1455143e-01
24.00	1.8511270e-01
24.04	1.5980005e-01
24.07	1.3802863e-01
24.10	1.1929693e-01
24.14	1.0317487e-01
24.17	8.9293628e-02
24.21	7.7336884e-02
24.24	6.7033325e-02
24.27	5.8150219e-02
24.31	5.0487910e-02
24.34	4.3875094e-02
24.38	3.8164774e-02
24.41	3.3230794e-02
24.44	2.8964862e-02
24.48	2.5274008e-02
24.51	2.2078399e-02
24.55	1.9309467e-02
24.58	1.6908307e-02
24.62	1.4824300e-02
24.65	1.3013940e-02
24.68	1.1439819e-02
24.72	1.0069764e-02
24.75	8.8760967e-03
24.79	7.8349928e-03
24.82	6.9259405e-03
24.85	6.1312712e-03
24.89	5.4357592e-03
24.92	4.8262769e-03
24.96	4.2915005e-03
24.99	3.8216565e-03
25.02	3.4083043e-03
25.06	3.0441507e-03
25.09	2.7228888e-03
25.13	2.4390616e-03
25.16	2.1879436e-03
25.19	1.9654397e-03
25.23	1.7679982e-03
25.26	1.5925360e-03
25.30	1.4363742e-03
25.33	1.2971834e-03
25.36	1.1729353e-03
25.40	1.0618628e-03
25.43	9.6242392e-04
25.47	8.7327222e-04
25.50	7.9323027e-04
25.54	7.2126730e-04
25.57	6.5647982e-04
25.60	5.9807483e-04
25.64	5.4535544e-04
25.67	4.9770836e-04
25.71	4.5459313e-04
25.74	4.1553281e-04
25.77	3.8010587e-04
25.81	3.4793928e-04
25.84	3.1870239e-04
25.88	2.9210170e-04
25.91	2.6787628e-04
25.94	2.4579385e-04
25.98	2.2564729e-04
26.01	2.0725166e-04
26.05	1.9044156e-04
26.08	1.7506889e-04
26.11	1.6100082e-04
26.15	1.4811806e-04
26.18	1.3631331e-04
26.22	1.2548997e-04
26.25	1.1556089e-04
26.28	1.0644742e-04
26.32	9.8078437e-05
26.35	9.0389568e-05
26.39	8.3322483e-05
26.42	7.6824261e-05
26.45	7.0846841e-05
26.49	6.5346531e-05
26.52	6.0283566e-05
26.56	5.5621727e-05
26.59	5.1327989e-05
26.63	4.7372221e-05
26.66	4.3726901e-05
26.69	4.0366878e-05
26.73	3.7269148e-05
26.76	3.4412653e-05
26.80	3.1778109e-05
26.83	2.9347843e-05
26.86	2.7105649e-05
26.90	2.5036656e-05
26.93	2.3127216e-05
26.97	2.1364793e-05
27.00	1.9737869e-05
