# NeutrinoAntineutrinoInteraction/NeutrinoAntineutrinoResonanceDown interaction rates
# neutrino field: massive Cosmic Neutrino Background, T_CnuB = 1.94535456 K
# Produced with crpropa-data version: 60a1560e37035039ec25f414e0c42a2444bad49c
# log10(E/eV), 1/lambda [1/Mpc]
10.95	0.0000000e+00
10.99	0.0000000e+00
11.02	0.0000000e+00
11.06	0.0000000e+00
11.09	0.0000000e+00
11.12	0.0000000e+00
11.16	0.0000000e+00
11.19	0.0000000e+00
11.23	0.0000000e+00
11.26	0.0000000e+00
11.29	0.0000000e+00
11.33	0.0000000e+00
11.36	0.0000000e+00
11.40	0.0000000e+00
11.43	0.0000000e+00
11.46	0.0000000e+00
11.50	0.0000000e+00
11.53	0.0000000e+00
11.57	0.0000000e+00
11.60	0.0000000e+00
11.64	0.0000000e+00
11.67	0.0000000e+00
11.70	0.0000000e+00
11.74	0.0000000e+00
11.77	0.0000000e+00
11.81	0.0000000e+00
11.84	0.0000000e+00
11.87	0.0000000e+00
11.91	0.0000000e+00
11.94	0.0000000e+00
11.98	0.0000000e+00
12.01	0.0000000e+00
12.04	0.0000000e+00
12.08	0.0000000e+00
12.11	0.0000000e+00
12.15	0.0000000e+00
12.18	0.0000000e+00
12.21	0.0000000e+00
12.25	0.0000000e+00
12.28	0.0000000e+00
12.32	0.0000000e+00
12.35	0.0000000e+00
12.38	0.0000000e+00
12.42	0.0000000e+00
12.45	0.0000000e+00
12.49	0.0000000e+00
12.52	0.0000000e+00
12.56	0.0000000e+00
12.59	0.0000000e+00
12.62	0.0000000e+00
12.66	0.0000000e+00
12.69	0.0000000e+00
12.73	0.0000000e+00
12.76	0.0000000e+00
12.79	0.0000000e+00
12.83	0.0000000e+00
12.86	0.0000000e+00
12.90	0.0000000e+00
12.93	0.0000000e+00
12.96	6.7775812e-255
13.00	4.1527996e-236
13.03	9.6744376e-219
13.07	1.0966408e-202
13.10	7.5981788e-188
13.13	3.9732020e-174
13.17	1.9055843e-161
13.20	1.0038171e-149
13.24	6.8611442e-139
13.27	7.0985603e-129
13.30	1.2818693e-119
13.34	4.6091149e-111
13.37	3.7271500e-103
13.41	7.5860795e-96
13.44	4.3126686e-89
13.47	7.5397970e-83
13.51	4.4310006e-77
13.54	9.5038858e-72
13.58	8.0277055e-67
13.61	2.8649321e-62
13.65	4.6100760e-58
13.68	3.5520661e-54
13.71	1.3853912e-50
13.75	2.8793933e-47
13.78	3.3442784e-44
13.82	2.2680694e-41
13.85	9.3541381e-39
13.88	2.4358793e-36
13.92	4.1466157e-34
13.95	4.7649957e-32
13.99	3.8076390e-30
14.02	2.1746820e-28
14.05	9.1055585e-27
14.09	2.8614223e-25
14.12	6.8968059e-24
14.16	1.3008321e-22
14.19	1.9559700e-21
14.22	2.3852011e-20
14.26	2.3966424e-19
14.29	2.0135957e-18
14.33	1.4339319e-17
14.36	8.7644690e-17
14.39	4.6516594e-16
14.43	2.1669131e-15
14.46	8.9483465e-15
14.50	3.3060164e-14
14.53	1.1021041e-13
14.57	3.3412890e-13
14.60	9.2798806e-13
14.63	2.3770313e-12
14.67	5.6506798e-12
14.70	1.2538545e-11
14.74	2.6109282e-11
14.77	5.1273395e-11
14.80	9.5395177e-11
14.84	1.6886415e-10
14.87	2.8551377e-10
14.91	4.6277441e-10
14.94	7.2147294e-10
14.97	1.0852387e-09
15.01	1.5795372e-09
15.04	2.2304131e-09
15.08	3.0630753e-09
15.11	4.1004830e-09
15.14	5.3620958e-09
15.18	6.8629301e-09
15.21	8.6130235e-09
15.25	1.0617358e-08
15.28	1.2876238e-08
15.31	1.5386068e-08
15.35	1.8140448e-08
15.38	2.1131457e-08
15.42	2.4351021e-08
15.45	2.7792243e-08
15.48	3.1450608e-08
15.52	3.5325005e-08
15.55	3.9418518e-08
15.59	4.3738997e-08
15.62	4.8299417e-08
15.66	5.3118073e-08
15.69	5.8218665e-08
15.72	6.3630412e-08
15.76	6.9388665e-08
15.79	7.5534660e-08
15.83	8.2111968e-08
15.86	8.9165982e-08
15.89	9.6744317e-08
15.93	1.0489721e-07
15.96	1.1367792e-07
16.00	1.2314312e-07
16.03	1.3335332e-07
16.06	1.4437329e-07
16.10	1.5627251e-07
16.13	1.6912565e-07
16.17	1.8301302e-07
16.20	1.9802115e-07
16.23	2.1424331e-07
16.27	2.3178012e-07
16.30	2.5074020e-07
16.34	2.7124081e-07
16.37	2.9340864e-07
16.40	3.1738057e-07
16.44	3.4330453e-07
16.47	3.7134042e-07
16.51	4.0166109e-07
16.54	4.3445344e-07
16.58	4.6991953e-07
16.61	5.0827790e-07
16.64	5.4976482e-07
16.68	5.9463583e-07
16.71	6.4316731e-07
16.75	6.9565811e-07
16.78	7.5243150e-07
16.81	8.1383706e-07
16.85	8.8025292e-07
16.88	9.5208802e-07
16.92	1.0297847e-06
16.95	1.1138213e-06
16.98	1.2047153e-06
17.02	1.3030262e-06
17.05	1.4093595e-06
17.09	1.5243698e-06
17.12	1.6487652e-06
17.15	1.7833116e-06
17.19	1.9288374e-06
17.22	2.0862385e-06
17.26	2.2564842e-06
17.29	2.4406224e-06
17.32	2.6397871e-06
17.36	2.8552043e-06
17.39	3.0882004e-06
17.43	3.3402100e-06
17.46	3.6127845e-06
17.49	3.9076023e-06
17.53	4.2264785e-06
17.56	4.5713763e-06
17.60	4.9444193e-06
17.63	5.3479043e-06
17.67	5.7843156e-06
17.70	6.2563400e-06
17.73	6.7668839e-06
17.77	7.3190906e-06
17.80	7.9163601e-06
17.84	8.5623699e-06
17.87	9.2610974e-06
17.90	1.0016845e-05
17.94	1.0834265e-05
17.97	1.1718392e-05
18.01	1.2674669e-05
18.04	1.3708983e-05
18.07	1.4827704e-05
18.11	1.6037719e-05
18.14	1.7346480e-05
18.18	1.8762045e-05
18.21	2.0293129e-05
18.24	2.1949162e-05
18.28	2.3740339e-05
18.31	2.5677691e-05
18.35	2.7773147e-05
18.38	3.0039611e-05
18.41	3.2491038e-05
18.45	3.5142526e-05
18.48	3.8010402e-05
18.52	4.1112328e-05
18.55	4.4467405e-05
18.59	4.8096296e-05
18.62	5.2021350e-05
18.65	5.6266740e-05
18.69	6.0858614e-05
18.72	6.5825252e-05
18.76	7.1197247e-05
18.79	7.7007687e-05
18.82	8.3292362e-05
18.86	9.0089986e-05
18.89	9.7442433e-05
18.93	1.0539500e-04
18.96	1.1399668e-04
18.99	1.2330047e-04
19.03	1.3336369e-04
19.06	1.4424835e-04
19.10	1.5602154e-04
19.13	1.6875579e-04
19.16	1.8252961e-04
19.20	1.9742788e-04
19.23	2.1354244e-04
19.27	2.3097265e-04
19.30	2.4982597e-04
19.33	2.7021866e-04
19.37	2.9227648e-04
19.40	3.1613548e-04
19.44	3.4194286e-04
19.47	3.6985785e-04
19.51	4.0005270e-04
19.54	4.3271378e-04
19.57	4.6804274e-04
19.61	5.0625772e-04
19.64	5.4759474e-04
19.68	5.9230919e-04
19.71	6.4067739e-04
19.74	6.9299832e-04
19.78	7.4959551e-04
19.81	8.1081907e-04
19.85	8.7704784e-04
19.88	9.4869183e-04
19.91	1.0261948e-03
19.95	1.1100369e-03
19.98	1.2007380e-03
20.02	1.2988607e-03
20.05	1.4050141e-03
20.08	1.5198575e-03
20.12	1.6441047e-03
20.15	1.7785286e-03
20.19	1.9239661e-03
20.22	2.0813234e-03
20.25	2.2515820e-03
20.29	2.4358050e-03
20.32	2.6351440e-03
20.36	2.8508467e-03
20.39	3.0842649e-03
20.42	3.3368635e-03
20.46	3.6102305e-03
20.49	3.9060873e-03
20.53	4.2263001e-03
20.56	4.5728929e-03
20.60	4.9480611e-03
20.63	5.3541866e-03
20.66	5.7938544e-03
20.70	6.2698702e-03
20.73	6.7852808e-03
20.77	7.3433955e-03
20.80	7.9478098e-03
20.83	8.6024321e-03
20.87	9.3115118e-03
20.90	1.0079672e-02
20.94	1.0911944e-02
20.97	1.1813806e-02
21.00	1.2791227e-02
21.04	1.3850713e-02
21.07	1.4999362e-02
21.11	1.6244919e-02
21.14	1.7595846e-02
21.17	1.9061394e-02
21.21	2.0651684e-02
21.24	2.2377797e-02
21.28	2.4251884e-02
21.31	2.6287276e-02
21.34	2.8498621e-02
21.38	3.0902028e-02
21.41	3.3515242e-02
21.45	3.6357838e-02
21.48	3.9451436e-02
21.52	4.2819964e-02
21.55	4.6489945e-02
21.58	5.0490839e-02
21.62	5.4855433e-02
21.65	5.9620305e-02
21.69	6.4826353e-02
21.72	7.0519431e-02
21.75	7.6751094e-02
21.79	8.3579482e-02
21.82	9.1070381e-02
21.86	9.9298493e-02
21.89	1.0834898e-01
21.92	1.1831933e-01
21.96	1.2932167e-01
21.99	1.4148562e-01
22.03	1.5496185e-01
22.06	1.6992659e-01
22.09	1.8658739e-01
22.13	2.0519054e-01
22.16	2.2603098e-01
22.20	2.4946539e-01
22.23	2.7593055e-01
22.26	3.0596969e-01
22.30	3.4027357e-01
22.33	3.7975136e-01
22.37	4.2566835e-01
22.40	4.7993480e-01
22.43	5.4572185e-01
22.47	6.2872385e-01
22.50	7.3955907e-01
22.54	8.9791851e-01
22.57	1.1389881e+00
22.61	1.5222217e+00
22.64	2.1416583e+00
22.67	3.1357873e+00
22.71	4.6938445e+00
22.74	7.0548856e+00
22.78	1.0496479e+01
22.81	1.5311530e+01
22.84	2.1774294e+01
22.88	3.0099407e+01
22.91	4.0399984e+01
22.95	5.2651794e+01
22.98	6.6670080e+01
23.01	8.2103719e+01
23.05	9.8448684e+01
23.08	1.1507976e+02
23.12	1.3129676e+02
23.15	1.4637958e+02
23.18	1.5964530e+02
23.22	1.7050100e+02
23.25	1.7848651e+02
23.29	1.8330339e+02
23.32	1.8482811e+02
23.35	1.8310989e+02
23.39	1.7835493e+02
23.42	1.7090036e+02
23.46	1.6118184e+02
23.49	1.4969865e+02
23.53	1.3697997e+02
23.56	1.2355515e+02
23.59	1.0993045e+02
23.63	9.6574405e+01
23.66	8.3916790e+01
23.70	7.2376710e+01
23.73	6.2263575e+01
23.76	5.3523150e+01
23.80	4.5993350e+01
23.83	3.9515753e+01
23.87	3.3947829e+01
23.90	2.9164245e+01
23.93	2.5055864e+01
23.97	2.1528138e+01
24.00	1.8499411e+01
24.04	1.5899297e+01
24.07	1.3667207e+01
24.10	1.1751034e+01
24.14	1.0105998e+01
24.17	8.6936361e+00
24.21	7.4809219e+00
24.24	6.4395091e+00
24.27	5.5450722e+00
24.31	4.7767403e+00
24.34	4.1166093e+00
24.38	3.5493213e+00
24.41	3.0617041e+00
24.44	2.6424599e+00
24.48	2.2818994e+00
24.51	1.9717128e+00
24.55	1.7047729e+00
24.58	1.4749670e+00
24.62	1.2770522e+00
24.65	1.1065313e+00
24.68	9.5954645e-01
24.72	8.3278785e-01
24.75	7.2341581e-01
24.79	6.2899353e-01
24.82	5.4742973e-01
24.85	4.7692932e-01
24.89	4.1595123e-01
24.92	3.6317224e-01
24.96	3.1745590e-01
24.99	2.7782598e-01
25.02	2.4344369e-01
25.06	2.1358813e-01
25.09	1.8763955e-01
25.13	1.6506498e-01
25.16	1.4540596e-01
25.19	1.2826794e-01
25.23	1.1331129e-01
25.26	1.0024350e-01
25.30	8.8812559e-02
25.33	7.8801220e-02
25.36	7.0022133e-02
25.40	6.2313636e-02
25.43	5.5536157e-02
25.47	4.9569119e-02
25.50	4.4308293e-02
25.54	3.9663517e-02
25.57	3.5556744e-02
25.60	3.1920363e-02
25.64	2.8695754e-02
25.67	2.5832053e-02
25.71	2.3285085e-02
25.74	2.1016448e-02
25.77	1.8992729e-02
25.81	1.7184821e-02
25.84	1.5567347e-02
25.88	1.4118153e-02
25.91	1.2817881e-02
25.94	1.1649590e-02
25.98	1.0598440e-02
26.01	9.6514162e-03
26.05	8.7970852e-03
26.08	8.0253927e-03
26.11	7.3274837e-03
26.15	6.6955489e-03
26.18	6.1226914e-03
26.22	5.6028113e-03
26.25	5.1305053e-03
26.28	4.7009807e-03
26.32	4.3099798e-03
26.35	3.9537143e-03
26.39	3.6288092e-03
26.42	3.3322524e-03
26.45	3.0613525e-03
26.49	2.8137006e-03
26.52	2.5871379e-03
26.56	2.3797265e-03
26.59	2.1897251e-03
26.63	2.0155662e-03
26.66	1.8558372e-03
26.69	1.7092636e-03
26.73	1.5746935e-03
26.76	1.4510853e-03
26.80	1.3374951e-03
26.83	1.2330675e-03
26.86	1.1370257e-03
26.90	1.0486640e-03
26.93	9.6734033e-04
26.97	8.9247016e-04
27.00	8.2352080e-04
