# NeutrinoAntineutrinoInteraction/NeutrinoAntineutrinoResonanceDown interaction rates
# neutrino field: massive Cosmic Neutrino Background, T_CnuB = 1.94535456 K
# Produced with crpropa-data version: 60a1560e37035039ec25f414e0c42a2444bad49c
# log10(E/eV), 1/lambda [1/Mpc]
11.60	0.0000000e+00
11.64	0.0000000e+00
11.67	0.0000000e+00
11.70	0.0000000e+00
11.74	0.0000000e+00
11.77	0.0000000e+00
11.81	0.0000000e+00
11.84	0.0000000e+00
11.87	0.0000000e+00
11.91	0.0000000e+00
11.94	0.0000000e+00
11.98	0.0000000e+00
12.01	0.0000000e+00
12.04	0.0000000e+00
12.08	0.0000000e+00
12.11	0.0000000e+00
12.15	0.0000000e+00
12.18	0.0000000e+00
12.21	0.0000000e+00
12.25	0.0000000e+00
12.28	0.0000000e+00
12.32	0.0000000e+00
12.35	0.0000000e+00
12.38	0.0000000e+00
12.42	0.0000000e+00
12.45	0.0000000e+00
12.49	0.0000000e+00
12.52	0.0000000e+00
12.56	0.0000000e+00
12.59	0.0000000e+00
12.62	0.0000000e+00
12.66	0.0000000e+00
12.69	0.0000000e+00
12.73	0.0000000e+00
12.76	0.0000000e+00
12.79	0.0000000e+00
12.83	0.0000000e+00
12.86	0.0000000e+00
12.90	0.0000000e+00
12.93	0.0000000e+00
12.96	0.0000000e+00
13.00	0.0000000e+00
13.03	0.0000000e+00
13.07	0.0000000e+00
13.10	0.0000000e+00
13.13	0.0000000e+00
13.17	0.0000000e+00
13.20	0.0000000e+00
13.24	0.0000000e+00
13.27	0.0000000e+00
13.30	0.0000000e+00
13.34	0.0000000e+00
13.37	0.0000000e+00
13.41	0.0000000e+00
13.44	0.0000000e+00
13.47	0.0000000e+00
13.51	0.0000000e+00
13.54	0.0000000e+00
13.58	3.4989192e-272
13.61	2.6157958e-252
13.65	6.2354036e-234
13.68	6.1526247e-217
13.71	3.1990247e-201
13.75	1.0956969e-186
13.78	3.0391920e-173
13.82	8.2637342e-161
13.85	2.6283760e-149
13.88	1.1515766e-138
13.92	8.0851630e-129
13.95	1.0463354e-119
13.99	2.8412353e-111
14.02	1.8250874e-103
14.05	3.0990164e-96
14.09	1.5416456e-89
14.12	2.4713201e-83
14.16	1.3943771e-77
14.19	3.0050705e-72
14.22	2.6685706e-67
14.26	1.0475833e-62
14.29	1.9405076e-58
14.33	1.8020033e-54
14.36	8.8741905e-51
14.39	2.4418689e-47
14.43	3.9411680e-44
14.46	3.9034434e-41
14.50	2.4742032e-38
14.53	1.0436689e-35
14.57	3.0382375e-33
14.60	6.3137881e-31
14.63	9.6645330e-29
14.67	1.1216673e-26
14.70	1.0135422e-24
14.74	7.3021219e-23
14.77	4.2816597e-21
14.80	2.0764544e-19
14.84	8.4035843e-18
14.87	2.8246585e-16
14.91	7.5946464e-15
14.94	1.4026397e-13
14.97	8.6203209e-13
15.01	1.6865110e-12
15.04	2.4687688e-12
15.08	3.2212598e-12
15.11	3.9551462e-12
15.14	4.6805272e-12
15.18	5.4066400e-12
15.21	6.1420329e-12
15.25	6.8947208e-12
15.28	7.6723167e-12
15.31	8.4821547e-12
15.35	9.3313973e-12
15.38	1.0227135e-11
15.42	1.1176472e-11
15.45	1.2186614e-11
15.48	1.3264943e-11
15.52	1.4419091e-11
15.55	1.5657014e-11
15.59	1.6987060e-11
15.62	1.8418035e-11
15.66	1.9959283e-11
15.69	2.1620745e-11
15.72	2.3413037e-11
15.76	2.5347527e-11
15.79	2.7436409e-11
15.83	2.9692786e-11
15.86	3.2130763e-11
15.89	3.4765519e-11
15.93	3.7613425e-11
15.96	4.0692145e-11
16.00	4.4020744e-11
16.03	4.7619811e-11
16.06	5.1511582e-11
16.10	5.5720091e-11
16.13	6.0271305e-11
16.17	6.5193301e-11
16.20	7.0516416e-11
16.23	7.6273466e-11
16.27	8.2499920e-11
16.30	8.9234148e-11
16.34	9.6517629e-11
16.37	1.0439523e-10
16.40	1.1291547e-10
16.44	1.2213085e-10
16.47	1.3209809e-10
16.51	1.4287856e-10
16.54	1.5453863e-10
16.58	1.6715012e-10
16.61	1.8079065e-10
16.64	1.9554424e-10
16.68	2.1150171e-10
16.71	2.2876132e-10
16.75	2.4742935e-10
16.78	2.6762072e-10
16.81	2.8945974e-10
16.85	3.1308088e-10
16.88	3.3862956e-10
16.92	3.6626309e-10
16.95	3.9615160e-10
16.98	4.2847914e-10
17.02	4.6344478e-10
17.05	5.0126382e-10
17.09	5.4216902e-10
17.12	5.8641220e-10
17.15	6.3426578e-10
17.19	6.8602436e-10
17.22	7.4200664e-10
17.26	8.0255725e-10
17.29	8.6804906e-10
17.32	9.3888527e-10
17.36	1.0155020e-09
17.39	1.0983710e-09
17.43	1.1880024e-09
17.46	1.2849481e-09
17.49	1.3898050e-09
17.53	1.5032187e-09
17.56	1.6258876e-09
17.60	1.7585669e-09
17.63	1.9020739e-09
17.67	2.0572917e-09
17.70	2.2251761e-09
17.73	2.4067606e-09
17.77	2.6031633e-09
17.80	2.8155934e-09
17.84	3.0453590e-09
17.87	3.2938746e-09
17.90	3.5626708e-09
17.94	3.8534025e-09
17.97	4.1678598e-09
18.01	4.5079786e-09
18.04	4.8758534e-09
18.07	5.2737493e-09
18.11	5.7041165e-09
18.14	6.1696050e-09
18.18	6.6730815e-09
18.21	7.2176470e-09
18.24	7.8066548e-09
18.28	8.4437307e-09
18.31	9.1327977e-09
18.35	9.8780994e-09
18.38	1.0684225e-08
18.41	1.1556140e-08
18.45	1.2499212e-08
18.48	1.3519252e-08
18.52	1.4622541e-08
18.55	1.5815874e-08
18.59	1.7106600e-08
18.62	1.8502670e-08
18.65	2.0012682e-08
18.69	2.1645939e-08
18.72	2.3412500e-08
18.76	2.5323252e-08
18.79	2.7389964e-08
18.82	2.9625376e-08
18.86	3.2043252e-08
18.89	3.4658491e-08
18.93	3.7487207e-08
18.96	4.0546833e-08
18.99	4.3856223e-08
19.03	4.7435778e-08
19.06	5.1307560e-08
19.10	5.5495441e-08
19.13	6.0025238e-08
19.16	6.4924880e-08
19.20	7.0224579e-08
19.23	7.5957023e-08
19.27	8.2157571e-08
19.30	8.8864478e-08
19.33	9.6119128e-08
19.37	1.0396630e-07
19.40	1.1245444e-07
19.44	1.2163595e-07
19.47	1.3156752e-07
19.51	1.4231048e-07
19.54	1.5393121e-07
19.57	1.6650153e-07
19.61	1.8009916e-07
19.64	1.9480818e-07
19.68	2.1071961e-07
19.71	2.2793191e-07
19.74	2.4655166e-07
19.78	2.6669417e-07
19.81	2.8848431e-07
19.85	3.1205716e-07
19.88	3.3755901e-07
19.91	3.6514817e-07
19.95	3.9499608e-07
19.98	4.2728831e-07
20.02	4.6222586e-07
20.05	5.0002617e-07
20.08	5.4092488e-07
20.12	5.8517715e-07
20.15	6.3305943e-07
20.19	6.8487111e-07
20.22	7.4093666e-07
20.25	8.0160758e-07
20.29	8.6726496e-07
20.32	9.3832165e-07
20.36	1.0152253e-06
20.39	1.0984614e-06
20.42	1.1885564e-06
20.46	1.2860813e-06
20.49	1.3916558e-06
20.53	1.5059525e-06
20.56	1.6297015e-06
20.60	1.7636957e-06
20.63	1.9087961e-06
20.66	2.0659383e-06
20.70	2.2361395e-06
20.73	2.4205059e-06
20.77	2.6202409e-06
20.80	2.8366546e-06
20.83	3.0711732e-06
20.87	3.3253514e-06
20.90	3.6008835e-06
20.94	3.8996180e-06
20.97	4.2235726e-06
21.00	4.5749520e-06
21.04	4.9561660e-06
21.07	5.3698519e-06
21.11	5.8188976e-06
21.14	6.3064696e-06
21.17	6.8360427e-06
21.21	7.4114339e-06
21.24	8.0368400e-06
21.28	8.7168851e-06
21.31	9.4566676e-06
21.34	1.0261820e-05
21.38	1.1138572e-05
21.41	1.2093828e-05
21.45	1.3135250e-05
21.48	1.4271364e-05
21.52	1.5511667e-05
21.55	1.6866771e-05
21.58	1.8348556e-05
21.62	1.9970356e-05
21.65	2.1747181e-05
21.69	2.3695969e-05
21.72	2.5835899e-05
21.75	2.8188755e-05
21.79	3.0779369e-05
21.82	3.3636138e-05
21.86	3.6791688e-05
21.89	4.0283647e-05
21.92	4.4155621e-05
21.96	4.8458378e-05
21.99	5.3251342e-05
22.03	5.8604451e-05
22.06	6.4600519e-05
22.09	7.1338236e-05
22.13	7.8936042e-05
22.16	8.7537155e-05
22.20	9.7316199e-05
22.23	1.0848799e-04
22.26	1.2131943e-04
22.30	1.3614570e-04
22.33	1.5339282e-04
22.37	1.7360951e-04
22.40	1.9751313e-04
22.43	2.2605738e-04
22.47	2.6053472e-04
22.50	3.0273557e-04
22.54	3.5520440e-04
22.57	4.2166778e-04
22.61	5.0778431e-04
22.64	6.2253392e-04
22.67	7.8098006e-04
22.71	1.0102821e-03
22.74	1.3645216e-03
22.78	1.9689453e-03
22.81	3.2026947e-03
22.84	6.8581267e-03
22.88	2.4048979e-02
22.91	7.5596288e-02
22.95	8.4981554e-02
22.98	7.6307619e-02
23.01	6.6710524e-02
23.05	5.7828657e-02
23.08	4.9936575e-02
23.12	4.3031250e-02
23.15	3.7033885e-02
23.18	3.1846414e-02
23.22	2.7370648e-02
23.25	2.3515205e-02
23.29	2.0197782e-02
23.32	1.7345527e-02
23.35	1.4894598e-02
23.39	1.2789398e-02
23.42	1.0981711e-02
23.46	9.4298387e-03
23.49	8.0977939e-03
23.53	6.9545651e-03
23.56	5.9734569e-03
23.59	5.1315081e-03
23.63	4.4089841e-03
23.66	3.7889329e-03
23.70	3.2567973e-03
23.73	2.8000819e-03
23.76	2.4080628e-03
23.80	2.0715393e-03
23.83	1.7826183e-03
23.87	1.5345297e-03
23.90	1.3214670e-03
23.93	1.1384510e-03
23.97	9.8121148e-04
24.00	8.4608724e-04
24.04	7.2993865e-04
24.07	6.3007362e-04
24.10	5.4418373e-04
24.14	4.7028956e-04
24.17	4.0669359e-04
24.21	3.5194001e-04
24.24	3.0478038e-04
24.27	2.6414390e-04
24.31	2.2911206e-04
24.34	1.9889688e-04
24.38	1.7282233e-04
24.41	1.5030827e-04
24.44	1.3085687e-04
24.48	1.1404075e-04
24.51	9.9493059e-05
24.55	8.6898756e-05
24.58	7.5987289e-05
24.62	6.6526226e-05
24.65	5.8315859e-05
24.68	5.1184527e-05
24.72	4.4984654e-05
24.75	3.9589317e-05
24.79	3.4889315e-05
24.82	3.0790670e-05
24.85	2.7212478e-05
24.89	2.4085051e-05
24.92	2.1348343e-05
24.96	1.8950582e-05
24.99	1.6847118e-05
25.02	1.4999412e-05
25.06	1.3374190e-05
25.09	1.1942694e-05
25.13	1.0680067e-05
25.16	9.5647987e-06
25.19	8.5782668e-06
25.23	7.7043339e-06
25.26	6.9290062e-06
25.30	6.2401374e-06
25.33	5.6271766e-06
25.36	5.0809473e-06
25.40	4.5934625e-06
25.43	4.1577639e-06
25.47	3.7677821e-06
25.50	3.4182172e-06
25.54	3.1044356e-06
25.57	2.8223819e-06
25.60	2.5685016e-06
25.64	2.3396760e-06
25.67	2.1331643e-06
25.71	1.9465555e-06
25.74	1.7777248e-06
25.77	1.6247982e-06
25.81	1.4861193e-06
25.84	1.3602227e-06
25.88	1.2458098e-06
25.91	1.1417281e-06
25.94	1.0469535e-06
25.98	9.6057380e-07
26.01	8.8177631e-07
26.05	8.0983552e-07
26.08	7.4410266e-07
26.11	6.8399697e-07
26.15	6.2899760e-07
26.18	5.7863698e-07
26.22	5.3249461e-07
26.25	4.9019191e-07
26.28	4.5138747e-07
26.32	4.1577319e-07
26.35	3.8307053e-07
26.39	3.5302746e-07
26.42	3.2541560e-07
26.45	3.0002782e-07
26.49	2.7667603e-07
26.52	2.5518927e-07
26.56	2.3541191e-07
26.59	2.1720224e-07
26.63	2.0043108e-07
26.66	1.8498060e-07
26.69	1.7074316e-07
26.73	1.5762043e-07
26.76	1.4552247e-07
26.80	1.3436695e-07
26.83	1.2407851e-07
26.86	1.1458804e-07
26.90	1.0583222e-07
26.93	9.7752915e-08
26.97	9.0296811e-08
27.00	8.3414914e-08
