# NeutrinoAntineutrinoInteraction/NeutrinoAntineutrinoResonanceDown interaction rates
# neutrino field: massive Cosmic Neutrino Background, T_CnuB = 1.94535456 K
# Produced with crpropa-data version: 60a1560e37035039ec25f414e0c42a2444bad49c
# log10(E/eV), 1/lambda [1/Mpc]
10.68	0.0000000e+00
10.72	0.0000000e+00
10.75	0.0000000e+00
10.78	0.0000000e+00
10.82	0.0000000e+00
10.85	0.0000000e+00
10.89	0.0000000e+00
10.92	0.0000000e+00
10.95	0.0000000e+00
10.99	0.0000000e+00
11.02	0.0000000e+00
11.06	0.0000000e+00
11.09	0.0000000e+00
11.12	0.0000000e+00
11.16	0.0000000e+00
11.19	0.0000000e+00
11.23	0.0000000e+00
11.26	0.0000000e+00
11.29	0.0000000e+00
11.33	0.0000000e+00
11.36	0.0000000e+00
11.40	0.0000000e+00
11.43	0.0000000e+00
11.46	0.0000000e+00
11.50	0.0000000e+00
11.53	0.0000000e+00
11.57	0.0000000e+00
11.60	0.0000000e+00
11.64	0.0000000e+00
11.67	0.0000000e+00
11.70	0.0000000e+00
11.74	0.0000000e+00
11.77	0.0000000e+00
11.81	0.0000000e+00
11.84	0.0000000e+00
11.87	0.0000000e+00
11.91	0.0000000e+00
11.94	0.0000000e+00
11.98	0.0000000e+00
12.01	0.0000000e+00
12.04	0.0000000e+00
12.08	0.0000000e+00
12.11	0.0000000e+00
12.15	0.0000000e+00
12.18	0.0000000e+00
12.21	0.0000000e+00
12.25	0.0000000e+00
12.28	0.0000000e+00
12.32	0.0000000e+00
12.35	0.0000000e+00
12.38	0.0000000e+00
12.42	0.0000000e+00
12.45	0.0000000e+00
12.49	0.0000000e+00
12.52	0.0000000e+00
12.56	0.0000000e+00
12.59	0.0000000e+00
12.62	0.0000000e+00
12.66	2.6147561e-261
12.69	6.6370513e-242
12.73	5.7538190e-224
12.76	2.1979778e-207
12.79	4.6824969e-192
12.83	6.9167441e-178
12.86	8.6644891e-165
12.90	1.1087940e-152
12.93	1.7217711e-141
12.96	3.8038819e-131
13.00	1.3851674e-121
13.03	9.5252642e-113
13.07	1.4027183e-104
13.10	4.9691380e-97
13.13	4.7151731e-90
13.17	1.3236916e-83
13.20	1.2051990e-77
13.24	3.8744745e-72
13.27	4.7573472e-67
13.30	2.3991486e-62
13.34	5.3143813e-58
13.37	5.5019255e-54
13.41	2.8195031e-50
13.44	7.5418072e-47
13.47	1.1059462e-43
13.51	9.3036183e-41
13.54	4.6821652e-38
13.58	1.4654215e-35
13.61	2.9564686e-33
13.65	3.9744658e-31
13.68	3.6710762e-29
13.71	2.3967793e-27
13.75	1.1354444e-25
13.78	3.9988253e-24
13.82	1.0706819e-22
13.85	2.2251010e-21
13.88	3.6586646e-20
13.92	4.8447916e-19
13.95	5.2519963e-18
13.99	4.7320857e-17
14.02	3.5937445e-16
14.05	2.3304436e-15
14.09	1.3059748e-14
14.12	6.3951884e-14
14.16	2.7647193e-13
14.19	1.0652495e-12
14.22	3.6903681e-12
14.26	1.1588759e-11
14.29	3.3236944e-11
14.33	8.7669242e-11
14.36	2.1405048e-10
14.39	4.8665529e-10
14.43	1.0360122e-09
14.46	2.0757319e-09
14.50	3.9327981e-09
14.53	7.0772650e-09
14.57	1.2145957e-08
14.60	1.9954446e-08
14.63	3.1492568e-08
14.67	4.7900993e-08
14.70	7.0429379e-08
14.74	1.0037978e-07
14.77	1.3904159e-07
14.80	1.8762578e-07
14.84	2.4720635e-07
14.87	3.1867578e-07
14.91	4.0271926e-07
14.94	4.9980968e-07
14.97	6.1022283e-07
15.01	7.3406996e-07
15.04	8.7134310e-07
15.08	1.0219680e-06
15.11	1.1858592e-06
15.14	1.3629730e-06
15.18	1.5533547e-06
15.21	1.7571777e-06
15.25	1.9747738e-06
15.28	2.2066555e-06
15.31	2.4535296e-06
15.35	2.7163052e-06
15.38	2.9960969e-06
15.42	3.2942250e-06
15.45	3.6122140e-06
15.48	3.9517908e-06
15.52	4.3148841e-06
15.55	4.7036247e-06
15.59	5.1203478e-06
15.62	5.5675978e-06
15.66	6.0481356e-06
15.69	6.5649482e-06
15.72	7.1212610e-06
15.76	7.7205526e-06
15.79	8.3665726e-06
15.83	9.0633612e-06
15.86	9.8152720e-06
15.89	1.0626997e-05
15.93	1.1503593e-05
15.96	1.2450515e-05
16.00	1.3473646e-05
16.03	1.4579334e-05
16.06	1.5774431e-05
16.10	1.7066337e-05
16.13	1.8463043e-05
16.17	1.9973180e-05
16.20	2.1606077e-05
16.23	2.3371813e-05
16.27	2.5281282e-05
16.30	2.7346261e-05
16.34	2.9579483e-05
16.37	3.1994712e-05
16.40	3.4606833e-05
16.44	3.7431940e-05
16.47	4.0487437e-05
16.51	4.3792146e-05
16.54	4.7366421e-05
16.58	5.1232275e-05
16.61	5.5413515e-05
16.64	5.9935890e-05
16.68	6.4827248e-05
16.71	7.0117707e-05
16.75	7.5839843e-05
16.78	8.2028889e-05
16.81	8.8722953e-05
16.85	9.5963250e-05
16.88	1.0379436e-04
16.92	1.1226450e-04
16.95	1.2142582e-04
16.98	1.3133472e-04
17.02	1.4205221e-04
17.05	1.5364429e-04
17.09	1.6618232e-04
17.12	1.7974349e-04
17.15	1.9441131e-04
17.19	2.1027607e-04
17.22	2.2743547e-04
17.26	2.4599514e-04
17.29	2.6606936e-04
17.32	2.8778172e-04
17.36	3.1126590e-04
17.39	3.3666650e-04
17.43	3.6413991e-04
17.46	3.9385528e-04
17.49	4.2599556e-04
17.53	4.6075865e-04
17.56	4.9835858e-04
17.60	5.3902687e-04
17.63	5.8301390e-04
17.67	6.3059051e-04
17.70	6.8204964e-04
17.73	7.3770813e-04
17.77	7.9790869e-04
17.80	8.6302198e-04
17.84	9.3344893e-04
17.87	1.0096232e-03
17.90	1.0920138e-03
17.94	1.1811280e-03
17.97	1.2775146e-03
18.01	1.3817671e-03
18.04	1.4945275e-03
18.07	1.6164900e-03
18.11	1.7484058e-03
18.14	1.8910870e-03
18.18	2.0454125e-03
18.21	2.2123324e-03
18.24	2.3928748e-03
18.28	2.5881514e-03
18.31	2.7993650e-03
18.35	3.0278161e-03
18.38	3.2749120e-03
18.41	3.5421743e-03
18.45	3.8312491e-03
18.48	4.1439170e-03
18.52	4.4821038e-03
18.55	4.8478927e-03
18.59	5.2435369e-03
18.62	5.6714736e-03
18.65	6.1343392e-03
18.69	6.6349852e-03
18.72	7.1764962e-03
18.76	7.7622088e-03
18.79	8.3957320e-03
18.82	9.0809698e-03
18.86	9.8221451e-03
18.89	1.0623826e-02
18.93	1.1490954e-02
18.96	1.2428874e-02
18.99	1.3443368e-02
19.03	1.4540692e-02
19.06	1.5727612e-02
19.10	1.7011448e-02
19.13	1.8400118e-02
19.16	1.9902190e-02
19.20	2.1526930e-02
19.23	2.3284365e-02
19.27	2.5185343e-02
19.30	2.7241598e-02
19.33	2.9465828e-02
19.37	3.1871770e-02
19.40	3.4474287e-02
19.44	3.7289463e-02
19.47	4.0334698e-02
19.51	4.3628823e-02
19.54	4.7192214e-02
19.57	5.1046921e-02
19.61	5.5216807e-02
19.64	5.9727698e-02
19.68	6.4607543e-02
19.71	6.9886597e-02
19.74	7.5597604e-02
19.78	8.1776013e-02
19.81	8.8460196e-02
19.85	9.5691699e-02
19.88	1.0351550e-01
19.91	1.1198031e-01
19.95	1.2113887e-01
19.98	1.3104830e-01
20.02	1.4177048e-01
20.05	1.5337242e-01
20.08	1.6592673e-01
20.12	1.7951210e-01
20.15	1.9421378e-01
20.19	2.1012417e-01
20.22	2.2734347e-01
20.25	2.4598027e-01
20.29	2.6615237e-01
20.32	2.8798753e-01
20.36	3.1162437e-01
20.39	3.3721330e-01
20.42	3.6491761e-01
20.46	3.9491461e-01
20.49	4.2739685e-01
20.53	4.6257359e-01
20.56	5.0067223e-01
20.60	5.4194007e-01
20.63	5.8664611e-01
20.66	6.3508313e-01
20.70	6.8756989e-01
20.73	7.4445370e-01
20.77	8.0611314e-01
20.80	8.7296116e-01
20.83	9.4544850e-01
20.87	1.0240675e+00
20.90	1.1093564e+00
20.94	1.2019040e+00
20.97	1.3023553e+00
21.00	1.4114171e+00
21.04	1.5298652e+00
21.07	1.6585519e+00
21.11	1.7984145e+00
21.14	1.9504858e+00
21.17	2.1159048e+00
21.21	2.2959299e+00
21.24	2.4919538e+00
21.28	2.7055205e+00
21.31	2.9383450e+00
21.34	3.1923368e+00
21.38	3.4696260e+00
21.41	3.7725955e+00
21.45	4.1039174e+00
21.48	4.4665974e+00
21.52	4.8640265e+00
21.55	5.3000440e+00
21.58	5.7790122e+00
21.62	6.3059083e+00
21.65	6.8864354e+00
21.69	7.5271607e+00
21.72	8.2356858e+00
21.75	9.0208620e+00
21.79	9.8930628e+00
21.82	1.0864535e+01
21.86	1.1949857e+01
21.89	1.3166550e+01
21.92	1.4535911e+01
21.96	1.6084194e+01
21.99	1.7844386e+01
22.03	1.9859156e+01
22.06	2.2186335e+01
22.09	2.4910193e+01
22.13	2.8165543e+01
22.16	3.2188147e+01
22.20	3.7413545e+01
22.23	4.4654067e+01
22.26	5.5383824e+01
22.30	7.2145341e+01
22.33	9.9053112e+01
22.37	1.4231189e+02
22.40	2.1060655e+02
22.43	3.1518163e+02
22.47	4.6943820e+02
22.50	6.8794620e+02
22.54	9.8489257e+02
22.57	1.3721297e+03
22.61	1.8571114e+03
22.64	2.4410689e+03
22.67	3.1177657e+03
22.71	3.8730833e+03
22.74	4.6855465e+03
22.78	5.5277399e+03
22.81	6.3684248e+03
22.84	7.1750641e+03
22.88	7.9164222e+03
22.91	8.5649204e+03
22.95	9.0984951e+03
22.98	9.5017977e+03
23.01	9.7666833e+03
23.05	9.8920318e+03
23.08	9.8830197e+03
23.12	9.7500050e+03
23.15	9.5072024e+03
23.18	9.1713095e+03
23.22	8.7602177e+03
23.25	8.2918985e+03
23.29	7.7835157e+03
23.32	7.2507798e+03
23.35	6.7075331e+03
23.39	6.1655369e+03
23.42	5.6344216e+03
23.46	5.1217606e+03
23.49	4.6332289e+03
23.53	4.1728134e+03
23.56	3.7430483e+03
23.59	3.3452553e+03
23.63	2.9797739e+03
23.66	2.6461732e+03
23.70	2.3434396e+03
23.73	2.0701383e+03
23.76	1.8245489e+03
23.80	1.6047758e+03
23.83	1.4088365e+03
23.87	1.2347304e+03
23.90	1.0804904e+03
23.93	9.4422029e+02
23.97	8.2412078e+02
24.00	7.1850643e+02
24.04	6.2581491e+02
24.07	5.4461086e+02
24.10	4.7358550e+02
24.14	4.1155322e+02
24.17	3.5744599e+02
24.21	3.1030649e+02
24.24	2.6928027e+02
24.27	2.3360764e+02
24.31	2.0261542e+02
24.34	1.7570891e+02
24.38	1.5236411e+02
24.41	1.3212044e+02
24.44	1.1457394e+02
24.48	9.9370970e+01
24.51	8.6202505e+01
24.55	7.4798904e+01
24.58	6.4925227e+01
24.62	5.6377029e+01
24.65	4.8976596e+01
24.68	4.2569610e+01
24.72	3.7022187e+01
24.75	3.2218269e+01
24.79	2.8057317e+01
24.82	2.4452294e+01
24.85	2.1327892e+01
24.89	1.8618983e+01
24.92	1.6269269e+01
24.96	1.4230095e+01
24.99	1.2459429e+01
25.02	1.0920969e+01
25.06	9.5833619e+00
25.09	8.4195387e+00
25.13	7.4061261e+00
25.16	6.5229440e+00
25.19	5.7525686e+00
25.23	5.0799545e+00
25.26	4.4921082e+00
25.30	3.9778069e+00
25.33	3.5273543e+00
25.36	3.1323712e+00
25.40	2.7856140e+00
25.43	2.4808187e+00
25.47	2.2125661e+00
25.50	1.9761657e+00
25.54	1.7675554e+00
25.57	1.5832160e+00
25.60	1.4200960e+00
25.64	1.2755482e+00
25.67	1.1472744e+00
25.71	1.0332777e+00
25.74	9.3182197e-01
25.77	8.4139601e-01
25.81	7.6068360e-01
25.84	6.8853705e-01
25.88	6.2395467e-01
25.91	5.6606128e-01
25.94	5.1409134e-01
25.98	4.6737450e-01
26.01	4.2532301e-01
26.05	3.8742096e-01
26.08	3.5321487e-01
26.11	3.2230564e-01
26.15	2.9434156e-01
26.18	2.6901224e-01
26.22	2.4604338e-01
26.25	2.2519223e-01
26.28	2.0624364e-01
26.32	1.8900668e-01
26.35	1.7331162e-01
26.39	1.5900737e-01
26.42	1.4595926e-01
26.45	1.3404703e-01
26.49	1.2316319e-01
26.52	1.1321147e-01
26.56	1.0410558e-01
26.59	9.5768014e-02
26.63	8.8129094e-02
26.66	8.1126085e-02
26.69	7.4702428e-02
26.73	6.8807067e-02
26.76	6.3393855e-02
26.80	5.8421032e-02
26.83	5.3850766e-02
26.86	4.9648742e-02
26.90	4.5783800e-02
26.93	4.2227620e-02
26.97	3.8954433e-02
27.00	3.5940772e-02
