# NeutrinoAntineutrinoInteraction/NeutrinoAntineutrinoResonanceDown interaction rates
# neutrino field: massive Cosmic Neutrino Background, T_CnuB = 1.94535456 K
# Produced with crpropa-data version: 60a1560e37035039ec25f414e0c42a2444bad49c
# log10(E/eV), 1/lambda [1/Mpc]
11.43	0.0000000e+00
11.46	0.0000000e+00
11.50	0.0000000e+00
11.53	0.0000000e+00
11.57	0.0000000e+00
11.60	0.0000000e+00
11.64	0.0000000e+00
11.67	0.0000000e+00
11.70	0.0000000e+00
11.74	0.0000000e+00
11.77	0.0000000e+00
11.81	0.0000000e+00
11.84	0.0000000e+00
11.87	0.0000000e+00
11.91	0.0000000e+00
11.94	0.0000000e+00
11.98	0.0000000e+00
12.01	0.0000000e+00
12.04	0.0000000e+00
12.08	0.0000000e+00
12.11	0.0000000e+00
12.15	0.0000000e+00
12.18	0.0000000e+00
12.21	0.0000000e+00
12.25	0.0000000e+00
12.28	0.0000000e+00
12.32	0.0000000e+00
12.35	0.0000000e+00
12.38	0.0000000e+00
12.42	0.0000000e+00
12.45	0.0000000e+00
12.49	0.0000000e+00
12.52	0.0000000e+00
12.56	0.0000000e+00
12.59	0.0000000e+00
12.62	0.0000000e+00
12.66	0.0000000e+00
12.69	0.0000000e+00
12.73	0.0000000e+00
12.76	0.0000000e+00
12.79	0.0000000e+00
12.83	0.0000000e+00
12.86	0.0000000e+00
12.90	0.0000000e+00
12.93	0.0000000e+00
12.96	0.0000000e+00
13.00	0.0000000e+00
13.03	0.0000000e+00
13.07	0.0000000e+00
13.10	0.0000000e+00
13.13	0.0000000e+00
13.17	0.0000000e+00
13.20	0.0000000e+00
13.24	0.0000000e+00
13.27	0.0000000e+00
13.30	0.0000000e+00
13.34	0.0000000e+00
13.37	0.0000000e+00
13.41	6.5735299e-268
13.44	2.5733548e-248
13.47	3.3491936e-230
13.51	1.8743515e-213
13.54	5.7220094e-198
13.58	1.1873291e-183
13.61	2.0524231e-170
13.65	3.5672839e-158
13.68	7.4189362e-147
13.71	2.1684947e-136
13.75	1.0337576e-126
13.78	9.2236439e-118
13.82	1.7494684e-109
13.85	7.9356468e-102
13.88	9.5996448e-95
13.92	3.4253917e-88
13.95	3.9578917e-82
13.99	1.6144023e-76
14.02	2.5180175e-71
14.05	1.6170802e-66
14.09	4.5790503e-62
14.12	6.0916603e-58
14.16	4.0376240e-54
14.19	1.4079359e-50
14.22	2.7165036e-47
14.26	3.0388604e-44
14.29	2.0582969e-41
14.33	8.7873805e-39
14.36	2.4544783e-36
14.39	4.6433697e-34
14.43	6.1436389e-32
14.46	5.8570233e-30
14.50	4.1361276e-28
14.53	2.2197851e-26
14.57	9.2713027e-25
14.60	3.0804443e-23
14.63	8.3080330e-22
14.67	1.8526909e-20
14.70	3.4732417e-19
14.74	5.5539292e-18
14.77	7.6663464e-17
14.80	9.2115313e-16
14.84	9.6599300e-15
14.87	8.7698876e-14
14.91	6.6682827e-13
14.94	3.7918036e-12
14.97	1.1451685e-11
15.01	1.9374772e-11
15.04	2.6929658e-11
15.08	3.4233639e-11
15.11	4.1392190e-11
15.14	4.8501104e-11
15.18	5.5648362e-11
15.21	6.2915757e-11
15.25	7.0380341e-11
15.28	7.8115683e-11
15.31	8.6193008e-11
15.35	9.4682222e-11
15.38	1.0365284e-10
15.42	1.1317483e-10
15.45	1.2331942e-10
15.48	1.3415983e-10
15.52	1.4577203e-10
15.55	1.5823538e-10
15.59	1.7163333e-10
15.62	1.8605413e-10
15.66	2.0159147e-10
15.69	2.1834521e-10
15.72	2.3642211e-10
15.76	2.5593651e-10
15.79	2.7701121e-10
15.83	2.9977819e-10
15.86	3.2437956e-10
15.89	3.5096840e-10
15.93	3.7970980e-10
15.96	4.1078193e-10
16.00	4.4437710e-10
16.03	4.8070303e-10
16.06	5.1998411e-10
16.10	5.6246284e-10
16.13	6.0840129e-10
16.17	6.5808276e-10
16.20	7.1181352e-10
16.23	7.6992471e-10
16.27	8.3277440e-10
16.30	9.0074981e-10
16.34	9.7426964e-10
16.37	1.0537867e-09
16.40	1.1397908e-09
16.44	1.2328116e-09
16.47	1.3334219e-09
16.51	1.4422411e-09
16.54	1.5599393e-09
16.58	1.6872413e-09
16.61	1.8249308e-09
16.64	1.9738557e-09
16.68	2.1349328e-09
16.71	2.3091539e-09
16.75	2.4975918e-09
16.78	2.7014066e-09
16.81	2.9218532e-09
16.85	3.1602887e-09
16.88	3.4181813e-09
16.92	3.6971187e-09
16.95	3.9988183e-09
16.98	4.3251378e-09
17.02	4.6780863e-09
17.05	5.0598369e-09
17.09	5.4727398e-09
17.12	5.9193370e-09
17.15	6.4023783e-09
17.19	6.9248375e-09
17.22	7.4899315e-09
17.26	8.1011393e-09
17.29	8.7622243e-09
17.32	9.4772566e-09
17.36	1.0250639e-08
17.39	1.1087132e-08
17.43	1.1991887e-08
17.46	1.2970473e-08
17.49	1.4028917e-08
17.53	1.5173734e-08
17.56	1.6411975e-08
17.60	1.7751262e-08
17.63	1.9199843e-08
17.67	2.0766635e-08
17.70	2.2461286e-08
17.73	2.4294229e-08
17.77	2.6276749e-08
17.80	2.8421054e-08
17.84	3.0740346e-08
17.87	3.3248906e-08
17.90	3.5962180e-08
17.94	3.8896875e-08
17.97	4.2071059e-08
18.01	4.5504278e-08
18.04	4.9217672e-08
18.07	5.3234105e-08
18.11	5.7578309e-08
18.14	6.2277035e-08
18.18	6.7359217e-08
18.21	7.2856153e-08
18.24	7.8801691e-08
18.28	8.5232441e-08
18.31	9.2188002e-08
18.35	9.9711209e-08
18.38	1.0784839e-07
18.41	1.1664966e-07
18.45	1.2616922e-07
18.48	1.3646570e-07
18.52	1.4760252e-07
18.55	1.5964826e-07
18.59	1.7267712e-07
18.62	1.8676935e-07
18.65	2.0201175e-07
18.69	2.1849822e-07
18.72	2.3633030e-07
18.76	2.5561787e-07
18.79	2.7647975e-07
18.82	2.9904449e-07
18.86	3.2345109e-07
18.89	3.4984994e-07
18.93	3.7840371e-07
18.96	4.0928838e-07
18.99	4.4269429e-07
19.03	4.7882734e-07
19.06	5.1791026e-07
19.10	5.6018401e-07
19.13	6.0590922e-07
19.16	6.5536783e-07
19.20	7.0886485e-07
19.23	7.6673024e-07
19.27	8.2932097e-07
19.30	8.9702319e-07
19.33	9.7025469e-07
19.37	1.0494675e-06
19.40	1.1351506e-06
19.44	1.2278330e-06
19.47	1.3280871e-06
19.51	1.4365322e-06
19.54	1.5538384e-06
19.57	1.6807308e-06
19.61	1.8179939e-06
19.64	1.9664768e-06
19.68	2.1270982e-06
19.71	2.3008524e-06
19.74	2.4888153e-06
19.78	2.6921515e-06
19.81	2.9121215e-06
19.85	3.1500895e-06
19.88	3.4075324e-06
19.91	3.6860489e-06
19.95	3.9873700e-06
19.98	4.3133697e-06
20.02	4.6660771e-06
20.05	5.0476892e-06
20.08	5.4605858e-06
20.12	5.9073439e-06
20.15	6.3907557e-06
20.19	6.9138455e-06
20.22	7.4798906e-06
20.25	8.0924422e-06
20.29	8.7553494e-06
20.32	9.4727841e-06
20.36	1.0249270e-05
20.39	1.1089712e-05
20.42	1.1999430e-05
20.46	1.2984196e-05
20.49	1.4050273e-05
20.53	1.5204459e-05
20.56	1.6454136e-05
20.60	1.7807320e-05
20.63	1.9272719e-05
20.66	2.0859796e-05
20.70	2.2578842e-05
20.73	2.4441047e-05
20.77	2.6458590e-05
20.80	2.8644729e-05
20.83	3.1013904e-05
20.87	3.3581855e-05
20.90	3.6365743e-05
20.94	3.9384295e-05
20.97	4.2657960e-05
21.00	4.6209083e-05
21.04	5.0062102e-05
21.07	5.4243768e-05
21.11	5.8783387e-05
21.14	6.3713102e-05
21.17	6.9068200e-05
21.21	7.4887464e-05
21.24	8.1213571e-05
21.28	8.8093552e-05
21.31	9.5579303e-05
21.34	1.0372818e-04
21.38	1.1260368e-04
21.41	1.2227620e-04
21.45	1.3282395e-04
21.48	1.4433400e-04
21.52	1.5690347e-04
21.55	1.7064094e-04
21.58	1.8566811e-04
21.62	2.0212171e-04
21.65	2.2015584e-04
21.69	2.3994460e-04
21.72	2.6168540e-04
21.75	2.8560274e-04
21.79	3.1195293e-04
21.82	3.4102962e-04
21.86	3.7317073e-04
21.89	4.0876671e-04
21.92	4.4827095e-04
21.96	4.9221242e-04
21.99	5.4121171e-04
22.03	5.9600108e-04
22.06	6.5744988e-04
22.09	7.2659724e-04
22.13	8.0469418e-04
22.16	8.9325880e-04
22.20	9.9414914e-04
22.23	1.1096607e-03
22.26	1.2426586e-03
22.30	1.3967603e-03
22.33	1.5765906e-03
22.37	1.7881458e-03
22.40	2.0393257e-03
22.43	2.3407252e-03
22.47	2.7068516e-03
22.50	3.1580493e-03
22.54	3.7236628e-03
22.57	4.4474690e-03
22.61	5.3975290e-03
22.64	6.6853555e-03
22.67	8.5070304e-03
22.71	1.1245676e-02
22.74	1.5791506e-02
22.78	2.4829816e-02
22.81	4.8803964e-02
22.84	1.3086017e-01
22.88	3.9647198e-01
22.91	7.8974514e-01
22.95	8.0204207e-01
22.98	7.1279025e-01
23.01	6.2122423e-01
23.05	5.3777688e-01
23.08	4.6404286e-01
23.12	3.9969773e-01
23.15	3.4389369e-01
23.18	2.9566751e-01
23.22	2.5408124e-01
23.25	2.1827236e-01
23.29	1.8746884e-01
23.32	1.6098972e-01
23.35	1.3823958e-01
23.39	1.1870064e-01
23.42	1.0192428e-01
23.46	8.7522829e-02
23.49	7.5161856e-02
23.53	6.4553289e-02
23.56	5.5449224e-02
23.59	4.7636488e-02
23.63	4.0931896e-02
23.66	3.5178107e-02
23.70	3.0240026e-02
23.73	2.6001700e-02
23.76	2.2363626e-02
23.80	1.9240436e-02
23.83	1.6558898e-02
23.87	1.4256205e-02
23.90	1.2278488e-02
23.93	1.0579554e-02
23.97	9.1197913e-03
24.00	7.8652329e-03
24.04	6.7867536e-03
24.07	5.8593793e-03
24.10	5.0616950e-03
24.14	4.3753370e-03
24.17	3.7845575e-03
24.21	3.2758509e-03
24.24	2.8376345e-03
24.27	2.4599732e-03
24.31	2.1343449e-03
24.34	1.8534382e-03
24.38	1.6109799e-03
24.41	1.4015868e-03
24.44	1.2206389e-03
24.48	1.0641699e-03
24.51	9.2877501e-04
24.55	8.1153003e-04
24.58	7.0992352e-04
24.62	6.2179776e-04
24.65	5.4529856e-04
24.68	4.7883205e-04
24.72	4.2102781e-04
24.75	3.7070707e-04
24.79	3.2685558e-04
24.82	2.8860035e-04
24.85	2.5518970e-04
24.89	2.2597606e-04
24.92	2.0040137e-04
24.96	1.7798441e-04
24.99	1.5831003e-04
25.02	1.4101987e-04
25.06	1.2580445e-04
25.09	1.1239626e-04
25.13	1.0056398e-04
25.16	9.0107418e-05
25.19	8.0853200e-05
25.23	7.2651050e-05
25.26	6.5370610e-05
25.30	5.8898702e-05
25.33	5.3136977e-05
25.36	4.7999879e-05
25.40	4.3412915e-05
25.43	3.9311157e-05
25.47	3.5637950e-05
25.50	3.2343802e-05
25.54	2.9385427e-05
25.57	2.6724921e-05
25.60	2.4329051e-05
25.64	2.2168642e-05
25.67	2.0218047e-05
25.71	1.8454689e-05
25.74	1.6858667e-05
25.77	1.5412413e-05
25.81	1.4100398e-05
25.84	1.2908874e-05
25.88	1.1825651e-05
25.91	1.0839906e-05
25.94	9.9420138e-06
25.98	9.1234036e-06
26.01	8.3764302e-06
26.05	7.6942659e-06
26.08	7.0708025e-06
26.11	6.5005690e-06
26.15	5.9786567e-06
26.18	5.5006565e-06
26.22	5.0626016e-06
26.25	4.6609188e-06
26.28	4.2923849e-06
26.32	3.9540892e-06
26.35	3.6433996e-06
26.39	3.3579330e-06
26.42	3.0955296e-06
26.45	2.8542295e-06
26.49	2.6322523e-06
26.52	2.4279791e-06
26.56	2.2399362e-06
26.59	2.0667811e-06
26.63	1.9072895e-06
26.66	1.7603441e-06
26.69	1.6249245e-06
26.73	1.5000976e-06
26.76	1.3850102e-06
26.80	1.2788812e-06
26.83	1.1809948e-06
26.86	1.0906953e-06
26.90	1.0073813e-06
26.93	9.3050064e-07
26.97	8.5954685e-07
27.00	7.9405447e-07
