# NeutrinoAntineutrinoInteraction/NeutrinoAntineutrinoResonanceDown interaction rates
# neutrino field: massive Cosmic Neutrino Background, T_CnuB = 1.94535456 K
# Produced with crpropa-data version: 60a1560e37035039ec25f414e0c42a2444bad49c
# log10(E/eV), 1/lambda [1/Mpc]
10.68	0.0000000e+00
10.72	0.0000000e+00
10.75	0.0000000e+00
10.78	0.0000000e+00
10.82	0.0000000e+00
10.85	0.0000000e+00
10.89	0.0000000e+00
10.92	0.0000000e+00
10.95	0.0000000e+00
10.99	0.0000000e+00
11.02	0.0000000e+00
11.06	0.0000000e+00
11.09	0.0000000e+00
11.12	0.0000000e+00
11.16	0.0000000e+00
11.19	0.0000000e+00
11.23	0.0000000e+00
11.26	0.0000000e+00
11.29	0.0000000e+00
11.33	0.0000000e+00
11.36	0.0000000e+00
11.40	0.0000000e+00
11.43	0.0000000e+00
11.46	0.0000000e+00
11.50	0.0000000e+00
11.53	0.0000000e+00
11.57	0.0000000e+00
11.60	0.0000000e+00
11.64	0.0000000e+00
11.67	0.0000000e+00
11.70	0.0000000e+00
11.74	0.0000000e+00
11.77	0.0000000e+00
11.81	0.0000000e+00
11.84	0.0000000e+00
11.87	0.0000000e+00
11.91	0.0000000e+00
11.94	0.0000000e+00
11.98	0.0000000e+00
12.01	0.0000000e+00
12.04	0.0000000e+00
12.08	0.0000000e+00
12.11	0.0000000e+00
12.15	0.0000000e+00
12.18	0.0000000e+00
12.21	0.0000000e+00
12.25	0.0000000e+00
12.28	0.0000000e+00
12.32	0.0000000e+00
12.35	0.0000000e+00
12.38	0.0000000e+00
12.42	0.0000000e+00
12.45	0.0000000e+00
12.49	0.0000000e+00
12.52	0.0000000e+00
12.56	0.0000000e+00
12.59	0.0000000e+00
12.62	0.0000000e+00
12.66	2.6524595e-261
12.69	6.7405670e-242
12.73	5.8508858e-224
12.76	2.2380850e-207
12.79	4.7749161e-192
12.83	7.0644075e-178
12.86	8.8645684e-165
12.90	1.1364889e-152
12.93	1.7682883e-141
12.96	3.9150441e-131
13.00	1.4289524e-121
13.03	9.8509466e-113
13.07	1.4545963e-104
13.10	5.1679260e-97
13.13	4.9192080e-90
13.17	1.3856489e-83
13.20	1.2662178e-77
13.24	4.0866613e-72
13.27	5.0391667e-67
13.30	2.5528806e-62
13.34	5.6827308e-58
13.37	5.9144234e-54
13.41	3.0481564e-50
13.44	8.2033777e-47
13.47	1.2108828e-43
13.51	1.0258463e-40
13.54	5.2019332e-38
13.58	1.6413756e-35
13.61	3.3404187e-33
13.65	4.5327207e-31
13.68	4.2287551e-29
13.71	2.7905445e-27
13.75	1.3371745e-25
13.78	4.7670801e-24
13.82	1.2930987e-22
13.85	2.7248492e-21
13.88	4.5469860e-20
13.92	6.1162761e-19
13.95	6.7416324e-18
13.99	6.1823488e-17
14.02	4.7835703e-16
14.05	3.1637465e-15
14.09	1.8101631e-14
14.12	9.0598798e-14
14.16	4.0074998e-13
14.19	1.5815785e-12
14.22	5.6179874e-12
14.26	1.8107535e-11
14.29	5.3354639e-11
14.33	1.4471510e-10
14.36	3.6361746e-10
14.39	8.5134719e-10
14.43	1.8673978e-09
14.46	3.8563768e-09
14.50	7.5317592e-09
14.53	1.3969320e-08
14.57	2.4696490e-08
14.60	4.1757168e-08
14.63	6.7725748e-08
14.67	1.0564036e-07
14.70	1.5882449e-07
14.74	2.3056996e-07
14.77	3.2366750e-07
14.80	4.3980072e-07
14.84	5.7888064e-07
14.87	7.3850016e-07
14.91	9.1382081e-07
14.94	1.0983073e-06
14.97	1.2858042e-06
15.01	1.4746097e-06
15.04	1.6666431e-06
15.08	1.8639362e-06
15.11	2.0684298e-06
15.14	2.2820038e-06
15.18	2.5065037e-06
15.21	2.7437653e-06
15.25	2.9956371e-06
15.28	3.2640011e-06
15.31	3.5507930e-06
15.35	3.8580206e-06
15.38	4.1877824e-06
15.42	4.5422856e-06
15.45	4.9238641e-06
15.48	5.3349964e-06
15.52	5.7783243e-06
15.55	6.2566717e-06
15.59	6.7730645e-06
15.62	7.3307509e-06
15.66	7.9332235e-06
15.69	8.5842420e-06
15.72	9.2878577e-06
15.76	1.0048439e-05
15.79	1.0870701e-05
15.83	1.1759733e-05
15.86	1.2721030e-05
15.89	1.3760532e-05
15.93	1.4884655e-05
15.96	1.6100335e-05
16.00	1.7415068e-05
16.03	1.8836959e-05
16.06	2.0374771e-05
16.10	2.2037981e-05
16.13	2.3836834e-05
16.17	2.5782412e-05
16.20	2.7886697e-05
16.23	3.0162650e-05
16.27	3.2624286e-05
16.30	3.5286764e-05
16.34	3.8166479e-05
16.37	4.1281162e-05
16.40	4.4649993e-05
16.44	4.8293713e-05
16.47	5.2234758e-05
16.51	5.6497392e-05
16.54	6.1107862e-05
16.58	6.6094553e-05
16.61	7.1488169e-05
16.64	7.7321916e-05
16.68	8.3631714e-05
16.71	9.0456410e-05
16.75	9.7838023e-05
16.78	1.0582200e-04
16.81	1.1445750e-04
16.85	1.2379769e-04
16.88	1.3390007e-04
16.92	1.4482684e-04
16.95	1.5664528e-04
16.98	1.6942816e-04
17.02	1.8325417e-04
17.05	1.9820843e-04
17.09	2.1438303e-04
17.12	2.3187755e-04
17.15	2.5079969e-04
17.19	2.7126597e-04
17.22	2.9340238e-04
17.26	3.1734523e-04
17.29	3.4324192e-04
17.32	3.7125191e-04
17.36	4.0154764e-04
17.39	4.3431566e-04
17.43	4.6975771e-04
17.46	5.0809201e-04
17.49	5.4955459e-04
17.53	5.9440075e-04
17.56	6.4290660e-04
17.60	6.9537080e-04
17.63	7.5211639e-04
17.67	8.1349276e-04
17.70	8.7987783e-04
17.73	9.5168035e-04
17.77	1.0293424e-03
17.80	1.1133423e-03
17.84	1.2041971e-03
17.87	1.3024664e-03
17.90	1.4087552e-03
17.94	1.5237181e-03
17.97	1.6480629e-03
18.01	1.7825553e-03
18.04	1.9280236e-03
18.07	2.0853635e-03
18.11	2.2555440e-03
18.14	2.4396131e-03
18.18	2.6387043e-03
18.21	2.8540438e-03
18.24	3.0869577e-03
18.28	3.3388806e-03
18.31	3.6113640e-03
18.35	3.9060862e-03
18.38	4.2248624e-03
18.41	4.5696563e-03
18.45	4.9425917e-03
18.48	5.3459659e-03
18.52	5.7822639e-03
18.55	6.2541734e-03
18.59	6.7646019e-03
18.62	7.3166944e-03
18.65	7.9138526e-03
18.69	8.5597562e-03
18.72	9.2583857e-03
18.76	1.0014047e-02
18.79	1.0831397e-02
18.82	1.1715474e-02
18.86	1.2671728e-02
18.89	1.3706055e-02
18.93	1.4824832e-02
18.96	1.6034959e-02
18.99	1.7343899e-02
19.03	1.8759727e-02
19.06	2.0291176e-02
19.10	2.1947696e-02
19.13	2.3739512e-02
19.16	2.5677683e-02
19.20	2.7774176e-02
19.23	3.0041937e-02
19.27	3.2494974e-02
19.30	3.5148444e-02
19.33	3.8018747e-02
19.37	4.1123627e-02
19.40	4.4482286e-02
19.44	4.8115505e-02
19.47	5.2045768e-02
19.51	5.6297412e-02
19.54	6.0896775e-02
19.57	6.5872361e-02
19.61	7.1255026e-02
19.64	7.7078167e-02
19.68	8.3377939e-02
19.71	9.0193482e-02
19.74	9.7567171e-02
19.78	1.0554489e-01
19.81	1.1417632e-01
19.85	1.2351528e-01
19.88	1.3362002e-01
19.91	1.4455369e-01
19.95	1.5638466e-01
19.98	1.6918701e-01
20.02	1.8304103e-01
20.05	1.9803373e-01
20.08	2.1425942e-01
20.12	2.3182033e-01
20.15	2.5082734e-01
20.19	2.7140068e-01
20.22	2.9367079e-01
20.25	3.1777920e-01
20.29	3.4387950e-01
20.32	3.7213846e-01
20.36	4.0273716e-01
20.39	4.3587232e-01
20.42	4.7175770e-01
20.46	5.1062571e-01
20.49	5.5272905e-01
20.53	5.9834269e-01
20.56	6.4776595e-01
20.60	7.0132479e-01
20.63	7.5937441e-01
20.66	8.2230208e-01
20.70	8.9053032e-01
20.73	9.6452044e-01
20.77	1.0447764e+00
20.80	1.1318494e+00
20.83	1.2263424e+00
20.87	1.3289160e+00
20.90	1.4402947e+00
20.94	1.5612735e+00
20.97	1.6927262e+00
21.00	1.8356140e+00
21.04	1.9909962e+00
21.07	2.1600412e+00
21.11	2.3440402e+00
21.14	2.5444223e+00
21.17	2.7627721e+00
21.21	3.0008498e+00
21.24	3.2606147e+00
21.28	3.5442525e+00
21.31	3.8542072e+00
21.34	4.1932185e+00
21.38	4.5643659e+00
21.41	4.9711207e+00
21.45	5.4174083e+00
21.48	5.9076823e+00
21.52	6.4470141e+00
21.55	7.0412007e+00
21.58	7.6968965e+00
21.62	8.4217750e+00
21.65	9.2247280e+00
21.69	1.0116115e+01
21.72	1.1108074e+01
21.75	1.2214921e+01
21.79	1.3453658e+01
21.82	1.4844636e+01
21.86	1.6412428e+01
21.89	1.8187005e+01
21.92	2.0205348e+01
21.96	2.2513732e+01
21.99	2.5171148e+01
22.03	2.8254836e+01
22.06	3.1870294e+01
22.09	3.6171309e+01
22.13	4.1402514e+01
22.16	4.7989596e+01
22.20	5.6721856e+01
22.23	6.9094860e+01
22.26	8.7897391e+01
22.30	1.1811858e+02
22.33	1.6819733e+02
22.37	2.5152384e+02
22.40	3.8793914e+02
22.43	6.0479555e+02
22.47	9.3699055e+02
22.50	1.4253225e+03
22.54	2.1125744e+03
22.57	3.0369145e+03
22.61	4.2225035e+03
22.64	5.6676147e+03
22.67	7.3311969e+03
22.71	9.1198592e+03
22.74	1.0879075e+04
22.78	1.2395251e+04
22.81	1.3418608e+04
22.84	1.3717916e+04
22.88	1.3172707e+04
22.91	1.1899229e+04
22.95	1.0365873e+04
22.98	8.9546956e+03
23.01	7.7152350e+03
23.05	6.6385508e+03
23.08	5.7076980e+03
23.12	4.9049819e+03
23.15	4.2138391e+03
23.18	3.6193658e+03
23.22	3.1083964e+03
23.25	2.6694170e+03
23.29	2.2924172e+03
23.32	1.9687276e+03
23.35	1.6908592e+03
23.39	1.4523543e+03
23.42	1.2476518e+03
23.46	1.0719675e+03
23.49	9.2118864e+02
23.53	7.9178143e+02
23.56	6.8071120e+02
23.59	5.8537272e+02
23.63	5.0353005e+02
23.66	4.3326465e+02
23.70	3.7293061e+02
23.73	3.2111610e+02
23.76	2.7661021e+02
23.80	2.3837444e+02
23.83	2.0551824e+02
23.87	1.7727788e+02
23.90	1.5299850e+02
23.93	1.3211851e+02
23.97	1.1415635e+02
24.00	9.8699038e+01
24.04	8.5392416e+01
24.07	7.3932742e+01
24.10	6.4059493e+01
24.14	5.5549201e+01
24.17	4.8210162e+01
24.21	4.1877901e+01
24.24	3.6411289e+01
24.27	3.1689213e+01
24.31	2.7607716e+01
24.34	2.4077558e+01
24.38	2.1022114e+01
24.41	1.8375576e+01
24.44	1.6081419e+01
24.48	1.4091074e+01
24.51	1.2362799e+01
24.55	1.0860712e+01
24.58	9.5539539e+00
24.62	8.4159809e+00
24.65	7.4239507e+00
24.68	6.5581996e+00
24.72	5.8017932e+00
24.75	5.1401409e+00
24.79	4.5606662e+00
24.82	4.0525229e+00
24.85	3.6063520e+00
24.89	3.2140736e+00
24.92	2.8687075e+00
24.96	2.5642198e+00
24.99	2.2953914e+00
25.02	2.0577041e+00
25.06	1.8472441e+00
25.09	1.6606182e+00
25.13	1.4948819e+00
25.16	1.3474781e+00
25.19	1.2161841e+00
25.23	1.0990655e+00
25.26	9.9443774e-01
25.30	9.0083181e-01
25.33	8.1696545e-01
25.36	7.4171804e-01
25.40	6.7410913e-01
25.43	6.1327980e-01
25.47	5.5847664e-01
25.50	5.0903796e-01
25.54	4.6438181e-01
25.57	4.2399568e-01
25.60	3.8742761e-01
25.64	3.5427840e-01
25.67	3.2419502e-01
25.71	2.9686477e-01
25.74	2.7201024e-01
25.77	2.4938504e-01
25.81	2.2876993e-01
25.84	2.0996957e-01
25.88	1.9280966e-01
25.91	1.7713443e-01
25.94	1.6280449e-01
25.98	1.4969489e-01
26.01	1.3769350e-01
26.05	1.2669954e-01
26.08	1.1662231e-01
26.11	1.0738006e-01
26.15	9.8899029e-02
26.18	9.1112577e-02
26.22	8.3960412e-02
26.25	7.7387930e-02
26.28	7.1345619e-02
26.32	6.5788535e-02
26.35	6.0675839e-02
26.39	5.5970382e-02
26.42	5.1638339e-02
26.45	4.7648884e-02
26.49	4.3973901e-02
26.52	4.0587720e-02
26.56	3.7466889e-02
26.59	3.4589965e-02
26.63	3.1937328e-02
26.66	2.9491013e-02
26.69	2.7234562e-02
26.73	2.5152887e-02
26.76	2.3232148e-02
26.80	2.1459643e-02
26.83	1.9823710e-02
26.86	1.8313635e-02
26.90	1.6919572e-02
26.93	1.5632468e-02
26.97	1.4443997e-02
27.00	1.3346497e-02
