# NeutrinoAntineutrinoInteraction/NeutrinoAntineutrinoResonanceDown interaction rates
# neutrino field: massive Cosmic Neutrino Background, T_CnuB = 1.94535456 K
# Produced with crpropa-data version: 60a1560e37035039ec25f414e0c42a2444bad49c
# log10(E/eV), 1/lambda [1/Mpc]
10.89	0.0000000e+00
10.92	0.0000000e+00
10.95	0.0000000e+00
10.99	0.0000000e+00
11.02	0.0000000e+00
11.06	0.0000000e+00
11.09	0.0000000e+00
11.12	0.0000000e+00
11.16	0.0000000e+00
11.19	0.0000000e+00
11.23	0.0000000e+00
11.26	0.0000000e+00
11.29	0.0000000e+00
11.33	0.0000000e+00
11.36	0.0000000e+00
11.40	0.0000000e+00
11.43	0.0000000e+00
11.46	0.0000000e+00
11.50	0.0000000e+00
11.53	0.0000000e+00
11.57	0.0000000e+00
11.60	0.0000000e+00
11.64	0.0000000e+00
11.67	0.0000000e+00
11.70	0.0000000e+00
11.74	0.0000000e+00
11.77	0.0000000e+00
11.81	0.0000000e+00
11.84	0.0000000e+00
11.87	0.0000000e+00
11.91	0.0000000e+00
11.94	0.0000000e+00
11.98	0.0000000e+00
12.01	0.0000000e+00
12.04	0.0000000e+00
12.08	0.0000000e+00
12.11	0.0000000e+00
12.15	0.0000000e+00
12.18	0.0000000e+00
12.21	0.0000000e+00
12.25	0.0000000e+00
12.28	0.0000000e+00
12.32	0.0000000e+00
12.35	0.0000000e+00
12.38	0.0000000e+00
12.42	0.0000000e+00
12.45	0.0000000e+00
12.49	0.0000000e+00
12.52	0.0000000e+00
12.56	0.0000000e+00
12.59	0.0000000e+00
12.62	0.0000000e+00
12.66	0.0000000e+00
12.69	0.0000000e+00
12.73	0.0000000e+00
12.76	0.0000000e+00
12.79	0.0000000e+00
12.83	0.0000000e+00
12.86	1.0860239e-269
12.90	9.4571261e-250
12.93	2.5628457e-231
12.96	2.8081897e-214
13.00	1.5848556e-198
13.03	5.7623561e-184
13.07	1.6600191e-170
13.10	4.5878059e-158
13.13	1.4517257e-146
13.17	6.1939196e-136
13.20	4.1448069e-126
13.24	5.0026917e-117
13.27	1.2393307e-108
13.30	7.1013996e-101
13.34	1.0511111e-93
13.37	4.4509899e-87
13.41	5.9262115e-81
13.44	2.7072340e-75
13.47	4.6000006e-70
13.51	3.1324510e-65
13.54	9.1594845e-61
13.58	1.2258117e-56
13.61	7.9644964e-53
13.65	2.6531295e-49
13.68	4.7656441e-46
13.71	4.8360834e-43
13.75	2.8946374e-40
13.78	1.0634826e-37
13.82	2.4883130e-35
13.85	3.8363143e-33
13.88	4.0219681e-31
13.92	2.9520783e-29
13.95	1.5583974e-27
13.99	6.0660313e-26
14.02	1.7815888e-24
14.05	4.0330521e-23
14.09	7.1768642e-22
14.12	1.0223923e-20
14.16	1.1857546e-19
14.19	1.1371801e-18
14.22	9.1490329e-18
14.26	6.2577377e-17
14.29	3.6838868e-16
14.33	1.8879533e-15
14.36	8.5123766e-15
14.39	3.4097375e-14
14.43	1.2243933e-13
14.46	3.9744568e-13
14.50	1.1752982e-12
14.53	3.1888857e-12
14.57	7.9914734e-12
14.60	1.8611236e-11
14.63	4.0508915e-11
14.67	8.2839528e-11
14.70	1.5993832e-10
14.74	2.9285723e-10
14.77	5.1069824e-10
14.80	8.5145316e-10
14.84	1.3620863e-09
14.87	2.0976888e-09
14.91	3.1196766e-09
14.94	4.4931635e-09
14.97	6.2837862e-09
15.01	8.5543531e-09
15.04	1.1361722e-08
15.08	1.4754278e-08
15.11	1.8770283e-08
15.14	2.3437260e-08
15.18	2.8772416e-08
15.21	3.4784006e-08
15.25	4.1473422e-08
15.28	4.8837761e-08
15.31	5.6872598e-08
15.35	6.5574713e-08
15.38	7.4944590e-08
15.42	8.4988537e-08
15.45	9.5720380e-08
15.48	1.0716271e-07
15.52	1.1934773e-07
15.55	1.3231771e-07
15.59	1.4612530e-07
15.62	1.6083348e-07
15.66	1.7651559e-07
15.69	1.9325520e-07
15.72	2.1114607e-07
15.76	2.3029214e-07
15.79	2.5080758e-07
15.83	2.7281705e-07
15.86	2.9645595e-07
15.89	3.2187095e-07
15.93	3.4922046e-07
15.96	3.7867542e-07
16.00	4.1042012e-07
16.03	4.4465313e-07
16.06	4.8158841e-07
16.10	5.2145656e-07
16.13	5.6450609e-07
16.17	6.1100501e-07
16.20	6.6124233e-07
16.23	7.1552990e-07
16.27	7.7420432e-07
16.30	8.3762895e-07
16.34	9.0619623e-07
16.37	9.8033004e-07
16.40	1.0604884e-06
16.44	1.1471661e-06
16.47	1.2408982e-06
16.51	1.3422627e-06
16.54	1.4518848e-06
16.58	1.5704402e-06
16.61	1.6986594e-06
16.64	1.8373327e-06
16.68	1.9873144e-06
16.71	2.1495283e-06
16.75	2.3249736e-06
16.78	2.5147308e-06
16.81	2.7199686e-06
16.85	2.9419508e-06
16.88	3.1820443e-06
16.92	3.4417277e-06
16.95	3.7225999e-06
16.98	4.0263902e-06
17.02	4.3549693e-06
17.05	4.7103603e-06
17.09	5.0947512e-06
17.12	5.5105088e-06
17.15	5.9601930e-06
17.19	6.4465724e-06
17.22	6.9726416e-06
17.26	7.5416396e-06
17.29	8.1570696e-06
17.32	8.8227209e-06
17.36	9.5426917e-06
17.39	1.0321415e-05
17.43	1.1163685e-05
17.46	1.2074688e-05
17.49	1.3060032e-05
17.53	1.4125784e-05
17.56	1.5278507e-05
17.60	1.6525297e-05
17.63	1.7873831e-05
17.67	1.9332411e-05
17.70	2.0910019e-05
17.73	2.2616367e-05
17.77	2.4461961e-05
17.80	2.6458166e-05
17.84	2.8617271e-05
17.87	3.0952571e-05
17.90	3.3478445e-05
17.94	3.6210444e-05
17.97	3.9165391e-05
18.01	4.2361479e-05
18.04	4.5818387e-05
18.07	4.9557402e-05
18.11	5.3601546e-05
18.14	5.7975721e-05
18.18	6.2706859e-05
18.21	6.7824094e-05
18.24	7.3358936e-05
18.28	7.9345467e-05
18.31	8.5820549e-05
18.35	9.2824057e-05
18.38	1.0039912e-04
18.41	1.0859238e-04
18.45	1.1745429e-04
18.48	1.2703944e-04
18.52	1.3740684e-04
18.55	1.4862035e-04
18.59	1.6074903e-04
18.62	1.7386758e-04
18.65	1.8805678e-04
18.69	2.0340405e-04
18.72	2.2000390e-04
18.76	2.3795859e-04
18.79	2.5737872e-04
18.82	2.7838391e-04
18.86	3.0110357e-04
18.89	3.2567766e-04
18.93	3.5225758e-04
18.96	3.8100711e-04
18.99	4.1210340e-04
19.03	4.4573805e-04
19.06	4.8211835e-04
19.10	5.2146851e-04
19.13	5.6403108e-04
19.16	6.1006840e-04
19.20	6.5986429e-04
19.23	7.1372577e-04
19.27	7.7198494e-04
19.30	8.3500109e-04
19.33	9.0316287e-04
19.37	9.7689075e-04
19.40	1.0566396e-03
19.44	1.1429015e-03
19.47	1.2362089e-03
19.51	1.3371377e-03
19.54	1.4463111e-03
19.57	1.5644033e-03
19.61	1.6921439e-03
19.64	1.8303220e-03
19.68	1.9797918e-03
19.71	2.1414774e-03
19.74	2.3163788e-03
19.78	2.5055782e-03
19.81	2.7102465e-03
19.85	2.9316512e-03
19.88	3.1711640e-03
19.91	3.4302694e-03
19.95	3.7105743e-03
19.98	4.0138182e-03
20.02	4.3418840e-03
20.05	4.6968103e-03
20.08	5.0808042e-03
20.12	5.4962554e-03
20.15	5.9457518e-03
20.19	6.4320959e-03
20.22	6.9583232e-03
20.25	7.5277216e-03
20.29	8.1438531e-03
20.32	8.8105772e-03
20.36	9.5320758e-03
20.39	1.0312882e-02
20.42	1.1157908e-02
20.46	1.2072481e-02
20.49	1.3062378e-02
20.53	1.4133863e-02
20.56	1.5293732e-02
20.60	1.6549361e-02
20.63	1.7908755e-02
20.66	1.9380603e-02
20.70	2.0974344e-02
20.73	2.2700232e-02
20.77	2.4569410e-02
20.80	2.6593994e-02
20.83	2.8787162e-02
20.87	3.1163251e-02
20.90	3.3737873e-02
20.94	3.6528030e-02
20.97	3.9552254e-02
21.00	4.2830754e-02
21.04	4.6385583e-02
21.07	5.0240823e-02
21.11	5.4422794e-02
21.14	5.8960282e-02
21.17	6.3884801e-02
21.21	6.9230887e-02
21.24	7.5036421e-02
21.28	8.1343004e-02
21.31	8.8196379e-02
21.34	9.5646905e-02
21.38	1.0375010e-01
21.41	1.1256728e-01
21.45	1.2216624e-01
21.48	1.3262211e-01
21.52	1.4401829e-01
21.55	1.5644753e-01
21.58	1.7001325e-01
21.62	1.8483104e-01
21.65	2.0103037e-01
21.69	2.1875674e-01
21.72	2.3817414e-01
21.75	2.5946796e-01
21.79	2.8284863e-01
21.82	3.0855585e-01
21.86	3.3686389e-01
21.89	3.6808798e-01
21.92	4.0259238e-01
21.96	4.4080027e-01
21.99	4.8320651e-01
22.03	5.3039376e-01
22.06	5.8305353e-01
22.09	6.4201405e-01
22.13	7.0827783e-01
22.16	7.8307422e-01
22.20	8.6793645e-01
22.23	9.6482484e-01
22.26	1.0763468e+00
22.30	1.2061967e+00
22.33	1.3600893e+00
22.37	1.5477408e+00
22.40	1.7868526e+00
22.43	2.1104903e+00
22.47	2.5794312e+00
22.50	3.3005662e+00
22.54	4.4509127e+00
22.57	6.3041682e+00
22.61	9.2535964e+00
22.64	1.3822531e+01
22.67	2.0653303e+01
22.71	3.0467874e+01
22.74	4.3998851e+01
22.78	6.1896668e+01
22.81	8.4625527e+01
22.84	1.1236514e+02
22.88	1.4493611e+02
22.91	1.8176346e+02
22.95	2.2188663e+02
22.98	2.6401606e+02
23.01	3.0662925e+02
23.05	3.4809280e+02
23.08	3.8679415e+02
23.12	4.2126635e+02
23.15	4.5029156e+02
23.18	4.7297375e+02
23.22	4.8877566e+02
23.25	4.9752100e+02
23.29	4.9936641e+02
23.32	4.9475103e+02
23.35	4.8433229e+02
23.39	4.6891670e+02
23.42	4.4939267e+02
23.46	4.2667090e+02
23.49	4.0163552e+02
23.53	3.7510721e+02
23.56	3.4781850e+02
23.59	3.2039958e+02
23.63	2.9337327e+02
23.66	2.6715676e+02
23.70	2.4206833e+02
23.73	2.1833726e+02
23.76	1.9611537e+02
23.80	1.7548915e+02
23.83	1.5649161e+02
23.87	1.3911335e+02
23.90	1.2331243e+02
23.93	1.0902300e+02
23.97	9.6162587e+01
24.00	8.4638083e+01
24.04	7.4350579e+01
24.07	6.5199152e+01
24.10	5.7083751e+01
24.14	4.9907321e+01
24.17	4.3577304e+01
24.21	3.8006634e+01
24.24	3.3114325e+01
24.27	2.8825757e+01
24.31	2.5072719e+01
24.34	2.1793289e+01
24.38	1.8931581e+01
24.41	1.6437420e+01
24.44	1.4265959e+01
24.48	1.2377273e+01
24.51	1.0735945e+01
24.55	9.3106532e+00
24.58	8.0737765e+00
24.62	7.0010174e+00
24.65	6.0710493e+00
24.68	5.2651909e+00
24.72	4.5671075e+00
24.75	3.9625392e+00
24.79	3.4390555e+00
24.82	2.9858347e+00
24.85	2.5934664e+00
24.89	2.2537765e+00
24.92	1.9596712e+00
24.96	1.7049992e+00
24.99	1.4844308e+00
25.02	1.2933510e+00
25.06	1.1277659e+00
25.09	9.8422119e-01
25.13	8.5973009e-01
25.16	7.5171137e-01
25.19	6.5793481e-01
25.23	5.7647401e-01
25.26	5.0566529e-01
25.30	4.4407206e-01
25.33	3.9045395e-01
25.36	3.4374002e-01
25.40	3.0300560e-01
25.43	2.6745229e-01
25.47	2.3639062e-01
25.50	2.0922508e-01
25.54	1.8544124e-01
25.57	1.6459457e-01
25.60	1.4630084e-01
25.64	1.3022782e-01
25.67	1.1608813e-01
25.71	1.0363308e-01
25.74	9.2647340e-02
25.77	8.2944373e-02
25.81	7.4362494e-02
25.84	6.6761462e-02
25.88	6.0019552e-02
25.91	5.4031036e-02
25.94	4.8704006e-02
25.98	4.3958497e-02
26.01	3.9724879e-02
26.05	3.5942457e-02
26.08	3.2558279e-02
26.11	2.9526096e-02
26.15	2.6805469e-02
26.18	2.4361000e-02
26.22	2.2161669e-02
26.25	2.0180257e-02
26.28	1.8392850e-02
26.32	1.6778411e-02
26.35	1.5318410e-02
26.39	1.3996502e-02
26.42	1.2798250e-02
26.45	1.1710881e-02
26.49	1.0723084e-02
26.52	9.8248240e-03
26.56	9.0071846e-03
26.59	8.2622340e-03
26.63	7.5829044e-03
26.66	6.9628894e-03
26.69	6.3965532e-03
26.73	5.8788523e-03
26.76	5.4052668e-03
26.80	4.9717399e-03
26.83	4.5746262e-03
26.86	4.2106448e-03
26.90	3.8768391e-03
26.93	3.5705415e-03
26.97	3.2893418e-03
27.00	3.0310600e-03
