# NeutrinoAntineutrinoInteraction/NeutrinoAntineutrinoResonanceDown interaction rates
# neutrino field: massive Cosmic Neutrino Background, T_CnuB = 1.94535456 K
# Produced with crpropa-data version: 60a1560e37035039ec25f414e0c42a2444bad49c
# log10(E/eV), 1/lambda [1/Mpc]
11.43	0.0000000e+00
11.46	0.0000000e+00
11.50	0.0000000e+00
11.53	0.0000000e+00
11.57	0.0000000e+00
11.60	0.0000000e+00
11.64	0.0000000e+00
11.67	0.0000000e+00
11.70	0.0000000e+00
11.74	0.0000000e+00
11.77	0.0000000e+00
11.81	0.0000000e+00
11.84	0.0000000e+00
11.87	0.0000000e+00
11.91	0.0000000e+00
11.94	0.0000000e+00
11.98	0.0000000e+00
12.01	0.0000000e+00
12.04	0.0000000e+00
12.08	0.0000000e+00
12.11	0.0000000e+00
12.15	0.0000000e+00
12.18	0.0000000e+00
12.21	0.0000000e+00
12.25	0.0000000e+00
12.28	0.0000000e+00
12.32	0.0000000e+00
12.35	0.0000000e+00
12.38	0.0000000e+00
12.42	0.0000000e+00
12.45	0.0000000e+00
12.49	0.0000000e+00
12.52	0.0000000e+00
12.56	0.0000000e+00
12.59	0.0000000e+00
12.62	0.0000000e+00
12.66	0.0000000e+00
12.69	0.0000000e+00
12.73	0.0000000e+00
12.76	0.0000000e+00
12.79	0.0000000e+00
12.83	0.0000000e+00
12.86	0.0000000e+00
12.90	0.0000000e+00
12.93	0.0000000e+00
12.96	0.0000000e+00
13.00	0.0000000e+00
13.03	0.0000000e+00
13.07	0.0000000e+00
13.10	0.0000000e+00
13.13	0.0000000e+00
13.17	0.0000000e+00
13.20	0.0000000e+00
13.24	0.0000000e+00
13.27	0.0000000e+00
13.30	0.0000000e+00
13.34	0.0000000e+00
13.37	0.0000000e+00
13.41	4.2241692e-268
13.44	1.5954477e-248
13.47	1.9976194e-230
13.51	1.0721699e-213
13.54	3.1285655e-198
13.58	6.1827485e-184
13.61	1.0139060e-170
13.65	1.6648041e-158
13.68	3.2560722e-147
13.71	8.9067130e-137
13.75	3.9527623e-127
13.78	3.2647364e-118
13.82	5.6972877e-110
13.85	2.3621777e-102
13.88	2.5935230e-95
13.92	8.3359790e-89
13.95	8.6056373e-83
13.99	3.1088763e-77
14.02	4.2544574e-72
14.05	2.3732081e-67
14.09	5.7744294e-63
14.12	6.5249318e-59
14.16	3.6282512e-55
14.19	1.0474605e-51
14.22	1.6497121e-48
14.26	1.4838819e-45
14.29	7.9524910e-43
14.33	2.6407447e-40
14.36	5.6337170e-38
14.39	7.9845598e-36
14.43	7.7542821e-34
14.46	5.3100941e-32
14.50	2.6328890e-30
14.53	9.6865078e-29
14.57	2.7048373e-27
14.60	5.8539586e-26
14.63	1.0011618e-24
14.67	1.3774766e-23
14.70	1.5501862e-22
14.74	1.4489607e-21
14.77	1.1409208e-20
14.80	7.6677947e-20
14.84	4.4520800e-19
14.87	2.2583831e-18
14.91	1.0112805e-17
14.94	4.0359132e-17
14.97	1.4482689e-16
15.01	4.7113138e-16
15.04	1.3998989e-15
15.08	3.8259270e-15
15.11	9.6794411e-15
15.14	2.2803746e-14
15.18	5.0299971e-14
15.21	1.0440117e-13
15.25	2.0483648e-13
15.28	3.8149475e-13
15.31	6.7701403e-13
15.35	1.1487392e-12
15.38	1.8693367e-12
15.42	2.9252613e-12
15.45	4.4122619e-12
15.48	6.4272239e-12
15.52	9.0559629e-12
15.55	1.2357270e-11
15.59	1.6344856e-11
15.62	2.0971138e-11
15.66	2.6119923e-11
15.69	3.1617937e-11
15.72	3.7276019e-11
15.76	4.2980671e-11
15.79	4.8764236e-11
15.83	5.4689255e-11
15.86	6.0815261e-11
15.89	6.7199678e-11
15.93	7.3898657e-11
15.96	8.0967843e-11
16.00	8.8463067e-11
16.03	9.6440996e-11
16.06	1.0495974e-10
16.10	1.1407944e-10
16.13	1.2386281e-10
16.17	1.3437570e-10
16.20	1.4568764e-10
16.23	1.5787238e-10
16.27	1.7100845e-10
16.30	1.8517972e-10
16.34	2.0047599e-10
16.37	2.1699365e-10
16.40	2.3483625e-10
16.44	2.5411526e-10
16.47	2.7495072e-10
16.51	2.9747211e-10
16.54	3.2181906e-10
16.58	3.4814234e-10
16.61	3.7660474e-10
16.64	4.0738212e-10
16.68	4.4066451e-10
16.71	4.7665727e-10
16.75	5.1558239e-10
16.78	5.5767986e-10
16.81	6.0320914e-10
16.85	6.5245080e-10
16.88	7.0570820e-10
16.92	7.6330942e-10
16.95	8.2560926e-10
16.98	8.9299139e-10
17.02	9.6587080e-10
17.05	1.0446963e-09
17.09	1.1299532e-09
17.12	1.2221666e-09
17.15	1.3219042e-09
17.19	1.4297801e-09
17.22	1.5464586e-09
17.26	1.6726580e-09
17.29	1.8091554e-09
17.32	1.9567912e-09
17.36	2.1164744e-09
17.39	2.2891880e-09
17.43	2.4759956e-09
17.46	2.6780472e-09
17.49	2.8965869e-09
17.53	3.1329601e-09
17.56	3.3886222e-09
17.60	3.6651473e-09
17.63	3.9642378e-09
17.67	4.2877353e-09
17.70	4.6376315e-09
17.73	5.0160805e-09
17.77	5.4254125e-09
17.80	5.8681477e-09
17.84	6.3470120e-09
17.87	6.8649536e-09
17.90	7.4251615e-09
17.94	8.0310848e-09
17.97	8.6864541e-09
18.01	9.3953046e-09
18.04	1.0162000e-08
18.07	1.0991262e-08
18.11	1.1888196e-08
18.14	1.2858324e-08
18.18	1.3907619e-08
18.21	1.5042542e-08
18.24	1.6270080e-08
18.28	1.7597793e-08
18.31	1.9033854e-08
18.35	2.0587105e-08
18.38	2.2267111e-08
18.41	2.4084216e-08
18.45	2.6049607e-08
18.48	2.8175388e-08
18.52	3.0474645e-08
18.55	3.2961539e-08
18.59	3.5651380e-08
18.62	3.8560732e-08
18.65	4.1707510e-08
18.69	4.5111091e-08
18.72	4.8792432e-08
18.76	5.2774204e-08
18.79	5.7080924e-08
18.82	6.1739115e-08
18.86	6.6777462e-08
18.89	7.2226992e-08
18.93	7.8121266e-08
18.96	8.4496583e-08
18.99	9.1392206e-08
19.03	9.8850604e-08
19.06	1.0691771e-07
19.10	1.1564322e-07
19.13	1.2508087e-07
19.16	1.3528878e-07
19.20	1.4632985e-07
19.23	1.5827209e-07
19.27	1.7118905e-07
19.30	1.8516032e-07
19.33	2.0027197e-07
19.37	2.1661711e-07
19.40	2.3429645e-07
19.44	2.5341893e-07
19.47	2.7410239e-07
19.51	2.9647429e-07
19.54	3.2067254e-07
19.57	3.4684627e-07
19.61	3.7515685e-07
19.64	4.0577879e-07
19.68	4.3890093e-07
19.71	4.7472750e-07
19.74	5.1347946e-07
19.78	5.5539584e-07
19.81	6.0073523e-07
19.85	6.4977738e-07
19.88	7.0282493e-07
19.91	7.6020534e-07
19.95	8.2227284e-07
19.98	8.8941070e-07
20.02	9.6203362e-07
20.05	1.0405903e-06
20.08	1.1255661e-06
20.12	1.2174865e-06
20.15	1.3169199e-06
20.19	1.4244813e-06
20.22	1.5408364e-06
20.25	1.6667057e-06
20.29	1.8028686e-06
20.32	1.9501691e-06
20.36	2.1095204e-06
20.39	2.2819112e-06
20.42	2.4684115e-06
20.46	2.6701800e-06
20.49	2.8884709e-06
20.53	3.1246422e-06
20.56	3.3801645e-06
20.60	3.6566303e-06
20.63	3.9557643e-06
20.66	4.2794347e-06
20.70	4.6296652e-06
20.73	5.0086484e-06
20.77	5.4187599e-06
20.80	5.8625745e-06
20.83	6.3428829e-06
20.87	6.8627102e-06
20.90	7.4253368e-06
20.94	8.0343202e-06
20.97	8.6935193e-06
21.00	9.4071208e-06
21.04	1.0179669e-05
21.07	1.1016095e-05
21.11	1.1921756e-05
21.14	1.2902471e-05
21.17	1.3964559e-05
21.21	1.5114894e-05
21.24	1.6360947e-05
21.28	1.7710847e-05
21.31	1.9173442e-05
21.34	2.0758367e-05
21.38	2.2476119e-05
21.41	2.4338140e-05
21.45	2.6356915e-05
21.48	2.8546070e-05
21.52	3.0920489e-05
21.55	3.3496446e-05
21.58	3.6291745e-05
21.62	3.9325886e-05
21.65	4.2620243e-05
21.69	4.6198274e-05
21.72	5.0085746e-05
21.75	5.4311006e-05
21.79	5.8905271e-05
21.82	6.3902974e-05
21.86	6.9342147e-05
21.89	7.5264868e-05
21.92	8.1717775e-05
21.96	8.8752650e-05
21.99	9.6427106e-05
22.03	1.0480538e-04
22.06	1.1395928e-04
22.09	1.2396921e-04
22.13	1.3492554e-04
22.16	1.4693005e-04
22.20	1.6009775e-04
22.23	1.7455904e-04
22.26	1.9046227e-04
22.30	2.0797691e-04
22.33	2.2729727e-04
22.37	2.4864724e-04
22.40	2.7228596e-04
22.43	2.9851500e-04
22.47	3.2768733e-04
22.50	3.6021866e-04
22.54	3.9660199e-04
22.57	4.3742654e-04
22.61	4.8340261e-04
22.64	5.3539483e-04
22.67	5.9446781e-04
22.71	6.6195043e-04
22.74	7.3953133e-04
22.78	8.2941193e-04
22.81	9.3457965e-04
22.84	1.0593502e-03
22.88	1.2105150e-03
22.91	1.3997790e-03
22.95	1.6487208e-03
22.98	1.9981703e-03
23.01	2.5244019e-03
23.05	3.3643791e-03
23.08	4.7508508e-03
23.12	7.0550089e-03
23.15	1.0829815e-02
23.18	1.6841922e-02
23.22	2.6075837e-02
23.25	3.9692207e-02
23.29	5.8923871e-02
23.32	8.4898822e-02
23.35	1.1838785e-01
23.39	1.5948604e-01
23.42	2.0725279e-01
23.46	2.5935866e-01
23.49	3.1182714e-01
23.53	3.5902147e-01
23.56	3.9410388e-01
23.59	4.1023903e-01
23.63	4.0272610e-01
23.66	3.7198923e-01
23.70	3.2732566e-01
23.73	2.8332247e-01
23.76	2.4429591e-01
23.80	2.1029028e-01
23.83	1.8084826e-01
23.87	1.5543869e-01
23.90	1.3355003e-01
23.93	1.1471673e-01
23.97	9.8525212e-02
24.00	8.4612658e-02
24.04	7.2663040e-02
24.07	6.2402322e-02
24.10	5.3593583e-02
24.14	4.6032406e-02
24.17	3.9542686e-02
24.21	3.3972867e-02
24.24	2.9192628e-02
24.27	2.5089980e-02
24.31	2.1568733e-02
24.34	1.8546299e-02
24.38	1.5951792e-02
24.41	1.3724382e-02
24.44	1.1811882e-02
24.48	1.0169523e-02
24.51	8.7589079e-03
24.55	7.5471036e-03
24.58	6.5058689e-03
24.62	5.6109850e-03
24.65	4.8416841e-03
24.68	4.1801571e-03
24.72	3.6111323e-03
24.75	3.1215136e-03
24.79	2.7000700e-03
24.82	2.3371694e-03
24.85	2.0245506e-03
24.89	1.7551277e-03
24.92	1.5228220e-03
24.96	1.3224185e-03
24.99	1.1494425e-03
25.02	1.0000542e-03
25.06	8.7095805e-04
25.09	7.5932489e-04
25.13	6.6272582e-04
25.16	5.7907499e-04
25.19	5.0658081e-04
25.23	4.4370406e-04
25.26	3.8912200e-04
25.30	3.4169761e-04
25.33	3.0045323e-04
25.36	2.6454794e-04
25.40	2.3325820e-04
25.43	2.0596122e-04
25.47	1.8212072e-04
25.50	1.6127474e-04
25.54	1.4302511e-04
25.57	1.2702853e-04
25.60	1.1298880e-04
25.64	1.0065027e-04
25.67	8.9792110e-05
25.71	8.0223484e-05
25.74	7.1779348e-05
25.77	6.4316869e-05
25.81	5.7712344e-05
25.84	5.1858553e-05
25.88	4.6662486e-05
25.91	4.2043388e-05
25.94	3.7931084e-05
25.98	3.4264529e-05
26.01	3.0990572e-05
26.05	2.8062883e-05
26.08	2.5441036e-05
26.11	2.3089713e-05
26.15	2.0978027e-05
26.18	1.9078930e-05
26.22	1.7368707e-05
26.25	1.5826538e-05
26.28	1.4434120e-05
26.32	1.3175343e-05
26.35	1.2036003e-05
26.39	1.1003564e-05
26.42	1.0066942e-05
26.45	9.2163259e-06
26.49	8.4430155e-06
26.52	7.7392863e-06
26.56	7.0982690e-06
26.59	6.5138462e-06
26.63	5.9805616e-06
26.66	5.4935415e-06
26.69	5.0484264e-06
26.73	4.6413109e-06
26.76	4.2686914e-06
26.80	3.9274204e-06
26.83	3.6146664e-06
26.86	3.3278788e-06
26.90	3.0647569e-06
26.93	2.8232228e-06
26.97	2.6013975e-06
27.00	2.3975799e-06
