# NeutrinoAntineutrinoInteraction/NeutrinoAntineutrinoResonanceDown interaction rates
# neutrino field: massive Cosmic Neutrino Background, T_CnuB = 1.94535456 K
# Produced with crpropa-data version: 60a1560e37035039ec25f414e0c42a2444bad49c
# log10(E/eV), 1/lambda [1/Mpc]
11.29	0.0000000e+00
11.33	0.0000000e+00
11.36	0.0000000e+00
11.40	0.0000000e+00
11.43	0.0000000e+00
11.46	0.0000000e+00
11.50	0.0000000e+00
11.53	0.0000000e+00
11.57	0.0000000e+00
11.60	0.0000000e+00
11.64	0.0000000e+00
11.67	0.0000000e+00
11.70	0.0000000e+00
11.74	0.0000000e+00
11.77	0.0000000e+00
11.81	0.0000000e+00
11.84	0.0000000e+00
11.87	0.0000000e+00
11.91	0.0000000e+00
11.94	0.0000000e+00
11.98	0.0000000e+00
12.01	0.0000000e+00
12.04	0.0000000e+00
12.08	0.0000000e+00
12.11	0.0000000e+00
12.15	0.0000000e+00
12.18	0.0000000e+00
12.21	0.0000000e+00
12.25	0.0000000e+00
12.28	0.0000000e+00
12.32	0.0000000e+00
12.35	0.0000000e+00
12.38	0.0000000e+00
12.42	0.0000000e+00
12.45	0.0000000e+00
12.49	0.0000000e+00
12.52	0.0000000e+00
12.56	0.0000000e+00
12.59	0.0000000e+00
12.62	0.0000000e+00
12.66	0.0000000e+00
12.69	0.0000000e+00
12.73	0.0000000e+00
12.76	0.0000000e+00
12.79	0.0000000e+00
12.83	0.0000000e+00
12.86	0.0000000e+00
12.90	0.0000000e+00
12.93	0.0000000e+00
12.96	0.0000000e+00
13.00	0.0000000e+00
13.03	0.0000000e+00
13.07	0.0000000e+00
13.10	0.0000000e+00
13.13	0.0000000e+00
13.17	0.0000000e+00
13.20	0.0000000e+00
13.24	0.0000000e+00
13.27	3.1626706e-274
13.30	4.0445466e-254
13.34	1.5263716e-235
13.37	2.2718712e-218
13.41	1.7020708e-202
13.44	8.0424282e-188
13.47	2.9523541e-174
13.51	1.0210468e-161
13.54	3.9758217e-150
13.58	2.0553254e-139
13.61	1.6427673e-129
13.65	2.3371741e-120
13.68	6.7419930e-112
13.71	4.4479892e-104
13.75	7.5018514e-97
13.78	3.5851433e-90
13.82	5.3396154e-84
13.85	2.7064094e-78
13.88	5.0639508e-73
13.92	3.7710796e-68
13.95	1.1981918e-63
13.99	1.7321998e-59
14.02	1.2092091e-55
14.05	4.3063631e-52
14.09	8.2318969e-49
14.12	8.8527755e-46
14.16	5.5939826e-43
14.19	2.1620939e-40
14.22	5.3048678e-38
14.26	8.5514625e-36
14.29	9.3490495e-34
14.33	7.1385864e-32
14.36	3.9117458e-30
14.39	1.5774319e-28
14.43	4.7911431e-27
14.46	1.1198611e-25
14.50	2.0547162e-24
14.53	3.0142520e-23
14.57	3.5960419e-22
14.60	3.5441341e-21
14.63	2.9278280e-20
14.67	2.0547850e-19
14.70	1.2404215e-18
14.74	6.5154605e-18
14.77	3.0096029e-17
14.80	1.2346090e-16
14.84	4.5389172e-16
14.87	1.5080866e-15
14.91	4.5637779e-15
14.94	1.2669644e-14
14.97	3.2480797e-14
15.01	7.7369949e-14
15.04	1.7220994e-13
15.08	3.6004058e-13
15.11	7.1046429e-13
15.14	1.3290935e-12
15.18	2.3667986e-12
15.21	4.0270223e-12
15.25	6.5691748e-12
15.28	1.0306207e-11
15.31	1.5594889e-11
15.35	2.2818062e-11
15.38	3.2359080e-11
15.42	4.4569739e-11
15.45	5.9734140e-11
15.48	7.8032152e-11
15.52	9.9507403e-11
15.55	1.2404592e-10
15.59	1.5137239e-10
15.62	1.8107105e-10
15.66	2.1263626e-10
15.69	2.4555507e-10
15.72	2.7942248e-10
15.76	3.1412404e-10
15.79	3.4992959e-10
15.83	3.8718004e-10
15.86	4.2620774e-10
15.89	4.6734105e-10
15.93	5.1090849e-10
15.96	5.5724264e-10
16.00	6.0668379e-10
16.03	6.5958333e-10
16.06	7.1630715e-10
16.10	7.7723884e-10
16.13	8.4278291e-10
16.17	9.1336800e-10
16.20	9.8945013e-10
16.23	1.0715161e-09
16.27	1.1600868e-09
16.30	1.2557209e-09
16.34	1.3590188e-09
16.37	1.4706261e-09
16.40	1.5912385e-09
16.44	1.7216055e-09
16.47	1.8625360e-09
16.51	2.0149030e-09
16.54	2.1796488e-09
16.58	2.3577917e-09
16.61	2.5504317e-09
16.64	2.7587576e-09
16.68	2.9840545e-09
16.71	3.2277114e-09
16.75	3.4912302e-09
16.78	3.7762349e-09
16.81	4.0844814e-09
16.85	4.4178686e-09
16.88	4.7784501e-09
16.92	5.1684466e-09
16.95	5.5902599e-09
16.98	6.0464877e-09
17.02	6.5399393e-09
17.05	7.0736531e-09
17.09	7.6509156e-09
17.12	8.2752810e-09
17.15	8.9505938e-09
17.19	9.6810120e-09
17.22	1.0471033e-08
17.26	1.1325520e-08
17.29	1.2249735e-08
17.32	1.3249368e-08
17.36	1.4330574e-08
17.39	1.5500009e-08
17.43	1.6764874e-08
17.46	1.8132956e-08
17.49	1.9612678e-08
17.53	2.1213151e-08
17.56	2.2944229e-08
17.60	2.4816569e-08
17.63	2.6841699e-08
17.67	2.9032088e-08
17.70	3.1401222e-08
17.73	3.3963687e-08
17.77	3.6735260e-08
17.80	3.9733005e-08
17.84	4.2975379e-08
17.87	4.6482345e-08
17.90	5.0275495e-08
17.94	5.4378183e-08
17.97	5.8815670e-08
18.01	6.3615277e-08
18.04	6.8806556e-08
18.07	7.4421468e-08
18.11	8.0494585e-08
18.14	8.7063300e-08
18.18	9.4168057e-08
18.21	1.0185260e-07
18.24	1.1016425e-07
18.28	1.1915417e-07
18.31	1.2887772e-07
18.35	1.3939478e-07
18.38	1.5077009e-07
18.41	1.6307371e-07
18.45	1.7638138e-07
18.48	1.9077505e-07
18.52	2.0634335e-07
18.55	2.2318214e-07
18.59	2.4139511e-07
18.62	2.6109440e-07
18.65	2.8240133e-07
18.69	3.0544710e-07
18.72	3.3037362e-07
18.76	3.5733440e-07
18.79	3.8649545e-07
18.82	4.1803637e-07
18.86	4.5215140e-07
18.89	4.8905063e-07
18.93	5.2896132e-07
18.96	5.7212926e-07
18.99	6.1882035e-07
19.03	6.6932215e-07
19.06	7.2394573e-07
19.10	7.8302754e-07
19.13	8.4693154e-07
19.16	9.1605137e-07
19.20	9.9081284e-07
19.23	1.0716765e-06
19.27	1.1591407e-06
19.30	1.2537441e-06
19.33	1.3560699e-06
19.37	1.4667484e-06
19.40	1.5864618e-06
19.44	1.7159479e-06
19.47	1.8560048e-06
19.51	2.0074958e-06
19.54	2.1713549e-06
19.57	2.3485923e-06
19.61	2.5403009e-06
19.64	2.7476629e-06
19.68	2.9719573e-06
19.71	3.2145678e-06
19.74	3.4769910e-06
19.78	3.7608465e-06
19.81	4.0678861e-06
19.85	4.4000051e-06
19.88	4.7592542e-06
19.91	5.1478521e-06
19.95	5.5681994e-06
19.98	6.0228934e-06
20.02	6.5147445e-06
20.05	7.0467938e-06
20.08	7.6223322e-06
20.12	8.2449206e-06
20.15	8.9184128e-06
20.19	9.6469795e-06
20.22	1.0435135e-05
20.25	1.1287763e-05
20.29	1.2210154e-05
20.32	1.3208031e-05
20.36	1.4287591e-05
20.39	1.5455543e-05
20.42	1.6719149e-05
20.46	1.8086275e-05
20.49	1.9565437e-05
20.53	2.1165858e-05
20.56	2.2897528e-05
20.60	2.4771268e-05
20.63	2.6798800e-05
20.66	2.8992828e-05
20.70	3.1367114e-05
20.73	3.3936576e-05
20.77	3.6717385e-05
20.80	3.9727074e-05
20.83	4.2984652e-05
20.87	4.6510741e-05
20.90	5.0327711e-05
20.94	5.4459836e-05
20.97	5.8933464e-05
21.00	6.3777201e-05
21.04	6.9022114e-05
21.07	7.4701957e-05
21.11	8.0853412e-05
21.14	8.7516359e-05
21.17	9.4734177e-05
21.21	1.0255407e-04
21.24	1.1102742e-04
21.28	1.2021021e-04
21.31	1.3016343e-04
21.34	1.4095363e-04
21.38	1.5265339e-04
21.41	1.6534199e-04
21.45	1.7910607e-04
21.48	1.9404039e-04
21.52	2.1024868e-04
21.55	2.2784461e-04
21.58	2.4695285e-04
21.62	2.6771030e-04
21.65	2.9026746e-04
21.69	3.1479002e-04
21.72	3.4146057e-04
21.75	3.7048072e-04
21.79	4.0207335e-04
21.82	4.3648533e-04
21.86	4.7399057e-04
21.89	5.1489359e-04
21.92	5.5953366e-04
21.96	6.0828962e-04
21.99	6.6158555e-04
22.03	7.1989740e-04
22.06	7.8376087e-04
22.09	8.5378073e-04
22.13	9.3064199e-04
22.16	1.0151233e-03
22.20	1.1081131e-03
22.23	1.2106295e-03
22.26	1.3238443e-03
22.30	1.4491125e-03
22.33	1.5880104e-03
22.37	1.7423811e-03
22.40	1.9143948e-03
22.43	2.1066247e-03
22.47	2.3221466e-03
22.50	2.5646707e-03
22.54	2.8387197e-03
22.57	3.1498772e-03
22.61	3.5051480e-03
22.64	3.9135213e-03
22.67	4.3869473e-03
22.71	4.9422310e-03
22.74	5.6049988e-03
22.78	6.4181431e-03
22.81	7.4591463e-03
22.84	8.8731710e-03
22.88	1.0930744e-02
22.91	1.4118312e-02
22.95	1.9264636e-02
22.98	2.7694464e-02
23.01	4.1384265e-02
23.05	6.3077075e-02
23.08	9.6301383e-02
23.12	1.4523895e-01
23.15	2.1440210e-01
23.18	3.0811112e-01
23.22	4.2980074e-01
23.25	5.8122271e-01
23.29	7.6164178e-01
23.32	9.6714016e-01
23.35	1.1901523e+00
23.39	1.4193497e+00
23.42	1.6399906e+00
23.46	1.8348377e+00
23.49	1.9857212e+00
23.53	2.0757678e+00
23.56	2.0921974e+00
23.59	2.0294242e+00
23.63	1.8920561e+00
23.66	1.6975862e+00
23.70	1.4799240e+00
23.73	1.2776317e+00
23.76	1.1002438e+00
23.80	9.4639134e-01
23.83	8.1351847e-01
23.87	6.9901962e-01
23.90	6.0048587e-01
23.93	5.1576476e-01
23.97	4.4296313e-01
24.00	3.8042990e-01
24.04	3.2673248e-01
24.07	2.8063185e-01
24.10	2.4105879e-01
24.14	2.0709203e-01
24.17	1.7793870e-01
24.21	1.5291697e-01
24.24	1.3144092e-01
24.27	1.1300729e-01
24.31	9.7183960e-02
24.34	8.3600050e-02
24.38	7.1937285e-02
24.41	6.1922604e-02
24.44	5.3321765e-02
24.48	4.5933854e-02
24.51	3.9586556e-02
24.55	3.4132093e-02
24.58	2.9443737e-02
24.62	2.5412813e-02
24.65	2.1946128e-02
24.68	1.8963762e-02
24.72	1.6397180e-02
24.75	1.4187604e-02
24.79	1.2284624e-02
24.82	1.0644999e-02
24.85	9.2316414e-03
24.89	8.0127312e-03
24.92	6.9609692e-03
24.96	6.0529302e-03
24.99	5.2685104e-03
25.02	4.5904539e-03
25.06	4.0039471e-03
25.09	3.4962698e-03
25.13	3.0564979e-03
25.16	2.6752471e-03
25.19	2.3444545e-03
25.23	2.0571899e-03
25.26	1.8074957e-03
25.30	1.5902484e-03
25.33	1.4010406e-03
25.36	1.2360795e-03
25.40	1.0920996e-03
25.43	9.6628883e-04
25.47	8.5622416e-04
25.50	7.5981684e-04
25.54	6.7526540e-04
25.57	6.0101536e-04
25.60	5.3572453e-04
25.64	4.7823336e-04
25.67	4.2753944e-04
25.71	3.8277560e-04
25.74	3.4319112e-04
25.77	3.0813564e-04
25.81	2.7704522e-04
25.84	2.4943052e-04
25.88	2.2486648e-04
25.91	2.0298359e-04
25.94	1.8346029e-04
25.98	1.6601645e-04
26.01	1.5040780e-04
26.05	1.3642109e-04
26.08	1.2386991e-04
26.11	1.1259117e-04
26.15	1.0244196e-04
26.18	9.3296918e-05
26.22	8.5045926e-05
26.25	7.7592120e-05
26.28	7.0850182e-05
26.32	6.4744861e-05
26.35	5.9209684e-05
26.39	5.4185855e-05
26.42	4.9621284e-05
26.45	4.5469760e-05
26.49	4.1690225e-05
26.52	3.8246143e-05
26.56	3.5104956e-05
26.59	3.2237608e-05
26.63	2.9618127e-05
26.66	2.7223268e-05
26.69	2.5032194e-05
26.73	2.3026200e-05
26.76	2.1188473e-05
26.80	1.9503879e-05
26.83	1.7958777e-05
26.86	1.6540857e-05
26.90	1.5238994e-05
26.93	1.4043123e-05
26.97	1.2944127e-05
27.00	1.1933739e-05
