# NeutrinoAntineutrinoInteraction/NeutrinoAntineutrinoResonanceDown interaction rates
# neutrino field: massive Cosmic Neutrino Background, T_CnuB = 1.94535456 K
# Produced with crpropa-data version: 60a1560e37035039ec25f414e0c42a2444bad49c
# log10(E/eV), 1/lambda [1/Mpc]
11.29	0.0000000e+00
11.33	0.0000000e+00
11.36	0.0000000e+00
11.40	0.0000000e+00
11.43	0.0000000e+00
11.46	0.0000000e+00
11.50	0.0000000e+00
11.53	0.0000000e+00
11.57	0.0000000e+00
11.60	0.0000000e+00
11.64	0.0000000e+00
11.67	0.0000000e+00
11.70	0.0000000e+00
11.74	0.0000000e+00
11.77	0.0000000e+00
11.81	0.0000000e+00
11.84	0.0000000e+00
11.87	0.0000000e+00
11.91	0.0000000e+00
11.94	0.0000000e+00
11.98	0.0000000e+00
12.01	0.0000000e+00
12.04	0.0000000e+00
12.08	0.0000000e+00
12.11	0.0000000e+00
12.15	0.0000000e+00
12.18	0.0000000e+00
12.21	0.0000000e+00
12.25	0.0000000e+00
12.28	0.0000000e+00
12.32	0.0000000e+00
12.35	0.0000000e+00
12.38	0.0000000e+00
12.42	0.0000000e+00
12.45	0.0000000e+00
12.49	0.0000000e+00
12.52	0.0000000e+00
12.56	0.0000000e+00
12.59	0.0000000e+00
12.62	0.0000000e+00
12.66	0.0000000e+00
12.69	0.0000000e+00
12.73	0.0000000e+00
12.76	0.0000000e+00
12.79	0.0000000e+00
12.83	0.0000000e+00
12.86	0.0000000e+00
12.90	0.0000000e+00
12.93	0.0000000e+00
12.96	0.0000000e+00
13.00	0.0000000e+00
13.03	0.0000000e+00
13.07	0.0000000e+00
13.10	0.0000000e+00
13.13	0.0000000e+00
13.17	0.0000000e+00
13.20	0.0000000e+00
13.24	0.0000000e+00
13.27	4.0556794e-274
13.30	5.2561435e-254
13.34	2.0261588e-235
13.37	3.0856943e-218
13.41	2.3697434e-202
13.44	1.1500768e-187
13.47	4.3456321e-174
13.51	1.5505173e-161
13.54	6.2443025e-150
13.58	3.3475499e-139
13.61	2.7826929e-129
13.65	4.1302154e-120
13.68	1.2471404e-111
13.71	8.6437013e-104
13.75	1.5374301e-96
13.78	7.7809509e-90
13.82	1.2327606e-83
13.85	6.6787040e-78
13.88	1.3426377e-72
13.92	1.0802134e-67
13.95	3.7301118e-63
13.99	5.8980164e-59
14.02	4.5339559e-55
14.05	1.7910814e-51
14.09	3.8274623e-48
14.12	4.6398306e-45
14.16	3.3342619e-42
14.19	1.4794597e-39
14.22	4.2092761e-37
14.26	7.9524645e-35
14.29	1.0305291e-32
14.33	9.4389908e-31
14.36	6.2832600e-29
14.39	3.1191830e-27
14.43	1.1826965e-25
14.46	3.5018524e-24
14.50	8.2644733e-23
14.53	1.5843630e-21
14.57	2.5107822e-20
14.60	3.3424037e-19
14.63	3.7930068e-18
14.67	3.7183664e-17
14.70	3.1862738e-16
14.74	2.4107523e-15
14.77	1.6233437e-14
14.80	9.7772497e-14
14.84	5.2685066e-13
14.87	2.5184971e-12
14.91	1.0380705e-11
14.94	3.3963620e-11
14.97	7.3997143e-11
15.01	1.1387414e-10
15.04	1.5209183e-10
15.08	1.8922825e-10
15.11	2.2580500e-10
15.14	2.6229770e-10
15.18	2.9914510e-10
15.21	3.3675704e-10
15.25	3.7552152e-10
15.28	4.1581088e-10
15.31	4.5798747e-10
15.35	5.0240865e-10
15.38	5.4943141e-10
15.42	5.9941665e-10
15.45	6.5273313e-10
15.48	7.0976125e-10
15.52	7.7089673e-10
15.55	8.3655407e-10
15.59	9.0717008e-10
15.62	9.8320735e-10
15.66	1.0651578e-09
15.69	1.1535465e-09
15.72	1.2489348e-09
15.76	1.3519249e-09
15.79	1.4631637e-09
15.83	1.5833469e-09
15.86	1.7132237e-09
15.89	1.8536017e-09
15.93	2.0053518e-09
15.96	2.1694143e-09
16.00	2.3468041e-09
16.03	2.5386176e-09
16.06	2.7460393e-09
16.10	2.9703495e-09
16.13	3.2129318e-09
16.17	3.4752820e-09
16.20	3.7590172e-09
16.23	4.0658860e-09
16.27	4.3977790e-09
16.30	4.7567409e-09
16.34	5.1449828e-09
16.37	5.5648959e-09
16.40	6.0190663e-09
16.44	6.5102909e-09
16.47	7.0415945e-09
16.51	7.6162488e-09
16.54	8.2377919e-09
16.58	8.9100510e-09
16.61	9.6371654e-09
16.64	1.0423612e-08
16.68	1.1274233e-08
16.71	1.2194265e-08
16.75	1.3189374e-08
16.78	1.4265686e-08
16.81	1.5429827e-08
16.85	1.6688966e-08
16.88	1.8050854e-08
16.92	1.9523877e-08
16.95	2.1117103e-08
16.98	2.2840342e-08
17.02	2.4704205e-08
17.05	2.6720166e-08
17.09	2.8900637e-08
17.12	3.1259043e-08
17.15	3.3809903e-08
17.19	3.6568925e-08
17.22	3.9553093e-08
17.26	4.2780781e-08
17.29	4.6271863e-08
17.32	5.0047832e-08
17.36	5.4131936e-08
17.39	5.8549320e-08
17.43	6.3327183e-08
17.46	6.8494941e-08
17.49	7.4084411e-08
17.53	8.0130008e-08
17.56	8.6668956e-08
17.60	9.3741514e-08
17.63	1.0139123e-07
17.67	1.0966521e-07
17.70	1.1861438e-07
17.73	1.2829385e-07
17.77	1.3876322e-07
17.80	1.5008695e-07
17.84	1.6233476e-07
17.87	1.7558206e-07
17.90	1.8991043e-07
17.94	2.0540808e-07
17.97	2.2217045e-07
18.01	2.4030074e-07
18.04	2.5991058e-07
18.07	2.8112074e-07
18.11	3.0406181e-07
18.14	3.2887505e-07
18.18	3.5571327e-07
18.21	3.8474173e-07
18.24	4.1613919e-07
18.28	4.5009899e-07
18.31	4.8683024e-07
18.35	5.2655916e-07
18.38	5.6953040e-07
18.41	6.1600861e-07
18.45	6.6628002e-07
18.48	7.2065425e-07
18.52	7.7946619e-07
18.55	8.4307806e-07
18.59	9.1188167e-07
18.62	9.8630082e-07
18.65	1.0667939e-06
18.69	1.1538568e-06
18.72	1.2480257e-06
18.76	1.3498810e-06
18.79	1.4600500e-06
18.82	1.5792116e-06
18.86	1.7080999e-06
18.89	1.8475093e-06
18.93	1.9982986e-06
18.96	2.1613973e-06
18.99	2.3378106e-06
19.03	2.5286259e-06
19.06	2.7350194e-06
19.10	2.9582637e-06
19.13	3.1997351e-06
19.16	3.4609227e-06
19.20	3.7434374e-06
19.23	4.0490217e-06
19.27	4.3795609e-06
19.30	4.7370943e-06
19.33	5.1238286e-06
19.37	5.5421507e-06
19.40	5.9946434e-06
19.44	6.4841008e-06
19.47	7.0135459e-06
19.51	7.5862498e-06
19.54	8.2057518e-06
19.57	8.8758815e-06
19.61	9.6007830e-06
19.64	1.0384941e-05
19.68	1.1233207e-05
19.71	1.2150834e-05
19.74	1.3143506e-05
19.78	1.4217373e-05
19.81	1.5379095e-05
19.85	1.6635877e-05
19.88	1.7995523e-05
19.91	1.9466478e-05
19.95	2.1057886e-05
19.98	2.2779647e-05
20.02	2.4642483e-05
20.05	2.6658002e-05
20.08	2.8838778e-05
20.12	3.1198430e-05
20.15	3.3751712e-05
20.19	3.6514606e-05
20.22	3.9504432e-05
20.25	4.2739960e-05
20.29	4.6241535e-05
20.32	5.0031209e-05
20.36	5.4132895e-05
20.39	5.8572528e-05
20.42	6.3378236e-05
20.46	6.8580541e-05
20.49	7.4212566e-05
20.53	8.0310266e-05
20.56	8.6912684e-05
20.60	9.4062232e-05
20.63	1.0180499e-04
20.66	1.1019103e-04
20.70	1.1927483e-04
20.73	1.2911564e-04
20.77	1.3977793e-04
20.80	1.5133193e-04
20.83	1.6385413e-04
20.87	1.7742793e-04
20.90	1.9214429e-04
20.94	2.0810250e-04
20.97	2.2541099e-04
21.00	2.4418833e-04
21.04	2.6456420e-04
21.07	2.8668062e-04
21.11	3.1069325e-04
21.14	3.3677288e-04
21.17	3.6510710e-04
21.21	3.9590219e-04
21.24	4.2938529e-04
21.28	4.6580685e-04
21.31	5.0544339e-04
21.34	5.4860076e-04
21.38	5.9561772e-04
21.41	6.4687025e-04
21.45	7.0277639e-04
21.48	7.6380187e-04
21.52	8.3046675e-04
21.55	9.0335305e-04
21.58	9.8311380e-04
21.62	1.0704837e-03
21.65	1.1662914e-03
21.69	1.2714750e-03
21.72	1.3870993e-03
21.75	1.5143771e-03
21.79	1.6546955e-03
21.82	1.8096466e-03
21.86	1.9810657e-03
21.89	2.1710783e-03
21.92	2.3821574e-03
21.96	2.6171957e-03
21.99	2.8795954e-03
22.03	3.1733821e-03
22.06	3.5033499e-03
22.09	3.8752480e-03
22.13	4.2960235e-03
22.16	4.7741401e-03
22.20	5.3200029e-03
22.23	5.9465298e-03
22.26	6.6699340e-03
22.30	7.5108118e-03
22.33	8.4956815e-03
22.37	9.6592066e-03
22.40	1.1047483e-02
22.43	1.2723025e-02
22.47	1.4772579e-02
22.50	1.7319808e-02
22.54	2.0546860e-02
22.57	2.4733330e-02
22.61	3.0333007e-02
22.64	3.8146204e-02
22.67	4.9780033e-02
22.71	6.9102401e-02
22.74	1.0728124e-01
22.78	2.0001046e-01
22.81	4.5867963e-01
22.84	1.1689770e+00
22.88	2.6822262e+00
22.91	4.0801016e+00
22.95	3.9352844e+00
22.98	3.4737360e+00
23.01	3.0206173e+00
23.05	2.6120636e+00
23.08	2.2525802e+00
23.12	1.9395221e+00
23.15	1.6683373e+00
23.18	1.4341478e+00
23.22	1.2322985e+00
23.25	1.0585482e+00
23.29	9.0911954e-01
23.32	7.8069043e-01
23.35	6.7036133e-01
23.39	5.7561390e-01
23.42	4.9426809e-01
23.46	4.2444108e-01
23.49	3.6450946e-01
23.53	3.1307527e-01
23.56	2.6893579e-01
23.59	2.3105703e-01
23.63	1.9855060e-01
23.66	1.7065352e-01
23.70	1.4671079e-01
23.73	1.2616022e-01
23.76	1.0851944e-01
23.80	9.3374601e-02
23.83	8.0370732e-02
23.87	6.9203375e-02
23.90	5.9611425e-02
23.93	5.1370978e-02
23.97	4.4290032e-02
24.00	3.8203952e-02
24.04	3.2971564e-02
24.07	2.8471819e-02
24.10	2.4600914e-02
24.14	2.1269838e-02
24.17	1.8402258e-02
24.21	1.5932707e-02
24.24	1.3805037e-02
24.27	1.1971087e-02
24.31	1.0389542e-02
24.34	9.0249562e-03
24.38	7.8469155e-03
24.41	6.8293191e-03
24.44	5.9497647e-03
24.48	5.1890207e-03
24.51	4.5305745e-03
24.55	3.9602452e-03
24.58	3.4658514e-03
24.62	3.0369272e-03
24.65	2.6644775e-03
24.68	2.3407698e-03
24.72	2.0591546e-03
24.75	1.8139117e-03
24.79	1.6001188e-03
24.82	1.4135386e-03
24.85	1.2505219e-03
24.89	1.1079245e-03
24.92	9.8303649e-04
24.96	8.7352044e-04
24.99	7.7735966e-04
25.02	6.9281297e-04
25.06	6.1837620e-04
25.09	5.5274909e-04
25.13	4.9480691e-04
25.16	4.4357605e-04
25.19	3.9821309e-04
25.23	3.5798678e-04
25.26	3.2226262e-04
25.30	2.9048955e-04
25.33	2.6218853e-04
25.36	2.3694274e-04
25.40	2.1438910e-04
25.43	1.9421105e-04
25.47	1.7613222e-04
25.50	1.5991113e-04
25.54	1.4533647e-04
25.57	1.3222312e-04
25.60	1.2040871e-04
25.64	1.0975063e-04
25.67	1.0012346e-04
25.71	9.1416729e-05
25.74	8.3533026e-05
25.77	7.6386315e-05
25.81	6.9900500e-05
25.84	6.4008180e-05
25.88	5.8649568e-05
25.91	5.3771548e-05
25.94	4.9326866e-05
25.98	4.5273414e-05
26.01	4.1573619e-05
26.05	3.8193905e-05
26.08	3.5104221e-05
26.11	3.2277635e-05
26.15	2.9689974e-05
26.18	2.7319514e-05
26.22	2.5146701e-05
26.25	2.3153912e-05
26.28	2.1325245e-05
26.32	1.9646333e-05
26.35	1.8104179e-05
26.39	1.6687010e-05
26.42	1.5384152e-05
26.45	1.4185915e-05
26.49	1.3083494e-05
26.52	1.2068881e-05
26.56	1.1134783e-05
26.59	1.0274552e-05
26.63	9.4821274e-06
26.66	8.7519742e-06
26.69	8.0790360e-06
26.73	7.4586894e-06
26.76	6.8867043e-06
26.80	6.3592072e-06
26.83	5.8726495e-06
26.86	5.4237778e-06
26.90	5.0096080e-06
26.93	4.6274015e-06
26.97	4.2746436e-06
27.00	3.9490242e-06
