# NeutrinoAntineutrinoInteraction/NeutrinoAntineutrinoResonanceDown interaction rates
# neutrino field: massive Cosmic Neutrino Background, T_CnuB = 1.94535456 K
# Produced with crpropa-data version: 60a1560e37035039ec25f414e0c42a2444bad49c
# log10(E/eV), 1/lambda [1/Mpc]
10.78	0.0000000e+00
10.82	0.0000000e+00
10.85	0.0000000e+00
10.89	0.0000000e+00
10.92	0.0000000e+00
10.95	0.0000000e+00
10.99	0.0000000e+00
11.02	0.0000000e+00
11.06	0.0000000e+00
11.09	0.0000000e+00
11.12	0.0000000e+00
11.16	0.0000000e+00
11.19	0.0000000e+00
11.23	0.0000000e+00
11.26	0.0000000e+00
11.29	0.0000000e+00
11.33	0.0000000e+00
11.36	0.0000000e+00
11.40	0.0000000e+00
11.43	0.0000000e+00
11.46	0.0000000e+00
11.50	0.0000000e+00
11.53	0.0000000e+00
11.57	0.0000000e+00
11.60	0.0000000e+00
11.64	0.0000000e+00
11.67	0.0000000e+00
11.70	0.0000000e+00
11.74	0.0000000e+00
11.77	0.0000000e+00
11.81	0.0000000e+00
11.84	0.0000000e+00
11.87	0.0000000e+00
11.91	0.0000000e+00
11.94	0.0000000e+00
11.98	0.0000000e+00
12.01	0.0000000e+00
12.04	0.0000000e+00
12.08	0.0000000e+00
12.11	0.0000000e+00
12.15	0.0000000e+00
12.18	0.0000000e+00
12.21	0.0000000e+00
12.25	0.0000000e+00
12.28	0.0000000e+00
12.32	0.0000000e+00
12.35	0.0000000e+00
12.38	0.0000000e+00
12.42	0.0000000e+00
12.45	0.0000000e+00
12.49	0.0000000e+00
12.52	0.0000000e+00
12.56	0.0000000e+00
12.59	0.0000000e+00
12.62	0.0000000e+00
12.66	0.0000000e+00
12.69	0.0000000e+00
12.73	0.0000000e+00
12.76	1.6387298e-257
12.79	1.9527251e-238
12.83	8.4161456e-221
12.86	1.6854035e-204
12.90	1.9769103e-189
12.93	1.6824781e-175
12.96	1.2663787e-162
13.00	1.0123173e-150
13.03	1.0178876e-139
13.07	1.5054312e-129
13.10	3.7846240e-120
13.13	1.8487137e-111
13.17	1.9856623e-103
13.20	5.2575504e-96
13.24	3.8142833e-89
13.27	8.3606713e-83
13.30	6.0605887e-77
13.34	1.5795076e-71
13.37	1.5988737e-66
13.41	6.7517327e-62
13.44	1.2706036e-57
13.47	1.1327189e-53
13.51	5.0614687e-50
13.54	1.1944032e-46
13.58	1.5621224e-43
13.61	1.1840213e-40
13.65	5.4202007e-38
13.68	1.5569118e-35
13.71	2.9069619e-33
13.75	3.6452031e-31
13.78	3.1639185e-29
13.82	1.9546912e-27
13.85	8.8205770e-26
13.88	2.9775262e-24
13.92	7.6868496e-23
13.95	1.5489917e-21
13.99	2.4829319e-20
14.02	3.2217066e-19
14.05	3.4390034e-18
14.09	3.0654667e-17
14.12	2.3135620e-16
14.16	1.4973960e-15
14.19	8.4099655e-15
14.22	4.1437721e-14
14.26	1.8093510e-13
14.29	7.0667720e-13
14.33	2.4901465e-12
14.36	7.9795445e-12
14.39	2.3423589e-11
14.43	6.3411758e-11
14.46	1.5929697e-10
14.50	3.7344046e-10
14.53	8.2120416e-10
14.57	1.7018812e-09
14.60	3.3379871e-09
14.63	6.2193111e-09
14.67	1.1043735e-08
14.70	1.8741048e-08
14.74	3.0458910e-08
14.77	4.7482351e-08
14.80	7.1052532e-08
14.84	1.0205603e-07
14.87	1.4059479e-07
14.91	1.8555616e-07
14.94	2.3450074e-07
14.97	2.8442598e-07
15.01	3.3406581e-07
15.04	3.8391880e-07
15.08	4.3455958e-07
15.11	4.8652875e-07
15.14	5.4034189e-07
15.18	5.9649748e-07
15.21	6.5548419e-07
15.25	7.1778736e-07
15.28	7.8389499e-07
15.31	8.5430335e-07
15.35	9.2952225e-07
15.38	1.0100800e-06
15.42	1.0965283e-06
15.45	1.1894471e-06
15.48	1.2894492e-06
15.52	1.3971851e-06
15.55	1.5133479e-06
15.59	1.6386782e-06
15.62	1.7739694e-06
15.66	1.9200729e-06
15.69	2.0779044e-06
15.72	2.2484489e-06
15.76	2.4327683e-06
15.79	2.6320071e-06
15.83	2.8474006e-06
15.86	3.0802821e-06
15.89	3.3320916e-06
15.93	3.6043847e-06
15.96	3.8988425e-06
16.00	4.2172816e-06
16.03	4.5616660e-06
16.06	4.9341188e-06
16.10	5.3369354e-06
16.13	5.7725980e-06
16.17	6.2437906e-06
16.20	6.7534158e-06
16.23	7.3046125e-06
16.27	7.9007753e-06
16.30	8.5455757e-06
16.34	9.2429844e-06
16.37	9.9972957e-06
16.40	1.0813154e-05
16.44	1.1695584e-05
16.47	1.2650018e-05
16.51	1.3682333e-05
16.54	1.4798885e-05
16.58	1.6006548e-05
16.61	1.7312759e-05
16.64	1.8725559e-05
16.68	2.0253647e-05
16.71	2.1906431e-05
16.75	2.3694087e-05
16.78	2.5627621e-05
16.81	2.7718939e-05
16.85	2.9980915e-05
16.88	3.2427477e-05
16.92	3.5073687e-05
16.95	3.7935838e-05
16.98	4.1031552e-05
17.02	4.4379888e-05
17.05	4.8001463e-05
17.09	5.1918572e-05
17.12	5.6155334e-05
17.15	6.0737834e-05
17.19	6.5694285e-05
17.22	7.1055204e-05
17.26	7.6853599e-05
17.29	8.3125168e-05
17.32	8.9908526e-05
17.36	9.7245438e-05
17.39	1.0518108e-04
17.43	1.1376430e-04
17.46	1.2304796e-04
17.49	1.3308921e-04
17.53	1.4394988e-04
17.56	1.5569684e-04
17.60	1.6840242e-04
17.63	1.8214484e-04
17.67	1.9700872e-04
17.70	2.1308559e-04
17.73	2.3047442e-04
17.77	2.4928229e-04
17.80	2.6962501e-04
17.84	2.9162783e-04
17.87	3.1542624e-04
17.90	3.4116677e-04
17.94	3.6900793e-04
17.97	3.9912114e-04
18.01	4.3169185e-04
18.04	4.6692060e-04
18.07	5.0502435e-04
18.11	5.4623772e-04
18.14	5.9081451e-04
18.18	6.3902925e-04
18.21	6.9117884e-04
18.24	7.4758445e-04
18.28	8.0859345e-04
18.31	8.7458159e-04
18.35	9.4595528e-04
18.38	1.0231541e-03
18.41	1.1066536e-03
18.45	1.1969680e-03
18.48	1.2946536e-03
18.52	1.4003123e-03
18.55	1.5145948e-03
18.59	1.6382051e-03
18.62	1.7719050e-03
18.65	1.9165179e-03
18.69	2.0729351e-03
18.72	2.2421203e-03
18.76	2.4251160e-03
18.79	2.6230501e-03
18.82	2.8371424e-03
18.86	3.0687125e-03
18.89	3.3191878e-03
18.93	3.5901126e-03
18.96	3.8831573e-03
18.99	4.2001288e-03
19.03	4.5429819e-03
19.06	4.9138313e-03
19.10	5.3149646e-03
19.13	5.7488569e-03
19.16	6.2181856e-03
19.20	6.7258474e-03
19.23	7.2749762e-03
19.27	7.8689627e-03
19.30	8.5114753e-03
19.33	9.2064834e-03
19.37	9.9582815e-03
19.40	1.0771517e-02
19.44	1.1651218e-02
19.47	1.2602825e-02
19.51	1.3632228e-02
19.54	1.4745798e-02
19.57	1.5950431e-02
19.61	1.7253592e-02
19.64	1.8663358e-02
19.68	2.0188475e-02
19.71	2.1838407e-02
19.74	2.3623401e-02
19.78	2.5554551e-02
19.81	2.7643868e-02
19.85	2.9904356e-02
19.88	3.2350099e-02
19.91	3.4996349e-02
19.95	3.7859626e-02
19.98	4.0957826e-02
20.02	4.4310335e-02
20.05	4.7938158e-02
20.08	5.1864059e-02
20.12	5.6112709e-02
20.15	6.0710852e-02
20.19	6.5687484e-02
20.22	7.1074050e-02
20.25	7.6904655e-02
20.29	8.3216299e-02
20.32	9.0049135e-02
20.36	9.7446744e-02
20.39	1.0545645e-01
20.42	1.1412963e-01
20.46	1.2352215e-01
20.49	1.3369467e-01
20.53	1.4471317e-01
20.56	1.5664944e-01
20.60	1.6958156e-01
20.63	1.8359456e-01
20.66	1.9878107e-01
20.70	2.1524202e-01
20.73	2.3308753e-01
20.77	2.5243773e-01
20.80	2.7342382e-01
20.83	2.9618921e-01
20.87	3.2089072e-01
20.90	3.4770007e-01
20.94	3.7680541e-01
20.97	4.0841312e-01
21.00	4.4274981e-01
21.04	4.8006466e-01
21.07	5.2063191e-01
21.11	5.6475388e-01
21.14	6.1276428e-01
21.17	6.6503207e-01
21.21	7.2196585e-01
21.24	7.8401895e-01
21.28	8.5169526e-01
21.31	9.2555609e-01
21.34	1.0062280e+00
21.38	1.0944123e+00
21.41	1.1908954e+00
21.45	1.2965624e+00
21.48	1.4124114e+00
21.52	1.5395725e+00
21.55	1.6793286e+00
21.58	1.8331421e+00
21.62	2.0026858e+00
21.65	2.1898821e+00
21.69	2.3969494e+00
21.72	2.6264603e+00
21.75	2.8814146e+00
21.79	3.1653294e+00
21.82	3.4823552e+00
21.86	3.8374226e+00
21.89	4.2364343e+00
21.92	4.6865156e+00
21.96	5.1963493e+00
21.99	5.7766301e+00
22.03	6.4406965e+00
22.06	7.2054401e+00
22.09	8.0926871e+00
22.13	9.1314813e+00
22.16	1.0362288e+01
22.20	1.1845534e+01
22.23	1.3679896e+01
22.26	1.6041268e+01
22.30	1.9261984e+01
22.33	2.3980516e+01
22.37	3.1400501e+01
22.40	4.3696812e+01
22.43	6.4585618e+01
22.47	1.0002604e+02
22.50	1.5894032e+02
22.54	2.5373266e+02
22.57	4.0026789e+02
22.61	6.1685591e+02
22.64	9.2169354e+02
22.67	1.3281700e+03
22.71	1.8375295e+03
22.74	2.4288611e+03
22.78	3.0478786e+03
22.81	3.5995398e+03
22.84	3.9559097e+03
22.88	3.9968071e+03
22.91	3.6979514e+03
22.95	3.2396333e+03
22.98	2.8038608e+03
23.01	2.4181057e+03
23.05	2.0818505e+03
23.08	1.7905863e+03
23.12	1.5391220e+03
23.15	1.3224426e+03
23.18	1.1359708e+03
23.22	9.7563175e+02
23.25	8.3784551e+02
23.29	7.1949055e+02
23.32	6.1785805e+02
23.35	5.3060470e+02
23.39	4.5570787e+02
23.42	3.9142441e+02
23.46	3.3625381e+02
23.49	2.8890552e+02
23.53	2.4827037e+02
23.56	2.1339552e+02
23.59	1.8346278e+02
23.63	1.5776986e+02
23.66	1.3571402e+02
23.70	1.1677817e+02
23.73	1.0051867e+02
23.76	8.6555041e+01
23.80	7.4560932e+01
23.83	6.4256482e+01
23.87	5.5401693e+01
23.90	4.7790765e+01
23.93	4.1247222e+01
23.97	3.5619735e+01
24.00	3.0778538e+01
24.04	2.6612347e+01
24.07	2.3025730e+01
24.10	1.9936837e+01
24.14	1.7275469e+01
24.17	1.4981408e+01
24.21	1.3002997e+01
24.24	1.1295916e+01
24.27	9.8221346e+00
24.31	8.5490167e+00
24.34	7.4485493e+00
24.38	6.4966840e+00
24.41	5.6727720e+00
24.44	4.9590797e+00
24.48	4.3403737e+00
24.51	3.8035655e+00
24.55	3.3374057e+00
24.58	2.9322238e+00
24.62	2.5797033e+00
24.65	2.2726899e+00
24.68	2.0050273e+00
24.72	1.7714153e+00
24.75	1.5672894e+00
24.79	1.3887169e+00
24.82	1.2323074e+00
24.85	1.0951372e+00
24.89	9.7468324e-01
24.92	8.6876723e-01
24.96	7.7550722e-01
24.99	6.9327635e-01
25.02	6.2066731e-01
25.06	5.5646177e-01
25.09	4.9960428e-01
25.13	4.4917971e-01
25.16	4.0439394e-01
25.19	3.6455724e-01
25.23	3.2907000e-01
25.26	2.9741044e-01
25.30	2.6912402e-01
25.33	2.4381441e-01
25.36	2.2113558e-01
25.40	2.0078512e-01
25.43	1.8249841e-01
25.47	1.6604362e-01
25.50	1.5121736e-01
25.54	1.3784098e-01
25.57	1.2575736e-01
25.60	1.1482810e-01
25.64	1.0493113e-01
25.67	9.5958641e-02
25.71	8.7815259e-02
25.74	8.0416502e-02
25.77	7.3687422e-02
25.81	6.7561430e-02
25.84	6.1979276e-02
25.88	5.6888161e-02
25.91	5.2240966e-02
25.94	4.7995579e-02
25.98	4.4114307e-02
26.01	4.0563362e-02
26.05	3.7312419e-02
26.08	3.4334218e-02
26.11	3.1604222e-02
26.15	2.9100316e-02
26.18	2.6802542e-02
26.22	2.4692867e-02
26.25	2.2754974e-02
26.28	2.0974085e-02
26.32	1.9336798e-02
26.35	1.7830947e-02
26.39	1.6445476e-02
26.42	1.5170326e-02
26.45	1.3996341e-02
26.49	1.2915171e-02
26.52	1.1919204e-02
26.56	1.1001487e-02
26.59	1.0155669e-02
26.63	9.3759416e-03
26.66	8.6569904e-03
26.69	7.9939491e-03
26.73	7.3823593e-03
26.76	6.8181332e-03
26.80	6.2975216e-03
26.83	5.8170829e-03
26.86	5.3736575e-03
26.90	4.9643424e-03
26.93	4.5864695e-03
26.97	4.2375859e-03
27.00	3.9154352e-03
