# NeutrinoAntineutrinoInteraction/NeutrinoAntineutrinoResonanceDown interaction rates
# neutrino field: massive Cosmic Neutrino Background, T_CnuB = 1.94535456 K
# Produced with crpropa-data version: 60a1560e37035039ec25f414e0c42a2444bad49c
# log10(E/eV), 1/lambda [1/Mpc]
11.60	0.0000000e+00
11.64	0.0000000e+00
11.67	0.0000000e+00
11.70	0.0000000e+00
11.74	0.0000000e+00
11.77	0.0000000e+00
11.81	0.0000000e+00
11.84	0.0000000e+00
11.87	0.0000000e+00
11.91	0.0000000e+00
11.94	0.0000000e+00
11.98	0.0000000e+00
12.01	0.0000000e+00
12.04	0.0000000e+00
12.08	0.0000000e+00
12.11	0.0000000e+00
12.15	0.0000000e+00
12.18	0.0000000e+00
12.21	0.0000000e+00
12.25	0.0000000e+00
12.28	0.0000000e+00
12.32	0.0000000e+00
12.35	0.0000000e+00
12.38	0.0000000e+00
12.42	0.0000000e+00
12.45	0.0000000e+00
12.49	0.0000000e+00
12.52	0.0000000e+00
12.56	0.0000000e+00
12.59	0.0000000e+00
12.62	0.0000000e+00
12.66	0.0000000e+00
12.69	0.0000000e+00
12.73	0.0000000e+00
12.76	0.0000000e+00
12.79	0.0000000e+00
12.83	0.0000000e+00
12.86	0.0000000e+00
12.90	0.0000000e+00
12.93	0.0000000e+00
12.96	0.0000000e+00
13.00	0.0000000e+00
13.03	0.0000000e+00
13.07	0.0000000e+00
13.10	0.0000000e+00
13.13	0.0000000e+00
13.17	0.0000000e+00
13.20	0.0000000e+00
13.24	0.0000000e+00
13.27	0.0000000e+00
13.30	0.0000000e+00
13.34	0.0000000e+00
13.37	0.0000000e+00
13.41	0.0000000e+00
13.44	0.0000000e+00
13.47	0.0000000e+00
13.51	0.0000000e+00
13.54	0.0000000e+00
13.58	1.2711742e-272
13.61	8.7601360e-253
13.65	1.9111731e-234
13.68	1.7137013e-217
13.71	8.0352367e-202
13.75	2.4614041e-187
13.78	6.0518079e-174
13.82	1.4446345e-161
13.85	3.9922563e-150
13.88	1.5028589e-139
13.92	8.9573343e-130
13.95	9.7138990e-121
13.99	2.1797151e-112
14.02	1.1397823e-104
14.05	1.5502083e-97
14.09	6.0706258e-91
14.12	7.5188638e-85
14.16	3.2126880e-79
14.19	5.1316738e-74
14.22	3.3004208e-69
14.26	9.1540362e-65
14.29	1.1666843e-60
14.33	7.2456394e-57
14.36	2.3149720e-53
14.39	4.0007946e-50
14.43	3.9176087e-47
14.46	2.2687879e-44
14.50	8.0850779e-42
14.53	1.8391325e-39
14.57	2.7624921e-37
14.60	2.8272181e-35
14.63	2.0294248e-33
14.67	1.0494909e-31
14.70	4.0080799e-30
14.74	1.1566326e-28
14.77	2.5760602e-27
14.80	4.5157047e-26
14.84	6.3441173e-25
14.87	7.2638754e-24
14.91	6.8840715e-23
14.94	5.4780353e-22
14.97	3.7090449e-21
15.01	2.1631197e-20
15.04	1.0990171e-19
15.08	4.9157435e-19
15.11	1.9545613e-18
15.14	6.9708278e-18
15.18	2.2485522e-17
15.21	6.6106625e-17
15.25	1.7840288e-16
15.28	4.4487261e-16
15.31	1.0313273e-15
15.35	2.2353149e-15
15.38	4.5533959e-15
15.42	8.7597642e-15
15.45	1.5986765e-14
15.48	2.7793767e-14
15.52	4.6209101e-14
15.55	7.3731430e-14
15.59	1.1328197e-13
15.62	1.6810664e-13
15.66	2.4163554e-13
15.69	3.3731485e-13
15.72	4.5843077e-13
15.76	6.0794690e-13
15.79	7.8837420e-13
15.83	1.0016877e-12
15.86	1.2492977e-12
15.89	1.5320754e-12
15.93	1.8504276e-12
15.96	2.2044085e-12
16.00	2.5938557e-12
16.03	3.0185364e-12
16.06	3.4782903e-12
16.10	3.9731596e-12
16.13	4.5034992e-12
16.17	5.0700643e-12
16.20	5.6740742e-12
16.23	6.3172555e-12
16.27	7.0018664e-12
16.30	7.7307089e-12
16.34	8.5071304e-12
16.37	9.3350213e-12
16.40	1.0218810e-11
16.44	1.1163460e-11
16.47	1.2174471e-11
16.51	1.3257879e-11
16.54	1.4420275e-11
16.58	1.5668815e-11
16.61	1.7011246e-11
16.64	1.8455941e-11
16.68	2.0011928e-11
16.71	2.1688944e-11
16.75	2.3497477e-11
16.78	2.5448832e-11
16.81	2.7555189e-11
16.85	2.9829678e-11
16.88	3.2286456e-11
16.92	3.4940792e-11
16.95	3.7809163e-11
16.98	4.0909350e-11
17.02	4.4260552e-11
17.05	4.7883504e-11
17.09	5.1800601e-11
17.12	5.6036041e-11
17.15	6.0615974e-11
17.19	6.5568661e-11
17.22	7.0924651e-11
17.26	7.6716970e-11
17.29	8.2981325e-11
17.32	8.9756321e-11
17.36	9.7083705e-11
17.39	1.0500862e-10
17.43	1.1357988e-10
17.46	1.2285028e-10
17.49	1.3287692e-10
17.53	1.4372155e-10
17.56	1.5545094e-10
17.60	1.6813733e-10
17.63	1.8185883e-10
17.67	1.9669993e-10
17.70	2.1275202e-10
17.73	2.3011394e-10
17.77	2.4889257e-10
17.80	2.6920355e-10
17.84	2.9117192e-10
17.87	3.1493296e-10
17.90	3.4063294e-10
17.94	3.6843011e-10
17.97	3.9849562e-10
18.01	4.3101456e-10
18.04	4.6618717e-10
18.07	5.0422998e-10
18.11	5.4537723e-10
18.14	5.8988226e-10
18.18	6.3801909e-10
18.21	6.9008407e-10
18.24	7.4639779e-10
18.28	8.0730695e-10
18.31	8.7318657e-10
18.35	9.4444226e-10
18.38	1.0215128e-09
18.41	1.1048726e-09
18.45	1.1950350e-09
18.48	1.2925551e-09
18.52	1.3980333e-09
18.55	1.5121191e-09
18.59	1.6355149e-09
18.62	1.7689806e-09
18.65	1.9133377e-09
18.69	2.0694753e-09
18.72	2.2383547e-09
18.76	2.4210156e-09
18.79	2.6185829e-09
18.82	2.8322731e-09
18.86	3.0634018e-09
18.89	3.3133923e-09
18.93	3.5837839e-09
18.96	3.8762416e-09
18.99	4.1925663e-09
19.03	4.5347058e-09
19.06	4.9047670e-09
19.10	5.3050287e-09
19.13	5.7379557e-09
19.16	6.2062140e-09
19.20	6.7126874e-09
19.23	7.2604950e-09
19.27	7.8530103e-09
19.30	8.4938826e-09
19.33	9.1870589e-09
19.37	9.9368084e-09
19.40	1.0747749e-08
19.44	1.1624876e-08
19.47	1.2573591e-08
19.51	1.3599740e-08
19.54	1.4709642e-08
19.57	1.5910136e-08
19.61	1.7208618e-08
19.64	1.8613087e-08
19.68	2.0132196e-08
19.71	2.1775307e-08
19.74	2.3552544e-08
19.78	2.5474861e-08
19.81	2.7554103e-08
19.85	2.9803087e-08
19.88	3.2235676e-08
19.91	3.4866867e-08
19.95	3.7712882e-08
19.98	4.0791269e-08
20.02	4.4121014e-08
20.05	4.7722652e-08
20.08	5.1618402e-08
20.12	5.5832298e-08
20.15	6.0390344e-08
20.19	6.5320670e-08
20.22	7.0653712e-08
20.25	7.6422398e-08
20.29	8.2662355e-08
20.32	8.9412128e-08
20.36	9.6713425e-08
20.39	1.0461138e-07
20.42	1.1315481e-07
20.46	1.2239657e-07
20.49	1.3239384e-07
20.53	1.4320849e-07
20.56	1.5490751e-07
20.60	1.6756336e-07
20.63	1.8125450e-07
20.66	1.9606584e-07
20.70	2.1208929e-07
20.73	2.2942436e-07
20.77	2.4817877e-07
20.80	2.6846914e-07
20.83	2.9042177e-07
20.87	3.1417340e-07
20.90	3.3987212e-07
20.94	3.6767835e-07
20.97	3.9776583e-07
21.00	4.3032281e-07
21.04	4.6555323e-07
21.07	5.0367809e-07
21.11	5.4493694e-07
21.14	5.8958941e-07
21.17	6.3791703e-07
21.21	6.9022504e-07
21.24	7.4684455e-07
21.28	8.0813475e-07
21.31	8.7448540e-07
21.34	9.4631957e-07
21.38	1.0240966e-06
21.41	1.1083153e-06
21.45	1.1995177e-06
21.48	1.2982927e-06
21.52	1.4052808e-06
21.55	1.5211786e-06
21.58	1.6467439e-06
21.62	1.7828020e-06
21.65	1.9302517e-06
21.69	2.0900728e-06
21.72	2.2633336e-06
21.75	2.4512002e-06
21.79	2.6549459e-06
21.82	2.8759623e-06
21.86	3.1157717e-06
21.89	3.3760406e-06
21.92	3.6585954e-06
21.96	3.9654398e-06
21.99	4.2987741e-06
22.03	4.6610181e-06
22.06	5.0548359e-06
22.09	5.4831650e-06
22.13	5.9492495e-06
22.16	6.4566775e-06
22.20	7.0094250e-06
22.23	7.6119063e-06
22.26	8.2690323e-06
22.30	8.9862789e-06
22.33	9.7697664e-06
22.37	1.0626353e-05
22.40	1.1563747e-05
22.43	1.2590637e-05
22.47	1.3716850e-05
22.50	1.4953539e-05
22.54	1.6313417e-05
22.57	1.7811029e-05
22.61	1.9463102e-05
22.64	2.1288970e-05
22.67	2.3311104e-05
22.71	2.5555789e-05
22.74	2.8053992e-05
22.78	3.0842487e-05
22.81	3.3965342e-05
22.84	3.7475943e-05
22.88	4.1439814e-05
22.91	4.5938789e-05
22.95	5.1077706e-05
22.98	5.6996476e-05
23.01	6.3894329e-05
23.05	7.2081417e-05
23.08	8.2087983e-05
23.12	9.4883014e-05
23.15	1.1227670e-04
23.18	1.3758905e-04
23.22	1.7663851e-04
23.25	2.3901960e-04
23.29	3.3949806e-04
23.32	4.9918641e-04
23.35	7.4603642e-04
23.39	1.1141685e-03
23.42	1.6416990e-03
23.46	2.3670187e-03
23.49	3.3238512e-03
23.53	4.5357733e-03
23.56	6.0111035e-03
23.59	7.7390887e-03
23.63	9.6881383e-03
23.66	1.1806512e-02
23.70	1.4025447e-02
23.73	1.6264321e-02
23.76	1.8437125e-02
23.80	2.0459395e-02
23.83	2.2254715e-02
23.87	2.3760073e-02
23.90	2.4929552e-02
23.93	2.5736162e-02
23.97	2.6171835e-02
24.00	2.6245865e-02
24.04	2.5982194e-02
24.07	2.5416006e-02
24.10	2.4590081e-02
24.14	2.3551293e-02
24.17	2.2347496e-02
24.21	2.1025002e-02
24.24	1.9626689e-02
24.27	1.8190728e-02
24.31	1.6749887e-02
24.34	1.5331281e-02
24.38	1.3956490e-02
24.41	1.2641924e-02
24.44	1.1399352e-02
24.48	1.0236511e-02
24.51	9.1577466e-03
24.55	8.1646318e-03
24.58	7.2565452e-03
24.62	6.4311875e-03
24.65	5.6850293e-03
24.68	5.0136892e-03
24.72	4.4122457e-03
24.75	3.8754868e-03
24.79	3.3981057e-03
24.82	2.9748501e-03
24.85	2.6006311e-03
24.89	2.2706005e-03
24.92	1.9802012e-03
24.96	1.7251973e-03
24.99	1.5016881e-03
25.02	1.3061095e-03
25.06	1.1352275e-03
25.09	9.8612434e-04
25.13	8.5618108e-04
25.16	7.4305767e-04
25.19	6.4467139e-04
25.23	5.5917504e-04
25.26	4.8493537e-04
25.30	4.2051230e-04
25.33	3.6463925e-04
25.36	3.1620463e-04
25.40	2.7423489e-04
25.43	2.3787884e-04
25.47	2.0639349e-04
25.50	1.7913121e-04
25.54	1.5552825e-04
25.57	1.3509440e-04
25.60	1.1740391e-04
25.64	1.0208727e-04
25.67	8.8824137e-05
25.71	7.7336924e-05
25.74	6.7385293e-05
25.77	5.8761264e-05
25.81	5.1284948e-05
25.84	4.4800820e-05
25.88	3.9174468e-05
25.91	3.4289764e-05
25.94	3.0046400e-05
25.98	2.6357747e-05
26.01	2.3149004e-05
26.05	2.0355585e-05
26.08	1.7921729e-05
26.11	1.5799288e-05
26.15	1.3946690e-05
26.18	1.2328033e-05
26.22	1.0912311e-05
26.25	9.6727350e-06
26.28	8.5861579e-06
26.32	7.6325715e-06
26.35	6.7946750e-06
26.39	6.0575027e-06
26.42	5.4081032e-06
26.45	4.8352624e-06
26.49	4.3292652e-06
26.52	3.8816904e-06
26.56	3.4852335e-06
26.59	3.1335541e-06
26.63	2.8211447e-06
26.66	2.5432173e-06
26.69	2.2956063e-06
26.73	2.0746837e-06
26.76	1.8772873e-06
26.80	1.7006579e-06
26.83	1.5423854e-06
26.86	1.4003625e-06
26.90	1.2727442e-06
26.93	1.1579138e-06
26.97	1.0544524e-06
27.00	9.6111336e-07
