# NeutrinoAntineutrinoInteraction/NeutrinoAntineutrinoResonanceDown interaction rates
# neutrino field: massive Cosmic Neutrino Background, T_CnuB = 1.94535456 K
# Produced with crpropa-data version: 60a1560e37035039ec25f414e0c42a2444bad49c
# log10(E/eV), 1/lambda [1/Mpc]
10.78	0.0000000e+00
10.82	0.0000000e+00
10.85	0.0000000e+00
10.89	0.0000000e+00
10.92	0.0000000e+00
10.95	0.0000000e+00
10.99	0.0000000e+00
11.02	0.0000000e+00
11.06	0.0000000e+00
11.09	0.0000000e+00
11.12	0.0000000e+00
11.16	0.0000000e+00
11.19	0.0000000e+00
11.23	0.0000000e+00
11.26	0.0000000e+00
11.29	0.0000000e+00
11.33	0.0000000e+00
11.36	0.0000000e+00
11.40	0.0000000e+00
11.43	0.0000000e+00
11.46	0.0000000e+00
11.50	0.0000000e+00
11.53	0.0000000e+00
11.57	0.0000000e+00
11.60	0.0000000e+00
11.64	0.0000000e+00
11.67	0.0000000e+00
11.70	0.0000000e+00
11.74	0.0000000e+00
11.77	0.0000000e+00
11.81	0.0000000e+00
11.84	0.0000000e+00
11.87	0.0000000e+00
11.91	0.0000000e+00
11.94	0.0000000e+00
11.98	0.0000000e+00
12.01	0.0000000e+00
12.04	0.0000000e+00
12.08	0.0000000e+00
12.11	0.0000000e+00
12.15	0.0000000e+00
12.18	0.0000000e+00
12.21	0.0000000e+00
12.25	0.0000000e+00
12.28	0.0000000e+00
12.32	0.0000000e+00
12.35	0.0000000e+00
12.38	0.0000000e+00
12.42	0.0000000e+00
12.45	0.0000000e+00
12.49	0.0000000e+00
12.52	0.0000000e+00
12.56	0.0000000e+00
12.59	0.0000000e+00
12.62	0.0000000e+00
12.66	0.0000000e+00
12.69	0.0000000e+00
12.73	0.0000000e+00
12.76	1.6032890e-257
12.79	1.9071131e-238
12.83	8.2038486e-221
12.86	1.6394971e-204
12.90	1.9187757e-189
12.93	1.6290692e-175
12.96	1.2229901e-162
13.00	9.7488869e-151
13.03	9.7728237e-140
13.07	1.4406496e-129
13.10	3.6089808e-120
13.13	1.7562022e-111
13.17	1.8785491e-103
13.20	4.9519058e-96
13.24	3.5753822e-89
13.27	7.7966639e-83
13.30	5.6203851e-77
13.34	1.4560263e-71
13.37	1.4643901e-66
13.41	6.1409764e-62
13.44	1.1470460e-57
13.47	1.0143646e-53
13.51	4.4935043e-50
13.54	1.0505420e-46
13.58	1.3602837e-43
13.61	1.0200089e-40
13.65	4.6157979e-38
13.68	1.3095363e-35
13.71	2.4128333e-33
13.75	2.9828609e-31
13.78	2.5499077e-29
13.82	1.5499049e-27
13.85	6.8733144e-26
13.88	2.2774889e-24
13.92	5.7642684e-23
13.95	1.1373091e-21
13.99	1.7825497e-20
14.02	2.2583979e-19
14.05	2.3504588e-18
14.09	2.0397169e-17
14.12	1.4963653e-16
14.16	9.3992210e-16
14.19	5.1150899e-15
14.22	2.4381398e-14
14.26	1.0282290e-13
14.29	3.8725863e-13
14.33	1.3138431e-12
14.36	4.0475128e-12
14.39	1.1406378e-11
14.43	2.9607079e-11
14.46	7.1233482e-11
14.50	1.5979455e-10
14.53	3.3603815e-10
14.57	6.6580802e-10
14.60	1.2487246e-09
14.63	2.2264622e-09
14.67	3.7890479e-09
14.70	6.1775692e-09
14.74	9.6820112e-09
14.77	1.4633613e-08
14.80	2.1392007e-08
14.84	3.0328278e-08
14.87	4.1805804e-08
14.91	5.6161103e-08
14.94	7.3686968e-08
14.97	9.4619810e-08
15.01	1.1913254e-07
15.04	1.4733358e-07
15.08	1.7927183e-07
15.11	2.1494673e-07
15.14	2.5432211e-07
15.18	2.9734236e-07
15.21	3.4394922e-07
15.25	3.9409794e-07
15.28	4.4777165e-07
15.31	5.0499338e-07
15.35	5.6583530e-07
15.38	6.3042531e-07
15.42	6.9895113e-07
15.45	7.7166240e-07
15.48	8.4887133e-07
15.52	9.3095222e-07
15.55	1.0183405e-06
15.59	1.1115317e-06
15.62	1.2110806e-06
15.66	1.3176005e-06
15.69	1.4317640e-06
15.72	1.5543044e-06
15.76	1.6860198e-06
15.79	1.8277752e-06
15.83	1.9804929e-06
15.86	2.1451554e-06
15.89	2.3228125e-06
15.93	2.5145889e-06
15.96	2.7216916e-06
16.00	2.9454183e-06
16.03	3.1871658e-06
16.06	3.4484388e-06
16.10	3.7308601e-06
16.13	4.0361804e-06
16.17	4.3662899e-06
16.20	4.7232298e-06
16.23	5.1092051e-06
16.27	5.5265986e-06
16.30	5.9779857e-06
16.34	6.4661501e-06
16.37	6.9941013e-06
16.40	7.5650932e-06
16.44	8.1826442e-06
16.47	8.8505590e-06
16.51	9.5729519e-06
16.54	1.0354272e-05
16.58	1.1199332e-05
16.61	1.2113336e-05
16.64	1.3101911e-05
16.68	1.4171146e-05
16.71	1.5327625e-05
16.75	1.6578468e-05
16.78	1.7931377e-05
16.81	1.9394682e-05
16.85	2.0977393e-05
16.88	2.2689254e-05
16.92	2.4540807e-05
16.95	2.6543449e-05
16.98	2.8709513e-05
17.02	3.1052333e-05
17.05	3.3586335e-05
17.09	3.6327119e-05
17.12	3.9291561e-05
17.15	4.2497913e-05
17.19	4.5965915e-05
17.22	4.9716919e-05
17.26	5.3774020e-05
17.29	5.8162197e-05
17.32	6.2908468e-05
17.36	6.8042055e-05
17.39	7.3594565e-05
17.43	7.9600184e-05
17.46	8.6095889e-05
17.49	9.3121674e-05
17.53	1.0072080e-04
17.56	1.0894004e-04
17.60	1.1783002e-04
17.63	1.2744546e-04
17.67	1.3784558e-04
17.70	1.4909439e-04
17.73	1.6126117e-04
17.77	1.7442083e-04
17.80	1.8865439e-04
17.84	2.0404950e-04
17.87	2.2070093e-04
17.90	2.3871123e-04
17.94	2.5819129e-04
17.97	2.7926105e-04
18.01	3.0205024e-04
18.04	3.2669920e-04
18.07	3.5335970e-04
18.11	3.8219591e-04
18.14	4.1338538e-04
18.18	4.4712018e-04
18.21	4.8360805e-04
18.24	5.2307366e-04
18.28	5.6576006e-04
18.31	6.1193011e-04
18.35	6.6186814e-04
18.38	7.1588169e-04
18.41	7.7430340e-04
18.45	8.3749306e-04
18.48	9.0583987e-04
18.52	9.7976475e-04
18.55	1.0597230e-03
18.59	1.1462072e-03
18.62	1.2397500e-03
18.65	1.3409276e-03
18.69	1.4503632e-03
18.72	1.5687311e-03
18.76	1.6967604e-03
18.79	1.8352400e-03
18.82	1.9850231e-03
18.86	2.1470325e-03
18.89	2.3222665e-03
18.93	2.5118052e-03
18.96	2.7168166e-03
18.99	2.9385642e-03
19.03	3.1784150e-03
19.06	3.4378475e-03
19.10	3.7184613e-03
19.13	4.0219866e-03
19.16	4.3502951e-03
19.20	4.7054118e-03
19.23	5.0895271e-03
19.27	5.5050108e-03
19.30	5.9544267e-03
19.33	6.4405483e-03
19.37	6.9663764e-03
19.40	7.5351574e-03
19.44	8.1504040e-03
19.47	8.8159165e-03
19.51	9.5358069e-03
19.54	1.0314524e-02
19.57	1.1156884e-02
19.61	1.2068094e-02
19.64	1.3053793e-02
19.68	1.4120081e-02
19.71	1.5273561e-02
19.74	1.6521379e-02
19.78	1.7871268e-02
19.81	1.9331599e-02
19.85	2.0911434e-02
19.88	2.2620581e-02
19.91	2.4469661e-02
19.95	2.6470169e-02
19.98	2.8634554e-02
20.02	3.0976298e-02
20.05	3.3509997e-02
20.08	3.6251464e-02
20.12	3.9217825e-02
20.15	4.2427633e-02
20.19	4.5900991e-02
20.22	4.9659680e-02
20.25	5.3727309e-02
20.29	5.8129467e-02
20.32	6.2893895e-02
20.36	6.8050677e-02
20.39	7.3632438e-02
20.42	7.9674572e-02
20.46	8.6215483e-02
20.49	9.3296854e-02
20.53	1.0096394e-01
20.56	1.0926587e-01
20.60	1.1825605e-01
20.63	1.2799249e-01
20.66	1.3853825e-01
20.70	1.4996193e-01
20.73	1.6233818e-01
20.77	1.7574823e-01
20.80	1.9028059e-01
20.83	2.0603167e-01
20.87	2.2310665e-01
20.90	2.4162025e-01
20.94	2.6169775e-01
20.97	2.8347606e-01
21.00	3.0710489e-01
21.04	3.3274812e-01
21.07	3.6058528e-01
21.11	3.9081330e-01
21.14	4.2364838e-01
21.17	4.5932819e-01
21.21	4.9811435e-01
21.24	5.4029518e-01
21.28	5.8618898e-01
21.31	6.3614767e-01
21.34	6.9056102e-01
21.38	7.4986152e-01
21.41	8.1453009e-01
21.45	8.8510258e-01
21.48	9.6217754e-01
21.52	1.0464252e+00
21.55	1.1385981e+00
21.58	1.2395437e+00
21.62	1.3502198e+00
21.65	1.4717119e+00
21.69	1.6052556e+00
21.72	1.7522630e+00
21.75	1.9143551e+00
21.79	2.0934019e+00
21.82	2.2915726e+00
21.86	2.5113984e+00
21.89	2.7558531e+00
21.92	3.0284564e+00
21.96	3.3334104e+00
21.99	3.6757812e+00
22.03	4.0617494e+00
22.06	4.4989679e+00
22.09	4.9971104e+00
22.13	5.5688001e+00
22.16	6.2313805e+00
22.20	7.0106002e+00
22.23	7.9484882e+00
22.26	9.1196552e+00
22.30	1.0662733e+01
22.33	1.2835593e+01
22.37	1.6102345e+01
22.40	2.1254482e+01
22.43	2.9556628e+01
22.47	4.2890547e+01
22.50	6.3854363e+01
22.54	9.5764915e+01
22.57	1.4251645e+02
22.61	2.0827137e+02
22.64	2.9699477e+02
22.67	4.1188474e+02
22.71	5.5478346e+02
22.74	7.2566941e+02
22.78	9.2232505e+02
22.81	1.1402473e+03
22.84	1.3728283e+03
22.88	1.6117887e+03
22.91	1.8478087e+03
22.95	2.0712717e+03
22.98	2.2730260e+03
23.01	2.4450747e+03
23.05	2.5811195e+03
23.08	2.6769119e+03
23.12	2.7303957e+03
23.15	2.7416505e+03
23.18	2.7126702e+03
23.22	2.6470239e+03
23.25	2.5494492e+03
23.29	2.4254292e+03
23.32	2.2807913e+03
23.35	2.1213588e+03
23.39	1.9526698e+03
23.42	1.7797721e+03
23.46	1.6070894e+03
23.49	1.4383527e+03
23.53	1.2765846e+03
23.56	1.1241269e+03
23.59	9.8269968e+02
23.63	8.5348845e+02
23.66	7.3726729e+02
23.70	6.3461206e+02
23.73	5.4559555e+02
23.76	4.6891303e+02
23.80	4.0296300e+02
23.83	3.4628557e+02
23.87	2.9759736e+02
23.90	2.5578258e+02
23.93	2.1987605e+02
23.97	1.8904517e+02
24.00	1.6257296e+02
24.04	1.3984266e+02
24.07	1.2032419e+02
24.10	1.0356222e+02
24.14	8.9165746e+01
24.17	7.6799168e+01
24.21	6.6174473e+01
24.24	5.7044541e+01
24.27	4.9197368e+01
24.31	4.2451088e+01
24.34	3.6649705e+01
24.38	3.1659413e+01
24.41	2.7365443e+01
24.44	2.3669354e+01
24.48	2.0486705e+01
24.51	1.7745066e+01
24.55	1.5382301e+01
24.58	1.3345103e+01
24.62	1.1587736e+01
24.65	1.0070953e+01
24.68	8.7610720e+00
24.72	7.6291854e+00
24.75	6.6504757e+00
24.79	5.8036350e+00
24.82	5.0703651e+00
24.85	4.4349483e+00
24.89	3.8838813e+00
24.92	3.4055598e+00
24.96	2.9900087e+00
24.99	2.6286512e+00
25.02	2.3141101e+00
25.06	2.0400380e+00
25.09	1.8009719e+00
25.13	1.5922073e+00
25.16	1.4096920e+00
25.19	1.2499337e+00
25.23	1.1099211e+00
25.26	9.8705669e-01
25.30	8.7909824e-01
25.33	7.8410934e-01
25.36	7.0041656e-01
25.40	6.2657281e-01
25.43	5.6132584e-01
25.47	5.0359121e-01
25.50	4.5242908e-01
25.54	4.0702424e-01
25.57	3.6666899e-01
25.60	3.3074838e-01
25.64	2.9872759e-01
25.67	2.7014097e-01
25.71	2.4458270e-01
25.74	2.2169873e-01
25.77	2.0117980e-01
25.81	1.8275547e-01
25.84	1.6618895e-01
25.88	1.5127270e-01
25.91	1.3782449e-01
25.94	1.2568421e-01
25.98	1.1471090e-01
26.01	1.0478034e-01
26.05	9.5782908e-02
26.08	8.7621695e-02
26.11	8.0210929e-02
26.15	7.3474579e-02
26.18	6.7345147e-02
26.22	6.1762621e-02
26.25	5.6673566e-02
26.28	5.2030333e-02
26.32	4.7790371e-02
26.35	4.3915621e-02
26.39	4.0371998e-02
26.42	3.7128929e-02
26.45	3.4158953e-02
26.49	3.1437371e-02
26.52	2.8941937e-02
26.56	2.6652589e-02
26.59	2.4551212e-02
26.63	2.2621425e-02
26.66	2.0848403e-02
26.69	1.9218707e-02
26.73	1.7720147e-02
26.76	1.6341650e-02
26.80	1.5073148e-02
26.83	1.3905479e-02
26.86	1.2830297e-02
26.90	1.1839989e-02
26.93	1.0927613e-02
26.97	1.0086823e-02
27.00	9.3118238e-03
