# NeutrinoAntineutrinoInteraction/NeutrinoAntineutrinoResonanceDown interaction rates
# neutrino field: massive Cosmic Neutrino Background, T_CnuB = 1.94535456 K
# Produced with crpropa-data version: 60a1560e37035039ec25f414e0c42a2444bad49c
# log10(E/eV), 1/lambda [1/Mpc]
10.95	0.0000000e+00
10.99	0.0000000e+00
11.02	0.0000000e+00
11.06	0.0000000e+00
11.09	0.0000000e+00
11.12	0.0000000e+00
11.16	0.0000000e+00
11.19	0.0000000e+00
11.23	0.0000000e+00
11.26	0.0000000e+00
11.29	0.0000000e+00
11.33	0.0000000e+00
11.36	0.0000000e+00
11.40	0.0000000e+00
11.43	0.0000000e+00
11.46	0.0000000e+00
11.50	0.0000000e+00
11.53	0.0000000e+00
11.57	0.0000000e+00
11.60	0.0000000e+00
11.64	0.0000000e+00
11.67	0.0000000e+00
11.70	0.0000000e+00
11.74	0.0000000e+00
11.77	0.0000000e+00
11.81	0.0000000e+00
11.84	0.0000000e+00
11.87	0.0000000e+00
11.91	0.0000000e+00
11.94	0.0000000e+00
11.98	0.0000000e+00
12.01	0.0000000e+00
12.04	0.0000000e+00
12.08	0.0000000e+00
12.11	0.0000000e+00
12.15	0.0000000e+00
12.18	0.0000000e+00
12.21	0.0000000e+00
12.25	0.0000000e+00
12.28	0.0000000e+00
12.32	0.0000000e+00
12.35	0.0000000e+00
12.38	0.0000000e+00
12.42	0.0000000e+00
12.45	0.0000000e+00
12.49	0.0000000e+00
12.52	0.0000000e+00
12.56	0.0000000e+00
12.59	0.0000000e+00
12.62	0.0000000e+00
12.66	0.0000000e+00
12.69	0.0000000e+00
12.73	0.0000000e+00
12.76	0.0000000e+00
12.79	0.0000000e+00
12.83	0.0000000e+00
12.86	0.0000000e+00
12.90	0.0000000e+00
12.93	0.0000000e+00
12.96	6.7661862e-255
13.00	4.1452526e-236
13.03	9.6554343e-219
13.07	1.0943126e-202
13.10	7.5807455e-188
13.13	3.9633505e-174
13.17	1.9004787e-161
13.20	1.0009111e-149
13.24	6.8396836e-139
13.27	7.0745737e-129
13.30	1.2771903e-119
13.34	4.5909431e-111
13.37	3.7112800e-103
13.41	7.5511989e-96
13.44	4.2912583e-89
13.47	7.4993872e-83
13.51	4.4053668e-77
13.54	9.4445489e-72
13.58	7.9736237e-67
13.61	2.8441098e-62
13.65	4.5739362e-58
13.68	3.5220380e-54
13.71	1.3727646e-50
13.75	2.8511076e-47
13.78	3.3088786e-44
13.82	2.2422076e-41
13.85	9.2392775e-39
13.88	2.4036807e-36
13.92	4.0876324e-34
13.95	4.6920875e-32
13.99	3.7449975e-30
14.02	2.1362322e-28
14.05	8.9326242e-27
14.09	2.8030777e-25
14.12	6.7459149e-24
14.16	1.2703134e-22
14.19	1.9067942e-21
14.22	2.3209838e-20
14.26	2.3275961e-19
14.29	1.9515705e-18
14.33	1.3867464e-17
14.36	8.4566547e-17
14.39	4.4774684e-16
14.43	2.0804846e-15
14.46	8.5686224e-15
14.50	3.1569359e-14
14.53	1.0493598e-13
14.57	3.1718100e-13
14.60	8.7817230e-13
14.63	2.2421919e-12
14.67	5.3125107e-12
14.70	1.1748263e-11
14.74	2.4379325e-11
14.77	4.7708937e-11
14.80	8.8451473e-11
14.84	1.5602279e-10
14.87	2.6288332e-10
14.91	4.2463772e-10
14.94	6.5982182e-10
14.97	9.8935384e-10
15.01	1.4356825e-09
15.04	2.0217171e-09
15.08	2.7696632e-09
15.11	3.6999035e-09
15.14	4.8300593e-09
15.18	6.1743358e-09
15.21	7.7432183e-09
15.25	9.5435338e-09
15.28	1.1578852e-08
15.31	1.3850158e-08
15.35	1.6356717e-08
15.38	1.9097028e-08
15.42	2.2069785e-08
15.45	2.5274770e-08
15.48	2.8713628e-08
15.52	3.2390492e-08
15.55	3.6312455e-08
15.59	4.0489894e-08
15.62	4.4936666e-08
15.66	4.9670215e-08
15.69	5.4711593e-08
15.72	6.0085459e-08
15.76	6.5820041e-08
15.79	7.1947116e-08
15.83	7.8502000e-08
15.86	8.5523569e-08
15.89	9.3054319e-08
15.93	1.0114046e-07
15.96	1.0983208e-07
16.00	1.1918331e-07
16.03	1.2925256e-07
16.06	1.4010282e-07
16.10	1.5180198e-07
16.13	1.6442317e-07
16.17	1.7804522e-07
16.20	1.9275306e-07
16.23	2.0863830e-07
16.27	2.2579970e-07
16.30	2.4434383e-07
16.34	2.6438569e-07
16.37	2.8604943e-07
16.40	3.0946914e-07
16.44	3.3478961e-07
16.47	3.6216729e-07
16.51	3.9177125e-07
16.54	4.2378419e-07
16.58	4.5840359e-07
16.61	4.9584294e-07
16.64	5.3633306e-07
16.68	5.8012349e-07
16.71	6.2748407e-07
16.75	6.7870660e-07
16.78	7.3410662e-07
16.81	7.9402537e-07
16.85	8.5883190e-07
16.88	9.2892530e-07
16.92	1.0047372e-06
16.95	1.0867346e-06
16.98	1.1754222e-06
17.02	1.2713462e-06
17.05	1.3750972e-06
17.09	1.4873141e-06
17.12	1.6086878e-06
17.15	1.7399656e-06
17.19	1.8819558e-06
17.22	2.0355326e-06
17.26	2.2016416e-06
17.29	2.3813055e-06
17.32	2.5756305e-06
17.36	2.7858130e-06
17.39	3.0131471e-06
17.43	3.2590325e-06
17.46	3.5249831e-06
17.49	3.8126362e-06
17.53	4.1237631e-06
17.56	4.4602791e-06
17.60	4.8242563e-06
17.63	5.2179356e-06
17.67	5.6437409e-06
17.70	6.1042939e-06
17.73	6.6024301e-06
17.77	7.1412166e-06
17.80	7.7239707e-06
17.84	8.3542805e-06
17.87	9.0360267e-06
17.90	9.7734070e-06
17.94	1.0570961e-05
17.97	1.1433601e-05
18.01	1.2366636e-05
18.04	1.3375813e-05
18.07	1.4467345e-05
18.11	1.5647952e-05
18.14	1.6924905e-05
18.18	1.8306065e-05
18.21	1.9799938e-05
18.24	2.1415722e-05
18.28	2.3163365e-05
18.31	2.5053630e-05
18.35	2.7098156e-05
18.38	2.9309532e-05
18.41	3.1701376e-05
18.45	3.4288418e-05
18.48	3.7086587e-05
18.52	4.0113115e-05
18.55	4.3386642e-05
18.59	4.6927325e-05
18.62	5.0756970e-05
18.65	5.4899164e-05
18.69	5.9379417e-05
18.72	6.4225322e-05
18.76	6.9466726e-05
18.79	7.5135914e-05
18.82	8.1267805e-05
18.86	8.7900169e-05
18.89	9.5073864e-05
18.93	1.0283308e-04
18.96	1.1122562e-04
18.99	1.2030319e-04
19.03	1.3012172e-04
19.06	1.4074170e-04
19.10	1.5222859e-04
19.13	1.6465316e-04
19.16	1.7809198e-04
19.20	1.9262790e-04
19.23	2.0835050e-04
19.27	2.2535671e-04
19.30	2.4375138e-04
19.33	2.6364792e-04
19.37	2.8516904e-04
19.40	3.0844747e-04
19.44	3.3362678e-04
19.47	3.6086233e-04
19.51	3.9032217e-04
19.54	4.2218810e-04
19.57	4.5665683e-04
19.61	4.9394116e-04
19.64	5.3427134e-04
19.68	5.7789647e-04
19.71	6.2508611e-04
19.74	6.7613189e-04
19.78	7.3134940e-04
19.81	7.9108012e-04
19.85	8.5569357e-04
19.88	9.2558965e-04
19.91	1.0012011e-03
19.95	1.0829964e-03
19.98	1.1714824e-03
20.02	1.2672077e-03
20.05	1.3707664e-03
20.08	1.4828014e-03
20.12	1.6040088e-03
20.15	1.7351420e-03
20.19	1.8770170e-03
20.22	2.0305175e-03
20.25	2.1966001e-03
20.29	2.3763013e-03
20.32	2.5707435e-03
20.36	2.7811427e-03
20.39	3.0088164e-03
20.42	3.2551923e-03
20.46	3.5218175e-03
20.49	3.8103691e-03
20.53	4.1226651e-03
20.56	4.4606771e-03
20.60	4.8265431e-03
20.63	5.2225825e-03
20.66	5.6513120e-03
20.70	6.1154629e-03
20.73	6.6180006e-03
20.77	7.1621450e-03
20.80	7.7513942e-03
20.83	8.3895495e-03
20.87	9.0807432e-03
20.90	9.8294693e-03
20.94	1.0640618e-02
20.97	1.1519511e-02
21.00	1.2471945e-02
21.04	1.3504238e-02
21.07	1.4623277e-02
21.11	1.5836577e-02
21.14	1.7152343e-02
21.17	1.8579540e-02
21.21	2.0127972e-02
21.24	2.1808370e-02
21.28	2.3632490e-02
21.31	2.5613224e-02
21.34	2.7764725e-02
21.38	3.0102553e-02
21.41	3.2643829e-02
21.45	3.5407425e-02
21.48	3.8414172e-02
21.52	4.1687097e-02
21.55	4.5251705e-02
21.58	4.9136291e-02
21.62	5.3372316e-02
21.65	5.7994835e-02
21.69	6.3042997e-02
21.72	6.8560639e-02
21.75	7.4596981e-02
21.79	8.1207453e-02
21.82	8.8454679e-02
21.86	9.6409665e-02
21.89	1.0515322e-01
21.92	1.1477771e-01
21.96	1.2538917e-01
21.99	1.3710997e-01
22.03	1.5008207e-01
22.06	1.6447122e-01
22.09	1.8047221e-01
22.13	1.9831578e-01
22.16	2.1827764e-01
22.20	2.4069060e-01
22.23	2.6596139e-01
22.26	2.9459491e-01
22.30	3.2723221e-01
22.33	3.6471622e-01
22.37	4.0822021e-01
22.40	4.5951801e-01
22.43	5.2156044e-01
22.47	5.9965400e-01
22.50	7.0369259e-01
22.54	8.5198975e-01
22.57	1.0771607e+00
22.61	1.4340652e+00
22.64	2.0089935e+00
22.67	2.9281944e+00
22.71	4.3628786e+00
22.74	6.5274498e+00
22.78	9.6683153e+00
22.81	1.4042285e+01
22.84	1.9885953e+01
22.88	2.7379918e+01
22.91	3.6613512e+01
22.95	4.7556306e+01
22.98	6.0041838e+01
23.01	7.3767053e+01
23.05	8.8308221e+01
23.08	1.0315139e+02
23.12	1.1773320e+02
23.15	1.3148643e+02
23.18	1.4388453e+02
23.22	1.5447984e+02
23.25	1.6293169e+02
23.29	1.6902230e+02
23.32	1.7266042e+02
23.35	1.7387385e+02
23.39	1.7279357e+02
23.42	1.6963218e+02
23.46	1.6466006e+02
23.49	1.5818155e+02
23.53	1.5051349e+02
23.56	1.4196719e+02
23.59	1.3283461e+02
23.63	1.2337873e+02
23.66	1.1382781e+02
23.70	1.0437289e+02
23.73	9.5167937e+01
23.76	8.6331793e+01
23.80	7.7951412e+01
23.83	7.0085782e+01
23.87	6.2770131e+01
23.90	5.6020092e+01
23.93	4.9835633e+01
23.97	4.4204610e+01
24.00	3.9105867e+01
24.04	3.4511892e+01
24.07	3.0391003e+01
24.10	2.6709127e+01
24.14	2.3431203e+01
24.17	2.0522256e+01
24.21	1.7948194e+01
24.24	1.5676385e+01
24.27	1.3676035e+01
24.31	1.1918432e+01
24.34	1.0377059e+01
24.38	9.0276384e+00
24.41	7.8480914e+00
24.44	6.8184668e+00
24.48	5.9208301e+00
24.51	5.1391348e+00
24.55	4.4590824e+00
24.58	3.8679783e+00
24.62	3.3545879e+00
24.65	2.9089975e+00
24.68	2.5224810e+00
24.72	2.1873756e+00
24.75	1.8969657e+00
24.79	1.6453768e+00
24.82	1.4274787e+00
24.85	1.2387977e+00
24.89	1.0754382e+00
24.92	9.3401152e-01
24.96	8.1157344e-01
24.99	7.0556834e-01
25.02	6.1377978e-01
25.06	5.3428694e-01
25.09	4.6542636e-01
25.13	4.0575828e-01
25.16	3.5403725e-01
25.19	3.0918636e-01
25.23	2.7027478e-01
25.26	2.3649825e-01
25.30	2.0716202e-01
25.33	1.8166606e-01
25.36	1.5949222e-01
25.40	1.4019314e-01
25.43	1.2338255e-01
25.47	1.0872694e-01
25.50	9.5938350e-02
25.54	8.4768121e-02
25.57	7.5001489e-02
25.60	6.6452935e-02
25.64	5.8962163e-02
25.67	5.2390631e-02
25.71	4.6618557e-02
25.74	4.1542341e-02
25.77	3.7072336e-02
25.81	3.3130936e-02
25.84	2.9650919e-02
25.88	2.6574026e-02
25.91	2.3849736e-02
25.94	2.1434204e-02
25.98	1.9289353e-02
26.01	1.7382091e-02
26.05	1.5683633e-02
26.08	1.4168917e-02
26.11	1.2816106e-02
26.15	1.1606151e-02
26.18	1.0522417e-02
26.22	9.5503671e-03
26.25	8.6772765e-03
26.28	7.8919985e-03
26.32	7.1847551e-03
26.35	6.5469585e-03
26.39	5.9710564e-03
26.42	5.4503985e-03
26.45	4.9791207e-03
26.49	4.5520448e-03
26.52	4.1645923e-03
26.56	3.8127087e-03
26.59	3.4927987e-03
26.63	3.2016692e-03
26.66	2.9364804e-03
26.69	2.6947027e-03
26.73	2.4740800e-03
26.76	2.2725967e-03
26.80	2.0884496e-03
26.83	1.9200233e-03
26.86	1.7658687e-03
26.90	1.6246836e-03
26.93	1.4952968e-03
26.97	1.3766528e-03
27.00	1.2678000e-03
