# NeutrinoAntineutrinoInteraction/NeutrinoAntineutrinoResonanceTop interaction rates
# neutrino field: massive Cosmic Neutrino Background, T_CnuB = 1.94535456 K
# Produced with crpropa-data version: 60a1560e37035039ec25f414e0c42a2444bad49c
# log10(E/eV), 1/lambda [1/Mpc]
19.78	0.0000000e+00
19.81	0.0000000e+00
19.85	0.0000000e+00
19.88	0.0000000e+00
19.91	0.0000000e+00
19.95	0.0000000e+00
19.98	0.0000000e+00
20.02	0.0000000e+00
20.05	0.0000000e+00
20.08	0.0000000e+00
20.12	0.0000000e+00
20.15	0.0000000e+00
20.19	0.0000000e+00
20.22	0.0000000e+00
20.25	0.0000000e+00
20.29	0.0000000e+00
20.32	0.0000000e+00
20.36	0.0000000e+00
20.39	0.0000000e+00
20.42	0.0000000e+00
20.46	0.0000000e+00
20.49	0.0000000e+00
20.53	0.0000000e+00
20.56	0.0000000e+00
20.60	0.0000000e+00
20.63	0.0000000e+00
20.66	0.0000000e+00
20.70	0.0000000e+00
20.73	0.0000000e+00
20.77	0.0000000e+00
20.80	0.0000000e+00
20.83	0.0000000e+00
20.87	0.0000000e+00
20.90	0.0000000e+00
20.94	0.0000000e+00
20.97	0.0000000e+00
21.00	0.0000000e+00
21.04	0.0000000e+00
21.07	0.0000000e+00
21.11	0.0000000e+00
21.14	0.0000000e+00
21.17	0.0000000e+00
21.21	0.0000000e+00
21.24	0.0000000e+00
21.28	0.0000000e+00
21.31	0.0000000e+00
21.34	0.0000000e+00
21.38	0.0000000e+00
21.41	0.0000000e+00
21.45	0.0000000e+00
21.48	0.0000000e+00
21.52	0.0000000e+00
21.55	0.0000000e+00
21.58	0.0000000e+00
21.62	0.0000000e+00
21.65	0.0000000e+00
21.69	0.0000000e+00
21.72	4.2266688e-288
21.75	3.3742987e-266
21.79	5.9614202e-246
21.82	3.1071477e-227
21.86	6.2325439e-210
21.89	6.1517037e-194
21.92	3.7500286e-179
21.96	1.7418875e-165
21.99	7.4869621e-153
22.03	3.5635322e-141
22.06	2.2174338e-130
22.09	2.1032015e-120
22.13	3.5043459e-111
22.16	1.1695381e-102
22.20	8.8265133e-95
22.23	1.6851651e-87
22.26	9.0283878e-81
22.30	1.4939313e-74
22.33	8.3425814e-69
22.37	1.7065223e-63
22.40	1.3793426e-58
22.43	4.7250375e-54
22.47	7.3188045e-50
22.50	5.4423122e-46
22.54	2.0534291e-42
22.57	4.1377035e-39
22.61	4.6684818e-36
22.64	3.0812803e-33
22.67	1.2387820e-30
22.71	3.1492715e-28
22.74	5.2407657e-26
22.78	5.8943190e-24
22.81	4.6149187e-22
22.84	2.5849655e-20
22.88	1.0623778e-18
22.91	3.2793072e-17
22.95	7.7686227e-16
22.98	1.4409104e-14
23.01	2.1314678e-13
23.05	2.5578931e-12
23.08	2.5298885e-11
23.12	2.0925322e-10
23.15	1.4670775e-09
23.18	8.8279575e-09
23.22	4.6121263e-08
23.25	2.1144891e-07
23.29	8.5911859e-07
23.32	3.1217721e-06
23.35	1.0230760e-05
23.39	3.0475813e-05
23.42	8.3113177e-05
23.46	2.0890169e-04
23.49	4.8690391e-04
23.53	1.0583841e-03
23.56	2.1568717e-03
23.59	4.1409041e-03
23.63	7.5232216e-03
23.66	1.2988205e-02
23.70	2.1389032e-02
23.73	3.3717959e-02
23.76	5.1047138e-02
23.80	7.4442739e-02
23.83	1.0486057e-01
23.87	1.4303562e-01
23.90	1.8938008e-01
23.93	2.4390375e-01
23.97	3.0616811e-01
24.00	3.7528025e-01
24.04	4.4992791e-01
24.07	5.2845109e-01
24.10	6.0894163e-01
24.14	6.8935953e-01
24.17	7.6765355e-01
24.21	8.4187487e-01
24.24	9.1027420e-01
24.27	9.7137634e-01
24.31	1.0240289e+00
24.34	1.0674254e+00
24.38	1.1011045e+00
24.41	1.1249304e+00
24.44	1.1390586e+00
24.48	1.1438920e+00
24.51	1.1400321e+00
24.55	1.1282304e+00
24.58	1.1093404e+00
24.62	1.0842752e+00
24.65	1.0539702e+00
24.68	1.0193526e+00
24.72	9.8131623e-01
24.75	9.4070390e-01
24.79	8.9829457e-01
24.82	8.5479630e-01
24.85	8.1084596e-01
24.89	7.6701909e-01
24.92	7.2379987e-01
24.96	6.8156122e-01
24.99	6.4058307e-01
25.02	6.0106938e-01
25.06	5.6316239e-01
25.09	5.2695446e-01
25.13	4.9249784e-01
25.16	4.5981290e-01
25.19	4.2889481e-01
25.23	3.9971909e-01
25.26	3.7224626e-01
25.30	3.4642551e-01
25.33	3.2219780e-01
25.36	2.9949837e-01
25.40	2.7825871e-01
25.43	2.5840820e-01
25.47	2.3987539e-01
25.50	2.2258906e-01
25.54	2.0647893e-01
25.57	1.9147633e-01
25.60	1.7751464e-01
25.64	1.6452963e-01
25.67	1.5245966e-01
25.71	1.4124587e-01
25.74	1.3083225e-01
25.77	1.2116566e-01
25.81	1.1219585e-01
25.84	1.0387538e-01
25.88	9.6159609e-02
25.91	8.9006561e-02
25.94	8.2376860e-02
25.98	7.6233616e-02
26.01	7.0542311e-02
26.05	6.5270689e-02
26.08	6.0388634e-02
26.11	5.5868058e-02
26.15	5.1682786e-02
26.18	4.7808443e-02
26.22	4.4222347e-02
26.25	4.0903404e-02
26.28	3.7832006e-02
26.32	3.4989939e-02
26.35	3.2360287e-02
26.39	2.9927350e-02
26.42	2.7676561e-02
26.45	2.5594405e-02
26.49	2.3668352e-02
26.52	2.1886788e-02
26.56	2.0238945e-02
26.59	1.8714849e-02
26.63	1.7305259e-02
26.66	1.6001614e-02
26.69	1.4795990e-02
26.73	1.3681045e-02
26.76	1.2649986e-02
26.80	1.1696522e-02
26.83	1.0814832e-02
26.86	9.9995280e-03
26.90	9.2456243e-03
26.93	8.5485072e-03
26.97	7.9039083e-03
27.00	7.3078784e-03
