# NeutrinoAntineutrinoInteraction/NeutrinoAntineutrinoResonanceTop interaction rates
# neutrino field: massive Cosmic Neutrino Background, T_CnuB = 1.94535456 K
# Produced with crpropa-data version: 60a1560e37035039ec25f414e0c42a2444bad49c
# log10(E/eV), 1/lambda [1/Mpc]
20.42	0.0000000e+00
20.46	0.0000000e+00
20.49	0.0000000e+00
20.53	0.0000000e+00
20.56	0.0000000e+00
20.60	0.0000000e+00
20.63	0.0000000e+00
20.66	0.0000000e+00
20.70	0.0000000e+00
20.73	0.0000000e+00
20.77	0.0000000e+00
20.80	0.0000000e+00
20.83	0.0000000e+00
20.87	0.0000000e+00
20.90	0.0000000e+00
20.94	0.0000000e+00
20.97	0.0000000e+00
21.00	0.0000000e+00
21.04	0.0000000e+00
21.07	0.0000000e+00
21.11	0.0000000e+00
21.14	0.0000000e+00
21.17	0.0000000e+00
21.21	0.0000000e+00
21.24	0.0000000e+00
21.28	0.0000000e+00
21.31	0.0000000e+00
21.34	0.0000000e+00
21.38	0.0000000e+00
21.41	0.0000000e+00
21.45	0.0000000e+00
21.48	0.0000000e+00
21.52	0.0000000e+00
21.55	0.0000000e+00
21.58	0.0000000e+00
21.62	0.0000000e+00
21.65	0.0000000e+00
21.69	0.0000000e+00
21.72	0.0000000e+00
21.75	0.0000000e+00
21.79	0.0000000e+00
21.82	0.0000000e+00
21.86	0.0000000e+00
21.89	0.0000000e+00
21.92	0.0000000e+00
21.96	0.0000000e+00
21.99	0.0000000e+00
22.03	0.0000000e+00
22.06	0.0000000e+00
22.09	0.0000000e+00
22.13	0.0000000e+00
22.16	0.0000000e+00
22.20	0.0000000e+00
22.23	0.0000000e+00
22.26	0.0000000e+00
22.30	0.0000000e+00
22.33	0.0000000e+00
22.37	1.6672062e-279
22.40	1.5478288e-258
22.43	3.7405531e-239
22.47	3.0986670e-221
22.50	1.1349264e-204
22.54	2.3254268e-189
22.57	3.3132837e-175
22.61	4.0140809e-162
22.64	4.9801845e-150
22.67	7.5145628e-139
22.71	1.6165708e-128
22.74	5.7430659e-119
22.78	3.8597650e-110
22.81	5.5642128e-102
22.84	1.9324754e-94
22.88	1.8002278e-87
22.91	4.9677709e-81
22.95	4.4512351e-75
22.98	1.4097464e-69
23.01	1.7069421e-64
23.05	8.4960851e-60
23.08	1.8589562e-55
23.12	1.9023920e-51
23.15	9.6429492e-48
23.18	2.5528112e-44
23.22	3.7068890e-41
23.25	3.0892984e-38
23.29	1.5408567e-35
23.32	4.7811988e-33
23.35	9.5660921e-31
23.39	1.2756549e-28
23.42	1.1690299e-26
23.46	7.5735888e-25
23.49	3.5606082e-23
23.53	1.2445098e-21
23.56	3.3070195e-20
23.59	6.8205490e-19
23.63	1.1128799e-17
23.66	1.4621753e-16
23.70	1.5724230e-15
23.73	1.4051390e-14
23.76	1.0580719e-13
23.80	6.8008846e-13
23.83	3.7762008e-12
23.87	1.8313782e-11
23.90	7.8372988e-11
23.93	2.9875680e-10
23.97	1.0233417e-09
24.00	3.1752470e-09
24.04	8.9913837e-09
24.07	2.3397071e-08
24.10	5.6305411e-08
24.14	1.2605240e-07
24.17	2.6395485e-07
24.21	5.1960318e-07
24.24	9.6604584e-07
24.27	1.7036240e-06
24.31	2.8610364e-06
24.34	4.5923791e-06
24.38	7.0694378e-06
24.41	1.0469330e-05
24.44	1.4958507e-05
24.48	2.0674923e-05
24.51	2.7710675e-05
24.55	3.6097475e-05
24.58	4.5796987e-05
24.62	5.6697375e-05
24.65	6.8616510e-05
24.68	8.1311429e-05
24.72	9.4492823e-05
24.75	1.0784283e-04
24.79	1.2103418e-04
24.82	1.3374872e-04
24.85	1.4569383e-04
24.89	1.5661540e-04
24.92	1.6630691e-04
24.96	1.7461442e-04
24.99	1.8143765e-04
25.02	1.8672788e-04
25.06	1.9048345e-04
25.09	1.9274339e-04
25.13	1.9358023e-04
25.16	1.9309255e-04
25.19	1.9139757e-04
25.23	1.8862455e-04
25.26	1.8490879e-04
25.30	1.8038674e-04
25.33	1.7519192e-04
25.36	1.6945191e-04
25.40	1.6328603e-04
25.43	1.5680393e-04
25.47	1.5010463e-04
25.50	1.4327621e-04
25.54	1.3639585e-04
25.57	1.2953012e-04
25.60	1.2273558e-04
25.64	1.1605945e-04
25.67	1.0954044e-04
25.71	1.0320954e-04
25.74	9.7090887e-05
25.77	9.1202580e-05
25.81	8.5557454e-05
25.84	8.0163822e-05
25.88	7.5026143e-05
25.91	7.0145640e-05
25.94	6.5520848e-05
25.98	6.1148100e-05
26.01	5.7021961e-05
26.05	5.3135600e-05
26.08	4.9481117e-05
26.11	4.6049818e-05
26.15	4.2832452e-05
26.18	3.9819411e-05
26.22	3.7000893e-05
26.25	3.4367041e-05
26.28	3.1908056e-05
26.32	2.9614280e-05
26.35	2.7476277e-05
26.39	2.5484879e-05
26.42	2.3631233e-05
26.45	2.1906828e-05
26.49	2.0303519e-05
26.52	1.8813536e-05
26.56	1.7429490e-05
26.59	1.6144379e-05
26.63	1.4951578e-05
26.66	1.3844835e-05
26.69	1.2818264e-05
26.73	1.1866330e-05
26.76	1.0983836e-05
26.80	1.0165913e-05
26.83	9.4080015e-06
26.86	8.7058384e-06
26.90	8.0554415e-06
26.93	7.4530946e-06
26.97	6.8953323e-06
27.00	6.3789261e-06
