# NeutrinoAntineutrinoInteraction/NeutrinoAntineutrinoResonanceTop interaction rates
# neutrino field: massive Cosmic Neutrino Background, T_CnuB = 1.94535456 K
# Produced with crpropa-data version: 60a1560e37035039ec25f414e0c42a2444bad49c
# log10(E/eV), 1/lambda [1/Mpc]
20.53	0.0000000e+00
20.56	0.0000000e+00
20.60	0.0000000e+00
20.63	0.0000000e+00
20.66	0.0000000e+00
20.70	0.0000000e+00
20.73	0.0000000e+00
20.77	0.0000000e+00
20.80	0.0000000e+00
20.83	0.0000000e+00
20.87	0.0000000e+00
20.90	0.0000000e+00
20.94	0.0000000e+00
20.97	0.0000000e+00
21.00	0.0000000e+00
21.04	0.0000000e+00
21.07	0.0000000e+00
21.11	0.0000000e+00
21.14	0.0000000e+00
21.17	0.0000000e+00
21.21	0.0000000e+00
21.24	0.0000000e+00
21.28	0.0000000e+00
21.31	0.0000000e+00
21.34	0.0000000e+00
21.38	0.0000000e+00
21.41	0.0000000e+00
21.45	0.0000000e+00
21.48	0.0000000e+00
21.52	0.0000000e+00
21.55	0.0000000e+00
21.58	0.0000000e+00
21.62	0.0000000e+00
21.65	0.0000000e+00
21.69	0.0000000e+00
21.72	0.0000000e+00
21.75	0.0000000e+00
21.79	0.0000000e+00
21.82	0.0000000e+00
21.86	0.0000000e+00
21.89	0.0000000e+00
21.92	0.0000000e+00
21.96	0.0000000e+00
21.99	0.0000000e+00
22.03	0.0000000e+00
22.06	0.0000000e+00
22.09	0.0000000e+00
22.13	0.0000000e+00
22.16	0.0000000e+00
22.20	0.0000000e+00
22.23	0.0000000e+00
22.26	0.0000000e+00
22.30	0.0000000e+00
22.33	0.0000000e+00
22.37	0.0000000e+00
22.40	0.0000000e+00
22.43	0.0000000e+00
22.47	0.0000000e+00
22.50	4.2812292e-273
22.54	1.1436858e-252
22.57	8.7365628e-234
22.61	2.4953849e-216
22.64	3.4148995e-200
22.67	2.8159047e-185
22.71	1.7294285e-171
22.74	9.6234865e-159
22.78	5.8155036e-147
22.81	4.5124359e-136
22.84	5.2487886e-126
22.88	1.0561185e-116
22.91	4.1962528e-108
22.95	3.7209896e-100
22.98	8.2460375e-93
23.01	5.0705698e-86
23.05	9.5301450e-80
23.08	5.9870226e-74
23.12	1.3655202e-68
23.15	1.2205604e-63
23.18	4.5886798e-59
23.22	7.7457082e-55
23.25	6.2361425e-51
23.29	2.5322672e-47
23.32	5.4609549e-44
23.35	6.5603657e-41
23.39	4.5883693e-38
23.42	1.9461826e-35
23.46	5.1986489e-33
23.49	9.0558559e-31
23.53	1.0624486e-28
23.56	8.6492060e-27
23.59	5.0223590e-25
23.63	2.1338918e-23
23.66	6.7921123e-22
23.70	1.6552652e-20
23.73	3.1514399e-19
23.76	4.7754860e-18
23.80	5.8596448e-17
23.83	5.9153979e-16
23.87	4.9859474e-15
23.90	3.5569049e-14
23.93	2.1748108e-13
23.97	1.1530467e-12
24.00	5.3581994e-12
24.04	2.2042217e-11
24.07	8.1011780e-11
24.10	2.6828007e-10
24.14	8.0684150e-10
24.17	2.2197414e-09
24.21	5.6240281e-09
24.24	1.3204437e-08
24.27	2.8894304e-08
24.31	5.9241849e-08
24.34	1.1436641e-07
24.38	2.0882837e-07
24.41	3.6217572e-07
24.44	5.9891658e-07
24.48	9.4771913e-07
24.51	1.4397545e-06
24.55	2.1062542e-06
24.58	2.9755127e-06
24.62	4.0696942e-06
24.65	5.4018652e-06
24.68	6.9736622e-06
24.72	8.7739203e-06
24.75	1.0778451e-05
24.79	1.2951002e-05
24.82	1.5245264e-05
24.85	1.7607686e-05
24.89	1.9980757e-05
24.92	2.2306418e-05
24.96	2.4529260e-05
24.99	2.6599256e-05
25.02	2.8473859e-05
25.06	3.0119363e-05
25.09	3.1511552e-05
25.13	3.2635701e-05
25.16	3.3486032e-05
25.19	3.4064794e-05
25.23	3.4381063e-05
25.26	3.4449442e-05
25.30	3.4288715e-05
25.33	3.3920589e-05
25.36	3.3368531e-05
25.40	3.2656783e-05
25.43	3.1809524e-05
25.47	3.0850223e-05
25.50	2.9801131e-05
25.54	2.8682939e-05
25.57	2.7514542e-05
25.60	2.6312922e-05
25.64	2.5093106e-05
25.67	2.3868190e-05
25.71	2.2649420e-05
25.74	2.1446293e-05
25.77	2.0266695e-05
25.81	1.9117040e-05
25.84	1.8002422e-05
25.88	1.6926764e-05
25.91	1.5892959e-05
25.94	1.4903011e-05
25.98	1.3958158e-05
26.01	1.3058990e-05
26.05	1.2205556e-05
26.08	1.1397455e-05
26.11	1.0633923e-05
26.15	9.9139014e-06
26.18	9.2361062e-06
26.22	8.5990788e-06
26.25	8.0012349e-06
26.28	7.4409030e-06
26.32	6.9163587e-06
26.35	6.4258518e-06
26.39	5.9676292e-06
26.42	5.5399538e-06
26.45	5.1411185e-06
26.49	4.7694589e-06
26.52	4.4233611e-06
26.56	4.1012693e-06
26.59	3.8016901e-06
26.63	3.5231957e-06
26.66	3.2644258e-06
26.69	3.0240884e-06
26.73	2.8009594e-06
26.76	2.5938822e-06
26.80	2.4017659e-06
26.83	2.2235839e-06
26.86	2.0583713e-06
26.90	1.9052231e-06
26.93	1.7632910e-06
26.97	1.6317817e-06
27.00	1.5099531e-06
