# NeutrinoAntineutrinoInteraction/NeutrinoAntineutrinoResonanceTop interaction rates
# neutrino field: massive Cosmic Neutrino Background, T_CnuB = 1.94535456 K
# Produced with crpropa-data version: 60a1560e37035039ec25f414e0c42a2444bad49c
# log10(E/eV), 1/lambda [1/Mpc]
21.00	0.0000000e+00
21.04	0.0000000e+00
21.07	0.0000000e+00
21.11	0.0000000e+00
21.14	0.0000000e+00
21.17	0.0000000e+00
21.21	0.0000000e+00
21.24	0.0000000e+00
21.28	0.0000000e+00
21.31	0.0000000e+00
21.34	0.0000000e+00
21.38	0.0000000e+00
21.41	0.0000000e+00
21.45	0.0000000e+00
21.48	0.0000000e+00
21.52	0.0000000e+00
21.55	0.0000000e+00
21.58	0.0000000e+00
21.62	0.0000000e+00
21.65	0.0000000e+00
21.69	0.0000000e+00
21.72	0.0000000e+00
21.75	0.0000000e+00
21.79	0.0000000e+00
21.82	0.0000000e+00
21.86	0.0000000e+00
21.89	0.0000000e+00
21.92	0.0000000e+00
21.96	0.0000000e+00
21.99	0.0000000e+00
22.03	0.0000000e+00
22.06	0.0000000e+00
22.09	0.0000000e+00
22.13	0.0000000e+00
22.16	0.0000000e+00
22.20	0.0000000e+00
22.23	0.0000000e+00
22.26	0.0000000e+00
22.30	0.0000000e+00
22.33	0.0000000e+00
22.37	0.0000000e+00
22.40	0.0000000e+00
22.43	0.0000000e+00
22.47	0.0000000e+00
22.50	0.0000000e+00
22.54	0.0000000e+00
22.57	0.0000000e+00
22.61	0.0000000e+00
22.64	0.0000000e+00
22.67	0.0000000e+00
22.71	0.0000000e+00
22.74	0.0000000e+00
22.78	0.0000000e+00
22.81	0.0000000e+00
22.84	0.0000000e+00
22.88	0.0000000e+00
22.91	0.0000000e+00
22.95	0.0000000e+00
22.98	2.3524568e-274
23.01	8.8001128e-254
23.05	9.6445862e-235
23.08	4.0578989e-217
23.12	8.4180513e-201
23.15	1.0855005e-185
23.18	1.0782889e-171
23.22	1.0065628e-158
23.25	1.0615157e-146
23.29	1.5001220e-135
23.32	3.3280206e-125
23.35	1.3423933e-115
23.39	1.1282441e-106
23.42	2.2424974e-98
23.46	1.1856531e-90
23.49	1.8603553e-83
23.53	9.5912069e-77
23.56	1.7864536e-70
23.59	1.3133258e-64
23.63	4.1388466e-59
23.66	6.0397929e-54
23.70	4.3866973e-49
23.73	1.6964733e-44
23.76	3.7211703e-40
23.80	4.9108112e-36
23.83	4.1189280e-32
23.87	2.3092558e-28
23.90	9.0540741e-25
23.93	2.5785356e-21
23.97	5.4724080e-18
24.00	8.6462009e-15
24.04	9.3884088e-12
24.07	4.1236663e-09
24.10	3.3101973e-08
24.14	5.6439207e-08
24.17	7.4010445e-08
24.21	8.6872177e-08
24.24	9.5904502e-08
24.27	1.0183953e-07
24.31	1.0528531e-07
24.34	1.0674592e-07
24.38	1.0663837e-07
24.41	1.0530677e-07
24.44	1.0303435e-07
24.48	1.0005328e-07
24.51	9.6553365e-08
24.55	9.2688908e-08
24.58	8.8584833e-08
24.62	8.4341494e-08
24.65	8.0039013e-08
24.68	7.5740631e-08
24.72	7.1495801e-08
24.75	6.7342500e-08
24.79	6.3309263e-08
24.82	5.9416998e-08
24.85	5.5680468e-08
24.89	5.2109331e-08
24.92	4.8709252e-08
24.96	4.5482611e-08
24.99	4.2429280e-08
25.02	3.9547097e-08
25.06	3.6832401e-08
25.09	3.4280315e-08
25.13	3.1885170e-08
25.16	2.9640680e-08
25.19	2.7540185e-08
25.23	2.5576782e-08
25.26	2.3743484e-08
25.30	2.2033302e-08
25.33	2.0439347e-08
25.36	1.8954847e-08
25.40	1.7573227e-08
25.43	1.6288160e-08
25.47	1.5093570e-08
25.50	1.3983655e-08
25.54	1.2952885e-08
25.57	1.1996019e-08
25.60	1.1108089e-08
25.64	1.0284416e-08
25.67	9.5205793e-09
25.71	8.8124326e-09
25.74	8.1560798e-09
25.77	7.5478769e-09
25.81	6.9844070e-09
25.84	6.4624831e-09
25.88	5.9791233e-09
25.91	5.5315534e-09
25.94	5.1171818e-09
25.98	4.7335904e-09
26.01	4.3785323e-09
26.05	4.0499227e-09
26.08	3.7458191e-09
26.11	3.4644209e-09
26.15	3.2040524e-09
26.18	2.9631613e-09
26.22	2.7403048e-09
26.25	2.5341458e-09
26.28	2.3434418e-09
26.32	2.1670438e-09
26.35	2.0038854e-09
26.39	1.8529798e-09
26.42	1.7134119e-09
26.45	1.5843345e-09
26.49	1.4649630e-09
26.52	1.3545717e-09
26.56	1.2524861e-09
26.59	1.1580827e-09
26.63	1.0707853e-09
26.66	9.9006056e-10
26.69	9.1541508e-10
26.73	8.4639195e-10
26.76	7.8256887e-10
26.80	7.2355470e-10
26.83	6.6898810e-10
26.86	6.1853386e-10
26.90	5.7188272e-10
26.93	5.2874818e-10
26.97	4.8886572e-10
27.00	4.5199023e-10
