# NeutrinoAntineutrinoInteraction/NeutrinoAntineutrinoResonanceTop interaction rates
# neutrino field: massive Cosmic Neutrino Background, T_CnuB = 1.94535456 K
# Produced with crpropa-data version: 60a1560e37035039ec25f414e0c42a2444bad49c
# log10(E/eV), 1/lambda [1/Mpc]
19.78	0.0000000e+00
19.81	0.0000000e+00
19.85	0.0000000e+00
19.88	0.0000000e+00
19.91	0.0000000e+00
19.95	0.0000000e+00
19.98	0.0000000e+00
20.02	0.0000000e+00
20.05	0.0000000e+00
20.08	0.0000000e+00
20.12	0.0000000e+00
20.15	0.0000000e+00
20.19	0.0000000e+00
20.22	0.0000000e+00
20.25	0.0000000e+00
20.29	0.0000000e+00
20.32	0.0000000e+00
20.36	0.0000000e+00
20.39	0.0000000e+00
20.42	0.0000000e+00
20.46	0.0000000e+00
20.49	0.0000000e+00
20.53	0.0000000e+00
20.56	0.0000000e+00
20.60	0.0000000e+00
20.63	0.0000000e+00
20.66	0.0000000e+00
20.70	0.0000000e+00
20.73	0.0000000e+00
20.77	0.0000000e+00
20.80	0.0000000e+00
20.83	0.0000000e+00
20.87	0.0000000e+00
20.90	0.0000000e+00
20.94	0.0000000e+00
20.97	0.0000000e+00
21.00	0.0000000e+00
21.04	0.0000000e+00
21.07	0.0000000e+00
21.11	0.0000000e+00
21.14	0.0000000e+00
21.17	0.0000000e+00
21.21	0.0000000e+00
21.24	0.0000000e+00
21.28	0.0000000e+00
21.31	0.0000000e+00
21.34	0.0000000e+00
21.38	0.0000000e+00
21.41	0.0000000e+00
21.45	0.0000000e+00
21.48	0.0000000e+00
21.52	0.0000000e+00
21.55	0.0000000e+00
21.58	0.0000000e+00
21.62	0.0000000e+00
21.65	0.0000000e+00
21.69	0.0000000e+00
21.72	4.2790367e-288
21.75	3.4195432e-266
21.79	6.0478784e-246
21.82	3.1558887e-227
21.86	6.3382924e-210
21.89	6.2646002e-194
21.92	3.8244669e-179
21.96	1.7792864e-165
21.99	7.6608316e-153
22.03	3.6530433e-141
22.06	2.2776795e-130
22.09	2.1650082e-120
22.13	3.6157347e-111
22.16	1.2097477e-102
22.20	9.1547479e-95
22.23	1.7529477e-87
22.26	9.4211836e-81
22.30	1.5642333e-74
22.33	8.7672186e-69
22.37	1.8004750e-63
22.40	1.4614814e-58
22.43	5.0293777e-54
22.47	7.8286872e-50
22.50	5.8524100e-46
22.54	2.2207902e-42
22.57	4.5024588e-39
22.61	5.1136056e-36
22.64	3.3990361e-33
22.67	1.3769499e-30
22.71	3.5291666e-28
22.74	5.9244871e-26
22.78	6.7259605e-24
22.81	5.3190753e-22
22.84	3.0114901e-20
22.88	1.2519306e-18
22.91	3.9119650e-17
22.95	9.3890692e-16
22.98	1.7658434e-14
23.01	2.6510538e-13
23.05	3.2318464e-12
23.08	3.2502576e-11
23.12	2.7363432e-10
23.15	1.9547010e-09
23.18	1.1997047e-08
23.22	6.3998368e-08
23.25	2.9991582e-07
23.29	1.2469478e-06
23.32	4.6416319e-06
23.35	1.5599763e-05
23.39	4.7704481e-05
23.42	1.3369053e-04
23.46	3.4562412e-04
23.49	8.2928202e-04
23.53	1.8570077e-03
23.56	3.9008097e-03
23.59	7.7223571e-03
23.63	1.4469036e-02
23.66	2.5756433e-02
23.70	4.3709236e-02
23.73	7.0926479e-02
23.76	1.1033480e-01
23.80	1.6489606e-01
23.83	2.3714454e-01
23.87	3.2854765e-01
23.90	4.3872085e-01
23.93	5.6459714e-01
23.97	6.9977227e-01
24.00	8.3441552e-01
24.04	9.5628730e-01
24.07	1.0534196e+00
24.10	1.1194176e+00
24.14	1.1578940e+00
24.17	1.1744087e+00
24.21	1.1735715e+00
24.24	1.1591867e+00
24.27	1.1343848e+00
24.31	1.1017333e+00
24.34	1.0633303e+00
24.38	1.0208822e+00
24.41	9.7576979e-01
24.44	9.2910324e-01
24.48	8.8176818e-01
24.51	8.3446451e-01
24.55	7.8773883e-01
24.58	7.4201150e-01
24.62	6.9759935e-01
24.65	6.5473458e-01
24.68	6.1358055e-01
24.72	5.7424489e-01
24.75	5.3679045e-01
24.79	5.0124430e-01
24.82	4.6760528e-01
24.85	4.3585016e-01
24.89	4.0593873e-01
24.92	3.7781800e-01
24.96	3.5142558e-01
24.99	3.2669249e-01
25.02	3.0354543e-01
25.06	2.8190851e-01
25.09	2.6170478e-01
25.13	2.4285733e-01
25.16	2.2529017e-01
25.19	2.0892895e-01
25.23	1.9370145e-01
25.26	1.7953796e-01
25.30	1.6637156e-01
25.33	1.5413829e-01
25.36	1.4277725e-01
25.40	1.3223065e-01
25.43	1.2244378e-01
25.47	1.1336503e-01
25.50	1.0494576e-01
25.54	9.7140262e-02
25.57	8.9905635e-02
25.60	8.3201675e-02
25.64	7.6990762e-02
25.67	7.1237729e-02
25.71	6.5909743e-02
25.74	6.0976175e-02
25.77	5.6408480e-02
25.81	5.2180074e-02
25.84	4.8266214e-02
25.88	4.4643891e-02
25.91	4.1291714e-02
25.94	3.8189810e-02
25.98	3.5319725e-02
26.01	3.2664327e-02
26.05	3.0207720e-02
26.08	2.7935158e-02
26.11	2.5832969e-02
26.15	2.3888476e-02
26.18	2.2089930e-02
26.22	2.0426445e-02
26.25	1.8887936e-02
26.28	1.7465062e-02
26.32	1.6149170e-02
26.35	1.4932252e-02
26.39	1.3806891e-02
26.42	1.2766222e-02
26.45	1.1803892e-02
26.49	1.0914020e-02
26.52	1.0091163e-02
26.56	9.3302877e-03
26.59	8.6267339e-03
26.63	7.9761916e-03
26.66	7.3746732e-03
26.69	6.8184900e-03
26.73	6.3042299e-03
26.76	5.8287369e-03
26.80	5.3890918e-03
26.83	4.9825946e-03
26.86	4.6067485e-03
26.90	4.2592442e-03
26.93	3.9379459e-03
26.97	3.6408788e-03
27.00	3.3662165e-03
