# NeutrinoAntineutrinoInteraction/NeutrinoAntineutrinoResonanceTop interaction rates
# neutrino field: massive Cosmic Neutrino Background, T_CnuB = 1.94535456 K
# Produced with crpropa-data version: 60a1560e37035039ec25f414e0c42a2444bad49c
# log10(E/eV), 1/lambda [1/Mpc]
19.78	0.0000000e+00
19.81	0.0000000e+00
19.85	0.0000000e+00
19.88	0.0000000e+00
19.91	0.0000000e+00
19.95	0.0000000e+00
19.98	0.0000000e+00
20.02	0.0000000e+00
20.05	0.0000000e+00
20.08	0.0000000e+00
20.12	0.0000000e+00
20.15	0.0000000e+00
20.19	0.0000000e+00
20.22	0.0000000e+00
20.25	0.0000000e+00
20.29	0.0000000e+00
20.32	0.0000000e+00
20.36	0.0000000e+00
20.39	0.0000000e+00
20.42	0.0000000e+00
20.46	0.0000000e+00
20.49	0.0000000e+00
20.53	0.0000000e+00
20.56	0.0000000e+00
20.60	0.0000000e+00
20.63	0.0000000e+00
20.66	0.0000000e+00
20.70	0.0000000e+00
20.73	0.0000000e+00
20.77	0.0000000e+00
20.80	0.0000000e+00
20.83	0.0000000e+00
20.87	0.0000000e+00
20.90	0.0000000e+00
20.94	0.0000000e+00
20.97	0.0000000e+00
21.00	0.0000000e+00
21.04	0.0000000e+00
21.07	0.0000000e+00
21.11	0.0000000e+00
21.14	0.0000000e+00
21.17	0.0000000e+00
21.21	0.0000000e+00
21.24	0.0000000e+00
21.28	0.0000000e+00
21.31	0.0000000e+00
21.34	0.0000000e+00
21.38	0.0000000e+00
21.41	0.0000000e+00
21.45	0.0000000e+00
21.48	0.0000000e+00
21.52	0.0000000e+00
21.55	0.0000000e+00
21.58	0.0000000e+00
21.62	0.0000000e+00
21.65	0.0000000e+00
21.69	0.0000000e+00
21.72	4.2250666e-288
21.75	3.3729289e-266
21.79	5.9588039e-246
21.82	3.1056737e-227
21.86	6.2293480e-210
21.89	6.1482940e-194
21.92	3.7477822e-179
21.96	1.7407598e-165
21.99	7.4817240e-153
22.03	3.5608381e-141
22.06	2.2156224e-130
22.09	2.1013452e-120
22.13	3.5010046e-111
22.16	1.1683335e-102
22.20	8.8166938e-95
22.23	1.6831404e-87
22.26	9.0166738e-81
22.30	1.4918384e-74
22.33	8.3299642e-69
22.37	1.7037364e-63
22.40	1.3769124e-58
22.43	4.7160545e-54
22.47	7.3037933e-50
22.50	5.4302720e-46
22.54	2.0485301e-42
22.57	4.1270604e-39
22.61	4.6555384e-36
22.64	3.0720747e-33
22.67	1.2347951e-30
22.71	3.1383561e-28
22.74	5.2212105e-26
22.78	5.8706500e-24
22.81	4.5949835e-22
22.84	2.5729583e-20
22.88	1.0570739e-18
22.91	3.2617190e-17
22.95	7.7238845e-16
22.98	1.4320055e-14
23.01	2.1173403e-13
23.05	2.5397217e-12
23.08	2.5106385e-11
23.12	2.0754907e-10
23.15	1.4542996e-09
23.18	8.7457954e-09
23.22	4.5662981e-08
23.25	2.0920789e-07
23.29	8.4941657e-07
23.32	3.0842479e-06
23.35	1.0100017e-05
23.39	3.0062255e-05
23.42	8.1917115e-05
23.46	2.0571804e-04
23.49	4.7905723e-04
23.53	1.0403763e-03
23.56	2.1181918e-03
23.59	4.0627735e-03
23.63	7.3741614e-03
23.66	1.2718528e-02
23.70	2.0924668e-02
23.73	3.2954373e-02
23.76	4.9844420e-02
23.80	7.2623153e-02
23.83	1.0220987e-01
23.87	1.3930920e-01
23.90	1.8431461e-01
23.93	2.3723424e-01
23.97	2.9764958e-01
24.00	3.6471258e-01
24.04	4.3718157e-01
24.07	5.1349125e-01
24.10	5.9184816e-01
24.14	6.7034052e-01
24.17	7.4705070e-01
24.21	8.2015994e-01
24.24	8.8803669e-01
24.27	9.4930323e-01
24.31	1.0028782e+00
24.34	1.0479956e+00
24.38	1.0842021e+00
24.41	1.1113383e+00
24.44	1.1295059e+00
24.48	1.1390282e+00
24.51	1.1404066e+00
24.55	1.1342759e+00
24.58	1.1213631e+00
24.62	1.1024498e+00
24.65	1.0783395e+00
24.68	1.0498313e+00
24.72	1.0176983e+00
24.75	9.8267211e-01
24.79	9.4543131e-01
24.82	9.0659461e-01
24.85	8.6671702e-01
24.89	8.2628881e-01
24.92	7.8573663e-01
24.96	7.4542606e-01
24.99	7.0566538e-01
25.02	6.6670995e-01
25.06	6.2876700e-01
25.09	5.9200060e-01
25.13	5.5653653e-01
25.16	5.2246711e-01
25.19	4.8985559e-01
25.23	4.5874039e-01
25.26	4.2913888e-01
25.30	4.0105083e-01
25.33	3.7446150e-01
25.36	3.4934435e-01
25.40	3.2566344e-01
25.43	3.0337548e-01
25.47	2.8243166e-01
25.50	2.6277912e-01
25.54	2.4436228e-01
25.57	2.2712390e-01
25.60	2.1100598e-01
25.64	1.9595051e-01
25.67	1.8190007e-01
25.71	1.6879827e-01
25.74	1.5659017e-01
25.77	1.4522255e-01
25.81	1.3464412e-01
25.84	1.2480568e-01
25.88	1.1566018e-01
25.91	1.0716286e-01
25.94	9.9271173e-02
25.98	9.1944856e-02
26.01	8.5145854e-02
26.05	7.8838291e-02
26.08	7.2988408e-02
26.11	6.7564485e-02
26.15	6.2536769e-02
26.18	5.7877387e-02
26.22	5.3560259e-02
26.25	4.9561012e-02
26.28	4.5856885e-02
26.32	4.2426649e-02
26.35	3.9250513e-02
26.39	3.6310047e-02
26.42	3.3588094e-02
26.45	3.1068694e-02
26.49	2.8737012e-02
26.52	2.6579258e-02
26.56	2.4582627e-02
26.59	2.2735229e-02
26.63	2.1026030e-02
26.66	1.9444792e-02
26.69	1.7982020e-02
26.73	1.6628910e-02
26.76	1.5377302e-02
26.80	1.4219631e-02
26.83	1.3148891e-02
26.86	1.2158589e-02
26.90	1.1242714e-02
26.93	1.0395696e-02
26.97	9.6123813e-03
27.00	8.8879958e-03
