# NeutrinoAntineutrinoInteraction/NeutrinoAntineutrinoResonanceTop interaction rates
# neutrino field: massive Cosmic Neutrino Background, T_CnuB = 1.94535456 K
# Produced with crpropa-data version: 60a1560e37035039ec25f414e0c42a2444bad49c
# log10(E/eV), 1/lambda [1/Mpc]
19.88	0.0000000e+00
19.91	0.0000000e+00
19.95	0.0000000e+00
19.98	0.0000000e+00
20.02	0.0000000e+00
20.05	0.0000000e+00
20.08	0.0000000e+00
20.12	0.0000000e+00
20.15	0.0000000e+00
20.19	0.0000000e+00
20.22	0.0000000e+00
20.25	0.0000000e+00
20.29	0.0000000e+00
20.32	0.0000000e+00
20.36	0.0000000e+00
20.39	0.0000000e+00
20.42	0.0000000e+00
20.46	0.0000000e+00
20.49	0.0000000e+00
20.53	0.0000000e+00
20.56	0.0000000e+00
20.60	0.0000000e+00
20.63	0.0000000e+00
20.66	0.0000000e+00
20.70	0.0000000e+00
20.73	0.0000000e+00
20.77	0.0000000e+00
20.80	0.0000000e+00
20.83	0.0000000e+00
20.87	0.0000000e+00
20.90	0.0000000e+00
20.94	0.0000000e+00
20.97	0.0000000e+00
21.00	0.0000000e+00
21.04	0.0000000e+00
21.07	0.0000000e+00
21.11	0.0000000e+00
21.14	0.0000000e+00
21.17	0.0000000e+00
21.21	0.0000000e+00
21.24	0.0000000e+00
21.28	0.0000000e+00
21.31	0.0000000e+00
21.34	0.0000000e+00
21.38	0.0000000e+00
21.41	0.0000000e+00
21.45	0.0000000e+00
21.48	0.0000000e+00
21.52	0.0000000e+00
21.55	0.0000000e+00
21.58	0.0000000e+00
21.62	0.0000000e+00
21.65	0.0000000e+00
21.69	0.0000000e+00
21.72	0.0000000e+00
21.75	0.0000000e+00
21.79	0.0000000e+00
21.82	9.6040185e-284
21.86	3.2645495e-262
21.89	2.6197385e-242
21.92	6.5843486e-224
21.96	6.7310492e-207
21.99	3.5636956e-191
22.03	1.2217520e-176
22.06	3.3344798e-163
22.09	8.7693452e-151
22.13	2.6514031e-139
22.16	1.0850393e-128
22.20	6.9890863e-119
22.23	8.1470584e-110
22.26	1.9553121e-101
22.30	1.0886034e-93
22.33	1.5698495e-86
22.37	6.4933002e-80
22.40	8.4651933e-74
22.43	3.7951553e-68
22.47	6.3422945e-63
22.50	4.2564876e-58
22.54	1.2290473e-53
22.57	1.6272962e-49
22.61	1.0479212e-45
22.64	3.4658509e-42
22.67	6.1913208e-39
22.71	6.2585539e-36
22.74	3.7375207e-33
22.78	1.3721619e-30
22.81	3.2131453e-28
22.84	4.9653040e-26
22.88	5.2254778e-24
22.91	3.8558129e-22
22.95	2.0493177e-20
22.98	8.0430318e-19
23.01	2.3853254e-17
23.05	5.4606027e-16
23.08	9.8412553e-15
23.12	1.4219538e-13
23.15	1.6751669e-12
23.18	1.6342916e-11
23.22	1.3395256e-10
23.25	9.3476202e-10
23.29	5.6223841e-09
23.32	2.9481148e-08
23.35	1.3618561e-07
23.39	5.5961575e-07
23.42	2.0639749e-06
23.46	6.8889946e-06
23.49	2.0967320e-05
23.53	5.8600312e-05
23.56	1.5136055e-04
23.59	3.6343954e-04
23.63	8.1561553e-04
23.66	1.7190309e-03
23.70	3.4176347e-03
23.73	6.4342289e-03
23.76	1.1509568e-02
23.80	1.9617101e-02
23.83	3.1928044e-02
23.87	4.9693209e-02
23.90	7.4001808e-02
23.93	1.0538156e-01
23.97	1.4324160e-01
24.00	1.8527508e-01
24.04	2.2717984e-01
24.07	2.6337247e-01
24.10	2.8977553e-01
24.14	3.0701866e-01
24.17	3.1689870e-01
24.21	3.2091058e-01
24.24	3.2029068e-01
24.27	3.1605905e-01
24.31	3.0905486e-01
24.34	2.9996617e-01
24.38	2.8935498e-01
24.41	2.7767821e-01
24.44	2.6530538e-01
24.48	2.5253338e-01
24.51	2.3959887e-01
24.55	2.2668870e-01
24.58	2.1394859e-01
24.62	2.0149043e-01
24.65	1.8939838e-01
24.68	1.7773389e-01
24.72	1.6654000e-01
24.75	1.5584484e-01
24.79	1.4566455e-01
24.82	1.3600572e-01
24.85	1.2686739e-01
24.89	1.1824272e-01
24.92	1.1012036e-01
24.96	1.0248556e-01
24.99	9.5321074e-02
25.02	8.8607929e-02
25.06	8.2326016e-02
25.09	7.6454570e-02
25.13	7.0972562e-02
25.16	6.5858999e-02
25.19	6.1093164e-02
25.23	5.6654798e-02
25.26	5.2524239e-02
25.30	4.8682517e-02
25.33	4.5111430e-02
25.36	4.1793587e-02
25.40	3.8712434e-02
25.43	3.5852266e-02
25.47	3.3198227e-02
25.50	3.0736292e-02
25.54	2.8453259e-02
25.57	2.6336715e-02
25.60	2.4375014e-02
25.64	2.2557245e-02
25.67	2.0873198e-02
25.71	1.9313329e-02
25.74	1.7868730e-02
25.77	1.6531091e-02
25.81	1.5292667e-02
25.84	1.4146247e-02
25.88	1.3085120e-02
25.91	1.2103045e-02
25.94	1.1194219e-02
25.98	1.0353253e-02
26.01	9.5751416e-03
26.05	8.8552395e-03
26.08	8.1892355e-03
26.11	7.5731312e-03
26.15	7.0032188e-03
26.18	6.4760609e-03
26.22	5.9884719e-03
26.25	5.5374999e-03
26.28	5.1204105e-03
26.32	4.7346707e-03
26.35	4.3779351e-03
26.39	4.0480318e-03
26.42	3.7429501e-03
26.45	3.4608289e-03
26.49	3.1999455e-03
26.52	2.9587055e-03
26.56	2.7356337e-03
26.59	2.5293647e-03
26.63	2.3386357e-03
26.66	2.1622779e-03
26.69	1.9992104e-03
26.73	1.8484332e-03
26.76	1.7090211e-03
26.80	1.5801185e-03
26.83	1.4609342e-03
26.86	1.3507361e-03
26.90	1.2488473e-03
26.93	1.1546418e-03
26.97	1.0675406e-03
27.00	9.8700825e-04
