# NeutrinoAntineutrinoInteraction/NeutrinoAntineutrinoResonanceTop interaction rates
# neutrino field: massive Cosmic Neutrino Background, T_CnuB = 1.94535456 K
# Produced with crpropa-data version: 60a1560e37035039ec25f414e0c42a2444bad49c
# log10(E/eV), 1/lambda [1/Mpc]
20.02	0.0000000e+00
20.05	0.0000000e+00
20.08	0.0000000e+00
20.12	0.0000000e+00
20.15	0.0000000e+00
20.19	0.0000000e+00
20.22	0.0000000e+00
20.25	0.0000000e+00
20.29	0.0000000e+00
20.32	0.0000000e+00
20.36	0.0000000e+00
20.39	0.0000000e+00
20.42	0.0000000e+00
20.46	0.0000000e+00
20.49	0.0000000e+00
20.53	0.0000000e+00
20.56	0.0000000e+00
20.60	0.0000000e+00
20.63	0.0000000e+00
20.66	0.0000000e+00
20.70	0.0000000e+00
20.73	0.0000000e+00
20.77	0.0000000e+00
20.80	0.0000000e+00
20.83	0.0000000e+00
20.87	0.0000000e+00
20.90	0.0000000e+00
20.94	0.0000000e+00
20.97	0.0000000e+00
21.00	0.0000000e+00
21.04	0.0000000e+00
21.07	0.0000000e+00
21.11	0.0000000e+00
21.14	0.0000000e+00
21.17	0.0000000e+00
21.21	0.0000000e+00
21.24	0.0000000e+00
21.28	0.0000000e+00
21.31	0.0000000e+00
21.34	0.0000000e+00
21.38	0.0000000e+00
21.41	0.0000000e+00
21.45	0.0000000e+00
21.48	0.0000000e+00
21.52	0.0000000e+00
21.55	0.0000000e+00
21.58	0.0000000e+00
21.62	0.0000000e+00
21.65	0.0000000e+00
21.69	0.0000000e+00
21.72	0.0000000e+00
21.75	0.0000000e+00
21.79	0.0000000e+00
21.82	0.0000000e+00
21.86	0.0000000e+00
21.89	0.0000000e+00
21.92	0.0000000e+00
21.96	7.1534862e-275
21.99	4.5870323e-254
22.03	7.8767910e-235
22.06	4.7599596e-217
22.09	1.3030987e-200
22.13	2.0411795e-185
22.16	2.2702568e-171
22.20	2.1890033e-158
22.23	2.2006172e-146
22.26	2.7357286e-135
22.30	4.9243246e-125
22.33	1.4849539e-115
22.37	8.5850369e-107
22.40	1.0779232e-98
22.43	3.2985279e-91
22.47	2.7367452e-84
22.50	6.7941553e-78
22.54	5.5284311e-72
22.57	1.6040911e-66
22.61	1.7941323e-61
22.64	8.3131609e-57
22.67	1.7056708e-52
22.71	1.6481377e-48
22.74	7.9395980e-45
22.78	2.0099508e-41
22.81	2.8074221e-38
22.84	2.2632225e-35
22.88	1.0978283e-32
22.91	3.3301155e-30
22.95	6.5459747e-28
22.98	8.6176569e-26
23.01	7.8331890e-24
23.05	5.0566539e-22
23.08	2.3794942e-20
23.12	8.3613113e-19
23.15	2.2434576e-17
23.18	4.6921637e-16
23.22	7.7969625e-15
23.25	1.0477003e-13
23.29	1.1571605e-12
23.32	1.0664646e-11
23.35	8.3167120e-11
23.39	5.5591177e-10
23.42	3.2231380e-09
23.46	1.6388666e-08
23.49	7.3824893e-08
23.53	2.9738135e-07
23.56	1.0804612e-06
23.59	3.5687526e-06
23.63	1.0793757e-05
23.66	3.0090997e-05
23.70	7.7785066e-05
23.73	1.8744326e-04
23.76	4.2305648e-04
23.80	8.9789268e-04
23.83	1.7978338e-03
23.87	3.4037384e-03
23.90	6.0992068e-03
23.93	1.0336097e-02
23.97	1.6510501e-02
24.00	2.4692096e-02
24.04	3.4217632e-02
24.07	4.3451793e-02
24.10	5.0640501e-02
24.14	5.5666568e-02
24.17	5.8942109e-02
24.21	6.0811739e-02
24.24	6.1561082e-02
24.27	6.1426356e-02
24.31	6.0602441e-02
24.34	5.9249652e-02
24.38	5.7499430e-02
24.41	5.5459125e-02
24.44	5.3216013e-02
24.48	5.0840660e-02
24.51	4.8389760e-02
24.55	4.5908497e-02
24.58	4.3432536e-02
24.62	4.0989687e-02
24.65	3.8601294e-02
24.68	3.6283401e-02
24.72	3.4047720e-02
24.75	3.1902443e-02
24.79	2.9852913e-02
24.82	2.7902185e-02
24.85	2.6051491e-02
24.89	2.4300620e-02
24.92	2.2648243e-02
24.96	2.1092166e-02
24.99	1.9629547e-02
25.02	1.8257073e-02
25.06	1.6971098e-02
25.09	1.5767760e-02
25.13	1.4643076e-02
25.16	1.3593011e-02
25.19	1.2613539e-02
25.23	1.1700688e-02
25.26	1.0850574e-02
25.30	1.0059426e-02
25.33	9.3236111e-03
25.36	8.6396389e-03
25.40	8.0041772e-03
25.43	7.4140541e-03
25.47	6.8662602e-03
25.50	6.3579489e-03
25.54	5.8864336e-03
25.57	5.4491848e-03
25.60	5.0438246e-03
25.64	4.6681220e-03
25.67	4.3199867e-03
25.71	3.9974630e-03
25.74	3.6987228e-03
25.77	3.4220597e-03
25.81	3.1658820e-03
25.84	2.9287062e-03
25.88	2.7091512e-03
25.91	2.5059315e-03
25.94	2.3178516e-03
25.98	2.1438003e-03
26.01	1.9827454e-03
26.05	1.8337282e-03
26.08	1.6958589e-03
26.11	1.5683119e-03
26.15	1.4503215e-03
26.18	1.3411774e-03
26.22	1.2402214e-03
26.25	1.1468433e-03
26.28	1.0604778e-03
26.32	9.8060123e-04
26.35	9.0672849e-04
26.39	8.3841036e-04
26.42	7.7523091e-04
26.45	7.1680508e-04
26.49	6.6277641e-04
26.52	6.1281499e-04
26.56	5.6661548e-04
26.59	5.2389534e-04
26.63	4.8439312e-04
26.66	4.4786693e-04
26.69	4.1409298e-04
26.73	3.8286423e-04
26.76	3.5398916e-04
26.80	3.2729063e-04
26.83	3.0260477e-04
26.86	2.7978003e-04
26.90	2.5867623e-04
26.93	2.3916373e-04
26.97	2.2112263e-04
27.00	2.0444208e-04
