# NeutrinoAntineutrinoInteraction/NeutrinoAntineutrinoResonanceTop interaction rates
# neutrino field: massive Cosmic Neutrino Background, T_CnuB = 1.94535456 K
# Produced with crpropa-data version: 60a1560e37035039ec25f414e0c42a2444bad49c
# log10(E/eV), 1/lambda [1/Mpc]
20.73	0.0000000e+00
20.77	0.0000000e+00
20.80	0.0000000e+00
20.83	0.0000000e+00
20.87	0.0000000e+00
20.90	0.0000000e+00
20.94	0.0000000e+00
20.97	0.0000000e+00
21.00	0.0000000e+00
21.04	0.0000000e+00
21.07	0.0000000e+00
21.11	0.0000000e+00
21.14	0.0000000e+00
21.17	0.0000000e+00
21.21	0.0000000e+00
21.24	0.0000000e+00
21.28	0.0000000e+00
21.31	0.0000000e+00
21.34	0.0000000e+00
21.38	0.0000000e+00
21.41	0.0000000e+00
21.45	0.0000000e+00
21.48	0.0000000e+00
21.52	0.0000000e+00
21.55	0.0000000e+00
21.58	0.0000000e+00
21.62	0.0000000e+00
21.65	0.0000000e+00
21.69	0.0000000e+00
21.72	0.0000000e+00
21.75	0.0000000e+00
21.79	0.0000000e+00
21.82	0.0000000e+00
21.86	0.0000000e+00
21.89	0.0000000e+00
21.92	0.0000000e+00
21.96	0.0000000e+00
21.99	0.0000000e+00
22.03	0.0000000e+00
22.06	0.0000000e+00
22.09	0.0000000e+00
22.13	0.0000000e+00
22.16	0.0000000e+00
22.20	0.0000000e+00
22.23	0.0000000e+00
22.26	0.0000000e+00
22.30	0.0000000e+00
22.33	0.0000000e+00
22.37	0.0000000e+00
22.40	0.0000000e+00
22.43	0.0000000e+00
22.47	0.0000000e+00
22.50	0.0000000e+00
22.54	0.0000000e+00
22.57	0.0000000e+00
22.61	0.0000000e+00
22.64	0.0000000e+00
22.67	9.5151026e-278
22.71	4.7740741e-257
22.74	6.5337925e-238
22.78	3.2008723e-220
22.81	7.2164031e-204
22.84	9.4452467e-189
22.88	8.8966363e-175
22.91	7.3553241e-162
22.95	6.4132649e-150
22.98	6.9884564e-139
23.01	1.1134499e-128
23.05	2.9989482e-119
23.08	1.5615092e-110
23.12	1.7793915e-102
23.15	4.9769255e-95
23.18	3.7989947e-88
23.22	8.7292480e-82
23.25	6.6108570e-76
23.29	1.7943849e-70
23.32	1.8862983e-65
23.35	8.2502159e-61
23.39	1.6041990e-56
23.42	1.4743437e-52
23.46	6.7778487e-49
23.49	1.6424399e-45
23.53	2.2020653e-42
23.56	1.7083180e-39
23.59	7.9927366e-37
23.63	2.3434043e-34
23.66	4.4607613e-32
23.70	5.6965088e-30
23.73	5.0304259e-28
23.76	3.1591183e-26
23.80	1.4479264e-24
23.83	4.9608372e-23
23.87	1.2990253e-21
23.90	2.6536096e-20
23.93	4.3096943e-19
23.97	5.6631722e-18
24.00	6.1195202e-17
24.04	5.5198699e-16
24.07	4.2141679e-15
24.10	2.7582148e-14
24.14	1.5660883e-13
24.17	7.7986990e-13
24.21	3.4405370e-12
24.24	1.3572771e-11
24.27	4.8291547e-11
24.31	1.5619184e-10
24.34	4.6256646e-10
24.38	1.2626905e-09
24.41	3.1963279e-09
24.44	7.5442481e-09
24.48	1.6685005e-08
24.51	3.4727260e-08
24.55	6.8277006e-08
24.58	1.2719548e-07
24.62	2.2503447e-07
24.65	3.7857981e-07
24.68	6.0558431e-07
24.72	9.1942371e-07
24.75	1.3195672e-06
24.79	1.7789439e-06
24.82	2.2361210e-06
24.85	2.6123996e-06
24.89	2.8783184e-06
24.92	3.0524011e-06
24.96	3.1527014e-06
24.99	3.1941838e-06
25.02	3.1892257e-06
25.06	3.1480395e-06
25.09	3.0790278e-06
25.13	2.9890809e-06
25.16	2.8838274e-06
25.19	2.7678442e-06
25.23	2.6448335e-06
25.26	2.5177703e-06
25.30	2.3890268e-06
25.33	2.2604766e-06
25.36	2.1335813e-06
25.40	2.0094640e-06
25.43	1.8889697e-06
25.47	1.7727165e-06
25.50	1.6611376e-06
25.54	1.5545172e-06
25.57	1.4530189e-06
25.60	1.3567109e-06
25.64	1.2655858e-06
25.67	1.1795769e-06
25.71	1.0985724e-06
25.74	1.0224263e-06
25.77	9.5096753e-07
25.81	8.8400773e-07
25.84	8.2134690e-07
25.88	7.6277848e-07
25.91	7.0809315e-07
25.94	6.5708188e-07
25.98	6.0953831e-07
26.01	5.6526062e-07
26.05	5.2405285e-07
26.08	4.8572597e-07
26.11	4.5009852e-07
26.15	4.1699713e-07
26.18	3.8625677e-07
26.22	3.5772084e-07
26.25	3.3124117e-07
26.28	3.0667794e-07
26.32	2.8389945e-07
26.35	2.6278192e-07
26.39	2.4320918e-07
26.42	2.2507240e-07
26.45	2.0826973e-07
26.49	1.9270599e-07
26.52	1.7829229e-07
26.56	1.6494575e-07
26.59	1.5258910e-07
26.63	1.4115040e-07
26.66	1.3056270e-07
26.69	1.2076374e-07
26.73	1.1169562e-07
26.76	1.0330457e-07
26.80	9.5540671e-08
26.83	8.8357559e-08
26.86	8.1712227e-08
26.90	7.5564781e-08
26.93	6.9878226e-08
26.97	6.4618267e-08
27.00	5.9753120e-08
