# NeutrinoAntineutrinoInteraction/NeutrinoAntineutrinoResonanceTop interaction rates
# neutrino field: massive Cosmic Neutrino Background, T_CnuB = 1.94535456 K
# Produced with crpropa-data version: 60a1560e37035039ec25f414e0c42a2444bad49c
# log10(E/eV), 1/lambda [1/Mpc]
19.88	0.0000000e+00
19.91	0.0000000e+00
19.95	0.0000000e+00
19.98	0.0000000e+00
20.02	0.0000000e+00
20.05	0.0000000e+00
20.08	0.0000000e+00
20.12	0.0000000e+00
20.15	0.0000000e+00
20.19	0.0000000e+00
20.22	0.0000000e+00
20.25	0.0000000e+00
20.29	0.0000000e+00
20.32	0.0000000e+00
20.36	0.0000000e+00
20.39	0.0000000e+00
20.42	0.0000000e+00
20.46	0.0000000e+00
20.49	0.0000000e+00
20.53	0.0000000e+00
20.56	0.0000000e+00
20.60	0.0000000e+00
20.63	0.0000000e+00
20.66	0.0000000e+00
20.70	0.0000000e+00
20.73	0.0000000e+00
20.77	0.0000000e+00
20.80	0.0000000e+00
20.83	0.0000000e+00
20.87	0.0000000e+00
20.90	0.0000000e+00
20.94	0.0000000e+00
20.97	0.0000000e+00
21.00	0.0000000e+00
21.04	0.0000000e+00
21.07	0.0000000e+00
21.11	0.0000000e+00
21.14	0.0000000e+00
21.17	0.0000000e+00
21.21	0.0000000e+00
21.24	0.0000000e+00
21.28	0.0000000e+00
21.31	0.0000000e+00
21.34	0.0000000e+00
21.38	0.0000000e+00
21.41	0.0000000e+00
21.45	0.0000000e+00
21.48	0.0000000e+00
21.52	0.0000000e+00
21.55	0.0000000e+00
21.58	0.0000000e+00
21.62	0.0000000e+00
21.65	0.0000000e+00
21.69	0.0000000e+00
21.72	0.0000000e+00
21.75	0.0000000e+00
21.79	0.0000000e+00
21.82	9.4195916e-284
21.86	3.1968309e-262
21.89	2.5610421e-242
21.92	6.4250224e-224
21.96	6.5551654e-207
21.99	3.4631516e-191
22.03	1.1845394e-176
22.06	3.2248518e-163
22.09	8.4581903e-151
22.13	2.5498893e-139
22.16	1.0402212e-128
22.20	6.6777015e-119
22.23	7.7556299e-110
22.26	1.8540284e-101
22.30	1.0278241e-93
22.33	1.4754029e-86
22.37	6.0724677e-80
22.40	7.8743685e-74
22.43	3.5099997e-68
22.47	5.8294679e-63
22.50	3.8862528e-58
22.54	1.1140961e-53
22.57	1.4637145e-49
22.61	9.3475677e-46
22.64	3.0639866e-42
22.67	5.4209486e-39
22.71	5.4233706e-36
22.74	3.2029475e-33
22.78	1.1619529e-30
22.81	2.6862962e-28
22.84	4.0945838e-26
22.88	4.2462550e-24
22.91	3.0843451e-22
22.95	1.6119384e-20
22.98	6.2136988e-19
23.01	1.8077654e-17
23.05	4.0545754e-16
23.08	7.1496659e-15
23.12	1.0093587e-13
23.15	1.1601451e-12
23.18	1.1026150e-11
23.22	8.7904201e-11
23.25	5.9570156e-10
23.29	3.4738086e-09
23.32	1.7630468e-08
23.35	7.8696207e-08
23.39	3.1194884e-07
23.42	1.1080070e-06
23.46	3.5557177e-06
23.49	1.0388724e-05
23.53	2.7830468e-05
23.56	6.8808643e-05
23.59	1.5796304e-04
23.63	3.3859830e-04
23.66	6.8119801e-04
23.70	1.2923881e-03
23.73	2.3225058e-03
23.76	3.9694565e-03
23.80	6.4765711e-03
23.83	1.0122819e-02
23.87	1.5204930e-02
23.90	2.2012468e-02
23.93	3.0798368e-02
23.97	4.1748499e-02
24.00	5.4954292e-02
24.04	7.0392185e-02
24.07	8.7912773e-02
24.10	1.0724120e-01
24.14	1.2798881e-01
24.17	1.4967473e-01
24.21	1.7175471e-01
24.24	1.9365421e-01
24.27	2.1480210e-01
24.31	2.3466207e-01
24.34	2.5275908e-01
24.38	2.6869926e-01
24.41	2.8218252e-01
24.44	2.9300793e-01
24.48	3.0107257e-01
24.51	3.0636510e-01
24.55	3.0895534e-01
24.58	3.0898142e-01
24.62	3.0663564e-01
24.65	3.0215027e-01
24.68	2.9578407e-01
24.72	2.8781018e-01
24.75	2.7850574e-01
24.79	2.6814346e-01
24.82	2.5698547e-01
24.85	2.4528030e-01
24.89	2.3326524e-01
24.92	2.2114773e-01
24.96	2.0909198e-01
24.99	1.9722557e-01
25.02	1.8564596e-01
25.06	1.7442595e-01
25.09	1.6361824e-01
25.13	1.5325915e-01
25.16	1.4337184e-01
25.19	1.3396888e-01
25.23	1.2505441e-01
25.26	1.1662596e-01
25.30	1.0867592e-01
25.33	1.0119272e-01
25.36	9.4161872e-02
25.40	8.7566760e-02
25.43	8.1389294e-02
25.47	7.5610453e-02
25.50	7.0210706e-02
25.54	6.5170355e-02
25.57	6.0469800e-02
25.60	5.6089751e-02
25.64	5.2011379e-02
25.67	4.8216445e-02
25.71	4.4687376e-02
25.74	4.1407331e-02
25.77	3.8360236e-02
25.81	3.5530803e-02
25.84	3.2904541e-02
25.88	3.0467748e-02
25.91	2.8207502e-02
25.94	2.6111638e-02
25.98	2.4168730e-02
26.01	2.2368057e-02
26.05	2.0699580e-02
26.08	1.9153908e-02
26.11	1.7722266e-02
26.15	1.6396463e-02
26.18	1.5168862e-02
26.22	1.4032346e-02
26.25	1.2980289e-02
26.28	1.2006526e-02
26.32	1.1105323e-02
26.35	1.0271352e-02
26.39	9.4996635e-03
26.42	8.7856620e-03
26.45	8.1250818e-03
26.49	7.5139650e-03
26.52	6.9486411e-03
26.56	6.4257062e-03
26.59	5.9420052e-03
26.63	5.4946142e-03
26.66	5.0808239e-03
26.69	4.6981245e-03
26.73	4.3441915e-03
26.76	4.0168724e-03
26.80	3.7141739e-03
26.83	3.4342511e-03
26.86	3.1753960e-03
26.90	2.9360276e-03
26.93	2.7146832e-03
26.97	2.5100087e-03
27.00	2.3207517e-03
