# NeutrinoAntineutrinoInteraction/NeutrinoAntineutrinoResonanceTop interaction rates
# neutrino field: massive Cosmic Neutrino Background, T_CnuB = 1.94535456 K
# Produced with crpropa-data version: 60a1560e37035039ec25f414e0c42a2444bad49c
# log10(E/eV), 1/lambda [1/Mpc]
21.00	0.0000000e+00
21.04	0.0000000e+00
21.07	0.0000000e+00
21.11	0.0000000e+00
21.14	0.0000000e+00
21.17	0.0000000e+00
21.21	0.0000000e+00
21.24	0.0000000e+00
21.28	0.0000000e+00
21.31	0.0000000e+00
21.34	0.0000000e+00
21.38	0.0000000e+00
21.41	0.0000000e+00
21.45	0.0000000e+00
21.48	0.0000000e+00
21.52	0.0000000e+00
21.55	0.0000000e+00
21.58	0.0000000e+00
21.62	0.0000000e+00
21.65	0.0000000e+00
21.69	0.0000000e+00
21.72	0.0000000e+00
21.75	0.0000000e+00
21.79	0.0000000e+00
21.82	0.0000000e+00
21.86	0.0000000e+00
21.89	0.0000000e+00
21.92	0.0000000e+00
21.96	0.0000000e+00
21.99	0.0000000e+00
22.03	0.0000000e+00
22.06	0.0000000e+00
22.09	0.0000000e+00
22.13	0.0000000e+00
22.16	0.0000000e+00
22.20	0.0000000e+00
22.23	0.0000000e+00
22.26	0.0000000e+00
22.30	0.0000000e+00
22.33	0.0000000e+00
22.37	0.0000000e+00
22.40	0.0000000e+00
22.43	0.0000000e+00
22.47	0.0000000e+00
22.50	0.0000000e+00
22.54	0.0000000e+00
22.57	0.0000000e+00
22.61	0.0000000e+00
22.64	0.0000000e+00
22.67	0.0000000e+00
22.71	0.0000000e+00
22.74	0.0000000e+00
22.78	0.0000000e+00
22.81	0.0000000e+00
22.84	0.0000000e+00
22.88	0.0000000e+00
22.91	0.0000000e+00
22.95	0.0000000e+00
22.98	4.6183679e-276
23.01	1.2563553e-255
23.05	9.7597139e-237
23.08	2.8312271e-219
23.12	3.9304946e-203
23.15	3.2843479e-188
23.18	2.0420249e-174
23.22	1.1492543e-161
23.25	7.0181834e-150
23.29	5.4986815e-139
23.32	6.4535560e-129
23.35	1.3093371e-119
23.39	5.2423711e-111
23.42	4.6816704e-103
23.46	1.0443158e-95
23.49	6.4606008e-89
23.53	1.2210877e-82
23.56	7.7109165e-77
23.59	1.7671419e-71
23.63	1.5865508e-66
23.66	5.9890628e-62
23.70	1.0147865e-57
23.73	8.1987577e-54
23.76	3.3399925e-50
23.80	7.2244129e-47
23.83	8.7028621e-44
23.87	6.1024181e-41
23.90	2.5944961e-38
23.93	6.9455776e-36
23.97	1.2123396e-33
24.00	1.4249953e-31
24.04	1.1620674e-29
24.07	6.7585862e-28
24.10	2.8758170e-26
24.14	9.1661319e-25
24.17	2.2366423e-23
24.21	4.2632852e-22
24.24	6.4672721e-21
24.27	7.9434237e-20
24.31	8.0263967e-19
24.34	6.7710246e-18
24.38	4.8341607e-17
24.41	2.9579214e-16
24.44	1.5692947e-15
24.48	7.2970426e-15
24.51	3.0035391e-14
24.55	1.1044787e-13
24.58	3.6594121e-13
24.62	1.1010543e-12
24.65	3.0304395e-12
24.68	7.6810335e-12
24.72	1.8040488e-11
24.75	3.9489811e-11
24.79	8.0990667e-11
24.82	1.5639697e-10
24.85	2.8564958e-10
24.89	4.9552896e-10
24.92	8.1962227e-10
24.96	1.2972314e-09
24.99	1.9711058e-09
25.02	2.8840959e-09
25.06	4.0750452e-09
25.09	5.5744090e-09
25.13	7.4001811e-09
25.16	9.5546893e-09
25.19	1.2022706e-08
25.23	1.4771139e-08
25.26	1.7750332e-08
25.30	2.0896820e-08
25.33	2.4137184e-08
25.36	2.7392551e-08
25.40	3.0583268e-08
25.43	3.3633301e-08
25.47	3.6473984e-08
25.50	3.9046896e-08
25.54	4.1305738e-08
25.57	4.3217230e-08
25.60	4.4761106e-08
25.64	4.5929388e-08
25.67	4.6725106e-08
25.71	4.7160671e-08
25.74	4.7256080e-08
25.77	4.7037079e-08
25.81	4.6533424e-08
25.84	4.5777302e-08
25.88	4.4801961e-08
25.91	4.3640575e-08
25.94	4.2325339e-08
25.98	4.0886790e-08
26.01	3.9353318e-08
26.05	3.7750859e-08
26.08	3.6102717e-08
26.11	3.4429520e-08
26.15	3.2749246e-08
26.18	3.1077332e-08
26.22	2.9426819e-08
26.25	2.7808533e-08
26.28	2.6231283e-08
26.32	2.4702065e-08
26.35	2.3226265e-08
26.39	2.1807862e-08
26.42	2.0449608e-08
26.45	1.9153207e-08
26.49	1.7919472e-08
26.52	1.6748473e-08
26.56	1.5639664e-08
26.59	1.4591997e-08
26.63	1.3604025e-08
26.66	1.2673984e-08
26.69	1.1799878e-08
26.73	1.0979532e-08
26.76	1.0210654e-08
26.80	9.4908789e-09
26.83	8.8178064e-09
26.86	8.1890316e-09
26.90	7.6021710e-09
26.93	7.0548833e-09
26.97	6.5448844e-09
27.00	6.0699605e-09
