# NeutrinoAntineutrinoInteraction/NeutrinoAntineutrinoResonanceTop interaction rates
# neutrino field: massive Cosmic Neutrino Background, T_CnuB = 1.94535456 K
# Produced with crpropa-data version: 60a1560e37035039ec25f414e0c42a2444bad49c
# log10(E/eV), 1/lambda [1/Mpc]
21.00	0.0000000e+00
21.04	0.0000000e+00
21.07	0.0000000e+00
21.11	0.0000000e+00
21.14	0.0000000e+00
21.17	0.0000000e+00
21.21	0.0000000e+00
21.24	0.0000000e+00
21.28	0.0000000e+00
21.31	0.0000000e+00
21.34	0.0000000e+00
21.38	0.0000000e+00
21.41	0.0000000e+00
21.45	0.0000000e+00
21.48	0.0000000e+00
21.52	0.0000000e+00
21.55	0.0000000e+00
21.58	0.0000000e+00
21.62	0.0000000e+00
21.65	0.0000000e+00
21.69	0.0000000e+00
21.72	0.0000000e+00
21.75	0.0000000e+00
21.79	0.0000000e+00
21.82	0.0000000e+00
21.86	0.0000000e+00
21.89	0.0000000e+00
21.92	0.0000000e+00
21.96	0.0000000e+00
21.99	0.0000000e+00
22.03	0.0000000e+00
22.06	0.0000000e+00
22.09	0.0000000e+00
22.13	0.0000000e+00
22.16	0.0000000e+00
22.20	0.0000000e+00
22.23	0.0000000e+00
22.26	0.0000000e+00
22.30	0.0000000e+00
22.33	0.0000000e+00
22.37	0.0000000e+00
22.40	0.0000000e+00
22.43	0.0000000e+00
22.47	0.0000000e+00
22.50	0.0000000e+00
22.54	0.0000000e+00
22.57	0.0000000e+00
22.61	0.0000000e+00
22.64	0.0000000e+00
22.67	0.0000000e+00
22.71	0.0000000e+00
22.74	0.0000000e+00
22.78	0.0000000e+00
22.81	0.0000000e+00
22.84	0.0000000e+00
22.88	0.0000000e+00
22.91	0.0000000e+00
22.95	0.0000000e+00
22.98	5.1878709e-276
23.01	1.4246420e-255
23.05	1.1180268e-236
23.08	3.2791923e-219
23.12	4.6068041e-203
23.15	3.8992002e-188
23.18	2.4581432e-174
23.22	1.4043097e-161
23.25	8.7154616e-150
23.29	6.9486714e-139
23.32	8.3103945e-129
23.35	1.7206857e-119
23.39	7.0421168e-111
23.42	6.4395090e-103
23.46	1.4735614e-95
23.49	9.3704980e-89
23.53	1.8244161e-82
23.56	1.1895253e-76
23.59	2.8216746e-71
23.63	2.6291372e-66
23.66	1.0329552e-61
23.70	1.8272119e-57
23.73	1.5462378e-53
23.76	6.6207852e-50
23.80	1.5108768e-46
23.83	1.9279167e-43
23.87	1.4380734e-40
23.90	6.5337097e-38
23.93	1.8782122e-35
23.97	3.5385376e-33
24.00	4.5138478e-31
24.04	4.0180063e-29
24.07	2.5664793e-27
24.10	1.2071197e-25
24.14	4.2818995e-24
24.17	1.1711492e-22
24.21	2.5210295e-21
24.24	4.3528120e-20
24.27	6.1348972e-19
24.31	7.1735506e-18
24.34	7.0641048e-17
24.38	5.9398819e-16
24.41	4.3193648e-15
24.44	2.7482088e-14
24.48	1.5462828e-13
24.51	7.7681196e-13
24.55	3.5144041e-12
24.58	1.4425181e-11
24.62	5.4047294e-11
24.65	1.8566465e-10
24.68	5.8596760e-10
24.72	1.6960018e-09
24.75	4.4618376e-09
24.79	1.0421165e-08
24.82	2.0524822e-08
24.85	3.1761343e-08
24.89	4.0437077e-08
24.92	4.6741906e-08
24.96	5.1120895e-08
24.99	5.3944149e-08
25.02	5.5518936e-08
25.06	5.6099869e-08
25.09	5.5897476e-08
25.13	5.5085388e-08
25.16	5.3806395e-08
25.19	5.2177521e-08
25.23	5.0294300e-08
25.26	4.8234356e-08
25.30	4.6060410e-08
25.33	4.3822812e-08
25.36	4.1561652e-08
25.40	3.9308531e-08
25.43	3.7088055e-08
25.47	3.4919068e-08
25.50	3.2815695e-08
25.54	3.0788206e-08
25.57	2.8843741e-08
25.60	2.6986906e-08
25.64	2.5220276e-08
25.67	2.3544807e-08
25.71	2.1960180e-08
25.74	2.0465080e-08
25.77	1.9057435e-08
25.81	1.7734599e-08
25.84	1.6493514e-08
25.88	1.5330832e-08
25.91	1.4243018e-08
25.94	1.3226436e-08
25.98	1.2277408e-08
26.01	1.1392271e-08
26.05	1.0567413e-08
26.08	9.7993075e-09
26.11	9.0845340e-09
26.15	8.4197954e-09
26.18	7.8019295e-09
26.22	7.2279170e-09
26.25	6.6948853e-09
26.28	6.2001100e-09
26.32	5.7410146e-09
26.35	5.3151684e-09
26.39	4.9202830e-09
26.42	4.5542078e-09
26.45	4.2149254e-09
26.49	3.9005460e-09
26.52	3.6093014e-09
26.56	3.3395396e-09
26.59	3.0897180e-09
26.63	2.8583983e-09
26.66	2.6442401e-09
26.69	2.4459954e-09
26.73	2.2625029e-09
26.76	2.0926825e-09
26.80	1.9355305e-09
26.83	1.7901144e-09
26.86	1.6555683e-09
26.90	1.5310886e-09
26.93	1.4159296e-09
26.97	1.3093997e-09
27.00	1.2108574e-09
