# NeutrinoAntineutrinoInteraction/NeutrinoAntineutrinoResonanceTop interaction rates
# neutrino field: massive Cosmic Neutrino Background, T_CnuB = 1.94535456 K
# Produced with crpropa-data version: 60a1560e37035039ec25f414e0c42a2444bad49c
# log10(E/eV), 1/lambda [1/Mpc]
20.08	0.0000000e+00
20.12	0.0000000e+00
20.15	0.0000000e+00
20.19	0.0000000e+00
20.22	0.0000000e+00
20.25	0.0000000e+00
20.29	0.0000000e+00
20.32	0.0000000e+00
20.36	0.0000000e+00
20.39	0.0000000e+00
20.42	0.0000000e+00
20.46	0.0000000e+00
20.49	0.0000000e+00
20.53	0.0000000e+00
20.56	0.0000000e+00
20.60	0.0000000e+00
20.63	0.0000000e+00
20.66	0.0000000e+00
20.70	0.0000000e+00
20.73	0.0000000e+00
20.77	0.0000000e+00
20.80	0.0000000e+00
20.83	0.0000000e+00
20.87	0.0000000e+00
20.90	0.0000000e+00
20.94	0.0000000e+00
20.97	0.0000000e+00
21.00	0.0000000e+00
21.04	0.0000000e+00
21.07	0.0000000e+00
21.11	0.0000000e+00
21.14	0.0000000e+00
21.17	0.0000000e+00
21.21	0.0000000e+00
21.24	0.0000000e+00
21.28	0.0000000e+00
21.31	0.0000000e+00
21.34	0.0000000e+00
21.38	0.0000000e+00
21.41	0.0000000e+00
21.45	0.0000000e+00
21.48	0.0000000e+00
21.52	0.0000000e+00
21.55	0.0000000e+00
21.58	0.0000000e+00
21.62	0.0000000e+00
21.65	0.0000000e+00
21.69	0.0000000e+00
21.72	0.0000000e+00
21.75	0.0000000e+00
21.79	0.0000000e+00
21.82	0.0000000e+00
21.86	0.0000000e+00
21.89	0.0000000e+00
21.92	0.0000000e+00
21.96	0.0000000e+00
21.99	0.0000000e+00
22.03	1.2942289e-280
22.06	2.0858998e-259
22.09	8.3996028e-240
22.13	1.1163973e-221
22.16	6.3352608e-205
22.20	1.9473972e-189
22.23	4.0406513e-175
22.26	6.9360104e-162
22.30	1.1888321e-149
22.33	2.4211059e-138
22.37	6.8805574e-128
22.40	3.1660531e-118
22.43	2.7064322e-109
22.47	4.8804421e-101
22.50	2.0880538e-93
22.54	2.3628447e-86
22.57	7.8194010e-80
22.61	8.3042899e-74
22.64	3.0840996e-68
22.67	4.3365786e-63
22.71	2.4846039e-58
22.74	6.2080437e-54
22.78	7.2030502e-50
22.81	4.1130701e-46
22.84	1.2196364e-42
22.88	1.9737029e-39
22.91	1.8250362e-36
22.95	1.0061243e-33
22.98	3.4394477e-31
23.01	7.5608048e-29
23.05	1.1053265e-26
23.08	1.1085682e-24
23.12	7.8501312e-23
23.15	4.0308010e-21
23.18	1.5381440e-19
23.22	4.4625609e-18
23.25	1.0053146e-16
23.29	1.7931380e-15
23.32	2.5783828e-14
23.35	3.0390837e-13
23.39	2.9819027e-12
23.42	2.4705147e-11
23.46	1.7512237e-10
23.49	1.0750653e-09
23.53	5.7801222e-09
23.56	2.7500154e-08
23.59	1.1688416e-07
23.63	4.4769648e-07
23.66	1.5576772e-06
23.70	4.9588190e-06
23.73	1.4538288e-05
23.76	3.9481081e-05
23.80	9.9809127e-05
23.83	2.3584917e-04
23.87	5.2249725e-04
23.90	1.0868859e-03
23.93	2.1215917e-03
23.97	3.8706021e-03
24.00	6.5388281e-03
24.04	1.0061812e-02
24.07	1.3806613e-02
24.10	1.6837932e-02
24.14	1.9010489e-02
24.17	2.0485455e-02
24.21	2.1398189e-02
24.24	2.1860989e-02
24.27	2.1966839e-02
24.31	2.1792552e-02
24.34	2.1401415e-02
24.38	2.0845409e-02
24.41	2.0167079e-02
24.44	1.9401098e-02
24.48	1.8575585e-02
24.51	1.7713208e-02
24.55	1.6832114e-02
24.58	1.5946701e-02
24.62	1.5068272e-02
24.65	1.4205578e-02
24.68	1.3365275e-02
24.72	1.2552299e-02
24.75	1.1770192e-02
24.79	1.1021358e-02
24.82	1.0307287e-02
24.85	9.6287360e-03
24.89	8.9858823e-03
24.92	8.3784454e-03
24.96	7.8057920e-03
24.99	7.2670199e-03
25.02	6.7610276e-03
25.06	6.2865705e-03
25.09	5.8423070e-03
25.13	5.4268351e-03
25.16	5.0387223e-03
25.19	4.6765288e-03
25.23	4.3388264e-03
25.26	4.0242121e-03
25.30	3.7313193e-03
25.33	3.4588261e-03
25.36	3.2054607e-03
25.40	2.9700052e-03
25.43	2.7512985e-03
25.47	2.5482374e-03
25.50	2.3597765e-03
25.54	2.1849282e-03
25.57	2.0227616e-03
25.60	1.8724008e-03
25.64	1.7330232e-03
25.67	1.6038575e-03
25.71	1.4841817e-03
25.74	1.3733206e-03
25.77	1.2706432e-03
25.81	1.1755611e-03
25.84	1.0875255e-03
25.88	1.0060251e-03
25.91	9.3058399e-04
25.94	8.6075953e-04
25.98	7.9614005e-04
26.01	7.3634304e-04
26.05	6.8101322e-04
26.08	6.2982075e-04
26.11	5.8245952e-04
26.15	5.3864552e-04
26.18	4.9811539e-04
26.22	4.6062494e-04
26.25	4.2594781e-04
26.28	3.9387425e-04
26.32	3.6420993e-04
26.35	3.3677483e-04
26.39	3.1140224e-04
26.42	2.8793777e-04
26.45	2.6623850e-04
26.49	2.4617211e-04
26.52	2.2761611e-04
26.56	2.1045715e-04
26.59	1.9459034e-04
26.63	1.7991859e-04
26.66	1.6635209e-04
26.69	1.5380774e-04
26.73	1.4220868e-04
26.76	1.3148377e-04
26.80	1.2156723e-04
26.83	1.1239822e-04
26.86	1.0392044e-04
26.90	9.6081849e-05
26.93	8.8834292e-05
26.97	8.2133244e-05
27.00	7.5937528e-05
