# NeutrinoAntineutrinoInteraction/NeutrinoAntineutrinoResonanceTop interaction rates
# neutrino field: massive Cosmic Neutrino Background, T_CnuB = 1.94535456 K
# Produced with crpropa-data version: 60a1560e37035039ec25f414e0c42a2444bad49c
# log10(E/eV), 1/lambda [1/Mpc]
20.53	0.0000000e+00
20.56	0.0000000e+00
20.60	0.0000000e+00
20.63	0.0000000e+00
20.66	0.0000000e+00
20.70	0.0000000e+00
20.73	0.0000000e+00
20.77	0.0000000e+00
20.80	0.0000000e+00
20.83	0.0000000e+00
20.87	0.0000000e+00
20.90	0.0000000e+00
20.94	0.0000000e+00
20.97	0.0000000e+00
21.00	0.0000000e+00
21.04	0.0000000e+00
21.07	0.0000000e+00
21.11	0.0000000e+00
21.14	0.0000000e+00
21.17	0.0000000e+00
21.21	0.0000000e+00
21.24	0.0000000e+00
21.28	0.0000000e+00
21.31	0.0000000e+00
21.34	0.0000000e+00
21.38	0.0000000e+00
21.41	0.0000000e+00
21.45	0.0000000e+00
21.48	0.0000000e+00
21.52	0.0000000e+00
21.55	0.0000000e+00
21.58	0.0000000e+00
21.62	0.0000000e+00
21.65	0.0000000e+00
21.69	0.0000000e+00
21.72	0.0000000e+00
21.75	0.0000000e+00
21.79	0.0000000e+00
21.82	0.0000000e+00
21.86	0.0000000e+00
21.89	0.0000000e+00
21.92	0.0000000e+00
21.96	0.0000000e+00
21.99	0.0000000e+00
22.03	0.0000000e+00
22.06	0.0000000e+00
22.09	0.0000000e+00
22.13	0.0000000e+00
22.16	0.0000000e+00
22.20	0.0000000e+00
22.23	0.0000000e+00
22.26	0.0000000e+00
22.30	0.0000000e+00
22.33	0.0000000e+00
22.37	0.0000000e+00
22.40	0.0000000e+00
22.43	0.0000000e+00
22.47	0.0000000e+00
22.50	6.6269037e-273
22.54	1.8341121e-252
22.57	1.4557055e-233
22.61	4.3333022e-216
22.64	6.2008036e-200
22.67	5.3657463e-185
22.71	3.4716220e-171
22.74	2.0435557e-158
22.78	1.3122395e-146
22.81	1.0871949e-135
22.84	1.3573356e-125
22.88	2.9478682e-116
22.91	1.2718809e-107
22.95	1.2326927e-99
22.98	3.0066951e-92
23.01	2.0502820e-85
23.05	4.3080285e-79
23.08	3.0519858e-73
23.12	7.9233830e-68
23.15	8.1424864e-63
23.18	3.5573752e-58
23.22	7.0589506e-54
23.25	6.7636157e-50
23.29	3.3119018e-46
23.32	8.7348964e-43
23.35	1.3027791e-39
23.39	1.1495397e-36
23.42	6.2574714e-34
23.46	2.1845371e-31
23.49	5.0705082e-29
23.53	8.0908442e-27
23.56	9.1550547e-25
23.59	7.5606231e-23
23.63	4.6804209e-21
23.66	2.2263687e-19
23.70	8.3262037e-18
23.73	2.5004488e-16
23.76	6.1480258e-15
23.80	1.2596542e-13
23.83	2.1846249e-12
23.87	3.2503992e-11
23.90	4.1923933e-10
23.93	4.7158381e-09
23.97	4.6186777e-08
24.00	3.8707410e-07
24.04	2.6145058e-06
24.07	1.1487534e-05
24.10	2.3259058e-05
24.14	3.2230710e-05
24.17	3.8862643e-05
24.21	4.3589321e-05
24.24	4.6772310e-05
24.27	4.8712059e-05
24.31	4.9657785e-05
24.34	4.9815794e-05
24.38	4.9356470e-05
24.41	4.8420149e-05
24.44	4.7122058e-05
24.48	4.5556458e-05
24.51	4.3800135e-05
24.55	4.1915319e-05
24.58	3.9952143e-05
24.62	3.7950700e-05
24.65	3.5942768e-05
24.68	3.3953258e-05
24.72	3.2001422e-05
24.75	3.0101864e-05
24.79	2.8265382e-05
24.82	2.6499678e-05
24.85	2.4809944e-05
24.89	2.3199348e-05
24.92	2.1669439e-05
24.96	2.0220485e-05
24.99	1.8851745e-05
25.02	1.7561703e-05
25.06	1.6348254e-05
25.09	1.5208853e-05
25.13	1.4140647e-05
25.16	1.3140573e-05
25.19	1.2205439e-05
25.23	1.1331991e-05
25.26	1.0516965e-05
25.30	9.7571242e-06
25.33	9.0492959e-06
25.36	8.3903904e-06
25.40	7.7774206e-06
25.43	7.2075153e-06
25.47	6.6779266e-06
25.50	6.1860358e-06
25.54	5.7293551e-06
25.57	5.3055287e-06
25.60	4.9123312e-06
25.64	4.5476653e-06
25.67	4.2095581e-06
25.71	3.8961576e-06
25.74	3.6057272e-06
25.77	3.3366416e-06
25.81	3.0873808e-06
25.84	2.8565253e-06
25.88	2.6427506e-06
25.91	2.4448220e-06
25.94	2.2615895e-06
25.98	2.0919821e-06
26.01	1.9350039e-06
26.05	1.7897292e-06
26.08	1.6552974e-06
26.11	1.5309098e-06
26.15	1.4158243e-06
26.18	1.3093527e-06
26.22	1.2108563e-06
26.25	1.1197428e-06
26.28	1.0354631e-06
26.32	9.5750830e-07
26.35	8.8540670e-07
26.39	8.1872139e-07
26.42	7.5704763e-07
26.45	7.0001058e-07
26.49	6.4726316e-07
26.52	5.9848404e-07
26.56	5.5337568e-07
26.59	5.1166271e-07
26.63	4.7309031e-07
26.66	4.3742262e-07
26.69	4.0444144e-07
26.73	3.7394484e-07
26.76	3.4574602e-07
26.80	3.1967216e-07
26.83	2.9556338e-07
26.86	2.7327178e-07
26.90	2.5266057e-07
26.93	2.3360323e-07
26.97	2.1598273e-07
27.00	1.9969084e-07
