# NeutrinoAntineutrinoInteraction/NeutrinoAntineutrinoResonanceTop interaction rates
# neutrino field: massive Cosmic Neutrino Background, T_CnuB = 1.94535456 K
# Produced with crpropa-data version: 60a1560e37035039ec25f414e0c42a2444bad49c
# log10(E/eV), 1/lambda [1/Mpc]
21.48	0.0000000e+00
21.52	0.0000000e+00
21.55	0.0000000e+00
21.58	0.0000000e+00
21.62	0.0000000e+00
21.65	0.0000000e+00
21.69	0.0000000e+00
21.72	0.0000000e+00
21.75	0.0000000e+00
21.79	0.0000000e+00
21.82	0.0000000e+00
21.86	0.0000000e+00
21.89	0.0000000e+00
21.92	0.0000000e+00
21.96	0.0000000e+00
21.99	0.0000000e+00
22.03	0.0000000e+00
22.06	0.0000000e+00
22.09	0.0000000e+00
22.13	0.0000000e+00
22.16	0.0000000e+00
22.20	0.0000000e+00
22.23	0.0000000e+00
22.26	0.0000000e+00
22.30	0.0000000e+00
22.33	0.0000000e+00
22.37	0.0000000e+00
22.40	0.0000000e+00
22.43	0.0000000e+00
22.47	0.0000000e+00
22.50	0.0000000e+00
22.54	0.0000000e+00
22.57	0.0000000e+00
22.61	0.0000000e+00
22.64	0.0000000e+00
22.67	0.0000000e+00
22.71	0.0000000e+00
22.74	0.0000000e+00
22.78	0.0000000e+00
22.81	0.0000000e+00
22.84	0.0000000e+00
22.88	0.0000000e+00
22.91	0.0000000e+00
22.95	0.0000000e+00
22.98	0.0000000e+00
23.01	0.0000000e+00
23.05	0.0000000e+00
23.08	0.0000000e+00
23.12	0.0000000e+00
23.15	0.0000000e+00
23.18	0.0000000e+00
23.22	0.0000000e+00
23.25	0.0000000e+00
23.29	0.0000000e+00
23.32	0.0000000e+00
23.35	0.0000000e+00
23.39	0.0000000e+00
23.42	6.1634817e-287
23.46	1.1357395e-263
23.49	5.5278621e-242
23.53	9.6627039e-222
23.56	8.0796851e-203
23.59	4.2242139e-185
23.63	1.7740546e-168
23.66	7.5689438e-153
23.70	4.0897201e-138
23.73	3.4435016e-124
23.76	5.4931814e-111
23.80	1.9965000e-98
23.83	1.9679228e-86
23.87	6.2008983e-75
23.90	7.2887560e-64
23.93	3.6858719e-53
23.97	9.0909423e-43
24.00	1.1981907e-32
24.04	8.3367541e-23
24.07	1.4641704e-13
24.10	6.1466119e-11
24.14	1.1841197e-10
24.17	1.6151654e-10
24.21	1.9330331e-10
24.24	2.1587647e-10
24.27	2.3098691e-10
24.31	2.4009035e-10
24.34	2.4439330e-10
24.38	2.4489591e-10
24.41	2.4242269e-10
24.44	2.3765516e-10
24.48	2.3114863e-10
24.51	2.2335986e-10
24.55	2.1465914e-10
24.58	2.0534898e-10
24.62	1.9567047e-10
24.65	1.8581896e-10
24.68	1.7594676e-10
24.72	1.6617606e-10
24.75	1.5659968e-10
24.79	1.4728508e-10
24.82	1.3828246e-10
24.85	1.2963007e-10
24.89	1.2135162e-10
24.92	1.1346328e-10
24.96	1.0597133e-10
24.99	9.8877743e-11
25.02	9.2178073e-11
25.06	8.5865427e-11
25.09	7.9927835e-11
25.13	7.4353275e-11
25.16	6.9127337e-11
25.19	6.4235314e-11
25.23	5.9661343e-11
25.26	5.5389683e-11
25.30	5.1404322e-11
25.33	4.7689931e-11
25.36	4.4230222e-11
25.40	4.1009450e-11
25.43	3.8013106e-11
25.47	3.5227144e-11
25.50	3.2638251e-11
25.54	3.0233567e-11
25.57	2.8001077e-11
25.60	2.5929198e-11
25.64	2.4007270e-11
25.67	2.2224731e-11
25.71	2.0572047e-11
25.74	1.9040060e-11
25.77	1.7620432e-11
25.81	1.6305110e-11
25.84	1.5086810e-11
25.88	1.3958503e-11
25.91	1.2913894e-11
25.94	1.1946899e-11
25.98	1.1051674e-11
26.01	1.0222908e-11
26.05	9.4558442e-12
26.08	8.7458913e-12
26.11	8.0889397e-12
26.15	7.4810276e-12
26.18	6.9186087e-12
26.22	6.3982926e-12
26.25	5.9169875e-12
26.28	5.4717200e-12
26.32	5.0598487e-12
26.35	4.6788680e-12
26.39	4.3265010e-12
26.42	4.0006036e-12
26.45	3.6992160e-12
26.49	3.4205106e-12
26.52	3.1628296e-12
26.56	2.9245339e-12
26.59	2.7041476e-12
26.63	2.5003345e-12
26.66	2.3118504e-12
26.69	2.1375533e-12
26.73	1.9763741e-12
26.76	1.8273374e-12
26.80	1.6895271e-12
26.83	1.5621130e-12
26.86	1.4442924e-12
26.90	1.3353526e-12
26.93	1.2346187e-12
26.97	1.1414826e-12
27.00	1.0553657e-12
