# NeutrinoAntineutrinoInteraction/NeutrinoAntineutrinoResonanceTop interaction rates
# neutrino field: massive Cosmic Neutrino Background, T_CnuB = 1.94535456 K
# Produced with crpropa-data version: 60a1560e37035039ec25f414e0c42a2444bad49c
# log10(E/eV), 1/lambda [1/Mpc]
20.29	0.0000000e+00
20.32	0.0000000e+00
20.36	0.0000000e+00
20.39	0.0000000e+00
20.42	0.0000000e+00
20.46	0.0000000e+00
20.49	0.0000000e+00
20.53	0.0000000e+00
20.56	0.0000000e+00
20.60	0.0000000e+00
20.63	0.0000000e+00
20.66	0.0000000e+00
20.70	0.0000000e+00
20.73	0.0000000e+00
20.77	0.0000000e+00
20.80	0.0000000e+00
20.83	0.0000000e+00
20.87	0.0000000e+00
20.90	0.0000000e+00
20.94	0.0000000e+00
20.97	0.0000000e+00
21.00	0.0000000e+00
21.04	0.0000000e+00
21.07	0.0000000e+00
21.11	0.0000000e+00
21.14	0.0000000e+00
21.17	0.0000000e+00
21.21	0.0000000e+00
21.24	0.0000000e+00
21.28	0.0000000e+00
21.31	0.0000000e+00
21.34	0.0000000e+00
21.38	0.0000000e+00
21.41	0.0000000e+00
21.45	0.0000000e+00
21.48	0.0000000e+00
21.52	0.0000000e+00
21.55	0.0000000e+00
21.58	0.0000000e+00
21.62	0.0000000e+00
21.65	0.0000000e+00
21.69	0.0000000e+00
21.72	0.0000000e+00
21.75	0.0000000e+00
21.79	0.0000000e+00
21.82	0.0000000e+00
21.86	0.0000000e+00
21.89	0.0000000e+00
21.92	0.0000000e+00
21.96	0.0000000e+00
21.99	0.0000000e+00
22.03	0.0000000e+00
22.06	0.0000000e+00
22.09	0.0000000e+00
22.13	0.0000000e+00
22.16	0.0000000e+00
22.20	0.0000000e+00
22.23	4.7842933e-286
22.26	1.6123972e-264
22.30	1.2855292e-244
22.33	3.2165094e-226
22.37	3.2799132e-209
22.40	1.7355580e-193
22.43	5.9583877e-179
22.47	1.6316648e-165
22.50	4.3140365e-153
22.54	1.3139367e-141
22.57	5.4276374e-131
22.61	3.5363771e-121
22.64	4.1787292e-112
22.67	1.0188930e-103
22.71	5.7763255e-96
22.74	8.5025977e-89
22.78	3.5988183e-82
22.81	4.8136424e-76
22.84	2.2202851e-70
22.88	3.8285231e-65
22.91	2.6593462e-60
22.95	7.9733184e-56
22.98	1.0999525e-51
23.01	7.4071323e-48
23.05	2.5716780e-44
23.08	4.8422393e-41
23.12	5.1816762e-38
23.15	3.2908083e-35
23.18	1.2910846e-32
23.22	3.2474451e-30
23.25	5.4197693e-28
23.29	6.1955594e-26
23.32	4.9960332e-24
23.35	2.9204630e-22
23.39	1.2691680e-20
23.42	4.1973460e-19
23.46	1.0794764e-17
23.49	2.2025724e-16
23.53	3.6322230e-15
23.56	4.9247195e-14
23.59	5.5774074e-13
23.63	5.3538668e-12
23.66	4.4149324e-11
23.70	3.1663072e-10
23.73	1.9972384e-09
23.76	1.1193104e-08
23.80	5.6235082e-08
23.83	2.5523065e-07
23.87	1.0529002e-06
23.90	3.9640673e-06
23.93	1.3634462e-05
23.97	4.2661851e-05
24.00	1.1965641e-04
24.04	2.8962826e-04
24.07	5.5837666e-04
24.10	8.0985208e-04
24.14	9.9713226e-04
24.17	1.1317810e-03
24.21	1.2237396e-03
24.24	1.2812713e-03
24.27	1.3112331e-03
24.31	1.3193037e-03
24.34	1.3101752e-03
24.38	1.2877148e-03
24.41	1.2550997e-03
24.44	1.2149311e-03
24.48	1.1693299e-03
24.51	1.1200171e-03
24.55	1.0683806e-03
24.58	1.0155325e-03
24.62	9.6235577e-04
24.65	9.0954443e-04
24.68	8.5763649e-04
24.72	8.0704185e-04
24.75	7.5806547e-04
24.79	7.1092672e-04
24.82	6.6577554e-04
24.85	6.2270585e-04
24.89	5.8176668e-04
24.92	5.4297142e-04
24.96	5.0630543e-04
24.99	4.7173235e-04
25.02	4.3919928e-04
25.06	4.0864098e-04
25.09	3.7998336e-04
25.13	3.5314628e-04
25.16	3.2804579e-04
25.19	3.0459598e-04
25.23	2.8271038e-04
25.26	2.6230310e-04
25.30	2.4328974e-04
25.33	2.2558802e-04
25.36	2.0911830e-04
25.40	1.9380391e-04
25.43	1.7957143e-04
25.47	1.6635083e-04
25.50	1.5407553e-04
25.54	1.4268246e-04
25.57	1.3211201e-04
25.60	1.2230796e-04
25.64	1.1321742e-04
25.67	1.0479072e-04
25.71	9.6981274e-05
25.74	8.9745460e-05
25.77	8.3042484e-05
25.81	7.6834231e-05
25.84	7.1085137e-05
25.88	6.5762038e-05
25.91	6.0834039e-05
25.94	5.6272379e-05
25.98	5.2050296e-05
26.01	4.8142911e-05
26.05	4.4527102e-05
26.08	4.1181392e-05
26.11	3.8085842e-05
26.15	3.5221946e-05
26.18	3.2572536e-05
26.22	3.0121688e-05
26.25	2.7854639e-05
26.28	2.5757704e-05
26.32	2.3818201e-05
26.35	2.2024380e-05
26.39	2.0365357e-05
26.42	1.8831051e-05
26.45	1.7412129e-05
26.49	1.6099948e-05
26.52	1.4886506e-05
26.56	1.3764398e-05
26.59	1.2726770e-05
26.63	1.1767277e-05
26.66	1.0880052e-05
26.69	1.0059662e-05
26.73	9.3010823e-06
26.76	8.5996649e-06
26.80	7.9511089e-06
26.83	7.3514365e-06
26.86	6.7969678e-06
26.90	6.2842993e-06
26.93	5.8102833e-06
26.97	5.3720082e-06
27.00	4.9667816e-06
