# NeutrinoAntineutrinoInteraction/NeutrinoAntineutrinoResonanceTop interaction rates
# neutrino field: massive Cosmic Neutrino Background, T_CnuB = 1.94535456 K
# Produced with crpropa-data version: 60a1560e37035039ec25f414e0c42a2444bad49c
# log10(E/eV), 1/lambda [1/Mpc]
20.19	0.0000000e+00
20.22	0.0000000e+00
20.25	0.0000000e+00
20.29	0.0000000e+00
20.32	0.0000000e+00
20.36	0.0000000e+00
20.39	0.0000000e+00
20.42	0.0000000e+00
20.46	0.0000000e+00
20.49	0.0000000e+00
20.53	0.0000000e+00
20.56	0.0000000e+00
20.60	0.0000000e+00
20.63	0.0000000e+00
20.66	0.0000000e+00
20.70	0.0000000e+00
20.73	0.0000000e+00
20.77	0.0000000e+00
20.80	0.0000000e+00
20.83	0.0000000e+00
20.87	0.0000000e+00
20.90	0.0000000e+00
20.94	0.0000000e+00
20.97	0.0000000e+00
21.00	0.0000000e+00
21.04	0.0000000e+00
21.07	0.0000000e+00
21.11	0.0000000e+00
21.14	0.0000000e+00
21.17	0.0000000e+00
21.21	0.0000000e+00
21.24	0.0000000e+00
21.28	0.0000000e+00
21.31	0.0000000e+00
21.34	0.0000000e+00
21.38	0.0000000e+00
21.41	0.0000000e+00
21.45	0.0000000e+00
21.48	0.0000000e+00
21.52	0.0000000e+00
21.55	0.0000000e+00
21.58	0.0000000e+00
21.62	0.0000000e+00
21.65	0.0000000e+00
21.69	0.0000000e+00
21.72	0.0000000e+00
21.75	0.0000000e+00
21.79	0.0000000e+00
21.82	0.0000000e+00
21.86	0.0000000e+00
21.89	0.0000000e+00
21.92	0.0000000e+00
21.96	0.0000000e+00
21.99	0.0000000e+00
22.03	0.0000000e+00
22.06	0.0000000e+00
22.09	0.0000000e+00
22.13	3.8446142e-275
22.16	2.1540483e-254
22.20	3.2636082e-235
22.23	1.7558160e-217
22.26	4.3149100e-201
22.30	6.1136104e-186
22.33	6.1936888e-172
22.37	5.4747632e-159
22.40	5.0753141e-147
22.43	5.8496518e-136
22.47	9.8102488e-126
22.50	2.7686778e-116
22.54	1.5041863e-107
22.57	1.7813798e-99
22.61	5.1588495e-92
22.64	4.0629412e-85
22.67	9.6003647e-79
22.71	7.4532147e-73
22.74	2.0676703e-67
22.78	2.2152469e-62
22.81	9.8479005e-58
22.84	1.9412044e-53
22.88	1.8040801e-49
22.91	8.3663819e-46
22.95	2.0403205e-42
22.98	2.7466350e-39
23.01	2.1346144e-36
23.05	9.9829512e-34
23.08	2.9192170e-31
23.12	5.5300997e-29
23.15	7.0127590e-27
23.18	6.1360814e-25
23.22	3.8098161e-23
23.25	1.7225608e-21
23.29	5.8089994e-20
23.32	1.4938211e-18
23.35	2.9898910e-17
23.39	4.7466825e-16
23.42	6.0827734e-15
23.46	6.3946240e-14
23.49	5.5979056e-13
23.53	4.1375037e-12
23.56	2.6152027e-11
23.59	1.4304055e-10
23.63	6.8445492e-10
23.66	2.8943362e-09
23.70	1.0917582e-08
23.73	3.7053174e-08
23.76	1.1405391e-07
23.80	3.2076168e-07
23.83	8.2985251e-07
23.87	1.9874629e-06
23.90	4.4320224e-06
23.93	9.2521242e-06
23.97	1.8170631e-05
24.00	3.3726668e-05
24.04	5.9413137e-05
24.07	9.9720248e-05
24.10	1.6003955e-04
24.14	2.4639940e-04
24.17	3.6502927e-04
24.21	5.2178155e-04
24.24	7.2146847e-04
24.27	9.6719214e-04
24.31	1.2597541e-03
24.34	1.5972245e-03
24.38	1.9747343e-03
24.41	2.3845257e-03
24.44	2.8162663e-03
24.48	3.2576020e-03
24.51	3.6948952e-03
24.55	4.1140796e-03
24.58	4.5015487e-03
24.62	4.8450009e-03
24.65	5.1341683e-03
24.68	5.3613787e-03
24.72	5.5219198e-03
24.75	5.6141997e-03
24.79	5.6397263e-03
24.82	5.6029655e-03
24.85	5.5112667e-03
24.89	5.3752481e-03
24.92	5.2060739e-03
24.96	5.0129730e-03
24.99	4.8034360e-03
25.02	4.5835079e-03
25.06	4.3580334e-03
25.09	4.1308632e-03
25.13	3.9050259e-03
25.16	3.6828725e-03
25.19	3.4661972e-03
25.23	3.2563379e-03
25.26	3.0542602e-03
25.30	2.8606278e-03
25.33	2.6758604e-03
25.36	2.5001824e-03
25.40	2.3336625e-03
25.43	2.1762475e-03
25.47	2.0277890e-03
25.50	1.8880665e-03
25.54	1.7568051e-03
25.57	1.6336912e-03
25.60	1.5183843e-03
25.64	1.4105269e-03
25.67	1.3097525e-03
25.71	1.2156918e-03
25.74	1.1279775e-03
25.77	1.0462485e-03
25.81	9.7015250e-04
25.84	8.9934823e-04
25.88	8.3350713e-04
25.91	7.7231436e-04
25.94	7.1546951e-04
25.98	6.6268695e-04
26.01	6.1369595e-04
26.05	5.6824060e-04
26.08	5.2607957e-04
26.11	4.8698571e-04
26.15	4.5074566e-04
26.18	4.1715933e-04
26.22	3.8603928e-04
26.25	3.5721025e-04
26.28	3.3050844e-04
26.32	3.0578102e-04
26.35	2.8288545e-04
26.39	2.6168893e-04
26.42	2.4206782e-04
26.45	2.2390710e-04
26.49	2.0709979e-04
26.52	1.9154649e-04
26.56	1.7715486e-04
26.59	1.6383917e-04
26.63	1.5151983e-04
26.66	1.4012303e-04
26.69	1.2958029e-04
26.73	1.1982812e-04
26.76	1.1080766e-04
26.80	1.0246439e-04
26.83	9.4747755e-05
26.86	8.7610956e-05
26.90	8.1010636e-05
26.93	7.4906645e-05
26.97	6.9261812e-05
27.00	6.4041722e-05
