# NeutrinoAntineutrinoInteraction/NeutrinoAntineutrinoResonanceTop interaction rates
# neutrino field: massive Cosmic Neutrino Background, T_CnuB = 1.94535456 K
# Produced with crpropa-data version: 60a1560e37035039ec25f414e0c42a2444bad49c
# log10(E/eV), 1/lambda [1/Mpc]
20.73	0.0000000e+00
20.77	0.0000000e+00
20.80	0.0000000e+00
20.83	0.0000000e+00
20.87	0.0000000e+00
20.90	0.0000000e+00
20.94	0.0000000e+00
20.97	0.0000000e+00
21.00	0.0000000e+00
21.04	0.0000000e+00
21.07	0.0000000e+00
21.11	0.0000000e+00
21.14	0.0000000e+00
21.17	0.0000000e+00
21.21	0.0000000e+00
21.24	0.0000000e+00
21.28	0.0000000e+00
21.31	0.0000000e+00
21.34	0.0000000e+00
21.38	0.0000000e+00
21.41	0.0000000e+00
21.45	0.0000000e+00
21.48	0.0000000e+00
21.52	0.0000000e+00
21.55	0.0000000e+00
21.58	0.0000000e+00
21.62	0.0000000e+00
21.65	0.0000000e+00
21.69	0.0000000e+00
21.72	0.0000000e+00
21.75	0.0000000e+00
21.79	0.0000000e+00
21.82	0.0000000e+00
21.86	0.0000000e+00
21.89	0.0000000e+00
21.92	0.0000000e+00
21.96	0.0000000e+00
21.99	0.0000000e+00
22.03	0.0000000e+00
22.06	0.0000000e+00
22.09	0.0000000e+00
22.13	0.0000000e+00
22.16	0.0000000e+00
22.20	0.0000000e+00
22.23	0.0000000e+00
22.26	0.0000000e+00
22.30	0.0000000e+00
22.33	0.0000000e+00
22.37	0.0000000e+00
22.40	0.0000000e+00
22.43	0.0000000e+00
22.47	0.0000000e+00
22.50	0.0000000e+00
22.54	0.0000000e+00
22.57	0.0000000e+00
22.61	0.0000000e+00
22.64	0.0000000e+00
22.67	9.2458868e-278
22.71	4.6282199e-257
22.74	6.3182766e-238
22.78	3.0868989e-220
22.81	6.9390650e-204
22.84	9.0535207e-189
22.88	8.4985325e-175
22.91	7.0002749e-162
22.95	6.0793848e-150
22.98	6.5961565e-139
23.01	1.0460705e-128
23.05	2.8033658e-119
23.08	1.4517890e-110
23.12	1.6447242e-102
23.15	4.5713633e-95
23.18	3.4657854e-88
23.22	7.9054656e-82
23.25	5.9398864e-76
23.29	1.5985990e-70
23.32	1.6651457e-65
23.35	7.2113863e-61
23.39	1.3873785e-56
23.42	1.2605705e-52
23.46	5.7242128e-49
23.49	1.3688841e-45
23.53	1.8093857e-42
23.56	1.3824046e-39
23.59	6.3626642e-37
23.63	1.8329385e-34
23.66	3.4238459e-32
23.70	4.2848140e-30
23.73	3.7027489e-28
23.76	2.2720821e-26
23.80	1.0158948e-24
23.83	3.3897646e-23
23.87	8.6292885e-22
23.90	1.7105280e-20
23.93	2.6904897e-19
23.97	3.4170880e-18
24.00	3.5613171e-17
24.04	3.0915202e-16
24.07	2.2663609e-15
24.10	1.4210791e-14
24.14	7.7118489e-14
24.17	3.6616974e-13
24.21	1.5366167e-12
24.24	5.7524529e-12
24.27	1.9376934e-11
24.31	5.9199672e-11
24.34	1.6525423e-10
24.38	4.2436582e-10
24.41	1.0088233e-09
24.44	2.2330717e-09
24.48	4.6274094e-09
24.51	9.0215034e-09
24.55	1.6623397e-08
24.58	2.9073859e-08
24.62	4.8453905e-08
24.65	7.7226857e-08
24.68	1.1810553e-07
24.72	1.7384836e-07
24.75	2.4700252e-07
24.79	3.3962399e-07
24.82	4.5301101e-07
24.85	5.8748766e-07
24.89	7.4226769e-07
24.92	9.1541746e-07
24.96	1.1039229e-06
24.99	1.3038519e-06
25.02	1.5105908e-06
25.06	1.7191284e-06
25.09	1.9243552e-06
25.13	2.1213490e-06
25.16	2.3056240e-06
25.19	2.4733235e-06
25.23	2.6213519e-06
25.26	2.7474413e-06
25.30	2.8501602e-06
25.33	2.9288739e-06
25.36	2.9836677e-06
25.40	3.0152452e-06
25.43	3.0248146e-06
25.47	3.0139712e-06
25.50	2.9845848e-06
25.54	2.9386961e-06
25.57	2.8784272e-06
25.60	2.8059064e-06
25.64	2.7232078e-06
25.67	2.6323056e-06
25.71	2.5350409e-06
25.74	2.4331004e-06
25.77	2.3280034e-06
25.81	2.2210983e-06
25.84	2.1135631e-06
25.88	2.0064119e-06
25.91	1.9005035e-06
25.94	1.7965532e-06
25.98	1.6951452e-06
26.01	1.5967452e-06
26.05	1.5017141e-06
26.08	1.4103203e-06
26.11	1.3227520e-06
26.15	1.2391286e-06
26.18	1.1595108e-06
26.22	1.0839104e-06
26.25	1.0122981e-06
26.28	9.4461190e-07
26.32	8.8076279e-07
26.35	8.2064100e-07
26.39	7.6412079e-07
26.42	7.1106464e-07
26.45	6.6132691e-07
26.49	6.1475679e-07
26.52	5.7120087e-07
26.56	5.3050517e-07
26.59	4.9251682e-07
26.63	4.5708547e-07
26.66	4.2406427e-07
26.69	3.9331075e-07
26.73	3.6468744e-07
26.76	3.3806228e-07
26.80	3.1330892e-07
26.83	2.9030696e-07
26.86	2.6894193e-07
26.90	2.4910537e-07
26.93	2.3069476e-07
26.97	2.1361336e-07
27.00	1.9777009e-07
