# NeutrinoAntineutrinoInteraction/NeutrinoAntineutrinoResonanceTop interaction rates
# neutrino field: massive Cosmic Neutrino Background, T_CnuB = 1.94535456 K
# Produced with crpropa-data version: 60a1560e37035039ec25f414e0c42a2444bad49c
# log10(E/eV), 1/lambda [1/Mpc]
20.73	0.0000000e+00
20.77	0.0000000e+00
20.80	0.0000000e+00
20.83	0.0000000e+00
20.87	0.0000000e+00
20.90	0.0000000e+00
20.94	0.0000000e+00
20.97	0.0000000e+00
21.00	0.0000000e+00
21.04	0.0000000e+00
21.07	0.0000000e+00
21.11	0.0000000e+00
21.14	0.0000000e+00
21.17	0.0000000e+00
21.21	0.0000000e+00
21.24	0.0000000e+00
21.28	0.0000000e+00
21.31	0.0000000e+00
21.34	0.0000000e+00
21.38	0.0000000e+00
21.41	0.0000000e+00
21.45	0.0000000e+00
21.48	0.0000000e+00
21.52	0.0000000e+00
21.55	0.0000000e+00
21.58	0.0000000e+00
21.62	0.0000000e+00
21.65	0.0000000e+00
21.69	0.0000000e+00
21.72	0.0000000e+00
21.75	0.0000000e+00
21.79	0.0000000e+00
21.82	0.0000000e+00
21.86	0.0000000e+00
21.89	0.0000000e+00
21.92	0.0000000e+00
21.96	0.0000000e+00
21.99	0.0000000e+00
22.03	0.0000000e+00
22.06	0.0000000e+00
22.09	0.0000000e+00
22.13	0.0000000e+00
22.16	0.0000000e+00
22.20	0.0000000e+00
22.23	0.0000000e+00
22.26	0.0000000e+00
22.30	0.0000000e+00
22.33	0.0000000e+00
22.37	0.0000000e+00
22.40	0.0000000e+00
22.43	0.0000000e+00
22.47	0.0000000e+00
22.50	0.0000000e+00
22.54	0.0000000e+00
22.57	0.0000000e+00
22.61	0.0000000e+00
22.64	0.0000000e+00
22.67	2.4394303e-277
22.71	1.3210004e-256
22.74	1.9632879e-237
22.78	1.0514025e-219
22.81	2.6098037e-203
22.84	3.7899703e-188
22.88	3.9938881e-174
22.91	3.7274723e-161
22.95	3.7045319e-149
22.98	4.6494598e-138
23.01	8.6284943e-128
23.05	2.7398607e-118
23.08	1.7039406e-109
23.12	2.3519001e-101
23.15	8.0890102e-94
23.18	7.7167370e-87
23.22	2.2549911e-80
23.25	2.2129163e-74
23.29	7.9414469e-69
23.32	1.1278445e-63
23.35	6.8205276e-59
23.39	1.8797791e-54
23.42	2.5147323e-50
23.46	1.7313640e-46
23.49	6.4774453e-43
23.53	1.3850830e-39
23.56	1.7741953e-36
23.59	1.4221743e-33
23.63	7.4298920e-31
23.66	2.6273360e-28
23.70	6.5137135e-26
23.73	1.1697968e-23
23.76	1.5685547e-21
23.80	1.6146844e-19
23.83	1.3087708e-17
23.87	8.5419987e-16
23.90	4.5740422e-14
23.93	2.0362918e-12
23.97	7.5649617e-11
24.00	2.3073773e-09
24.04	5.3778532e-08
24.07	6.8822524e-07
24.10	1.9966112e-06
24.14	3.0079753e-06
24.17	3.7628916e-06
24.21	4.3086566e-06
24.24	4.6846503e-06
24.27	4.9236141e-06
24.31	5.0527240e-06
24.34	5.0944930e-06
24.38	5.0675303e-06
24.41	4.9871780e-06
24.44	4.8660478e-06
24.48	4.7144700e-06
24.51	4.5408729e-06
24.55	4.3520997e-06
24.58	4.1536760e-06
24.62	3.9500320e-06
24.65	3.7446914e-06
24.68	3.5404271e-06
24.72	3.3393943e-06
24.75	3.1432389e-06
24.79	2.9531897e-06
24.82	2.7701354e-06
24.85	2.5946894e-06
24.89	2.4272416e-06
24.92	2.2680035e-06
24.96	2.1170438e-06
24.99	1.9743198e-06
25.02	1.8397014e-06
25.06	1.7129923e-06
25.09	1.5939460e-06
25.13	1.4822807e-06
25.16	1.3776895e-06
25.19	1.2798500e-06
25.23	1.1884310e-06
25.26	1.1030987e-06
25.30	1.0235210e-06
25.33	9.4937097e-07
25.36	8.8032958e-07
25.40	8.1608759e-07
25.43	7.5634737e-07
25.47	7.0082360e-07
25.50	6.4924403e-07
25.54	6.0134972e-07
25.57	5.5689525e-07
25.60	5.1564855e-07
25.64	4.7739080e-07
25.67	4.4191594e-07
25.71	4.0903048e-07
25.74	3.7855287e-07
25.77	3.5031315e-07
25.81	3.2415226e-07
25.84	2.9992166e-07
25.88	2.7748265e-07
25.91	2.5670596e-07
25.94	2.3747108e-07
25.98	2.1966579e-07
26.01	2.0318568e-07
26.05	1.8793373e-07
26.08	1.7381971e-07
26.11	1.6075987e-07
26.15	1.4867638e-07
26.18	1.3749706e-07
26.22	1.2715491e-07
26.25	1.1758779e-07
26.28	1.0873809e-07
26.32	1.0055239e-07
26.35	9.2981204e-08
26.39	8.5978681e-08
26.42	7.9502338e-08
26.45	7.3512834e-08
26.49	6.7973739e-08
26.52	6.2851326e-08
26.56	5.8114352e-08
26.59	5.3733905e-08
26.63	4.9683233e-08
26.66	4.5937575e-08
26.69	4.2474023e-08
26.73	3.9271375e-08
26.76	3.6310020e-08
26.80	3.3571810e-08
26.83	3.1039961e-08
26.86	2.8698939e-08
26.90	2.6534383e-08
26.93	2.4533006e-08
26.97	2.2682520e-08
27.00	2.0971560e-08
