# NeutrinoAntineutrinoInteraction/NeutrinoAntineutrinoResonanceTop interaction rates
# neutrino field: massive Cosmic Neutrino Background, T_CnuB = 1.94535456 K
# Produced with crpropa-data version: 60a1560e37035039ec25f414e0c42a2444bad49c
# log10(E/eV), 1/lambda [1/Mpc]
20.08	0.0000000e+00
20.12	0.0000000e+00
20.15	0.0000000e+00
20.19	0.0000000e+00
20.22	0.0000000e+00
20.25	0.0000000e+00
20.29	0.0000000e+00
20.32	0.0000000e+00
20.36	0.0000000e+00
20.39	0.0000000e+00
20.42	0.0000000e+00
20.46	0.0000000e+00
20.49	0.0000000e+00
20.53	0.0000000e+00
20.56	0.0000000e+00
20.60	0.0000000e+00
20.63	0.0000000e+00
20.66	0.0000000e+00
20.70	0.0000000e+00
20.73	0.0000000e+00
20.77	0.0000000e+00
20.80	0.0000000e+00
20.83	0.0000000e+00
20.87	0.0000000e+00
20.90	0.0000000e+00
20.94	0.0000000e+00
20.97	0.0000000e+00
21.00	0.0000000e+00
21.04	0.0000000e+00
21.07	0.0000000e+00
21.11	0.0000000e+00
21.14	0.0000000e+00
21.17	0.0000000e+00
21.21	0.0000000e+00
21.24	0.0000000e+00
21.28	0.0000000e+00
21.31	0.0000000e+00
21.34	0.0000000e+00
21.38	0.0000000e+00
21.41	0.0000000e+00
21.45	0.0000000e+00
21.48	0.0000000e+00
21.52	0.0000000e+00
21.55	0.0000000e+00
21.58	0.0000000e+00
21.62	0.0000000e+00
21.65	0.0000000e+00
21.69	0.0000000e+00
21.72	0.0000000e+00
21.75	0.0000000e+00
21.79	0.0000000e+00
21.82	0.0000000e+00
21.86	0.0000000e+00
21.89	0.0000000e+00
21.92	0.0000000e+00
21.96	0.0000000e+00
21.99	0.0000000e+00
22.03	1.2305641e-280
22.06	1.9751985e-259
22.09	7.9187630e-240
22.13	1.0474768e-221
22.16	5.9135839e-205
22.20	1.8076813e-189
22.23	3.7282594e-175
22.26	6.3583297e-162
22.30	1.0821993e-149
22.33	2.1873144e-138
22.37	6.1655283e-128
22.40	2.8121107e-118
22.43	2.3810889e-109
22.47	4.2498669e-101
22.50	1.7982259e-93
22.54	2.0106952e-86
22.57	6.5688116e-80
22.61	6.8798909e-74
22.64	2.5171225e-68
22.67	3.4827066e-63
22.71	1.9610142e-58
22.74	4.8089878e-54
22.78	5.4685337e-50
22.81	3.0557143e-46
22.84	8.8523753e-43
22.88	1.3971279e-39
22.91	1.2575983e-36
22.95	6.7355918e-34
22.98	2.2322775e-31
23.01	4.7466399e-29
23.05	6.6962327e-27
23.08	6.4643421e-25
23.12	4.3943713e-23
23.15	2.1599271e-21
23.18	7.8663923e-20
23.22	2.1713454e-18
23.25	4.6385316e-17
23.29	7.8185582e-16
23.32	1.0585956e-14
23.35	1.1704901e-13
23.39	1.0731862e-12
23.42	8.2753582e-12
23.46	5.4371934e-11
23.49	3.0809371e-10
23.53	1.5225063e-09
23.56	6.6295776e-09
23.59	2.5680718e-08
23.63	8.9280031e-08
23.66	2.8084685e-07
23.70	8.0542981e-07
23.73	2.1205887e-06
23.76	5.1588736e-06
23.80	1.1665697e-05
23.83	2.4655622e-05
23.87	4.8953260e-05
23.90	9.1738335e-05
23.93	1.6297138e-04
23.97	2.7555386e-04
24.00	4.4508788e-04
24.04	6.8915097e-04
24.07	1.0260823e-03
24.10	1.4733718e-03
24.14	2.0458290e-03
24.17	2.7537645e-03
24.21	3.6014306e-03
24.24	4.5859394e-03
24.27	5.6968077e-03
24.31	6.9161909e-03
24.34	8.2197749e-03
24.38	9.5782099e-03
24.41	1.0958915e-02
24.44	1.2328050e-02
24.48	1.3652455e-02
24.51	1.4901384e-02
24.55	1.6047910e-02
24.58	1.7069921e-02
24.62	1.7950692e-02
24.65	1.8679059e-02
24.68	1.9249241e-02
24.72	1.9660402e-02
24.75	1.9916022e-02
24.79	2.0023155e-02
24.82	1.9991659e-02
24.85	1.9833430e-02
24.89	1.9561701e-02
24.92	1.9190414e-02
24.96	1.8733695e-02
24.99	1.8205424e-02
25.02	1.7618903e-02
25.06	1.6986612e-02
25.09	1.6320043e-02
25.13	1.5629603e-02
25.16	1.4924568e-02
25.19	1.4213081e-02
25.23	1.3502184e-02
25.26	1.2797874e-02
25.30	1.2105170e-02
25.33	1.1428196e-02
25.36	1.0770269e-02
25.40	1.0133982e-02
25.43	9.5212923e-03
25.47	8.9336007e-03
25.50	8.3718300e-03
25.54	7.8364949e-03
25.57	7.3277662e-03
25.60	6.8455290e-03
25.64	6.3894337e-03
25.67	5.9589418e-03
25.71	5.5533652e-03
25.74	5.1719006e-03
25.77	4.8136586e-03
25.81	4.4776893e-03
25.84	4.1630027e-03
25.88	3.8685866e-03
25.91	3.5934216e-03
25.94	3.3364921e-03
25.98	3.0967966e-03
26.01	2.8733551e-03
26.05	2.6652149e-03
26.08	2.4714552e-03
26.11	2.2911903e-03
26.15	2.1235719e-03
26.18	1.9677906e-03
26.22	1.8230763e-03
26.25	1.6886989e-03
26.28	1.5639674e-03
26.32	1.4482297e-03
26.35	1.3408712e-03
26.39	1.2413142e-03
26.42	1.1490163e-03
26.45	1.0634689e-03
26.49	9.8419579e-04
26.52	9.1075159e-04
26.56	8.4272027e-04
26.59	7.7971352e-04
26.63	7.2136919e-04
26.66	6.6734987e-04
26.69	6.1734134e-04
26.73	5.7105123e-04
26.76	5.2820763e-04
26.80	4.8855778e-04
26.83	4.5186687e-04
26.86	4.1791682e-04
26.90	3.8650521e-04
26.93	3.5744421e-04
26.97	3.3055954e-04
27.00	3.0568963e-04
