# NeutrinoAntineutrinoInteraction/NeutrinoAntineutrinoResonanceTop interaction rates
# neutrino field: massive Cosmic Neutrino Background, T_CnuB = 1.94535456 K
# Produced with crpropa-data version: 60a1560e37035039ec25f414e0c42a2444bad49c
# log10(E/eV), 1/lambda [1/Mpc]
20.19	0.0000000e+00
20.22	0.0000000e+00
20.25	0.0000000e+00
20.29	0.0000000e+00
20.32	0.0000000e+00
20.36	0.0000000e+00
20.39	0.0000000e+00
20.42	0.0000000e+00
20.46	0.0000000e+00
20.49	0.0000000e+00
20.53	0.0000000e+00
20.56	0.0000000e+00
20.60	0.0000000e+00
20.63	0.0000000e+00
20.66	0.0000000e+00
20.70	0.0000000e+00
20.73	0.0000000e+00
20.77	0.0000000e+00
20.80	0.0000000e+00
20.83	0.0000000e+00
20.87	0.0000000e+00
20.90	0.0000000e+00
20.94	0.0000000e+00
20.97	0.0000000e+00
21.00	0.0000000e+00
21.04	0.0000000e+00
21.07	0.0000000e+00
21.11	0.0000000e+00
21.14	0.0000000e+00
21.17	0.0000000e+00
21.21	0.0000000e+00
21.24	0.0000000e+00
21.28	0.0000000e+00
21.31	0.0000000e+00
21.34	0.0000000e+00
21.38	0.0000000e+00
21.41	0.0000000e+00
21.45	0.0000000e+00
21.48	0.0000000e+00
21.52	0.0000000e+00
21.55	0.0000000e+00
21.58	0.0000000e+00
21.62	0.0000000e+00
21.65	0.0000000e+00
21.69	0.0000000e+00
21.72	0.0000000e+00
21.75	0.0000000e+00
21.79	0.0000000e+00
21.82	0.0000000e+00
21.86	0.0000000e+00
21.89	0.0000000e+00
21.92	0.0000000e+00
21.96	0.0000000e+00
21.99	0.0000000e+00
22.03	0.0000000e+00
22.06	0.0000000e+00
22.09	0.0000000e+00
22.13	3.8356379e-275
22.16	2.1486120e-254
22.20	3.2547053e-235
22.23	1.7506391e-217
22.26	4.3011601e-201
22.30	6.0925564e-186
22.33	6.1706391e-172
22.37	5.4527477e-159
22.40	5.0532624e-147
22.43	5.8221928e-136
22.47	9.7605011e-126
22.50	2.7535121e-116
22.54	1.4952873e-107
22.57	1.7699985e-99
22.61	5.1232590e-92
22.64	4.0326783e-85
22.67	9.5231709e-79
22.71	7.3885309e-73
22.74	2.0483052e-67
22.78	2.1928614e-62
22.81	9.7405482e-58
22.84	1.9183815e-53
22.88	1.7812089e-49
22.91	8.2520412e-46
22.95	2.0102683e-42
22.98	2.7030463e-39
23.01	2.0981260e-36
23.05	9.7992053e-34
23.08	2.8613813e-31
23.12	5.4122111e-29
23.15	6.8519677e-27
23.18	5.9848255e-25
23.22	3.7088973e-23
23.25	1.6735518e-21
23.29	5.6315784e-20
23.32	1.4448704e-18
23.35	2.8848379e-17
23.39	4.5679696e-16
23.42	5.8375402e-15
23.46	6.1187670e-14
23.49	5.3397126e-13
23.53	3.9336386e-12
23.56	2.4776694e-11
23.59	1.3501920e-10
23.63	6.4356843e-10
23.66	2.7103585e-09
23.70	1.0179967e-08
23.73	3.4395570e-08
23.76	1.0538068e-07
23.80	2.9493496e-07
23.83	7.5920789e-07
23.87	1.8088526e-06
23.90	4.0122272e-06
23.93	8.3300608e-06
23.97	1.6268753e-05
24.00	3.0026358e-05
24.04	5.2594450e-05
24.07	8.7775093e-05
24.10	1.4007830e-04
24.14	2.1448204e-04
24.17	3.1606103e-04
24.21	4.4951675e-04
24.24	6.1866315e-04
24.27	8.2593493e-04
24.31	1.0719861e-03
24.34	1.3554344e-03
24.38	1.6727878e-03
24.41	2.0185617e-03
24.44	2.3855726e-03
24.48	2.7653698e-03
24.51	3.1487552e-03
24.55	3.5263336e-03
24.58	3.8890398e-03
24.62	4.2285972e-03
24.65	4.5378779e-03
24.68	4.8111468e-03
24.72	5.0441883e-03
24.75	5.2343259e-03
24.79	5.3803506e-03
24.82	5.4823817e-03
24.85	5.5416817e-03
24.89	5.5604470e-03
24.92	5.5415919e-03
24.96	5.4885411e-03
24.99	5.4050392e-03
25.02	5.2949849e-03
25.06	5.1622918e-03
25.09	5.0107773e-03
25.13	4.8440768e-03
25.16	4.6655829e-03
25.19	4.4784047e-03
25.23	4.2853451e-03
25.26	4.0888918e-03
25.30	3.8912197e-03
25.33	3.6942016e-03
25.36	3.4994249e-03
25.40	3.3082120e-03
25.43	3.1216434e-03
25.47	2.9405817e-03
25.50	2.7656955e-03
25.54	2.5974830e-03
25.57	2.4362945e-03
25.60	2.2823528e-03
25.64	2.1357725e-03
25.67	1.9965776e-03
25.71	1.8647168e-03
25.74	1.7400771e-03
25.77	1.6224966e-03
25.81	1.5117745e-03
25.84	1.4076803e-03
25.88	1.3099618e-03
25.91	1.2183516e-03
25.94	1.1325727e-03
25.98	1.0523432e-03
26.01	9.7738008e-04
26.05	9.0740215e-04
26.08	8.4213285e-04
26.11	7.8130203e-04
26.15	7.2464756e-04
26.18	6.7191641e-04
26.22	6.2286551e-04
26.25	5.7726232e-04
26.28	5.3488511e-04
26.32	4.9552319e-04
26.35	4.5897683e-04
26.39	4.2505723e-04
26.42	3.9358625e-04
26.45	3.6439617e-04
26.49	3.3732932e-04
26.52	3.1223776e-04
26.56	2.8898281e-04
26.59	2.6743469e-04
26.63	2.4747206e-04
26.66	2.2898157e-04
26.69	2.1185749e-04
26.73	1.9600120e-04
26.76	1.8132087e-04
26.80	1.6773096e-04
26.83	1.5515193e-04
26.86	1.4350979e-04
26.90	1.3273578e-04
26.93	1.2276603e-04
26.97	1.1354123e-04
27.00	1.0500633e-04
