# NeutrinoAntineutrinoInteraction/NeutrinoAntineutrinoResonanceTop interaction rates
# neutrino field: massive Cosmic Neutrino Background, T_CnuB = 1.94535456 K
# Produced with crpropa-data version: 60a1560e37035039ec25f414e0c42a2444bad49c
# log10(E/eV), 1/lambda [1/Mpc]
20.29	0.0000000e+00
20.32	0.0000000e+00
20.36	0.0000000e+00
20.39	0.0000000e+00
20.42	0.0000000e+00
20.46	0.0000000e+00
20.49	0.0000000e+00
20.53	0.0000000e+00
20.56	0.0000000e+00
20.60	0.0000000e+00
20.63	0.0000000e+00
20.66	0.0000000e+00
20.70	0.0000000e+00
20.73	0.0000000e+00
20.77	0.0000000e+00
20.80	0.0000000e+00
20.83	0.0000000e+00
20.87	0.0000000e+00
20.90	0.0000000e+00
20.94	0.0000000e+00
20.97	0.0000000e+00
21.00	0.0000000e+00
21.04	0.0000000e+00
21.07	0.0000000e+00
21.11	0.0000000e+00
21.14	0.0000000e+00
21.17	0.0000000e+00
21.21	0.0000000e+00
21.24	0.0000000e+00
21.28	0.0000000e+00
21.31	0.0000000e+00
21.34	0.0000000e+00
21.38	0.0000000e+00
21.41	0.0000000e+00
21.45	0.0000000e+00
21.48	0.0000000e+00
21.52	0.0000000e+00
21.55	0.0000000e+00
21.58	0.0000000e+00
21.62	0.0000000e+00
21.65	0.0000000e+00
21.69	0.0000000e+00
21.72	0.0000000e+00
21.75	0.0000000e+00
21.79	0.0000000e+00
21.82	0.0000000e+00
21.86	0.0000000e+00
21.89	0.0000000e+00
21.92	0.0000000e+00
21.96	0.0000000e+00
21.99	0.0000000e+00
22.03	0.0000000e+00
22.06	0.0000000e+00
22.09	0.0000000e+00
22.13	0.0000000e+00
22.16	0.0000000e+00
22.20	0.0000000e+00
22.23	4.2121437e-286
22.26	1.4049895e-264
22.30	1.1077396e-244
22.33	2.7384556e-226
22.37	2.7563095e-209
22.40	1.4381228e-193
22.43	4.8628133e-179
22.47	1.3099785e-165
22.50	3.4026918e-153
22.54	1.0167300e-141
22.57	4.1140898e-131
22.61	2.6214493e-121
22.64	3.0239917e-112
22.67	7.1844460e-104
22.71	3.9605612e-96
22.74	5.6564240e-89
22.78	2.3174403e-82
22.81	2.9927963e-76
22.84	1.3291726e-70
22.88	2.2003956e-65
22.91	1.4627700e-60
22.95	4.1831975e-56
22.98	5.4845788e-52
23.01	3.4965597e-48
23.05	1.1445468e-44
23.08	2.0228828e-41
23.12	2.0223391e-38
23.15	1.1938816e-35
23.18	4.3307356e-33
23.22	1.0014331e-30
23.25	1.5272308e-28
23.29	1.5851086e-26
23.32	1.1526699e-24
23.35	6.0326847e-23
23.39	2.3295090e-21
23.42	6.7911137e-20
23.46	1.5267327e-18
23.49	2.6993390e-17
23.53	3.8221545e-16
23.56	4.4076254e-15
23.59	4.2042269e-14
23.63	3.3649878e-13
23.66	2.2901150e-12
23.70	1.3416311e-11
23.73	6.8428056e-11
23.76	3.0705179e-10
23.80	1.2239737e-09
23.83	4.3732425e-09
23.87	1.4122097e-08
23.90	4.1531635e-08
23.93	1.1202379e-07
23.97	2.7894964e-07
24.00	6.4512131e-07
24.04	1.3933851e-06
24.07	2.8251538e-06
24.10	5.4026493e-06
24.14	9.7871300e-06
24.17	1.6862656e-05
24.21	2.7734120e-05
24.24	4.3690031e-05
24.27	6.6124968e-05
24.31	9.6422910e-05
24.34	1.3580965e-04
24.38	1.8518867e-04
24.41	2.4497932e-04
24.44	3.1497776e-04
24.48	3.9426022e-04
24.51	4.8114485e-04
24.55	5.7322299e-04
24.58	6.6746393e-04
24.62	7.6039010e-04
24.65	8.4831170e-04
24.68	9.2760285e-04
24.72	9.9499603e-04
24.75	1.0478684e-03
24.79	1.0844965e-03
24.82	1.1042680e-03
24.85	1.1079010e-03
24.89	1.0978277e-03
24.92	1.0771113e-03
24.96	1.0483216e-03
24.99	1.0135606e-03
25.02	9.7454051e-04
25.06	9.3264894e-04
25.09	8.8900372e-04
25.13	8.4449881e-04
25.16	7.9984283e-04
25.19	7.5559129e-04
25.23	7.1217355e-04
25.26	6.6991536e-04
25.30	6.2905773e-04
25.33	5.8977262e-04
25.36	5.5217597e-04
25.40	5.1633867e-04
25.43	4.8229549e-04
25.47	4.5005263e-04
25.50	4.1959385e-04
25.54	3.9088559e-04
25.57	3.6388112e-04
25.60	3.3852399e-04
25.64	3.1475081e-04
25.67	2.9249349e-04
25.71	2.7168108e-04
25.74	2.5224125e-04
25.77	2.3410137e-04
25.81	2.1718951e-04
25.84	2.0143506e-04
25.88	1.8676932e-04
25.91	1.7312583e-04
25.94	1.6044074e-04
25.98	1.4865290e-04
26.01	1.3770404e-04
26.05	1.2753882e-04
26.08	1.1810482e-04
26.11	1.0935251e-04
26.15	1.0123522e-04
26.18	9.3709067e-05
26.22	8.6732819e-05
26.25	8.0267839e-05
26.28	7.4277953e-05
26.32	6.8729335e-05
26.35	6.3590393e-05
26.39	5.8831648e-05
26.42	5.4425621e-05
26.45	5.0346713e-05
26.49	4.6571095e-05
26.52	4.3076602e-05
26.56	3.9842625e-05
26.59	3.6850015e-05
26.63	3.4080986e-05
26.66	3.1519028e-05
26.69	2.9148817e-05
26.73	2.6956138e-05
26.76	2.4927808e-05
26.80	2.3051604e-05
26.83	2.1316197e-05
26.86	1.9711088e-05
26.90	1.8226553e-05
26.93	1.6853580e-05
26.97	1.5583826e-05
27.00	1.4409564e-05
