# NeutrinoAntineutrinoInteraction/NeutrinoAntineutrinoResonanceTop interaction rates
# neutrino field: massive Cosmic Neutrino Background, T_CnuB = 1.94535456 K
# Produced with crpropa-data version: 60a1560e37035039ec25f414e0c42a2444bad49c
# log10(E/eV), 1/lambda [1/Mpc]
20.53	0.0000000e+00
20.56	0.0000000e+00
20.60	0.0000000e+00
20.63	0.0000000e+00
20.66	0.0000000e+00
20.70	0.0000000e+00
20.73	0.0000000e+00
20.77	0.0000000e+00
20.80	0.0000000e+00
20.83	0.0000000e+00
20.87	0.0000000e+00
20.90	0.0000000e+00
20.94	0.0000000e+00
20.97	0.0000000e+00
21.00	0.0000000e+00
21.04	0.0000000e+00
21.07	0.0000000e+00
21.11	0.0000000e+00
21.14	0.0000000e+00
21.17	0.0000000e+00
21.21	0.0000000e+00
21.24	0.0000000e+00
21.28	0.0000000e+00
21.31	0.0000000e+00
21.34	0.0000000e+00
21.38	0.0000000e+00
21.41	0.0000000e+00
21.45	0.0000000e+00
21.48	0.0000000e+00
21.52	0.0000000e+00
21.55	0.0000000e+00
21.58	0.0000000e+00
21.62	0.0000000e+00
21.65	0.0000000e+00
21.69	0.0000000e+00
21.72	0.0000000e+00
21.75	0.0000000e+00
21.79	0.0000000e+00
21.82	0.0000000e+00
21.86	0.0000000e+00
21.89	0.0000000e+00
21.92	0.0000000e+00
21.96	0.0000000e+00
21.99	0.0000000e+00
22.03	0.0000000e+00
22.06	0.0000000e+00
22.09	0.0000000e+00
22.13	0.0000000e+00
22.16	0.0000000e+00
22.20	0.0000000e+00
22.23	0.0000000e+00
22.26	0.0000000e+00
22.30	0.0000000e+00
22.33	0.0000000e+00
22.37	0.0000000e+00
22.40	0.0000000e+00
22.43	0.0000000e+00
22.47	0.0000000e+00
22.50	4.3369240e-273
22.54	1.1597783e-252
22.57	8.8695247e-234
22.61	2.5364615e-216
22.64	3.4756997e-200
22.67	2.8701316e-185
22.71	1.7654507e-171
22.74	9.8402919e-159
22.78	5.9572118e-147
22.81	4.6313652e-136
22.84	5.3984142e-126
22.88	1.0886819e-116
22.91	4.3361943e-108
22.95	3.8552078e-100
22.98	8.5677481e-93
23.01	5.2845350e-86
23.05	9.9651065e-80
23.08	6.2825690e-74
23.12	1.4384281e-68
23.15	1.2910452e-63
23.18	4.8752825e-59
23.22	8.2689557e-55
23.25	6.6917718e-51
23.29	2.7323685e-47
23.32	5.9276661e-44
23.35	7.1667392e-41
23.39	5.0470338e-38
23.42	2.1565777e-35
23.46	5.8064292e-33
23.49	1.0200780e-30
23.53	1.2077033e-28
23.56	9.9278674e-27
23.59	5.8251867e-25
23.63	2.5026969e-23
23.66	8.0612513e-22
23.70	1.9896270e-20
23.73	3.8395558e-19
23.76	5.9024893e-18
23.80	7.3540804e-17
23.83	7.5455259e-16
23.87	6.4703083e-15
23.90	4.7006443e-14
23.93	2.9299601e-13
23.97	1.5852522e-12
24.00	7.5256466e-12
24.04	3.1660577e-11
24.07	1.1912810e-10
24.10	4.0431029e-10
24.14	1.2474440e-09
24.17	3.5242701e-09
24.21	9.1780255e-09
24.24	2.2167745e-08
24.27	4.9937995e-08
24.31	1.0546801e-07
24.34	2.0981751e-07
24.38	3.9487755e-07
24.41	7.0578844e-07
24.44	1.2022541e-06
24.48	1.9578184e-06
24.51	3.0561183e-06
24.55	4.5832222e-06
24.58	6.6154187e-06
24.62	9.2023057e-06
24.65	1.2345905e-05
24.68	1.5978094e-05
24.72	1.9941319e-05
24.75	2.3981409e-05
24.79	2.7765252e-05
24.82	3.0937275e-05
24.85	3.3229225e-05
24.89	3.4639992e-05
24.92	3.5336935e-05
24.96	3.5468028e-05
24.99	3.5155482e-05
25.02	3.4499959e-05
25.06	3.3584113e-05
25.09	3.2475570e-05
25.13	3.1229422e-05
25.16	2.9890325e-05
25.19	2.8494262e-05
25.23	2.7070018e-05
25.26	2.5640414e-05
25.30	2.4223348e-05
25.33	2.2832659e-05
25.36	2.1478854e-05
25.40	2.0169712e-05
25.43	1.8910788e-05
25.47	1.7705839e-05
25.50	1.6557165e-05
25.54	1.5465908e-05
25.57	1.4432287e-05
25.60	1.3455800e-05
25.64	1.2535383e-05
25.67	1.1669551e-05
25.71	1.0856504e-05
25.74	1.0094217e-05
25.77	9.3805139e-06
25.81	8.7131248e-06
25.84	8.0897344e-06
25.88	7.5080182e-06
25.91	6.9656720e-06
25.94	6.4604345e-06
25.98	5.9901041e-06
26.01	5.5525520e-06
26.05	5.1457311e-06
26.08	4.7676820e-06
26.11	4.4165369e-06
26.15	4.0905215e-06
26.18	3.7879553e-06
26.22	3.5072506e-06
26.25	3.2469111e-06
26.28	3.0055293e-06
26.32	2.7817835e-06
26.35	2.5744346e-06
26.39	2.3823226e-06
26.42	2.2043627e-06
26.45	2.0395420e-06
26.49	1.8869151e-06
26.52	1.7456006e-06
26.56	1.6147775e-06
26.59	1.4936818e-06
26.63	1.3816025e-06
26.66	1.2778787e-06
26.69	1.1818963e-06
26.73	1.0930847e-06
26.76	1.0109146e-06
26.80	9.3489431e-07
26.83	8.6456807e-07
26.86	7.9951301e-07
26.90	7.3933712e-07
26.93	6.8367705e-07
26.97	6.3219609e-07
27.00	5.8458227e-07
