# NeutrinoAntineutrinoInteraction/NeutrinoAntineutrinoResonanceTau interaction rates
# neutrino field: massive Cosmic Neutrino Background, T_CnuB = 1.94535456 K
# Produced with crpropa-data version: 60a1560e37035039ec25f414e0c42a2444bad49c
# log10(E/eV), 1/lambda [1/Mpc]
16.03	0.0000000e+00
16.06	0.0000000e+00
16.10	0.0000000e+00
16.13	0.0000000e+00
16.17	0.0000000e+00
16.20	0.0000000e+00
16.23	0.0000000e+00
16.27	0.0000000e+00
16.30	0.0000000e+00
16.34	0.0000000e+00
16.37	0.0000000e+00
16.40	0.0000000e+00
16.44	0.0000000e+00
16.47	0.0000000e+00
16.51	0.0000000e+00
16.54	0.0000000e+00
16.58	0.0000000e+00
16.61	0.0000000e+00
16.64	0.0000000e+00
16.68	0.0000000e+00
16.71	0.0000000e+00
16.75	0.0000000e+00
16.78	0.0000000e+00
16.81	0.0000000e+00
16.85	0.0000000e+00
16.88	0.0000000e+00
16.92	0.0000000e+00
16.95	0.0000000e+00
16.98	0.0000000e+00
17.02	0.0000000e+00
17.05	0.0000000e+00
17.09	0.0000000e+00
17.12	0.0000000e+00
17.15	0.0000000e+00
17.19	0.0000000e+00
17.22	0.0000000e+00
17.26	0.0000000e+00
17.29	0.0000000e+00
17.32	0.0000000e+00
17.36	0.0000000e+00
17.39	0.0000000e+00
17.43	0.0000000e+00
17.46	0.0000000e+00
17.49	0.0000000e+00
17.53	0.0000000e+00
17.56	0.0000000e+00
17.60	0.0000000e+00
17.63	0.0000000e+00
17.67	0.0000000e+00
17.70	0.0000000e+00
17.73	0.0000000e+00
17.77	0.0000000e+00
17.80	0.0000000e+00
17.84	0.0000000e+00
17.87	0.0000000e+00
17.90	0.0000000e+00
17.94	0.0000000e+00
17.97	5.5679086e-282
18.01	8.8796722e-261
18.04	3.5379123e-241
18.07	4.6533670e-223
18.11	2.6134925e-206
18.14	7.9513436e-191
18.18	1.6329046e-176
18.21	2.7740239e-163
18.24	4.7049263e-151
18.28	9.4796398e-140
18.31	2.6646127e-129
18.35	1.2123277e-119
18.38	1.0242854e-110
18.41	1.8247633e-102
18.45	7.7087566e-95
18.48	8.6082307e-88
18.52	2.8092936e-81
18.55	2.9399958e-75
18.59	1.0750639e-69
18.62	1.4870306e-64
18.65	8.3726759e-60
18.69	2.0536425e-55
18.72	2.3363457e-51
18.76	1.3064188e-47
18.79	3.7882874e-44
18.82	5.9861126e-41
18.86	5.3962404e-38
18.89	2.8952383e-35
18.93	9.6147636e-33
18.96	2.0492083e-30
18.99	2.8984965e-28
19.03	2.8063916e-26
19.06	1.9140295e-24
19.10	9.4421918e-23
19.13	3.4526585e-21
19.16	9.5724474e-20
19.20	2.0548141e-18
19.23	3.4818457e-17
19.27	4.7414220e-16
19.30	5.2754513e-15
19.33	4.8698078e-14
19.37	3.7828123e-13
19.40	2.5052799e-12
19.44	1.4318482e-11
19.47	7.1417256e-11
19.51	3.1410607e-10
19.54	1.2299316e-09
19.57	4.3258347e-09
19.61	1.3778702e-08
19.64	4.0049314e-08
19.68	1.0697526e-07
19.71	2.6430111e-07
19.74	6.0765590e-07
19.78	1.3073174e-06
19.81	2.6455178e-06
19.85	5.0596692e-06
19.88	9.1862160e-06
19.91	1.5897645e-05
19.95	2.6324288e-05
19.98	4.1853483e-05
20.02	6.4101388e-05
20.05	9.4856870e-05
20.08	1.3600142e-04
20.12	1.8941317e-04
20.15	2.5686577e-04
20.19	3.3993395e-04
20.22	4.3991683e-04
20.25	5.5778720e-04
20.29	6.9417212e-04
20.32	8.4936570e-04
20.36	1.0233716e-03
20.39	1.2159693e-03
20.42	1.4267974e-03
20.46	1.6554443e-03
20.49	1.9015398e-03
20.53	2.1648402e-03
20.56	2.4453018e-03
20.60	2.7431405e-03
20.63	3.0588767e-03
20.66	3.3933658e-03
20.70	3.7478165e-03
20.73	4.1237992e-03
20.77	4.5232485e-03
20.80	4.9484618e-03
20.83	5.4020991e-03
20.87	5.8871906e-03
20.90	6.4071769e-03
20.94	6.9658650e-03
20.97	7.5673033e-03
21.00	8.2158018e-03
21.04	8.9159746e-03
21.07	9.6727843e-03
21.11	1.0491589e-02
21.14	1.1378196e-02
21.17	1.2338914e-02
21.21	1.3380618e-02
21.24	1.4510816e-02
21.28	1.5737728e-02
21.31	1.7070368e-02
21.34	1.8518644e-02
21.38	2.0093466e-02
21.41	2.1806870e-02
21.45	2.3672165e-02
21.48	2.5704093e-02
21.52	2.7919021e-02
21.55	3.0335159e-02
21.58	3.2972820e-02
21.62	3.5854717e-02
21.65	3.9006316e-02
21.69	4.2456255e-02
21.72	4.6236837e-02
21.75	5.0384628e-02
21.79	5.4941164e-02
21.82	5.9953823e-02
21.86	6.5476874e-02
21.89	7.1572775e-02
21.92	7.8313785e-02
21.96	8.5783977e-02
21.99	9.4081788e-02
22.03	1.0332329e-01
22.06	1.1364646e-01
22.09	1.2521675e-01
22.13	1.3823478e-01
22.16	1.5294685e-01
22.20	1.6966059e-01
22.23	1.8876973e-01
22.26	2.1079825e-01
22.30	2.3648833e-01
22.33	2.6698679e-01
22.37	3.0424049e-01
22.40	3.5179357e-01
22.43	4.1626898e-01
22.47	5.0985939e-01
22.50	6.5406399e-01
22.54	8.8460740e-01
22.57	1.2569526e+00
22.61	1.8511742e+00
22.64	2.7744220e+00
22.67	4.1590565e+00
22.71	6.1549809e+00
22.74	8.9157412e+00
22.78	1.2579398e+01
22.81	1.7246596e+01
22.84	2.2959269e+01
22.88	2.9683694e+01
22.91	3.7301101e+01
22.95	4.5607867e+01
22.98	5.4325765e+01
23.01	6.3121138e+01
23.05	7.1630583e+01
23.08	7.9489845e+01
23.12	8.6362408e+01
23.15	9.1964517e+01
23.18	9.6084114e+01
23.22	9.8592181e+01
23.25	9.9446079e+01
23.29	9.8685472e+01
23.32	9.6422225e+01
23.35	9.2826118e+01
23.39	8.8108349e+01
23.42	8.2504698e+01
23.46	7.6259850e+01
23.49	6.9613969e+01
23.53	6.2792155e+01
23.56	5.5997066e+01
23.59	4.9404768e+01
23.63	4.3163911e+01
23.66	3.7399287e+01
23.70	3.2224369e+01
23.73	2.7712362e+01
23.76	2.3818788e+01
23.80	2.0467153e+01
23.83	1.7585240e+01
23.87	1.5108787e+01
23.90	1.2981585e+01
23.93	1.1154835e+01
23.97	9.5863432e+00
24.00	8.2397159e+00
24.04	7.0836122e+00
24.07	6.0910712e+00
24.10	5.2389189e+00
24.14	4.5072468e+00
24.17	3.8789600e+00
24.21	3.3393841e+00
24.24	2.8759254e+00
24.27	2.4777783e+00
24.31	2.1356728e+00
24.34	1.8416569e+00
24.38	1.5889098e+00
24.41	1.3715813e+00
24.44	1.1846539e+00
24.48	1.0238242e+00
24.51	8.8540119e-01
24.55	7.6621920e-01
24.58	6.6356273e-01
24.62	5.7510250e-01
24.65	4.9884024e-01
24.68	4.3306157e-01
24.72	3.7629546e-01
24.75	3.2727954e-01
24.79	2.8493037e-01
24.82	2.4831792e-01
24.85	2.1664370e-01
24.89	1.8922205e-01
24.92	1.6546404e-01
24.96	1.4486375e-01
24.99	1.2698642e-01
25.02	1.1145839e-01
25.06	9.7958384e-02
25.09	8.6210076e-02
25.13	7.5975750e-02
25.16	6.7050813e-02
25.19	5.9259115e-02
25.23	5.2448932e-02
25.26	4.6489521e-02
25.30	4.1268164e-02
25.33	3.6687636e-02
25.36	3.2664027e-02
25.40	2.9124881e-02
25.43	2.6007589e-02
25.47	2.3258021e-02
25.50	2.0829341e-02
25.54	1.8680997e-02
25.57	1.6777851e-02
25.60	1.5089429e-02
25.64	1.3589283e-02
25.67	1.2254435e-02
25.71	1.1064906e-02
25.74	1.0003304e-02
25.77	9.0544764e-03
25.81	8.2052063e-03
25.84	7.4439520e-03
25.88	6.7606233e-03
25.91	6.1463883e-03
25.94	5.5935069e-03
25.98	5.0951870e-03
26.01	4.6454607e-03
26.05	4.2390770e-03
26.08	3.8714096e-03
26.11	3.5383766e-03
26.15	3.2363712e-03
26.18	2.9622021e-03
26.22	2.7130412e-03
26.25	2.4863787e-03
26.28	2.2799839e-03
26.32	2.0918714e-03
26.35	1.9202712e-03
26.39	1.7636031e-03
26.42	1.6204544e-03
26.45	1.4895602e-03
26.49	1.3697863e-03
26.52	1.2601143e-03
26.56	1.1596286e-03
26.59	1.0675046e-03
26.63	9.8299893e-04
26.66	9.0544062e-04
26.69	8.3422309e-04
26.73	7.6879742e-04
26.76	7.0866630e-04
26.80	6.5337859e-04
26.83	6.0252467e-04
26.86	5.5573219e-04
26.90	5.1266234e-04
26.93	4.7300655e-04
26.97	4.3648350e-04
27.00	4.0283654e-04
