# NeutrinoAntineutrinoInteraction/NeutrinoAntineutrinoResonanceTau interaction rates
# neutrino field: massive Cosmic Neutrino Background, T_CnuB = 1.94535456 K
# Produced with crpropa-data version: 60a1560e37035039ec25f414e0c42a2444bad49c
# log10(E/eV), 1/lambda [1/Mpc]
16.75	0.0000000e+00
16.78	0.0000000e+00
16.81	0.0000000e+00
16.85	0.0000000e+00
16.88	0.0000000e+00
16.92	0.0000000e+00
16.95	0.0000000e+00
16.98	0.0000000e+00
17.02	0.0000000e+00
17.05	0.0000000e+00
17.09	0.0000000e+00
17.12	0.0000000e+00
17.15	0.0000000e+00
17.19	0.0000000e+00
17.22	0.0000000e+00
17.26	0.0000000e+00
17.29	0.0000000e+00
17.32	0.0000000e+00
17.36	0.0000000e+00
17.39	0.0000000e+00
17.43	0.0000000e+00
17.46	0.0000000e+00
17.49	0.0000000e+00
17.53	0.0000000e+00
17.56	0.0000000e+00
17.60	0.0000000e+00
17.63	0.0000000e+00
17.67	0.0000000e+00
17.70	0.0000000e+00
17.73	0.0000000e+00
17.77	0.0000000e+00
17.80	0.0000000e+00
17.84	0.0000000e+00
17.87	0.0000000e+00
17.90	0.0000000e+00
17.94	0.0000000e+00
17.97	0.0000000e+00
18.01	0.0000000e+00
18.04	0.0000000e+00
18.07	0.0000000e+00
18.11	0.0000000e+00
18.14	0.0000000e+00
18.18	0.0000000e+00
18.21	0.0000000e+00
18.24	0.0000000e+00
18.28	0.0000000e+00
18.31	0.0000000e+00
18.35	0.0000000e+00
18.38	0.0000000e+00
18.41	0.0000000e+00
18.45	0.0000000e+00
18.48	0.0000000e+00
18.52	0.0000000e+00
18.55	0.0000000e+00
18.59	0.0000000e+00
18.62	0.0000000e+00
18.65	0.0000000e+00
18.69	2.0442342e-284
18.72	2.7580042e-263
18.76	9.4840527e-244
18.79	1.1028721e-225
18.82	5.6054692e-209
18.86	1.5787247e-193
18.89	3.0684780e-179
18.93	5.0422630e-166
18.96	8.4521856e-154
18.99	1.7194990e-142
19.03	4.9857403e-132
19.06	2.3908033e-122
19.10	2.1758021e-113
19.13	4.2685610e-105
19.16	2.0311656e-97
19.20	2.6147507e-90
19.23	1.0075126e-83
19.27	1.2760969e-77
19.30	5.7945528e-72
19.33	1.0223312e-66
19.37	7.5506795e-62
19.40	2.5017396e-57
19.44	3.9648978e-53
19.47	3.1902808e-49
19.51	1.3774052e-45
19.54	3.3593667e-42
19.57	4.8548032e-39
19.61	4.3461812e-36
19.64	2.5120302e-33
19.68	9.7416497e-31
19.71	2.6270819e-28
19.74	5.0931889e-26
19.78	7.3209187e-24
19.81	8.0267814e-22
19.85	6.8893223e-20
19.88	4.7372373e-18
19.91	2.6616453e-16
19.95	1.2402189e-14
19.98	4.8249372e-13
20.02	1.5523751e-11
20.05	3.9258506e-10
20.08	6.2943076e-09
20.12	2.7414933e-08
20.15	4.8747529e-08
20.19	6.9056048e-08
20.22	8.8659717e-08
20.25	1.0784555e-07
20.29	1.2687424e-07
20.32	1.4598522e-07
20.36	1.6540124e-07
20.39	1.8533226e-07
20.42	2.0597900e-07
20.46	2.2753612e-07
20.49	2.5019506e-07
20.53	2.7414667e-07
20.56	2.9958370e-07
20.60	3.2670307e-07
20.63	3.5570798e-07
20.66	3.8681020e-07
20.70	4.2023217e-07
20.73	4.5620912e-07
20.77	4.9499127e-07
20.80	5.3684610e-07
20.83	5.8206069e-07
20.87	6.3094427e-07
20.90	6.8383089e-07
20.94	7.4108228e-07
20.97	8.0309106e-07
21.00	8.7028426e-07
21.04	9.4312702e-07
21.07	1.0221270e-06
21.11	1.1078387e-06
21.14	1.2008693e-06
21.17	1.3018839e-06
21.21	1.4116127e-06
21.24	1.5308576e-06
21.28	1.6605017e-06
21.31	1.8015181e-06
21.34	1.9549814e-06
21.38	2.1220800e-06
21.41	2.3041303e-06
21.45	2.5025934e-06
21.48	2.7190943e-06
21.52	2.9554435e-06
21.55	3.2136634e-06
21.58	3.4960181e-06
21.62	3.8050489e-06
21.65	4.1436156e-06
21.69	4.5149464e-06
21.72	4.9226956e-06
21.75	5.3710143e-06
21.79	5.8646341e-06
21.82	6.4089659e-06
21.86	7.0102261e-06
21.89	7.6755849e-06
21.92	8.4133508e-06
21.96	9.2331971e-06
21.99	1.0146447e-05
22.03	1.1166425e-05
22.06	1.2308913e-05
22.09	1.3592713e-05
22.13	1.5040393e-05
22.16	1.6679242e-05
22.20	1.8542533e-05
22.23	2.0671197e-05
22.26	2.3116089e-05
22.30	2.5941073e-05
22.33	2.9227323e-05
22.37	3.3079394e-05
22.40	3.7633969e-05
22.43	4.3072763e-05
22.47	4.9642045e-05
22.50	5.7682956e-05
22.54	6.7680318e-05
22.57	8.0344190e-05
22.61	9.6752754e-05
22.64	1.1861704e-04
22.67	1.4880722e-04
22.71	1.9249822e-04
22.74	2.5999469e-04
22.78	3.7516102e-04
22.81	6.1023850e-04
22.84	1.3067412e-03
22.88	4.5822703e-03
22.91	1.4404047e-02
22.95	1.6192307e-02
22.98	1.4539584e-02
23.01	1.2710962e-02
23.05	1.1018619e-02
23.08	9.5148691e-03
23.12	8.1991348e-03
23.15	7.0564025e-03
23.18	6.0679865e-03
23.22	5.2151781e-03
23.25	4.4805656e-03
23.29	3.8484668e-03
23.32	3.3050008e-03
23.35	2.8380030e-03
23.39	2.4368802e-03
23.42	2.0924451e-03
23.46	1.7967528e-03
23.49	1.5429462e-03
23.53	1.3251164e-03
23.56	1.1381770e-03
23.59	9.7775284e-04
23.63	8.4008377e-04
23.66	7.2193979e-04
23.70	6.2054716e-04
23.73	5.3352504e-04
23.76	4.5883008e-04
23.80	3.9470920e-04
23.83	3.3965844e-04
23.87	2.9238788e-04
23.90	2.5179112e-04
23.93	2.1691940e-04
23.97	1.8695913e-04
24.00	1.6121269e-04
24.04	1.3908184e-04
24.07	1.2005365e-04
24.10	1.0368827e-04
24.14	8.9608540e-05
24.17	7.7491022e-05
24.21	6.7058325e-05
24.24	5.8072573e-05
24.27	5.0329735e-05
24.31	4.3654800e-05
24.34	3.7897629e-05
24.38	3.2929407e-05
24.41	2.8639600e-05
24.44	2.4933347e-05
24.48	2.1729220e-05
24.51	1.8957316e-05
24.55	1.6557609e-05
24.58	1.4478548e-05
24.62	1.2675846e-05
24.65	1.1111450e-05
24.68	9.7526527e-06
24.72	8.5713347e-06
24.75	7.5433121e-06
24.79	6.6477780e-06
24.82	5.8668259e-06
24.85	5.1850405e-06
24.89	4.5891434e-06
24.92	4.0676936e-06
24.96	3.6108265e-06
24.99	3.2100344e-06
25.02	2.8579742e-06
25.06	2.5483058e-06
25.09	2.2755500e-06
25.13	2.0349701e-06
25.16	1.8224680e-06
25.19	1.6344951e-06
25.23	1.4679767e-06
25.26	1.3202465e-06
25.30	1.1889900e-06
25.33	1.0721970e-06
25.36	9.6811902e-07
25.40	8.7523411e-07
25.43	7.9221651e-07
25.47	7.1790974e-07
25.50	6.5130396e-07
25.54	5.9151631e-07
25.57	5.3777405e-07
25.60	4.8939992e-07
25.64	4.4579971e-07
25.67	4.0645117e-07
25.71	3.7089489e-07
25.74	3.3872606e-07
25.77	3.0958756e-07
25.81	2.8316380e-07
25.84	2.5917558e-07
25.88	2.3737545e-07
25.91	2.1754383e-07
25.94	1.9948555e-07
25.98	1.8302685e-07
26.01	1.6801285e-07
26.05	1.5430532e-07
26.08	1.4178064e-07
26.11	1.3032815e-07
26.15	1.1984862e-07
26.18	1.1025296e-07
26.22	1.0146103e-07
26.25	9.3400716e-08
26.28	8.6006954e-08
26.32	7.9221041e-08
26.35	7.2989906e-08
26.39	6.7265527e-08
26.42	6.2004389e-08
26.45	5.7167025e-08
26.49	5.2717596e-08
26.52	4.8623529e-08
26.56	4.4855170e-08
26.59	4.1385515e-08
26.63	3.8189955e-08
26.66	3.5246033e-08
26.69	3.2533245e-08
26.73	3.0032852e-08
26.76	2.7727718e-08
26.80	2.5602156e-08
26.83	2.3641805e-08
26.86	2.1833500e-08
26.90	2.0165173e-08
26.93	1.8625751e-08
26.97	1.7205071e-08
27.00	1.5893801e-08
