# NeutrinoAntineutrinoInteraction/NeutrinoAntineutrinoResonanceTau interaction rates
# neutrino field: massive Cosmic Neutrino Background, T_CnuB = 1.94535456 K
# Produced with crpropa-data version: 60a1560e37035039ec25f414e0c42a2444bad49c
# log10(E/eV), 1/lambda [1/Mpc]
16.75	0.0000000e+00
16.78	0.0000000e+00
16.81	0.0000000e+00
16.85	0.0000000e+00
16.88	0.0000000e+00
16.92	0.0000000e+00
16.95	0.0000000e+00
16.98	0.0000000e+00
17.02	0.0000000e+00
17.05	0.0000000e+00
17.09	0.0000000e+00
17.12	0.0000000e+00
17.15	0.0000000e+00
17.19	0.0000000e+00
17.22	0.0000000e+00
17.26	0.0000000e+00
17.29	0.0000000e+00
17.32	0.0000000e+00
17.36	0.0000000e+00
17.39	0.0000000e+00
17.43	0.0000000e+00
17.46	0.0000000e+00
17.49	0.0000000e+00
17.53	0.0000000e+00
17.56	0.0000000e+00
17.60	0.0000000e+00
17.63	0.0000000e+00
17.67	0.0000000e+00
17.70	0.0000000e+00
17.73	0.0000000e+00
17.77	0.0000000e+00
17.80	0.0000000e+00
17.84	0.0000000e+00
17.87	0.0000000e+00
17.90	0.0000000e+00
17.94	0.0000000e+00
17.97	0.0000000e+00
18.01	0.0000000e+00
18.04	0.0000000e+00
18.07	0.0000000e+00
18.11	0.0000000e+00
18.14	0.0000000e+00
18.18	0.0000000e+00
18.21	0.0000000e+00
18.24	0.0000000e+00
18.28	0.0000000e+00
18.31	0.0000000e+00
18.35	0.0000000e+00
18.38	0.0000000e+00
18.41	0.0000000e+00
18.45	0.0000000e+00
18.48	0.0000000e+00
18.52	0.0000000e+00
18.55	0.0000000e+00
18.59	0.0000000e+00
18.62	0.0000000e+00
18.65	0.0000000e+00
18.69	7.8482944e-285
18.72	1.0157454e-263
18.76	3.2213596e-244
18.79	3.4324241e-226
18.82	1.5873412e-209
18.86	4.0370017e-194
18.89	7.0278582e-180
18.93	1.0252936e-166
18.96	1.5114410e-154
18.99	2.6765745e-143
19.03	6.6814954e-133
19.06	2.7258148e-123
19.10	2.0836561e-114
19.13	3.3865968e-106
19.16	1.3154353e-98
19.20	1.3604337e-91
19.23	4.1398245e-85
19.27	4.0654302e-79
19.30	1.4032983e-73
19.33	1.8425328e-68
19.37	9.8996539e-64
19.40	2.3285864e-59
19.44	2.5524130e-55
19.47	1.3812492e-51
19.51	3.8926349e-48
19.54	6.0021691e-45
19.57	5.3002262e-42
19.61	2.7960120e-39
19.64	9.1621992e-37
19.68	1.9335665e-34
19.71	2.7171965e-32
19.74	2.6224038e-30
19.78	1.7885503e-28
19.81	8.8511704e-27
19.85	3.2569543e-25
19.88	9.1148787e-24
19.91	1.9810637e-22
19.95	3.4092030e-21
19.98	4.7291391e-20
20.02	5.3761386e-19
20.05	5.0858320e-18
20.08	4.0606945e-17
20.12	2.7724589e-16
20.15	1.6383473e-15
20.19	8.4737009e-15
20.22	3.8756595e-14
20.25	1.5825483e-13
20.29	5.8199387e-13
20.32	1.9432994e-12
20.36	5.9353692e-12
20.39	1.6695611e-11
20.42	4.3522083e-11
20.46	1.0573835e-10
20.49	2.4065572e-10
20.53	5.1545349e-10
20.56	1.0431770e-09
20.60	2.0016430e-09
20.63	3.6514550e-09
20.66	6.3450757e-09
20.70	1.0512494e-08
20.73	1.6601007e-08
20.77	2.4942247e-08
20.80	3.5538279e-08
20.83	4.7842447e-08
20.87	6.0793250e-08
20.90	7.3607524e-08
20.94	8.6336332e-08
20.97	9.9138509e-08
21.00	1.1216204e-07
21.04	1.2554669e-07
21.07	1.3942631e-07
21.11	1.5393096e-07
21.14	1.6918879e-07
21.17	1.8532780e-07
21.21	2.0247746e-07
21.24	2.2077029e-07
21.28	2.4034326e-07
21.31	2.6133933e-07
21.34	2.8390884e-07
21.38	3.0821098e-07
21.41	3.3441525e-07
21.45	3.6270303e-07
21.48	3.9326922e-07
21.52	4.2632393e-07
21.55	4.6209436e-07
21.58	5.0082681e-07
21.62	5.4278887e-07
21.65	5.8827183e-07
21.69	6.3759335e-07
21.72	6.9110045e-07
21.75	7.4917273e-07
21.79	8.1222616e-07
21.82	8.8071718e-07
21.86	9.5514740e-07
21.89	1.0360689e-06
21.92	1.1240905e-06
21.96	1.2198841e-06
21.99	1.3241932e-06
22.03	1.4378415e-06
22.06	1.5617438e-06
22.09	1.6969174e-06
22.13	1.8444970e-06
22.16	2.0057503e-06
22.20	2.1820976e-06
22.23	2.3751341e-06
22.26	2.5866568e-06
22.30	2.8186958e-06
22.33	3.0735520e-06
22.37	3.3538425e-06
22.40	3.6625548e-06
22.43	4.0031127e-06
22.47	4.3794572e-06
22.50	4.7961451e-06
22.54	5.2584717e-06
22.57	5.7726233e-06
22.61	6.3458692e-06
22.64	6.9868055e-06
22.67	7.7056675e-06
22.71	8.5147350e-06
22.74	9.4288647e-06
22.78	1.0466199e-05
22.81	1.1649128e-05
22.84	1.3005619e-05
22.88	1.4571109e-05
22.91	1.6391313e-05
22.95	1.8526673e-05
22.98	2.1060113e-05
23.01	2.4112099e-05
23.05	2.7872419e-05
23.08	3.2669252e-05
23.12	3.9116104e-05
23.15	4.8407382e-05
23.18	6.2869214e-05
23.22	8.6898779e-05
23.25	1.2841477e-04
23.29	2.0085476e-04
23.32	3.2554931e-04
23.35	5.3393938e-04
23.39	8.6855292e-04
23.42	1.3808945e-03
23.46	2.1234249e-03
23.49	3.1317690e-03
23.53	4.3930206e-03
23.56	5.7995409e-03
23.59	7.1027543e-03
23.63	7.9193106e-03
23.66	7.8937205e-03
23.70	7.1136573e-03
23.73	6.1919921e-03
23.76	5.3523870e-03
23.80	4.6137841e-03
23.83	3.9712440e-03
23.87	3.4151622e-03
23.90	2.9352838e-03
23.93	2.5218954e-03
23.97	2.1661963e-03
24.00	1.8603797e-03
24.04	1.5975986e-03
24.07	1.3718887e-03
24.10	1.1780778e-03
24.14	1.0116930e-03
24.17	8.6887496e-04
24.21	7.4629784e-04
24.24	6.4109927e-04
24.27	5.5081767e-04
24.31	4.7333749e-04
24.34	4.0684152e-04
24.38	3.4976940e-04
24.41	3.0078181e-04
24.44	2.5872938e-04
24.48	2.2262602e-04
24.51	1.9162579e-04
24.55	1.6500313e-04
24.58	1.4213577e-04
24.62	1.2249005e-04
24.65	1.0560836e-04
24.68	9.1098279e-05
24.72	7.8623307e-05
24.75	6.7894904e-05
24.79	5.8665639e-05
24.82	5.0723329e-05
24.85	4.3886010e-05
24.89	3.7997626e-05
24.92	3.2924326e-05
24.96	2.8551298e-05
24.99	2.4780050e-05
25.02	2.1526080e-05
25.06	1.8716881e-05
25.09	1.6290227e-05
25.13	1.4192711e-05
25.16	1.2378481e-05
25.19	1.0808171e-05
25.23	9.4479716e-06
25.26	8.2688395e-06
25.30	7.2458217e-06
25.33	6.3574723e-06
25.36	5.5853546e-06
25.40	4.9136139e-06
25.43	4.3286118e-06
25.47	3.8186118e-06
25.50	3.3735102e-06
25.54	2.9846058e-06
25.57	2.6444014e-06
25.60	2.3464347e-06
25.64	2.0851323e-06
25.67	1.8556849e-06
25.71	1.6539405e-06
25.74	1.4763120e-06
25.77	1.3196986e-06
25.81	1.1814179e-06
25.84	1.0591481e-06
25.88	9.5087744e-07
25.91	8.5486203e-07
25.94	7.6958845e-07
25.98	6.9374232e-07
26.01	6.2618102e-07
26.05	5.6591028e-07
26.08	5.1206403e-07
26.11	4.6388708e-07
26.15	4.2072017e-07
26.18	3.8198715e-07
26.22	3.4718389e-07
26.25	3.1586871e-07
26.28	2.8765421e-07
26.32	2.6220009e-07
26.35	2.3920706e-07
26.39	2.1841153e-07
26.42	1.9958102e-07
26.45	1.8251019e-07
26.49	1.6701743e-07
26.52	1.5294188e-07
26.56	1.4014081e-07
26.59	1.2848744e-07
26.63	1.1786898e-07
26.66	1.0818489e-07
26.69	9.9345477e-08
26.73	9.1270582e-08
26.76	8.3888452e-08
26.80	7.7134780e-08
26.83	7.0951847e-08
26.86	6.5287771e-08
26.90	6.0095857e-08
26.93	5.5334022e-08
26.97	5.0964287e-08
27.00	4.6952337e-08
