# NeutrinoAntineutrinoInteraction/NeutrinoAntineutrinoResonanceTau interaction rates
# neutrino field: massive Cosmic Neutrino Background, T_CnuB = 1.94535456 K
# Produced with crpropa-data version: 60a1560e37035039ec25f414e0c42a2444bad49c
# log10(E/eV), 1/lambda [1/Mpc]
17.53	0.0000000e+00
17.56	0.0000000e+00
17.60	0.0000000e+00
17.63	0.0000000e+00
17.67	0.0000000e+00
17.70	0.0000000e+00
17.73	0.0000000e+00
17.77	0.0000000e+00
17.80	0.0000000e+00
17.84	0.0000000e+00
17.87	0.0000000e+00
17.90	0.0000000e+00
17.94	0.0000000e+00
17.97	0.0000000e+00
18.01	0.0000000e+00
18.04	0.0000000e+00
18.07	0.0000000e+00
18.11	0.0000000e+00
18.14	0.0000000e+00
18.18	0.0000000e+00
18.21	0.0000000e+00
18.24	0.0000000e+00
18.28	0.0000000e+00
18.31	0.0000000e+00
18.35	0.0000000e+00
18.38	0.0000000e+00
18.41	0.0000000e+00
18.45	0.0000000e+00
18.48	0.0000000e+00
18.52	0.0000000e+00
18.55	0.0000000e+00
18.59	0.0000000e+00
18.62	0.0000000e+00
18.65	0.0000000e+00
18.69	0.0000000e+00
18.72	0.0000000e+00
18.76	0.0000000e+00
18.79	0.0000000e+00
18.82	0.0000000e+00
18.86	0.0000000e+00
18.89	0.0000000e+00
18.93	0.0000000e+00
18.96	0.0000000e+00
18.99	0.0000000e+00
19.03	0.0000000e+00
19.06	0.0000000e+00
19.10	0.0000000e+00
19.13	0.0000000e+00
19.16	0.0000000e+00
19.20	0.0000000e+00
19.23	0.0000000e+00
19.27	0.0000000e+00
19.30	0.0000000e+00
19.33	0.0000000e+00
19.37	0.0000000e+00
19.40	0.0000000e+00
19.44	0.0000000e+00
19.47	4.4380208e-286
19.51	3.3727253e-265
19.54	6.1105059e-246
19.57	3.8784620e-228
19.61	1.1105638e-211
19.64	1.8124222e-196
19.68	2.0925579e-182
19.71	2.0873058e-169
19.74	2.1638428e-157
19.78	2.7655605e-146
19.81	5.1032667e-136
19.85	1.5733893e-126
19.88	9.2763646e-118
19.91	1.1848975e-109
19.95	3.6801303e-102
19.98	3.0921614e-95
20.02	7.7574518e-89
20.05	6.3656608e-83
20.08	1.8589034e-77
20.12	2.0884204e-72
20.15	9.7013348e-68
20.19	1.9917777e-63
20.22	1.9222335e-59
20.25	9.2314298e-56
20.29	2.3254388e-52
20.32	3.2259989e-49
20.36	2.5781137e-46
20.39	1.2373683e-43
20.42	3.7065695e-41
20.46	7.1808899e-39
20.49	9.2984123e-37
20.53	8.2961753e-35
20.56	5.2457052e-33
20.60	2.4125939e-31
20.63	8.2673310e-30
20.66	2.1582748e-28
20.70	4.3816801e-27
20.73	7.0506129e-26
20.77	9.1517392e-25
20.80	9.7394561e-24
20.83	8.6268610e-23
20.87	6.4491106e-22
20.90	4.1215828e-21
20.94	2.2788432e-20
20.97	1.1021295e-19
21.00	4.7102308e-19
21.04	1.7957084e-18
21.07	6.1602819e-18
21.11	1.9170843e-17
21.14	5.4525730e-17
21.17	1.4271980e-16
21.21	3.4599482e-16
21.24	7.8150554e-16
21.28	1.6536971e-15
21.31	3.2949584e-15
21.34	6.2109778e-15
21.38	1.1124531e-14
21.41	1.9009534e-14
21.45	3.1106891e-14
21.48	4.8915346e-14
21.52	7.4154010e-14
21.55	1.0869782e-13
21.58	1.5449185e-13
21.62	2.1345398e-13
21.65	2.8737784e-13
21.69	3.7784739e-13
21.72	4.8617336e-13
21.75	6.1335801e-13
21.79	7.6009095e-13
21.82	9.2677490e-13
21.86	1.1135766e-12
21.89	1.3204963e-12
21.92	1.5474477e-12
21.96	1.7943408e-12
21.99	2.0611607e-12
22.03	2.3480381e-12
22.06	2.6553072e-12
22.09	2.9835520e-12
22.13	3.3336383e-12
22.16	3.7067366e-12
22.20	4.1043348e-12
22.23	4.5282452e-12
22.26	4.9806083e-12
22.30	5.4638935e-12
22.33	5.9809023e-12
22.37	6.5347715e-12
22.40	7.1289810e-12
22.43	7.7673650e-12
22.47	8.4541278e-12
22.50	9.1938658e-12
22.54	9.9915938e-12
22.57	1.0852779e-11
22.61	1.1783379e-11
22.64	1.2789889e-11
22.67	1.3879398e-11
22.71	1.5059647e-11
22.74	1.6339101e-11
22.78	1.7727031e-11
22.81	1.9233608e-11
22.84	2.0870005e-11
22.88	2.2648522e-11
22.91	2.4582720e-11
22.95	2.6687583e-11
22.98	2.8979700e-11
23.01	3.1477475e-11
23.05	3.4201375e-11
23.08	3.7174213e-11
23.12	4.0421486e-11
23.15	4.3971766e-11
23.18	4.7857168e-11
23.22	5.2113899e-11
23.25	5.6782928e-11
23.29	6.1910776e-11
23.32	6.7550485e-11
23.35	7.3762795e-11
23.39	8.0617601e-11
23.42	8.8195747e-11
23.46	9.6591292e-11
23.49	1.0591438e-10
23.53	1.1629490e-10
23.56	1.2788734e-10
23.59	1.4087710e-10
23.63	1.5548921e-10
23.66	1.7200054e-10
23.70	1.9075802e-10
23.73	2.1220845e-10
23.76	2.3695319e-10
23.80	2.6585962e-10
23.83	3.0029893e-10
23.87	3.4264637e-10
23.90	3.9727124e-10
23.93	4.7233160e-10
23.97	5.8270380e-10
24.00	7.5422840e-10
24.04	1.0290685e-09
24.07	1.4713734e-09
24.10	2.1717713e-09
24.14	3.2487495e-09
24.17	4.8450088e-09
24.21	7.1175602e-09
24.24	1.0221603e-08
24.27	1.4289779e-08
24.31	1.9409769e-08
24.34	2.5604018e-08
24.38	3.2815318e-08
24.41	4.0901119e-08
24.44	4.9637972e-08
24.48	5.8735769e-08
24.51	6.7859895e-08
24.55	7.6658216e-08
24.58	8.4789328e-08
24.62	9.1948552e-08
24.65	9.7888828e-08
24.68	1.0243463e-07
24.72	1.0548820e-07
24.75	1.0702843e-07
24.79	1.0710362e-07
24.82	1.0581983e-07
24.85	1.0332666e-07
24.89	9.9802416e-08
24.92	9.5439952e-08
24.96	9.0434329e-08
24.99	8.4972897e-08
25.02	7.9227988e-08
25.06	7.3352128e-08
25.09	6.7475485e-08
25.13	6.1705142e-08
25.16	5.6125751e-08
25.19	5.0801160e-08
25.23	4.5776643e-08
25.26	4.1081422e-08
25.30	3.6731276e-08
25.33	3.2731054e-08
25.36	2.9076995e-08
25.40	2.5758794e-08
25.43	2.2761389e-08
25.47	2.0066458e-08
25.50	1.7653651e-08
25.54	1.5501573e-08
25.57	1.3588551e-08
25.60	1.1893215e-08
25.64	1.0394920e-08
25.67	9.0740442e-09
25.71	7.9121796e-09
25.74	6.8922423e-09
25.77	5.9985210e-09
25.81	5.2166777e-09
25.84	4.5337139e-09
25.88	3.9379130e-09
25.91	3.4187665e-09
25.94	2.9668907e-09
25.98	2.5739388e-09
26.01	2.2325118e-09
26.05	1.9360705e-09
26.08	1.6788518e-09
26.11	1.4557884e-09
26.15	1.2624349e-09
26.18	1.0948990e-09
26.22	9.4977843e-10
26.25	8.2410413e-10
26.28	7.1528874e-10
26.32	6.2108036e-10
26.35	5.3952130e-10
26.39	4.6891138e-10
26.42	4.0777542e-10
26.45	3.5483449e-10
26.49	3.0898063e-10
26.52	2.6925457e-10
26.56	2.3482628e-10
26.59	2.0497789e-10
26.63	1.7908880e-10
26.66	1.5662268e-10
26.69	1.3711620e-10
26.73	1.2016911e-10
26.76	1.0543581e-10
26.80	9.2617863e-11
26.83	8.1457587e-11
26.86	7.1732510e-11
26.90	6.3250544e-11
26.93	5.5845824e-11
26.97	4.9375112e-11
27.00	4.3714686e-11
