# NeutrinoAntineutrinoInteraction/NeutrinoAntineutrinoResonanceTau interaction rates
# neutrino field: massive Cosmic Neutrino Background, T_CnuB = 1.94535456 K
# Produced with crpropa-data version: 60a1560e37035039ec25f414e0c42a2444bad49c
# log10(E/eV), 1/lambda [1/Mpc]
15.83	0.0000000e+00
15.86	0.0000000e+00
15.89	0.0000000e+00
15.93	0.0000000e+00
15.96	0.0000000e+00
16.00	0.0000000e+00
16.03	0.0000000e+00
16.06	0.0000000e+00
16.10	0.0000000e+00
16.13	0.0000000e+00
16.17	0.0000000e+00
16.20	0.0000000e+00
16.23	0.0000000e+00
16.27	0.0000000e+00
16.30	0.0000000e+00
16.34	0.0000000e+00
16.37	0.0000000e+00
16.40	0.0000000e+00
16.44	0.0000000e+00
16.47	0.0000000e+00
16.51	0.0000000e+00
16.54	0.0000000e+00
16.58	0.0000000e+00
16.61	0.0000000e+00
16.64	0.0000000e+00
16.68	0.0000000e+00
16.71	0.0000000e+00
16.75	0.0000000e+00
16.78	0.0000000e+00
16.81	0.0000000e+00
16.85	0.0000000e+00
16.88	0.0000000e+00
16.92	0.0000000e+00
16.95	0.0000000e+00
16.98	0.0000000e+00
17.02	0.0000000e+00
17.05	0.0000000e+00
17.09	0.0000000e+00
17.12	0.0000000e+00
17.15	0.0000000e+00
17.19	0.0000000e+00
17.22	0.0000000e+00
17.26	0.0000000e+00
17.29	0.0000000e+00
17.32	0.0000000e+00
17.36	0.0000000e+00
17.39	0.0000000e+00
17.43	0.0000000e+00
17.46	0.0000000e+00
17.49	0.0000000e+00
17.53	0.0000000e+00
17.56	0.0000000e+00
17.60	0.0000000e+00
17.63	0.0000000e+00
17.67	0.0000000e+00
17.70	0.0000000e+00
17.73	0.0000000e+00
17.77	3.7629982e-273
17.80	1.6174934e-252
17.84	1.9181412e-233
17.87	8.2279484e-216
17.90	1.6399977e-199
17.94	1.9146846e-184
17.97	1.6219160e-170
18.01	1.2150576e-157
18.04	9.6666876e-146
18.07	9.6727488e-135
18.11	1.4234722e-124
18.14	3.5602876e-115
18.18	1.7299348e-106
18.21	1.8478787e-98
18.24	4.8647013e-91
18.28	3.5081081e-84
18.31	7.6411122e-78
18.35	5.5022285e-72
18.38	1.4239385e-66
18.41	1.4307054e-61
18.45	5.9940686e-57
18.48	1.1185952e-52
18.52	9.8834547e-49
18.55	4.3745651e-45
18.59	1.0219006e-41
18.62	1.3221434e-38
18.65	9.9063442e-36
18.69	4.4794145e-33
18.72	1.2698718e-30
18.76	2.3379684e-28
18.79	2.8881036e-26
18.82	2.4670076e-24
18.86	1.4983512e-22
18.89	6.6394497e-21
18.93	2.1982280e-19
18.96	5.5590828e-18
18.99	1.0958988e-16
19.03	1.7161525e-15
19.06	2.1723260e-14
19.10	2.2587825e-13
19.13	1.9582799e-12
19.16	1.4351939e-11
19.20	9.0056924e-11
19.23	4.8956950e-10
19.27	2.3309803e-09
19.30	9.8190977e-09
19.33	3.6937488e-08
19.37	1.2516338e-07
19.40	3.8509958e-07
19.44	1.0838470e-06
19.47	2.8095496e-06
19.51	6.7504604e-06
19.54	1.5121973e-05
19.57	3.1755871e-05
19.61	6.2830158e-05
19.64	1.1767057e-04
19.68	2.0950826e-04
19.71	3.5604759e-04
19.74	5.7969670e-04
19.78	9.0734727e-04
19.81	1.3696540e-03
19.85	1.9998466e-03
19.88	2.8321860e-03
19.91	3.9002426e-03
19.95	5.2352005e-03
19.98	6.8643951e-03
20.02	8.8102495e-03
20.05	1.1089720e-02
20.08	1.3714291e-02
20.12	1.6690485e-02
20.15	2.0020807e-02
20.19	2.3704998e-02
20.22	2.7741453e-02
20.25	3.2128679e-02
20.29	3.6866664e-02
20.32	4.1958094e-02
20.36	4.7409350e-02
20.39	5.3231286e-02
20.42	5.9439775e-02
20.46	6.6056086e-02
20.49	7.3107093e-02
20.53	8.0625392e-02
20.56	8.8649349e-02
20.60	9.7223133e-02
20.63	1.0639675e-01
20.66	1.1622613e-01
20.70	1.2677326e-01
20.73	1.3810638e-01
20.77	1.5030029e-01
20.80	1.6343675e-01
20.83	1.7760493e-01
20.87	1.9290205e-01
20.90	2.0943406e-01
20.94	2.2731649e-01
20.97	2.4667538e-01
21.00	2.6764844e-01
21.04	2.9038629e-01
21.07	3.1505391e-01
21.11	3.4183232e-01
21.14	3.7092042e-01
21.17	4.0253722e-01
21.21	4.3692425e-01
21.24	4.7434843e-01
21.28	5.1510536e-01
21.31	5.5952309e-01
21.34	6.0796651e-01
21.38	6.6084249e-01
21.41	7.1860589e-01
21.45	7.8176663e-01
21.48	8.5089804e-01
21.52	9.2664683e-01
21.55	1.0097450e+00
21.58	1.1010242e+00
21.62	1.2014332e+00
21.65	1.3120589e+00
21.69	1.4341529e+00
21.72	1.5691640e+00
21.75	1.7187787e+00
21.79	1.8849739e+00
21.82	2.0700832e+00
21.86	2.2768845e+00
21.89	2.5087164e+00
21.92	2.7696369e+00
21.96	3.0646485e+00
21.99	3.4000367e+00
22.03	3.7839314e+00
22.06	4.2273519e+00
22.09	4.7463551e+00
22.13	5.3666279e+00
22.16	6.1330924e+00
22.20	7.1287361e+00
22.23	8.5083394e+00
22.26	1.0552778e+01
22.30	1.3746503e+01
22.33	1.8873485e+01
22.37	2.7115974e+01
22.40	4.0128776e+01
22.43	6.0054415e+01
22.47	8.9446322e+01
22.50	1.3108063e+02
22.54	1.8766052e+02
22.57	2.6144433e+02
22.61	3.5385230e+02
22.64	4.6511901e+02
22.67	5.9405620e+02
22.71	7.3797374e+02
22.74	8.9277972e+02
22.78	1.0532505e+03
22.81	1.2134338e+03
22.84	1.3671301e+03
22.88	1.5083878e+03
22.91	1.6319521e+03
22.95	1.7336189e+03
22.98	1.8104638e+03
23.01	1.8609349e+03
23.05	1.8848186e+03
23.08	1.8831015e+03
23.12	1.8577570e+03
23.15	1.8114936e+03
23.18	1.7474929e+03
23.22	1.6691638e+03
23.25	1.5799307e+03
23.29	1.4830639e+03
23.32	1.3815569e+03
23.35	1.2780472e+03
23.39	1.1747757e+03
23.42	1.0735775e+03
23.46	9.7589555e+02
23.49	8.8281117e+02
23.53	7.9508402e+02
23.56	7.1319699e+02
23.59	6.3740188e+02
23.63	5.6776338e+02
23.66	5.0419941e+02
23.70	4.4651682e+02
23.73	3.9444225e+02
23.76	3.4764787e+02
23.80	3.0577250e+02
23.83	2.6843841e+02
23.87	2.3526440e+02
23.90	2.0587566e+02
23.93	1.7991087e+02
23.97	1.5702721e+02
24.00	1.3690355e+02
24.04	1.1924220e+02
24.07	1.0376965e+02
24.10	9.0236546e+01
24.14	7.8416971e+01
24.17	6.8107430e+01
24.21	5.9125513e+01
24.24	5.1308414e+01
24.27	4.4511384e+01
24.31	3.8606156e+01
24.34	3.3479414e+01
24.38	2.9031317e+01
24.41	2.5174107e+01
24.44	2.1830813e+01
24.48	1.8934053e+01
24.51	1.6424946e+01
24.55	1.4252114e+01
24.58	1.2370793e+01
24.62	1.0742027e+01
24.65	9.3319556e+00
24.68	8.1111743e+00
24.72	7.0541735e+00
24.75	6.1388394e+00
24.79	5.3460153e+00
24.82	4.6591175e+00
24.85	4.0637968e+00
24.89	3.5476440e+00
24.92	3.0999315e+00
24.96	2.7113891e+00
24.99	2.3740082e+00
25.02	2.0808713e+00
25.06	1.8260050e+00
25.09	1.6042512e+00
25.13	1.4111565e+00
25.16	1.2428758e+00
25.19	1.0960891e+00
25.23	9.6792985e-01
25.26	8.5592217e-01
25.30	7.5792766e-01
25.33	6.7209884e-01
25.36	5.9683912e-01
25.40	5.3076833e-01
25.43	4.7269292e-01
25.47	4.2158032e-01
25.50	3.7653679e-01
25.54	3.3678839e-01
25.57	3.0166452e-01
25.60	2.7058378e-01
25.64	2.4304178e-01
25.67	2.1860060e-01
25.71	1.9687979e-01
25.74	1.7754850e-01
25.77	1.6031882e-01
25.81	1.4493995e-01
25.84	1.3119322e-01
25.88	1.1888775e-01
25.91	1.0785680e-01
25.94	9.7954491e-02
25.98	8.9053107e-02
26.01	8.1040656e-02
26.05	7.3818834e-02
26.08	6.7301236e-02
26.11	6.1411821e-02
26.15	5.6083570e-02
26.18	5.1257345e-02
26.22	4.6880879e-02
26.25	4.2907920e-02
26.28	3.9297474e-02
26.32	3.6013160e-02
26.35	3.3022637e-02
26.39	3.0297118e-02
26.42	2.7810942e-02
26.45	2.5541198e-02
26.49	2.3467400e-02
26.52	2.1571210e-02
26.56	1.9836182e-02
26.59	1.8247549e-02
26.63	1.6792037e-02
26.66	1.5457690e-02
26.69	1.4233732e-02
26.73	1.3110435e-02
26.76	1.2079007e-02
26.80	1.1131490e-02
26.83	1.0260676e-02
26.86	9.4600256e-03
26.90	8.7236032e-03
26.93	8.0460119e-03
26.97	7.4223419e-03
27.00	6.8481217e-03
