# NeutrinoAntineutrinoInteraction/NeutrinoAntineutrinoResonanceTau interaction rates
# neutrino field: massive Cosmic Neutrino Background, T_CnuB = 1.94535456 K
# Produced with crpropa-data version: 60a1560e37035039ec25f414e0c42a2444bad49c
# log10(E/eV), 1/lambda [1/Mpc]
17.53	0.0000000e+00
17.56	0.0000000e+00
17.60	0.0000000e+00
17.63	0.0000000e+00
17.67	0.0000000e+00
17.70	0.0000000e+00
17.73	0.0000000e+00
17.77	0.0000000e+00
17.80	0.0000000e+00
17.84	0.0000000e+00
17.87	0.0000000e+00
17.90	0.0000000e+00
17.94	0.0000000e+00
17.97	0.0000000e+00
18.01	0.0000000e+00
18.04	0.0000000e+00
18.07	0.0000000e+00
18.11	0.0000000e+00
18.14	0.0000000e+00
18.18	0.0000000e+00
18.21	0.0000000e+00
18.24	0.0000000e+00
18.28	0.0000000e+00
18.31	0.0000000e+00
18.35	0.0000000e+00
18.38	0.0000000e+00
18.41	0.0000000e+00
18.45	0.0000000e+00
18.48	0.0000000e+00
18.52	0.0000000e+00
18.55	0.0000000e+00
18.59	0.0000000e+00
18.62	0.0000000e+00
18.65	0.0000000e+00
18.69	0.0000000e+00
18.72	0.0000000e+00
18.76	0.0000000e+00
18.79	0.0000000e+00
18.82	0.0000000e+00
18.86	0.0000000e+00
18.89	0.0000000e+00
18.93	0.0000000e+00
18.96	0.0000000e+00
18.99	0.0000000e+00
19.03	0.0000000e+00
19.06	0.0000000e+00
19.10	0.0000000e+00
19.13	0.0000000e+00
19.16	0.0000000e+00
19.20	0.0000000e+00
19.23	0.0000000e+00
19.27	0.0000000e+00
19.30	0.0000000e+00
19.33	0.0000000e+00
19.37	0.0000000e+00
19.40	0.0000000e+00
19.44	0.0000000e+00
19.47	1.3399296e-285
19.51	1.0233358e-264
19.54	2.0284420e-245
19.57	1.4188324e-227
19.61	4.5121863e-211
19.64	8.2475978e-196
19.68	1.0762415e-181
19.71	1.2252667e-168
19.74	1.4650829e-156
19.78	2.1844766e-145
19.81	4.7605630e-135
19.85	1.7563871e-125
19.88	1.2569085e-116
19.91	1.9787332e-108
19.95	7.7000422e-101
19.98	8.2508277e-94
20.02	2.6904066e-87
20.05	2.9287248e-81
20.08	1.1597284e-75
20.12	1.8088718e-70
20.15	1.1964090e-65
20.19	3.5933767e-61
20.22	5.2224174e-57
20.25	3.8959192e-53
20.29	1.5758815e-49
20.32	3.6369754e-46
20.36	5.0215625e-43
20.39	4.3347584e-40
20.42	2.4374524e-37
20.46	9.2754252e-35
20.49	2.4750233e-32
20.53	4.7862051e-30
20.56	6.9153926e-28
20.60	7.6775218e-26
20.63	6.7175233e-24
20.66	4.7361421e-22
20.70	2.7396933e-20
20.73	1.3154562e-18
20.77	5.2411956e-17
20.80	1.6863880e-15
20.83	3.9186978e-14
20.87	3.7153462e-13
20.90	8.4731247e-13
20.94	1.2973915e-12
20.97	1.7290702e-12
21.00	2.1488831e-12
21.04	2.5627366e-12
21.07	2.9760270e-12
21.11	3.3937442e-12
21.14	3.8205628e-12
21.17	4.2609228e-12
21.21	4.7191018e-12
21.24	5.1992786e-12
21.28	5.7055933e-12
21.31	6.2422034e-12
21.34	6.8133334e-12
21.38	7.4233247e-12
21.41	8.0766818e-12
21.45	8.7781198e-12
21.48	9.5326095e-12
21.52	1.0345426e-11
21.55	1.1222192e-11
21.58	1.2168937e-11
21.62	1.3192141e-11
21.65	1.4298797e-11
21.69	1.5496469e-11
21.72	1.6793361e-11
21.75	1.8198385e-11
21.79	1.9721246e-11
21.82	2.1372520e-11
21.86	2.3163756e-11
21.89	2.5107584e-11
21.92	2.7217841e-11
21.96	2.9509698e-11
21.99	3.1999821e-11
22.03	3.4706535e-11
22.06	3.7650033e-11
22.09	4.0852585e-11
22.13	4.4338803e-11
22.16	4.8135925e-11
22.20	5.2274160e-11
22.23	5.6787072e-11
22.26	6.1712026e-11
22.30	6.7090713e-11
22.33	7.2969757e-11
22.37	7.9401427e-11
22.40	8.6444480e-11
22.43	9.4165109e-11
22.47	1.0263816e-10
22.50	1.1194853e-10
22.54	1.2219279e-10
22.57	1.3348128e-10
22.61	1.4594044e-10
22.64	1.5971587e-10
22.67	1.7497587e-10
22.71	1.9191601e-10
22.74	2.1076455e-10
22.78	2.3178950e-10
22.81	2.5530724e-10
22.84	2.8169373e-10
22.88	3.1139862e-10
22.91	3.4496372e-10
22.95	3.8304703e-10
22.98	4.2645464e-10
23.01	4.7618319e-10
23.05	5.3347795e-10
23.08	5.9991255e-10
23.12	6.7750111e-10
23.15	7.6885782e-10
23.18	8.7743038e-10
23.22	1.0078478e-09
23.25	1.1664547e-09
23.29	1.3621560e-09
23.32	1.6078026e-09
23.35	1.9225636e-09
23.39	2.3361996e-09
23.42	2.8972618e-09
23.46	3.6901289e-09
23.49	4.8743414e-09
23.53	6.7901941e-09
23.56	1.0321064e-08
23.59	1.8762561e-08
23.63	5.1718343e-08
23.66	2.0659141e-07
23.70	3.5714596e-07
23.73	3.3364510e-07
23.76	2.9399269e-07
23.80	2.5560548e-07
23.83	2.2104228e-07
23.87	1.9063267e-07
23.90	1.6414721e-07
23.93	1.4120141e-07
23.97	1.2138382e-07
24.00	1.0430152e-07
24.04	8.9596289e-08
24.07	7.6948894e-08
24.10	6.6078479e-08
24.14	5.6739824e-08
24.17	4.8719916e-08
24.21	4.1834293e-08
24.24	3.5923641e-08
24.27	3.0850578e-08
24.31	2.6496799e-08
24.34	2.2760506e-08
24.38	1.9554187e-08
24.41	1.6802643e-08
24.44	1.4441292e-08
24.48	1.2414686e-08
24.51	1.0675236e-08
24.55	9.1821057e-09
24.58	7.9002627e-09
24.62	6.7996561e-09
24.65	5.8545123e-09
24.68	5.0427272e-09
24.72	4.3453460e-09
24.75	3.7461148e-09
24.79	3.2310958e-09
24.82	2.7883370e-09
24.85	2.4075909e-09
24.89	2.0800704e-09
24.92	1.7982403e-09
24.96	1.5556389e-09
24.99	1.3467242e-09
25.02	1.1667434e-09
25.06	1.0116197e-09
25.09	8.7785570e-10
25.13	7.6245103e-10
25.16	6.6283134e-10
25.19	5.7678733e-10
25.23	5.0242291e-10
25.26	4.3811030e-10
25.30	3.8245201e-10
25.33	3.3424782e-10
25.36	2.9246690e-10
25.40	2.5622340e-10
25.43	2.2475618e-10
25.47	1.9741088e-10
25.50	1.7362488e-10
25.54	1.5291420e-10
25.57	1.3486239e-10
25.60	1.1911097e-10
25.64	1.0535124e-10
25.67	9.3317233e-11
25.71	8.2779718e-11
25.74	7.3541011e-11
25.77	6.5430559e-11
25.81	5.8301123e-11
25.84	5.2025521e-11
25.88	4.6493821e-11
25.91	4.1610944e-11
25.94	3.7294596e-11
25.98	3.3473485e-11
26.01	3.0085811e-11
26.05	2.7077960e-11
26.08	2.4403378e-11
26.11	2.2021599e-11
26.15	1.9897421e-11
26.18	1.8000182e-11
26.22	1.6303155e-11
26.25	1.4783011e-11
26.28	1.3419366e-11
26.32	1.2194387e-11
26.35	1.1092457e-11
26.39	1.0099878e-11
26.42	9.2046232e-12
26.45	8.3961160e-12
26.49	7.6650453e-12
26.52	7.0031997e-12
26.56	6.4033303e-12
26.59	5.8590235e-12
26.63	5.3646027e-12
26.66	4.9150327e-12
26.69	4.5058423e-12
26.73	4.1330535e-12
26.76	3.7931233e-12
26.80	3.4828905e-12
26.83	3.1995309e-12
26.86	2.9405172e-12
26.90	2.7035848e-12
26.93	2.4867016e-12
26.97	2.2880418e-12
27.00	2.1059625e-12
