# NeutrinoAntineutrinoInteraction/NeutrinoAntineutrinoResonanceTau interaction rates
# neutrino field: massive Cosmic Neutrino Background, T_CnuB = 1.94535456 K
# Produced with crpropa-data version: 60a1560e37035039ec25f414e0c42a2444bad49c
# log10(E/eV), 1/lambda [1/Mpc]
16.44	0.0000000e+00
16.47	0.0000000e+00
16.51	0.0000000e+00
16.54	0.0000000e+00
16.58	0.0000000e+00
16.61	0.0000000e+00
16.64	0.0000000e+00
16.68	0.0000000e+00
16.71	0.0000000e+00
16.75	0.0000000e+00
16.78	0.0000000e+00
16.81	0.0000000e+00
16.85	0.0000000e+00
16.88	0.0000000e+00
16.92	0.0000000e+00
16.95	0.0000000e+00
16.98	0.0000000e+00
17.02	0.0000000e+00
17.05	0.0000000e+00
17.09	0.0000000e+00
17.12	0.0000000e+00
17.15	0.0000000e+00
17.19	0.0000000e+00
17.22	0.0000000e+00
17.26	0.0000000e+00
17.29	0.0000000e+00
17.32	0.0000000e+00
17.36	0.0000000e+00
17.39	0.0000000e+00
17.43	0.0000000e+00
17.46	0.0000000e+00
17.49	0.0000000e+00
17.53	0.0000000e+00
17.56	0.0000000e+00
17.60	0.0000000e+00
17.63	0.0000000e+00
17.67	0.0000000e+00
17.70	0.0000000e+00
17.73	0.0000000e+00
17.77	0.0000000e+00
17.80	0.0000000e+00
17.84	0.0000000e+00
17.87	0.0000000e+00
17.90	0.0000000e+00
17.94	0.0000000e+00
17.97	0.0000000e+00
18.01	0.0000000e+00
18.04	0.0000000e+00
18.07	0.0000000e+00
18.11	0.0000000e+00
18.14	0.0000000e+00
18.18	0.0000000e+00
18.21	0.0000000e+00
18.24	0.0000000e+00
18.28	0.0000000e+00
18.31	0.0000000e+00
18.35	0.0000000e+00
18.38	0.0000000e+00
18.41	3.6780307e-265
18.45	2.1256210e-245
18.48	3.9557332e-227
18.52	3.0727542e-210
18.55	1.2664380e-194
18.59	3.4573170e-180
18.62	7.6750045e-167
18.65	1.6748538e-154
18.69	4.2815919e-143
18.72	1.5079971e-132
18.76	8.5015553e-123
18.79	8.8132161e-114
18.82	1.9099176e-105
18.86	9.7422269e-98
18.89	1.3053125e-90
18.93	5.0845883e-84
18.96	6.3248265e-78
18.99	2.7403375e-72
19.03	4.4813565e-67
19.06	2.9794962e-62
19.10	8.6272128e-58
19.13	1.1593928e-53
19.16	7.6701189e-50
19.20	2.6379183e-46
19.23	4.9605134e-43
19.27	5.3443112e-40
19.30	3.4446838e-37
19.33	1.3826267e-34
19.37	3.5865902e-32
19.40	6.2232572e-30
19.44	7.4568378e-28
19.47	6.3550655e-26
19.51	3.9591497e-24
19.54	1.8493439e-22
19.57	6.6309500e-21
19.61	1.8652251e-19
19.64	4.1998594e-18
19.68	7.7121198e-17
19.71	1.1749124e-15
19.74	1.5086161e-14
19.78	1.6563081e-13
19.81	1.5751583e-12
19.85	1.3124854e-11
19.88	9.6748836e-11
19.91	6.3560296e-10
19.95	3.7369148e-09
19.98	1.9639069e-08
20.02	9.1209442e-08
20.05	3.6108530e-07
20.08	1.0992902e-06
20.12	2.1715993e-06
20.15	3.2059331e-06
20.19	4.2006600e-06
20.22	5.1706304e-06
20.25	6.1292935e-06
20.29	7.0889654e-06
20.32	8.0610623e-06
20.36	9.0563071e-06
20.39	1.0084912e-05
20.42	1.1156744e-05
20.46	1.2281468e-05
20.49	1.3468689e-05
20.53	1.4728072e-05
20.56	1.6069461e-05
20.60	1.7502995e-05
20.63	1.9039209e-05
20.66	2.0689150e-05
20.70	2.2464480e-05
20.73	2.4377586e-05
20.77	2.6441693e-05
20.80	2.8670983e-05
20.83	3.1080716e-05
20.87	3.3687369e-05
20.90	3.6508775e-05
20.94	3.9564279e-05
20.97	4.2874912e-05
21.00	4.6463574e-05
21.04	5.0355244e-05
21.07	5.4577211e-05
21.11	5.9159329e-05
21.14	6.4134308e-05
21.17	6.9538033e-05
21.21	7.5409933e-05
21.24	8.1793389e-05
21.28	8.8736210e-05
21.31	9.6291163e-05
21.34	1.0451659e-04
21.38	1.1347709e-04
21.41	1.2324435e-04
21.45	1.3389806e-04
21.48	1.4552701e-04
21.52	1.5823030e-04
21.55	1.7211887e-04
21.58	1.8731716e-04
21.62	2.0396518e-04
21.65	2.2222086e-04
21.69	2.4226292e-04
21.72	2.6429425e-04
21.75	2.8854599e-04
21.79	3.1528242e-04
21.82	3.4480691e-04
21.86	3.7746918e-04
21.89	4.1367418e-04
21.92	4.5389316e-04
21.96	4.9867728e-04
21.99	5.4867478e-04
22.03	6.0465272e-04
22.06	6.6752457e-04
22.09	7.3838577e-04
22.13	8.1856000e-04
22.16	9.0965997e-04
22.20	1.0136682e-03
22.23	1.1330461e-03
22.26	1.2708829e-03
22.30	1.4311030e-03
22.33	1.6187592e-03
22.37	1.8404562e-03
22.40	2.1049771e-03
22.43	2.4242334e-03
22.47	2.8147536e-03
22.50	3.3001002e-03
22.54	3.9149798e-03
22.57	4.7126658e-03
22.61	5.7796232e-03
22.64	7.2683426e-03
22.67	9.4850416e-03
22.71	1.3166708e-02
22.74	2.0441269e-02
22.78	3.8109810e-02
22.81	8.7396394e-02
22.84	2.2273580e-01
22.88	5.1106891e-01
22.91	7.7741881e-01
22.95	7.4982546e-01
22.98	6.6188246e-01
23.01	5.7554565e-01
23.05	4.9770019e-01
23.08	4.2920457e-01
23.12	3.6955476e-01
23.15	3.1788346e-01
23.18	2.7326120e-01
23.22	2.3480102e-01
23.25	2.0169480e-01
23.29	1.7322280e-01
23.32	1.4875204e-01
23.35	1.2773003e-01
23.39	1.0967694e-01
23.42	9.4177388e-02
23.46	8.0872613e-02
23.49	6.9453298e-02
23.53	5.9653074e-02
23.56	5.1242777e-02
23.59	4.4025394e-02
23.63	3.7831648e-02
23.66	3.2516165e-02
23.70	2.7954139e-02
23.73	2.4038453e-02
23.76	2.0677194e-02
23.80	1.7791511e-02
23.83	1.5313765e-02
23.87	1.3185947e-02
23.90	1.1358306e-02
23.93	9.7881789e-03
23.97	8.4389820e-03
24.00	7.2793458e-03
24.04	6.2823715e-03
24.07	5.4249941e-03
24.10	4.6874355e-03
24.14	4.0527355e-03
24.17	3.5063493e-03
24.21	3.0358033e-03
24.24	2.6303991e-03
24.27	2.2809599e-03
24.31	1.9796138e-03
24.34	1.7196069e-03
24.38	1.4951441e-03
24.41	1.3012522e-03
24.44	1.1336627e-03
24.48	9.8871123e-04
24.51	8.6325150e-04
24.55	7.5458147e-04
24.58	6.6038015e-04
24.62	5.7865331e-04
24.65	5.0768710e-04
24.68	4.4600813e-04
24.72	3.9234942e-04
24.75	3.4562106e-04
24.79	3.0488516e-04
24.82	2.6933434e-04
24.85	2.3827329e-04
24.89	2.1110292e-04
24.92	1.8730687e-04
24.96	1.6643978e-04
24.99	1.4811740e-04
25.02	1.3200795e-04
25.06	1.1782483e-04
25.09	1.0532030e-04
25.13	9.4280053e-05
25.16	8.4518573e-05
25.19	7.5875156e-05
25.23	6.8210473e-05
25.26	6.1403624e-05
25.30	5.5349612e-05
25.33	4.9957162e-05
25.36	4.5146852e-05
25.40	4.0849503e-05
25.43	3.7004794e-05
25.47	3.3560072e-05
25.50	3.0469320e-05
25.54	2.7692277e-05
25.57	2.5193672e-05
25.60	2.2942565e-05
25.64	2.0911785e-05
25.67	1.9077432e-05
25.71	1.7418459e-05
25.74	1.5916306e-05
25.77	1.4554578e-05
25.81	1.3318777e-05
25.84	1.2196060e-05
25.88	1.1175035e-05
25.91	1.0245581e-05
25.94	9.3986958e-06
25.98	8.6263548e-06
26.01	7.9213992e-06
26.05	7.2774315e-06
26.08	6.6887259e-06
26.11	6.1501509e-06
26.15	5.6571004e-06
26.18	5.2054351e-06
26.22	4.7914292e-06
26.25	4.4117250e-06
26.28	4.0632926e-06
26.32	3.7433943e-06
26.35	3.4495536e-06
26.39	3.1795275e-06
26.42	2.9312821e-06
26.45	2.7029711e-06
26.49	2.4929170e-06
26.52	2.2995935e-06
26.56	2.1216113e-06
26.59	1.9577037e-06
26.63	1.8067158e-06
26.66	1.6675931e-06
26.69	1.5393721e-06
26.73	1.4211718e-06
26.76	1.3121863e-06
26.80	1.2116775e-06
26.83	1.1189692e-06
26.86	1.0334416e-06
26.90	9.5452610e-07
26.93	8.8170082e-07
26.97	8.1448665e-07
27.00	7.5244343e-07
