# NeutrinoAntineutrinoInteraction/NeutrinoAntineutrinoResonanceTau interaction rates
# neutrino field: massive Cosmic Neutrino Background, T_CnuB = 1.94535456 K
# Produced with crpropa-data version: 60a1560e37035039ec25f414e0c42a2444bad49c
# log10(E/eV), 1/lambda [1/Mpc]
16.44	0.0000000e+00
16.47	0.0000000e+00
16.51	0.0000000e+00
16.54	0.0000000e+00
16.58	0.0000000e+00
16.61	0.0000000e+00
16.64	0.0000000e+00
16.68	0.0000000e+00
16.71	0.0000000e+00
16.75	0.0000000e+00
16.78	0.0000000e+00
16.81	0.0000000e+00
16.85	0.0000000e+00
16.88	0.0000000e+00
16.92	0.0000000e+00
16.95	0.0000000e+00
16.98	0.0000000e+00
17.02	0.0000000e+00
17.05	0.0000000e+00
17.09	0.0000000e+00
17.12	0.0000000e+00
17.15	0.0000000e+00
17.19	0.0000000e+00
17.22	0.0000000e+00
17.26	0.0000000e+00
17.29	0.0000000e+00
17.32	0.0000000e+00
17.36	0.0000000e+00
17.39	0.0000000e+00
17.43	0.0000000e+00
17.46	0.0000000e+00
17.49	0.0000000e+00
17.53	0.0000000e+00
17.56	0.0000000e+00
17.60	0.0000000e+00
17.63	0.0000000e+00
17.67	0.0000000e+00
17.70	0.0000000e+00
17.73	0.0000000e+00
17.77	0.0000000e+00
17.80	0.0000000e+00
17.84	0.0000000e+00
17.87	0.0000000e+00
17.90	0.0000000e+00
17.94	0.0000000e+00
17.97	0.0000000e+00
18.01	0.0000000e+00
18.04	0.0000000e+00
18.07	0.0000000e+00
18.11	0.0000000e+00
18.14	0.0000000e+00
18.18	0.0000000e+00
18.21	0.0000000e+00
18.24	0.0000000e+00
18.28	0.0000000e+00
18.31	0.0000000e+00
18.35	0.0000000e+00
18.38	0.0000000e+00
18.41	2.8743466e-265
18.45	1.6282990e-245
18.48	2.9655310e-227
18.52	2.2504941e-210
18.55	9.0447525e-195
18.59	2.4029177e-180
18.62	5.1798941e-167
18.65	1.0950741e-154
18.69	2.7051968e-143
18.72	9.1820272e-133
18.76	4.9740152e-123
18.79	4.9390356e-114
18.82	1.0217505e-105
18.86	4.9570372e-98
18.89	6.2922114e-91
18.93	2.3122371e-84
18.96	2.7010889e-78
18.99	1.0936742e-72
19.03	1.6626909e-67
19.06	1.0219324e-62
19.10	2.7190095e-58
19.13	3.3360245e-54
19.16	2.0010585e-50
19.20	6.1939942e-47
19.23	1.0400674e-43
19.27	9.9219117e-41
19.30	5.6120794e-38
19.33	1.9579436e-35
19.37	4.3700389e-33
19.40	6.4542410e-31
19.44	6.5079032e-29
19.47	4.6111902e-27
19.51	2.3580709e-25
19.54	8.9206296e-24
19.57	2.5541411e-22
19.61	5.6529455e-21
19.64	9.8620056e-20
19.68	1.3808879e-18
19.71	1.5779992e-17
19.74	1.4945744e-16
19.78	1.1901277e-15
19.81	8.0736795e-15
19.85	4.7234202e-14
19.88	2.4102110e-13
19.91	1.0839372e-12
19.95	4.3380968e-12
19.98	1.5589057e-11
20.02	5.0716882e-11
20.05	1.5052647e-10
20.08	4.1045458e-10
20.12	1.0350006e-09
20.15	2.4280325e-09
20.19	5.3286989e-09
20.22	1.0996846e-08
20.25	2.1441177e-08
20.29	3.9669162e-08
20.32	6.9922829e-08
20.36	1.1785296e-07
20.39	1.9057936e-07
20.42	2.9658907e-07
20.46	4.4543755e-07
20.49	6.4723857e-07
20.53	9.1195459e-07
20.56	1.2485278e-06
20.60	1.6639230e-06
20.63	2.1621850e-06
20.66	2.7436470e-06
20.70	3.4044568e-06
20.73	4.1366056e-06
20.77	4.9286361e-06
20.80	5.7671510e-06
20.83	6.6391576e-06
20.87	7.5353186e-06
20.90	8.4552533e-06
20.94	9.4072638e-06
20.97	1.0400432e-05
21.00	1.1443681e-05
21.04	1.2545899e-05
21.07	1.3716052e-05
21.11	1.4963299e-05
21.14	1.6297093e-05
21.17	1.7727284e-05
21.21	1.9264219e-05
21.24	2.0918849e-05
21.28	2.2702827e-05
21.31	2.4628624e-05
21.34	2.6709639e-05
21.38	2.8960323e-05
21.41	3.1396309e-05
21.45	3.4034558e-05
21.48	3.6893510e-05
21.52	3.9993260e-05
21.55	4.3355749e-05
21.58	4.7004972e-05
21.62	5.0967221e-05
21.65	5.5271348e-05
21.69	5.9949072e-05
21.72	6.5035317e-05
21.75	7.0568603e-05
21.79	7.6591495e-05
21.82	8.3151109e-05
21.86	9.0299704e-05
21.89	9.8095364e-05
21.92	1.0660278e-04
21.96	1.1589419e-04
21.99	1.2605041e-04
22.03	1.3716219e-04
22.06	1.4933161e-04
22.09	1.6267392e-04
22.13	1.7731967e-04
22.16	1.9341724e-04
22.20	2.1113594e-04
22.23	2.3066974e-04
22.26	2.5224193e-04
22.30	2.7611075e-04
22.33	3.0257648e-04
22.37	3.3199036e-04
22.40	3.6476589e-04
22.43	4.0139337e-04
22.47	4.4245885e-04
22.50	4.8866929e-04
22.54	5.4088644e-04
22.57	6.0017419e-04
22.61	6.6786723e-04
22.64	7.4567836e-04
22.67	8.3588458e-04
22.71	9.4168788e-04
22.74	1.0679711e-03
22.78	1.2229069e-03
22.81	1.4212587e-03
22.84	1.6906857e-03
22.88	2.0827337e-03
22.91	2.6900901e-03
22.95	3.6706659e-03
22.98	5.2768776e-03
23.01	7.8853198e-03
23.05	1.2018648e-02
23.08	1.8349177e-02
23.12	2.7673696e-02
23.15	4.0851979e-02
23.18	5.8707210e-02
23.22	8.1893838e-02
23.25	1.1074564e-01
23.29	1.4512252e-01
23.32	1.8427800e-01
23.35	2.2677052e-01
23.39	2.7044158e-01
23.42	3.1248231e-01
23.46	3.4960828e-01
23.49	3.7835748e-01
23.53	3.9551488e-01
23.56	3.9864537e-01
23.59	3.8668462e-01
23.63	3.6051063e-01
23.66	3.2345650e-01
23.70	2.8198337e-01
23.73	2.4343877e-01
23.76	2.0963943e-01
23.80	1.8032454e-01
23.83	1.5500706e-01
23.87	1.3319056e-01
23.90	1.1441602e-01
23.93	9.8273343e-02
23.97	8.4401787e-02
24.00	7.2486764e-02
24.04	6.2255307e-02
24.07	5.3471335e-02
24.10	4.5931120e-02
24.14	3.9459125e-02
24.17	3.3904275e-02
24.21	2.9136658e-02
24.24	2.5044632e-02
24.27	2.1532304e-02
24.31	1.8517342e-02
24.34	1.5929077e-02
24.38	1.3706864e-02
24.41	1.1798676e-02
24.44	1.0159880e-02
24.48	8.7521943e-03
24.51	7.5427859e-03
24.55	6.5034976e-03
24.58	5.6101826e-03
24.62	4.8421341e-03
24.65	4.1815950e-03
24.68	3.6133378e-03
24.72	3.1243036e-03
24.75	2.7032931e-03
24.79	2.3407009e-03
24.82	2.0282884e-03
24.85	1.7589885e-03
24.89	1.5267384e-03
24.92	1.3263367e-03
24.96	1.1533198e-03
24.99	1.0038571e-03
25.02	8.7466087e-04
25.06	7.6290839e-04
25.09	6.6617603e-04
25.13	5.8238229e-04
25.16	5.0973913e-04
25.19	4.4671020e-04
25.23	3.9197507e-04
25.26	3.4439856e-04
25.30	3.0300447e-04
25.33	2.6695299e-04
25.36	2.3552144e-04
25.40	2.0808765e-04
25.43	1.8411579e-04
25.47	1.6314416e-04
25.50	1.4477480e-04
25.54	1.2866445e-04
25.57	1.1451691e-04
25.60	1.0207646e-04
25.64	9.1122145e-05
25.67	8.1462972e-05
25.71	7.2933710e-05
25.74	6.5391321e-05
25.77	5.8711881e-05
25.81	5.2787942e-05
25.84	4.7526262e-05
25.88	4.2845853e-05
25.91	3.8676307e-05
25.94	3.4956355e-05
25.98	3.1632622e-05
26.01	2.8658565e-05
26.05	2.5993548e-05
26.08	2.3602058e-05
26.11	2.1453017e-05
26.15	1.9519196e-05
26.18	1.7776709e-05
26.22	1.6204573e-05
26.25	1.4784331e-05
26.28	1.3499729e-05
26.32	1.2336426e-05
26.35	1.1281759e-05
26.39	1.0324523e-05
26.42	9.4547938e-06
26.45	8.6637663e-06
26.49	7.9436172e-06
26.52	7.2873850e-06
26.56	6.6888661e-06
26.59	6.1425242e-06
26.63	5.6434107e-06
26.66	5.1870964e-06
26.69	4.7696111e-06
26.73	4.3873909e-06
26.76	4.0372321e-06
26.80	3.7162512e-06
26.83	3.4218489e-06
26.86	3.1516797e-06
26.90	2.9036239e-06
26.93	2.6757637e-06
26.97	2.4663621e-06
27.00	2.2738436e-06
