# NeutrinoAntineutrinoInteraction/NeutrinoAntineutrinoResonanceTau interaction rates
# neutrino field: massive Cosmic Neutrino Background, T_CnuB = 1.94535456 K
# Produced with crpropa-data version: 60a1560e37035039ec25f414e0c42a2444bad49c
# log10(E/eV), 1/lambda [1/Mpc]
17.53	0.0000000e+00
17.56	0.0000000e+00
17.60	0.0000000e+00
17.63	0.0000000e+00
17.67	0.0000000e+00
17.70	0.0000000e+00
17.73	0.0000000e+00
17.77	0.0000000e+00
17.80	0.0000000e+00
17.84	0.0000000e+00
17.87	0.0000000e+00
17.90	0.0000000e+00
17.94	0.0000000e+00
17.97	0.0000000e+00
18.01	0.0000000e+00
18.04	0.0000000e+00
18.07	0.0000000e+00
18.11	0.0000000e+00
18.14	0.0000000e+00
18.18	0.0000000e+00
18.21	0.0000000e+00
18.24	0.0000000e+00
18.28	0.0000000e+00
18.31	0.0000000e+00
18.35	0.0000000e+00
18.38	0.0000000e+00
18.41	0.0000000e+00
18.45	0.0000000e+00
18.48	0.0000000e+00
18.52	0.0000000e+00
18.55	0.0000000e+00
18.59	0.0000000e+00
18.62	0.0000000e+00
18.65	0.0000000e+00
18.69	0.0000000e+00
18.72	0.0000000e+00
18.76	0.0000000e+00
18.79	0.0000000e+00
18.82	0.0000000e+00
18.86	0.0000000e+00
18.89	0.0000000e+00
18.93	0.0000000e+00
18.96	0.0000000e+00
18.99	0.0000000e+00
19.03	0.0000000e+00
19.06	0.0000000e+00
19.10	0.0000000e+00
19.13	0.0000000e+00
19.16	0.0000000e+00
19.20	0.0000000e+00
19.23	0.0000000e+00
19.27	0.0000000e+00
19.30	0.0000000e+00
19.33	0.0000000e+00
19.37	0.0000000e+00
19.40	0.0000000e+00
19.44	0.0000000e+00
19.47	5.8658640e-271
19.51	6.6452320e-249
19.54	2.5161090e-228
19.57	4.2614759e-209
19.61	4.2384335e-191
19.64	3.1931342e-174
19.68	2.3129097e-158
19.71	2.0147356e-143
19.74	2.6047826e-129
19.78	6.0938488e-116
19.81	3.1102292e-103
19.85	4.1322416e-91
19.88	1.6885094e-79
19.91	2.4824116e-68
19.95	1.5190940e-57
19.98	4.4085566e-47
20.02	6.7223387e-37
20.05	5.5331228e-27
20.08	1.7096850e-17
20.12	6.8300099e-13
20.15	1.7439155e-12
20.19	2.7457784e-12
20.22	3.7049851e-12
20.25	4.6361645e-12
20.29	5.5526014e-12
20.32	6.4663181e-12
20.36	7.3884564e-12
20.39	8.3293912e-12
20.42	9.2990371e-12
20.46	1.0306862e-11
20.49	1.1362175e-11
20.53	1.2474141e-11
20.56	1.3652035e-11
20.60	1.4905372e-11
20.63	1.6243474e-11
20.66	1.7676158e-11
20.70	1.9213757e-11
20.73	2.0867210e-11
20.77	2.2648036e-11
20.80	2.4568636e-11
20.83	2.6642150e-11
20.87	2.8882940e-11
20.90	3.1306295e-11
20.94	3.3928701e-11
20.97	3.6767910e-11
21.00	3.9843638e-11
21.04	4.3176872e-11
21.07	4.6791078e-11
21.11	5.0711276e-11
21.14	5.4965642e-11
21.17	5.9584649e-11
21.21	6.4601875e-11
21.24	7.0052192e-11
21.28	7.5976155e-11
21.31	8.2417196e-11
21.34	8.9424598e-11
21.38	9.7051362e-11
21.41	1.0535775e-10
21.45	1.1440902e-10
21.48	1.2427989e-10
21.52	1.3505028e-10
21.55	1.4681136e-10
21.58	1.5966390e-10
21.62	1.7372247e-10
21.65	1.8911441e-10
21.69	2.0598458e-10
21.72	2.2449589e-10
21.75	2.4483463e-10
21.79	2.6721390e-10
21.82	2.9186773e-10
21.86	3.1906980e-10
21.89	3.4913516e-10
21.92	3.8242892e-10
21.96	4.1937328e-10
21.99	4.6046325e-10
22.03	5.0627656e-10
22.06	5.5749975e-10
22.09	6.1494157e-10
22.13	6.7956961e-10
22.16	7.5254519e-10
22.20	8.3528581e-10
22.23	9.2951476e-10
22.26	1.0373726e-09
22.30	1.1615147e-09
22.33	1.3053095e-09
22.37	1.4730498e-09
22.40	1.6702803e-09
22.43	1.9042585e-09
22.47	2.1847464e-09
22.50	2.5250269e-09
22.54	2.9436898e-09
22.57	3.4673400e-09
22.61	4.1354083e-09
22.64	5.0084246e-09
22.67	6.1839144e-09
22.71	7.8280187e-09
22.74	1.0246355e-08
22.78	1.4060660e-08
22.81	2.0734202e-08
22.84	3.4596325e-08
22.88	7.5263294e-08
22.91	3.7577030e-07
22.95	8.0515201e-07
22.98	7.5109598e-07
23.01	6.6236383e-07
23.05	5.7613581e-07
23.08	4.9835632e-07
23.12	4.2986149e-07
23.15	3.7017381e-07
23.18	3.1844747e-07
23.22	2.7376356e-07
23.25	2.3524350e-07
23.29	2.0208023e-07
23.32	1.7355583e-07
23.35	1.4903716e-07
23.39	1.2797308e-07
23.42	1.0988272e-07
23.46	9.4351320e-08
23.49	8.1019001e-08
23.53	6.9576829e-08
23.56	5.9757896e-08
23.59	5.1331678e-08
23.63	4.4100073e-08
23.66	3.7894091e-08
23.70	3.2567853e-08
23.73	2.7996710e-08
23.76	2.4073134e-08
23.80	2.0705290e-08
23.83	1.7814027e-08
23.87	1.5331761e-08
23.90	1.3200058e-08
23.93	1.1369170e-08
23.97	9.7962980e-09
24.00	8.4448431e-09
24.04	7.2833420e-09
24.07	6.2848676e-09
24.10	5.4262980e-09
24.14	4.6878519e-09
24.17	4.0524895e-09
24.21	3.5055509e-09
24.24	3.0345552e-09
24.27	2.6287892e-09
24.31	2.2790718e-09
24.34	1.9775144e-09
24.38	1.7173612e-09
24.41	1.4928024e-09
24.44	1.2988680e-09
24.48	1.1312663e-09
24.51	9.8633029e-10
24.55	8.6090356e-10
24.58	7.5228653e-10
24.62	6.5814950e-10
24.65	5.7650083e-10
24.68	5.0561993e-10
24.72	4.4403680e-10
24.75	3.9048173e-10
24.79	3.4385590e-10
24.82	3.0321708e-10
24.85	2.6776088e-10
24.89	2.3678964e-10
24.92	2.0970659e-10
24.96	1.8599355e-10
24.99	1.6520695e-10
25.02	1.4696148e-10
25.06	1.3092655e-10
25.09	1.1681328e-10
25.13	1.0437494e-10
25.16	9.3396865e-11
25.19	8.3694229e-11
25.23	7.5106222e-11
25.26	6.7493962e-11
25.30	6.0736687e-11
25.33	5.4730147e-11
25.36	4.9382333e-11
25.40	4.4613314e-11
25.43	4.0354242e-11
25.47	3.6544992e-11
25.50	3.3133222e-11
25.54	3.0073027e-11
25.57	2.7324451e-11
25.60	2.4852299e-11
25.64	2.2625977e-11
25.67	2.0618141e-11
25.71	1.8805118e-11
25.74	1.7165878e-11
25.77	1.5682102e-11
25.81	1.4337399e-11
25.84	1.3117489e-11
25.88	1.2009536e-11
25.91	1.1002381e-11
25.94	1.0085934e-11
25.98	9.2510719e-12
26.01	8.4897747e-12
26.05	7.7950409e-12
26.08	7.1604763e-12
26.11	6.5804882e-12
26.15	6.0499492e-12
26.18	5.5643646e-12
26.22	5.1196169e-12
26.25	4.7120443e-12
26.28	4.3382634e-12
26.32	3.9953131e-12
26.35	3.6804738e-12
26.39	3.3913209e-12
26.42	3.1256327e-12
26.45	2.8814150e-12
26.49	2.6568490e-12
26.52	2.4503089e-12
26.56	2.2602358e-12
26.59	2.0852423e-12
26.63	1.9240873e-12
26.66	1.7756334e-12
26.69	1.6388490e-12
26.73	1.5127831e-12
26.76	1.3965764e-12
26.80	1.2894327e-12
26.83	1.1906359e-12
26.86	1.0995041e-12
26.90	1.0154345e-12
26.93	9.3786273e-13
26.97	8.6628283e-13
27.00	8.0021821e-13
