# NeutrinoAntineutrinoInteraction/NeutrinoAntineutrinoResonanceTau interaction rates
# neutrino field: massive Cosmic Neutrino Background, T_CnuB = 1.94535456 K
# Produced with crpropa-data version: 60a1560e37035039ec25f414e0c42a2444bad49c
# log10(E/eV), 1/lambda [1/Mpc]
15.83	0.0000000e+00
15.86	0.0000000e+00
15.89	0.0000000e+00
15.93	0.0000000e+00
15.96	0.0000000e+00
16.00	0.0000000e+00
16.03	0.0000000e+00
16.06	0.0000000e+00
16.10	0.0000000e+00
16.13	0.0000000e+00
16.17	0.0000000e+00
16.20	0.0000000e+00
16.23	0.0000000e+00
16.27	0.0000000e+00
16.30	0.0000000e+00
16.34	0.0000000e+00
16.37	0.0000000e+00
16.40	0.0000000e+00
16.44	0.0000000e+00
16.47	0.0000000e+00
16.51	0.0000000e+00
16.54	0.0000000e+00
16.58	0.0000000e+00
16.61	0.0000000e+00
16.64	0.0000000e+00
16.68	0.0000000e+00
16.71	0.0000000e+00
16.75	0.0000000e+00
16.78	0.0000000e+00
16.81	0.0000000e+00
16.85	0.0000000e+00
16.88	0.0000000e+00
16.92	0.0000000e+00
16.95	0.0000000e+00
16.98	0.0000000e+00
17.02	0.0000000e+00
17.05	0.0000000e+00
17.09	0.0000000e+00
17.12	0.0000000e+00
17.15	0.0000000e+00
17.19	0.0000000e+00
17.22	0.0000000e+00
17.26	0.0000000e+00
17.29	0.0000000e+00
17.32	0.0000000e+00
17.36	0.0000000e+00
17.39	0.0000000e+00
17.43	0.0000000e+00
17.46	0.0000000e+00
17.49	0.0000000e+00
17.53	0.0000000e+00
17.56	0.0000000e+00
17.60	0.0000000e+00
17.63	0.0000000e+00
17.67	0.0000000e+00
17.70	0.0000000e+00
17.73	0.0000000e+00
17.77	3.8140312e-273
17.80	1.6412204e-252
17.84	1.9485754e-233
17.87	8.3691558e-216
17.90	1.6704411e-199
17.94	1.9531291e-184
17.97	1.6571411e-170
18.01	1.2436011e-157
18.04	9.9123159e-146
18.07	9.9386016e-135
18.11	1.4657909e-124
18.14	3.6747760e-115
18.18	1.7901077e-106
18.21	1.9174035e-98
18.24	5.0626804e-91
18.28	3.6625390e-84
18.31	8.0049574e-78
18.35	5.7856277e-72
18.38	1.5032710e-66
18.41	1.5169260e-61
18.45	6.3848047e-57
18.48	1.1974694e-52
18.52	1.0637279e-48
18.55	4.7354709e-45
18.59	1.1130938e-41
18.62	1.4497650e-38
18.65	1.0940642e-35
18.69	4.9852784e-33
18.72	1.4249834e-30
18.76	2.6468451e-28
18.79	3.3007789e-26
18.82	2.8482485e-24
18.86	1.7487640e-22
18.89	7.8394042e-21
18.93	2.6278302e-19
18.96	6.7337723e-18
18.99	1.3462644e-16
19.03	2.1399849e-15
19.06	2.7522051e-14
19.10	2.9103957e-13
19.13	2.5686716e-12
19.16	1.9184339e-11
19.20	1.2280377e-10
19.23	6.8175810e-10
19.27	3.3185070e-09
19.30	1.4306410e-08
19.33	5.5137041e-08
19.37	1.9161183e-07
19.40	6.0523269e-07
19.44	1.7503825e-06
19.47	4.6665519e-06
19.51	1.1540463e-05
19.54	2.6626277e-05
19.57	5.7617156e-05
19.61	1.1750358e-04
19.64	2.2684623e-04
19.68	4.1623990e-04
19.71	7.2856919e-04
19.74	1.2204838e-03
19.78	1.9623796e-03
19.81	3.0360863e-03
19.85	4.5294627e-03
19.88	6.5272427e-03
19.91	9.0978863e-03
19.95	1.2277124e-02
19.98	1.6050699e-02
20.02	2.0341725e-02
20.05	2.5011591e-02
20.08	2.9885582e-02
20.12	3.4818492e-02
20.15	3.9798044e-02
20.19	4.4878864e-02
20.22	5.0114436e-02
20.25	5.5556198e-02
20.29	6.1254340e-02
20.32	6.7258517e-02
20.36	7.3618519e-02
20.39	8.0384894e-02
20.42	8.7609544e-02
20.46	9.5346293e-02
20.49	1.0365146e-01
20.53	1.1258440e-01
20.56	1.2220813e-01
20.60	1.3258983e-01
20.63	1.4380155e-01
20.66	1.5592081e-01
20.70	1.6903129e-01
20.73	1.8322361e-01
20.77	1.9859614e-01
20.80	2.1525585e-01
20.83	2.3331936e-01
20.87	2.5291400e-01
20.90	2.7417904e-01
20.94	2.9726703e-01
20.97	3.2234535e-01
21.00	3.4959795e-01
21.04	3.7922730e-01
21.07	4.1145662e-01
21.11	4.4653241e-01
21.14	4.8472739e-01
21.17	5.2634383e-01
21.21	5.7171743e-01
21.24	6.2122175e-01
21.28	6.7527350e-01
21.31	7.3433854e-01
21.34	7.9893904e-01
21.38	8.6966191e-01
21.41	9.4716868e-01
21.45	1.0322074e+00
21.48	1.1256268e+00
21.52	1.2283931e+00
21.55	1.3416110e+00
21.58	1.4665486e+00
21.62	1.6046679e+00
21.65	1.7576632e+00
21.69	1.9275083e+00
21.72	2.1165163e+00
21.75	2.3274148e+00
21.79	2.5634433e+00
21.82	2.8284796e+00
21.86	3.1272058e+00
21.89	3.4653326e+00
21.92	3.8499061e+00
21.96	4.2897438e+00
21.99	4.7960856e+00
22.03	5.3836491e+00
22.06	6.0725352e+00
22.09	6.8920470e+00
22.13	7.8887960e+00
22.16	9.1438927e+00
22.20	1.0807730e+01
22.23	1.3165271e+01
22.26	1.6747887e+01
22.30	2.2506205e+01
22.33	3.2048165e+01
22.37	4.7925121e+01
22.40	7.3917566e+01
22.43	1.1523719e+02
22.47	1.7853332e+02
22.50	2.7157965e+02
22.54	4.0252798e+02
22.57	5.7865089e+02
22.61	8.0455194e+02
22.64	1.0799021e+03
22.67	1.3968795e+03
22.71	1.7376896e+03
22.74	2.0728889e+03
22.78	2.3617798e+03
22.81	2.5567692e+03
22.84	2.6137991e+03
22.88	2.5099154e+03
22.91	2.2672682e+03
22.95	1.9751039e+03
22.98	1.7062195e+03
23.01	1.4700538e+03
23.05	1.2649034e+03
23.08	1.0875395e+03
23.12	9.3459074e+02
23.15	8.0290103e+02
23.18	6.8963062e+02
23.22	5.9227100e+02
23.25	5.0862826e+02
23.29	4.3679506e+02
23.32	3.7511955e+02
23.35	3.2217476e+02
23.39	2.7673025e+02
23.42	2.3772643e+02
23.46	2.0425171e+02
23.49	1.7552244e+02
23.53	1.5086531e+02
23.56	1.2970209e+02
23.59	1.1153638e+02
23.63	9.5942153e+01
23.66	8.2553849e+01
23.70	7.1057856e+01
23.73	6.1185166e+01
23.76	5.2705054e+01
23.80	4.5419647e+01
23.83	3.9159256e+01
23.87	3.3778365e+01
23.90	2.9152194e+01
23.93	2.5173740e+01
23.97	2.1751246e+01
24.00	1.8806024e+01
24.04	1.6270592e+01
24.07	1.4087077e+01
24.10	1.2205837e+01
24.14	1.0584294e+01
24.17	9.1859199e+00
24.21	7.9793767e+00
24.24	6.9377735e+00
24.27	6.0380334e+00
24.31	5.2603489e+00
24.34	4.5877158e+00
24.38	4.0055342e+00
24.41	3.5012654e+00
24.44	3.0641388e+00
24.48	2.6849002e+00
24.51	2.3555964e+00
24.55	2.0693900e+00
24.58	1.8204016e+00
24.62	1.6035733e+00
24.65	1.4145527e+00
24.68	1.2495933e+00
24.72	1.1054683e+00
24.75	9.7939772e-01
24.79	8.6898515e-01
24.82	7.7216398e-01
24.85	6.8715099e-01
24.89	6.1240662e-01
24.92	5.4660088e-01
24.96	4.8858409e-01
24.99	4.3736177e-01
25.02	3.9207305e-01
25.06	3.5197220e-01
25.09	3.1641266e-01
25.13	2.8483342e-01
25.16	2.5674724e-01
25.19	2.3173059e-01
25.23	2.0941493e-01
25.26	1.8947925e-01
25.30	1.7164366e-01
25.33	1.5566384e-01
25.36	1.4132627e-01
25.40	1.2844413e-01
25.43	1.1685377e-01
25.47	1.0641163e-01
25.50	9.6991624e-02
25.54	8.8482882e-02
25.57	8.0787748e-02
25.60	7.3820100e-02
25.64	6.7503881e-02
25.67	6.1771822e-02
25.71	5.6564339e-02
25.74	5.1828582e-02
25.77	4.7517596e-02
25.81	4.3589612e-02
25.84	4.0007409e-02
25.88	3.6737775e-02
25.91	3.3751032e-02
25.94	3.1020618e-02
25.98	2.8522727e-02
26.01	2.6235993e-02
26.05	2.4141214e-02
26.08	2.2221107e-02
26.11	2.0460097e-02
26.15	1.8844130e-02
26.18	1.7360507e-02
26.22	1.5997740e-02
26.25	1.4745425e-02
26.28	1.3594129e-02
26.32	1.2535287e-02
26.35	1.1561119e-02
26.39	1.0664545e-02
26.42	9.8391216e-03
26.45	9.0789746e-03
26.49	8.3787467e-03
26.52	7.7335469e-03
26.56	7.1389066e-03
26.59	6.5907401e-03
26.63	6.0853091e-03
26.66	5.6191905e-03
26.69	5.1892484e-03
26.73	4.7926079e-03
26.76	4.4266320e-03
26.80	4.0889006e-03
26.83	3.7771914e-03
26.86	3.4894631e-03
26.90	3.2238396e-03
26.93	2.9785961e-03
26.97	2.7521459e-03
27.00	2.5430293e-03
