# NeutrinoAntineutrinoInteraction/NeutrinoAntineutrinoResonanceTau interaction rates
# neutrino field: massive Cosmic Neutrino Background, T_CnuB = 1.94535456 K
# Produced with crpropa-data version: 60a1560e37035039ec25f414e0c42a2444bad49c
# log10(E/eV), 1/lambda [1/Mpc]
15.83	0.0000000e+00
15.86	0.0000000e+00
15.89	0.0000000e+00
15.93	0.0000000e+00
15.96	0.0000000e+00
16.00	0.0000000e+00
16.03	0.0000000e+00
16.06	0.0000000e+00
16.10	0.0000000e+00
16.13	0.0000000e+00
16.17	0.0000000e+00
16.20	0.0000000e+00
16.23	0.0000000e+00
16.27	0.0000000e+00
16.30	0.0000000e+00
16.34	0.0000000e+00
16.37	0.0000000e+00
16.40	0.0000000e+00
16.44	0.0000000e+00
16.47	0.0000000e+00
16.51	0.0000000e+00
16.54	0.0000000e+00
16.58	0.0000000e+00
16.61	0.0000000e+00
16.64	0.0000000e+00
16.68	0.0000000e+00
16.71	0.0000000e+00
16.75	0.0000000e+00
16.78	0.0000000e+00
16.81	0.0000000e+00
16.85	0.0000000e+00
16.88	0.0000000e+00
16.92	0.0000000e+00
16.95	0.0000000e+00
16.98	0.0000000e+00
17.02	0.0000000e+00
17.05	0.0000000e+00
17.09	0.0000000e+00
17.12	0.0000000e+00
17.15	0.0000000e+00
17.19	0.0000000e+00
17.22	0.0000000e+00
17.26	0.0000000e+00
17.29	0.0000000e+00
17.32	0.0000000e+00
17.36	0.0000000e+00
17.39	0.0000000e+00
17.43	0.0000000e+00
17.46	0.0000000e+00
17.49	0.0000000e+00
17.53	0.0000000e+00
17.56	0.0000000e+00
17.60	0.0000000e+00
17.63	0.0000000e+00
17.67	0.0000000e+00
17.70	0.0000000e+00
17.73	0.0000000e+00
17.77	3.7644981e-273
17.80	1.6181904e-252
17.84	1.9190347e-233
17.87	8.2320915e-216
17.90	1.6408903e-199
17.94	1.9158110e-184
17.97	1.6229473e-170
18.01	1.2158925e-157
18.04	9.6738662e-146
18.07	9.6805107e-135
18.11	1.4247064e-124
18.14	3.5636229e-115
18.18	1.7316856e-106
18.21	1.8498989e-98
18.24	4.8704456e-91
18.28	3.5125820e-84
18.31	7.6516350e-78
18.35	5.5104099e-72
18.38	1.4262242e-66
18.41	1.4331844e-61
18.45	6.0052775e-57
18.48	1.1208523e-52
18.52	9.9049696e-49
18.55	4.3848366e-45
18.59	1.0244880e-41
18.62	1.3257526e-38
18.65	9.9354913e-36
18.69	4.4936160e-33
18.72	1.2742086e-30
18.76	2.3465667e-28
18.79	2.8995374e-26
18.82	2.4775175e-24
18.86	1.5052173e-22
18.89	6.6721615e-21
18.93	2.2098671e-19
18.96	5.5906987e-18
18.99	1.1025898e-16
19.03	1.7273944e-15
19.06	2.1875841e-14
19.10	2.2757825e-13
19.13	1.9740608e-12
19.16	1.4475679e-11
19.20	9.0886960e-11
19.23	4.9438880e-10
19.27	2.3554642e-09
19.30	9.9290326e-09
19.33	3.7377814e-08
19.37	1.2675015e-07
19.40	3.9028505e-07
19.44	1.0993271e-06
19.47	2.8520512e-06
19.51	6.8584525e-06
19.54	1.5377384e-05
19.57	3.2321149e-05
19.61	6.4006667e-05
19.64	1.1998376e-04
19.68	2.1382270e-04
19.71	3.6371083e-04
19.74	5.9270482e-04
19.78	9.2851850e-04
19.81	1.4027905e-03
19.85	2.0498598e-03
19.88	2.9051609e-03
19.91	4.0034164e-03
19.95	5.3768413e-03
19.98	7.0535728e-03
20.02	9.0565061e-03
20.05	1.1402657e-02
20.08	1.4103105e-02
20.12	1.7163487e-02
20.15	2.0584967e-02
20.19	2.4365558e-02
20.22	2.8501629e-02
20.25	3.2989482e-02
20.29	3.7826857e-02
20.32	4.3014261e-02
20.36	4.8556086e-02
20.39	5.4461474e-02
20.42	6.0744937e-02
20.46	6.7426769e-02
20.49	7.4533276e-02
20.53	8.2096894e-02
20.56	9.0156212e-02
20.60	9.8755977e-02
20.63	1.0794709e-01
20.66	1.1778664e-01
20.70	1.2833801e-01
20.73	1.3967103e-01
20.77	1.5186226e-01
20.80	1.6499531e-01
20.83	1.7916137e-01
20.87	1.9445984e-01
20.90	2.1099915e-01
20.94	2.2889741e-01
20.97	2.4828283e-01
21.00	2.6929485e-01
21.04	2.9208562e-01
21.07	3.1682148e-01
21.11	3.4368478e-01
21.14	3.7287580e-01
21.17	4.0461504e-01
21.21	4.3914570e-01
21.24	4.7673662e-01
21.28	5.1768565e-01
21.31	5.6232345e-01
21.34	6.1101799e-01
21.38	6.6417979e-01
21.41	7.2226800e-01
21.45	7.8579762e-01
21.48	8.5534799e-01
21.52	9.3157294e-01
21.55	1.0152129e+00
21.58	1.1071096e+00
21.62	1.2082237e+00
21.65	1.3196566e+00
21.69	1.4426771e+00
21.72	1.5787546e+00
21.75	1.7296012e+00
21.79	1.8972242e+00
21.82	2.0839952e+00
21.86	2.2927387e+00
21.89	2.5268515e+00
21.92	2.7904647e+00
21.96	3.0886739e+00
21.99	3.4278849e+00
22.03	3.8163867e+00
22.06	4.2654157e+00
22.09	4.7913424e+00
22.13	5.4203432e+00
22.16	6.1981755e+00
22.20	7.2093585e+00
22.23	8.6115787e+00
22.26	1.0691195e+01
22.30	1.3942643e+01
22.33	1.9167137e+01
22.37	2.7574870e+01
22.40	4.0862938e+01
22.43	6.1233382e+01
22.47	9.1317220e+01
22.50	1.3398367e+02
22.54	1.9203740e+02
22.57	2.6783472e+02
22.61	3.6287411e+02
22.64	4.7742995e+02
22.67	6.1029677e+02
22.71	7.5869495e+02
22.74	9.1836194e+02
22.78	1.0838223e+03
22.81	1.2488012e+03
22.84	1.4067263e+03
22.88	1.5512513e+03
22.91	1.6767392e+03
22.95	1.7786508e+03
22.98	1.8538050e+03
23.01	1.9004962e+03
23.05	1.9184740e+03
23.08	1.9088075e+03
23.12	1.8736651e+03
23.15	1.8160446e+03
23.18	1.7394888e+03
23.22	1.6478138e+03
23.25	1.5448695e+03
23.29	1.4343473e+03
23.32	1.3196361e+03
23.35	1.2037278e+03
23.39	1.0891663e+03
23.42	9.7803203e+02
23.46	8.7195437e+02
23.49	7.7214366e+02
23.53	6.7943585e+02
23.56	5.9434433e+02
23.59	5.1711517e+02
23.63	4.4778444e+02
23.66	3.8624170e+02
23.70	3.3232017e+02
23.73	2.8569261e+02
23.76	2.4556200e+02
23.80	2.1106377e+02
23.83	1.8142325e+02
23.87	1.5596377e+02
23.90	1.3409898e+02
23.93	1.1532270e+02
23.97	9.9198901e+01
24.00	8.5352420e+01
24.04	7.3460787e+01
24.07	6.3246975e+01
24.10	5.4473108e+01
24.14	4.6934990e+01
24.17	4.0457379e+01
24.21	3.4889909e+01
24.24	3.0103577e+01
24.27	2.5987713e+01
24.31	2.2447385e+01
24.34	1.9401160e+01
24.38	1.6779187e+01
24.41	1.4521547e+01
24.44	1.2576842e+01
24.48	1.0900977e+01
24.51	9.4561228e+00
24.55	8.2098206e+00
24.58	7.1342187e+00
24.62	6.2054144e+00
24.65	5.4028918e+00
24.68	4.7090392e+00
24.72	4.1087353e+00
24.75	3.5889947e+00
24.79	3.1386639e+00
24.82	2.7481606e+00
24.85	2.4092504e+00
24.89	2.1148554e+00
24.92	1.8588900e+00
24.96	1.6361199e+00
24.99	1.4420420e+00
25.02	1.2727802e+00
25.06	1.1249975e+00
25.09	9.9581920e-01
25.13	8.8276820e-01
25.16	7.8370878e-01
25.19	6.9679863e-01
25.23	6.2044775e-01
25.26	5.5328303e-01
25.30	4.9411796e-01
25.33	4.4192663e-01
25.36	3.9582134e-01
25.40	3.5503344e-01
25.43	3.1889685e-01
25.47	2.8683388e-01
25.50	2.5834312e-01
25.54	2.3298890e-01
25.57	2.1039240e-01
25.60	1.9022383e-01
25.64	1.7219582e-01
25.67	1.5605771e-01
25.71	1.4159059e-01
25.74	1.2860304e-01
25.77	1.1692752e-01
25.81	1.0641719e-01
25.84	9.6943154e-02
25.88	8.8392177e-02
25.91	8.0664603e-02
25.94	7.3672620e-02
25.98	6.7338744e-02
26.01	6.1594505e-02
26.05	5.6379310e-02
26.08	5.1639460e-02
26.11	4.7327291e-02
26.15	4.3400437e-02
26.18	3.9821185e-02
26.22	3.6555910e-02
26.25	3.3574593e-02
26.28	3.0850390e-02
26.32	2.8359265e-02
26.35	2.6079662e-02
26.39	2.3992225e-02
26.42	2.2079547e-02
26.45	2.0325955e-02
26.49	1.8717316e-02
26.52	1.7240871e-02
26.56	1.5885084e-02
26.59	1.4639518e-02
26.63	1.3494713e-02
26.66	1.2442090e-02
26.69	1.1473855e-02
26.73	1.0582925e-02
26.76	9.7628553e-03
26.80	9.0077739e-03
26.83	8.3123286e-03
26.86	7.6716354e-03
26.90	7.0812345e-03
26.93	6.5370497e-03
26.97	6.0353531e-03
27.00	5.5727329e-03
