# NeutrinoAntineutrinoInteraction/NeutrinoAntineutrinoResonanceTau interaction rates
# neutrino field: massive Cosmic Neutrino Background, T_CnuB = 1.94535456 K
# Produced with crpropa-data version: 60a1560e37035039ec25f414e0c42a2444bad49c
# log10(E/eV), 1/lambda [1/Mpc]
16.75	0.0000000e+00
16.78	0.0000000e+00
16.81	0.0000000e+00
16.85	0.0000000e+00
16.88	0.0000000e+00
16.92	0.0000000e+00
16.95	0.0000000e+00
16.98	0.0000000e+00
17.02	0.0000000e+00
17.05	0.0000000e+00
17.09	0.0000000e+00
17.12	0.0000000e+00
17.15	0.0000000e+00
17.19	0.0000000e+00
17.22	0.0000000e+00
17.26	0.0000000e+00
17.29	0.0000000e+00
17.32	0.0000000e+00
17.36	0.0000000e+00
17.39	0.0000000e+00
17.43	0.0000000e+00
17.46	0.0000000e+00
17.49	0.0000000e+00
17.53	0.0000000e+00
17.56	0.0000000e+00
17.60	0.0000000e+00
17.63	0.0000000e+00
17.67	0.0000000e+00
17.70	0.0000000e+00
17.73	0.0000000e+00
17.77	0.0000000e+00
17.80	0.0000000e+00
17.84	0.0000000e+00
17.87	0.0000000e+00
17.90	0.0000000e+00
17.94	0.0000000e+00
17.97	0.0000000e+00
18.01	0.0000000e+00
18.04	0.0000000e+00
18.07	0.0000000e+00
18.11	0.0000000e+00
18.14	0.0000000e+00
18.18	0.0000000e+00
18.21	0.0000000e+00
18.24	0.0000000e+00
18.28	0.0000000e+00
18.31	0.0000000e+00
18.35	0.0000000e+00
18.38	0.0000000e+00
18.41	0.0000000e+00
18.45	0.0000000e+00
18.48	0.0000000e+00
18.52	0.0000000e+00
18.55	0.0000000e+00
18.59	0.0000000e+00
18.62	0.0000000e+00
18.65	0.0000000e+00
18.69	7.7870317e-285
18.72	9.8528025e-264
18.76	3.1170425e-244
18.79	3.3124317e-226
18.82	1.5274459e-209
18.86	3.8726103e-194
18.89	6.7190683e-180
18.93	9.7669489e-167
18.96	1.4341705e-154
18.99	2.5290206e-143
19.03	6.2844051e-133
19.06	2.5512152e-123
19.10	1.9398482e-114
19.13	3.1348296e-106
19.16	1.2101316e-98
19.20	1.2432038e-91
19.23	3.7559694e-85
19.27	3.6599761e-79
19.30	1.2528293e-73
19.33	1.6302215e-68
19.37	8.6744089e-64
19.40	2.0191946e-59
19.44	2.1885540e-55
19.47	1.1701169e-51
19.51	3.2550421e-48
19.54	4.9494268e-45
19.57	4.3055099e-42
19.61	2.2349765e-39
19.64	7.1982483e-37
19.68	1.4912029e-34
19.71	2.0543447e-32
19.74	1.9409592e-30
19.78	1.2940093e-28
19.81	6.2499335e-27
19.85	2.2408237e-25
19.88	6.0997888e-24
19.91	1.2871844e-22
19.95	2.1465882e-21
19.98	2.8798681e-20
20.02	3.1598349e-19
20.05	2.8789791e-18
20.08	2.2090844e-17
20.12	1.4462514e-16
20.15	8.1764815e-16
20.19	4.0366532e-15
20.22	1.7582771e-14
20.25	6.8219372e-14
20.29	2.3785741e-13
20.32	7.5138468e-13
20.36	2.1668486e-12
20.39	5.7445396e-12
20.42	1.4091484e-11
20.46	3.2176526e-11
20.49	6.8772700e-11
20.53	1.3830031e-10
20.56	2.6292470e-10
20.60	4.7463480e-10
20.63	8.1693113e-10
20.66	1.3457247e-09
20.70	2.1291106e-09
20.73	3.2458324e-09
20.77	4.7824577e-09
20.80	6.8295109e-09
20.83	9.4769851e-09
20.87	1.2809771e-08
20.90	1.6903555e-08
20.94	2.1821663e-08
20.97	2.7613195e-08
21.00	3.4312598e-08
21.04	4.1940658e-08
21.07	5.0506706e-08
21.11	6.0011747e-08
21.14	7.0452139e-08
21.17	8.1823453e-08
21.21	9.4124209e-08
21.24	1.0735922e-07
21.28	1.2154243e-07
21.31	1.3669909e-07
21.34	1.5286745e-07
21.38	1.7009979e-07
21.41	1.8846315e-07
21.45	2.0803968e-07
21.48	2.2892679e-07
21.52	2.5123727e-07
21.55	2.7509932e-07
21.58	3.0065682e-07
21.62	3.2806953e-07
21.65	3.5751367e-07
21.69	3.8918260e-07
21.72	4.2328778e-07
21.75	4.6005998e-07
21.79	4.9975079e-07
21.82	5.4263443e-07
21.86	5.8900980e-07
21.89	6.3920302e-07
21.92	6.9357019e-07
21.96	7.5250068e-07
21.99	8.1642080e-07
22.03	8.8579808e-07
22.06	9.6114603e-07
22.09	1.0430297e-06
22.13	1.1320720e-06
22.16	1.2289610e-06
22.20	1.3344581e-06
22.23	1.4494077e-06
22.26	1.5747486e-06
22.30	1.7115269e-06
22.33	1.8609110e-06
22.37	2.0242099e-06
22.40	2.2028939e-06
22.43	2.3986202e-06
22.47	2.6132625e-06
22.50	2.8489473e-06
22.54	3.1080976e-06
22.57	3.3934862e-06
22.61	3.7083008e-06
22.64	4.0562257e-06
22.67	4.4415433e-06
22.71	4.8692625e-06
22.74	5.3452842e-06
22.78	5.8766154e-06
22.81	6.4716533e-06
22.84	7.1405702e-06
22.88	7.8958514e-06
22.91	8.7530895e-06
22.95	9.7322605e-06
22.98	1.0860023e-05
23.01	1.2174338e-05
23.05	1.3734303e-05
23.08	1.5640948e-05
23.12	1.8078904e-05
23.15	2.1393083e-05
23.18	2.6216078e-05
23.22	3.3656528e-05
23.25	4.5542566e-05
23.29	6.4687641e-05
23.32	9.5114512e-05
23.35	1.4214909e-04
23.39	2.1229263e-04
23.42	3.1280781e-04
23.46	4.5100956e-04
23.49	6.3332354e-04
23.53	8.6424208e-04
23.56	1.1453501e-03
23.59	1.4745988e-03
23.63	1.8459690e-03
23.66	2.2496019e-03
23.70	2.6723958e-03
23.73	3.0989887e-03
23.76	3.5129928e-03
23.80	3.8983142e-03
23.83	4.2403930e-03
23.87	4.5272224e-03
23.90	4.7500539e-03
23.93	4.9037446e-03
23.97	4.9867573e-03
24.00	5.0008631e-03
24.04	4.9506234e-03
24.07	4.8427423e-03
24.10	4.6853715e-03
24.14	4.4874417e-03
24.17	4.2580713e-03
24.21	4.0060846e-03
24.24	3.7396512e-03
24.27	3.4660446e-03
24.31	3.1915081e-03
24.34	2.9212082e-03
24.38	2.6592567e-03
24.41	2.4087805e-03
24.44	2.1720220e-03
24.48	1.9504554e-03
24.51	1.7449086e-03
24.55	1.5556814e-03
24.58	1.3826555e-03
24.62	1.2253926e-03
24.65	1.0832202e-03
24.68	9.5530373e-04
24.72	8.4070524e-04
24.75	7.3843168e-04
24.79	6.4747194e-04
24.82	5.6682520e-04
24.85	4.9552186e-04
24.89	4.3263813e-04
24.92	3.7730571e-04
24.96	3.2871751e-04
24.99	2.8613027e-04
25.02	2.4886491e-04
25.06	2.1630521e-04
25.09	1.8789523e-04
25.13	1.6313595e-04
25.16	1.4158152e-04
25.19	1.2283509e-04
25.23	1.0654470e-04
25.26	9.2399139e-05
25.30	8.0124027e-05
25.33	6.9478026e-05
25.36	6.0249340e-05
25.40	5.2252464e-05
25.43	4.5325216e-05
25.47	3.9326026e-05
25.50	3.4131496e-05
25.54	2.9634209e-05
25.57	2.5740763e-05
25.60	2.2370033e-05
25.64	1.9451615e-05
25.67	1.6924469e-05
25.71	1.4735706e-05
25.74	1.2839532e-05
25.77	1.1196317e-05
25.81	9.7717869e-06
25.84	8.5363071e-06
25.88	7.4642672e-06
25.91	6.5335402e-06
25.94	5.7250134e-06
25.98	5.0221808e-06
26.01	4.4107899e-06
26.05	3.8785345e-06
26.08	3.4147897e-06
26.11	3.0103818e-06
26.15	2.6573894e-06
26.18	2.3489721e-06
26.22	2.0792217e-06
26.25	1.8430340e-06
26.28	1.6359986e-06
26.32	1.4543031e-06
26.35	1.2946511e-06
26.39	1.1541910e-06
26.42	1.0304550e-06
26.45	9.2130644e-07
26.49	8.2489421e-07
26.52	7.3961373e-07
26.56	6.6407319e-07
26.59	5.9706452e-07
26.63	5.3753831e-07
26.66	4.8458229e-07
26.69	4.3740270e-07
26.73	3.9530832e-07
26.76	3.5769659e-07
26.80	3.2404179e-07
26.83	2.9388470e-07
26.86	2.6682378e-07
26.90	2.4250752e-07
26.93	2.2062784e-07
26.97	2.0091439e-07
27.00	1.8312966e-07
